wavelet,wavelet_level,wavelet_mode,wavelet_mse,wavelet_psnr,wavelet_energy_entropy,wavelet_sparsity,wavelet_adaptive_threshold,signal_length,signal_type,emd_value,kl_divergence,change_point_indices,change_point_prominences,num_change_points,wavelet_entropy,avg_variance_across_levels,variance_ratio_across_levels,smoothness,correlation,fft_frequency_max,fft_amplitude_max,fft_spectral_centroid,fft_spectral_bandwidth,fft_spectral_magnitude,fft_variance_magnitude,fft_num_peaks,fft_peak_amplitude,fft_dominant_frequency,fft_positive_frequencies,fft_positive_amplitudes,fft_snr_threshold,fft_stationarity_threshold,fft_dynamic_cutoff,fft_dynamic_cutoff_percentile,stft_frequency_max,stft_amplitude_max,stft_spectral_centroid,stft_spectral_bandwidth,stft_spectral_magnitude,stft_variance_magnitude,stft_peak_freq_over_time,stft_num_peaks,stft_peak_amplitude,stft_dominant_frequency,stft_positive_frequencies,stft_positive_amplitudes,stft_snr_threshold,stft_stationarity_threshold,stft_window,stft_nperseg,stft_noverlap,stft_dynamic_cutoff,stft_dynamic_cutoff_percentile,relative_num_peaks,avg_prominence,prominence_min,prominence_max,relative_peaks,relative_prominences,relative_left_bases,relative_right_bases,prominence_threshold,distance_factor,max_autocorrelation,upper_envelope,lower_envelope,wavelet_type,htid,stft_amplitude_max_diff,stft_frequency_max_diff,avg_prominence_diff,fft_variance_magnitude_diff,stft_noverlap_diff,prominence_max_diff,stft_spectral_magnitude_diff,upper_envelope_diff,relative_peaks_array_alignment_score,relative_peaks_global_alignment_score,stft_num_peaks_diff,fft_peak_amplitude_diff,relative_left_bases_array_alignment_score,relative_left_bases_global_alignment_score,stft_window_diff,stft_nperseg_diff,prominence_threshold_diff,relative_right_bases_array_alignment_score,relative_right_bases_global_alignment_score,stft_dominant_frequency_diff,relative_num_peaks_diff,max_autocorrelation_diff,stft_variance_magnitude_diff,fft_amplitude_max_diff,fft_dominant_frequency_diff,fft_snr_threshold_diff,stft_stationarity_threshold_diff,relative_prominences_avg_diff,relative_prominences_total_diff,relative_prominences_wasserstein,stft_dynamic_cutoff_percentile_diff,lower_envelope_diff,fft_stationarity_threshold_diff,stft_dynamic_cutoff_diff,fft_frequency_max_diff,fft_num_peaks_diff,fft_dynamic_cutoff_percentile_diff,fft_dynamic_cutoff_diff,prominence_min_diff,fft_spectral_centroid_diff,stft_peak_amplitude_diff,fft_spectral_bandwidth_diff,stft_spectral_bandwidth_diff,fft_spectral_magnitude_diff,distance_factor_diff,stft_snr_threshold_diff,stft_spectral_centroid_diff,wavelet_psnr_normalized,wavelet_entropy_normalized,wavelet_energy_entropy_normalized,wavelet_sparsity_normalized,avg_variance_across_levels_normalized,max_autocorrelation_diff_normalized,reconstruction_signal_weighted_score,reconstruction_signal_normalized_weighted_score,reconstruction_signal_normalized_weighted_rank,wavelet_signal_weighted_score,wavelet_signal_normalized_weighted_score,wavelet_signal_normalized_weighted_rank,reconstruction_signal_num_missing_metrics,reconstruction_signal_missing_metrics_count,reconstruction_signal_dynamically_weighted_score,reconstruction_signal_normalized_dynamically_weighted_score,reconstruction_signal_normalized_dynamically_weighted_rank,wavelet_signal_num_missing_metrics,wavelet_signal_missing_metrics_count,wavelet_signal_dynamically_weighted_score,wavelet_signal_normalized_dynamically_weighted_score,wavelet_signal_normalized_dynamically_weighted_rank,rank_variability,normalized_rank_stability,average_rank,harmonic_average_rank,stability_score_weighted,stability_rank,wavelet_family,family_mean_stability_rank,family_median_stability_rank,family_rank_std_dev,family_wavelet_count,normalized_family_mean_rank,normalized_family_std_dev,final_family_stability_score,final_family_stability_rank,family_informed_rank
sym19,1,antisymmetric,5.543619532579319e-19,242.6570889487612,11594476.189394519,0.5694444444444444,469.9962093361546,108,raw,5.895408605738338e-10,-8.523888928956228e-09,"[2, 5, 11, 17, 22, 25, 29, 38, 44, 52, 55, 60, 65, 74, 78, 84, 89, 95, 98, 101, 105]","[38.00000000025827, 368.00000000117103, 461.0000000012325, 193.00000000032355, 951.0000000011169, 154.00000000012938, 881.000000002462, 243.00000000049255, 491.00000000175027, 186.000000000382, 321.0000000011088, 943.0000000018247, 810.0000000022405, 205.0000000001438, 478.00000000123066, 276.00000000040336, 347.000000001, 79.00000000049363, 1008.0000000006044, 113.99999999983334, 893.0000000036654]",21,6.0515439564757685,389290.9156285706,0.9503610227511439,4.36592371823029e-06,1.0,0.4907407407407407,67631.00000000841,0.12910941990484778,0.15147910127185119,188156.12126479577,82872438.25060594,8,12069.579557421052,0.027777777777777776,"[0.0, 0.009259259259259259, 0.018518518518518517, 0.027777777777777776, 0.037037037037037035, 0.046296296296296294, 0.05555555555555555, 0.06481481481481481, 0.07407407407407407, 0.08333333333333333, 0.09259259259259259, 0.10185185185185185, 0.1111111111111111, 0.12037037037037036, 0.12962962962962962, 0.1388888888888889, 0.14814814814814814, 0.15740740740740738, 0.16666666666666666, 0.17592592592592593, 0.18518518518518517, 0.19444444444444442, 0.2037037037037037, 0.21296296296296297, 0.2222222222222222, 0.23148148148148145, 0.24074074074074073]","[67631.00000000841, 1786.634631642389, 1155.9831840888153, 12069.579557421052, 1906.5778542082226, 950.5914327716864, 9083.87719740219, 2481.229636780143, 778.6316126020691, 8965.162396414997, 2042.6423114878392, 1606.7171021573502, 6927.939836320705, 1790.941198922145, 2115.0643759968366, 4469.1464534087345, 811.3124818679565, 852.4454942267504, 2613.5185096025807, 1125.8336361575068, 622.5282936182678, 1595.902895850093, 1672.0836322390576, 807.76718225544, 3024.6344394177763, 842.731381476158, 842.8235732286599]",3.0,0.3,145.1499999995696,15,0.5,1721880.1384940934,0.14445541615568977,0.1241257545377722,16430975.45278778,84089526829.66496,"[0.046875, 0.03125]",2,1721880.1384940934,0.046875,"[0.0, 0.015625, 0.03125, 0.046875, 0.0625, 0.078125, 0.09375, 0.109375, 0.125, 0.140625, 0.15625, 0.171875, 0.1875, 0.203125, 0.21875, 0.234375]","[154749.38571195753, 876106.9067106238, 1710291.3768967208, 1721880.1384940934, 1236443.39756526, 1200279.6938632852, 1385236.6101524192, 1437054.0474321179, 1048940.2936530167, 664501.8455384087, 393060.2971530976, 165807.08106986328, 58528.06662881077, 51528.956394117486, 141871.9518118442, 339557.7347259097]",3.0,0.3,flattop,64,32,145.1499999995696,15,21,449.5238095248508,38.00000000025827,1008.0000000006044,"[2, 5, 11, 17, 22, 25, 29, 38, 44, 52, 55, 60, 65, 74, 78, 84, 89, 95, 98, 101, 105]","[38.00000000025827, 368.00000000117103, 461.0000000012325, 193.00000000032355, 951.0000000011169, 154.00000000012938, 881.000000002462, 243.00000000049255, 491.00000000175027, 186.000000000382, 321.0000000011088, 943.0000000018247, 810.0000000022405, 205.0000000001438, 478.00000000123066, 276.00000000040336, 347.000000001, 79.00000000049363, 1008.0000000006044, 113.99999999983334, 893.0000000036654]","[1, 1, 1, 15, 1, 24, 27, 35, 35, 49, 35, 35, 63, 73, 73, 73, 35, 92, 35, 99, 99]","[3, 8, 18, 18, 35, 27, 35, 39, 49, 53, 56, 73, 73, 75, 81, 85, 92, 97, 106, 102, 106]",0.05,30,52684909.00005098,1016.0000000005807,-1016.0000000005807,DWT,uc1.l0082987033,5.584675818681717e-06,0.0,1.0412577466922812e-09,2.537667751312256e-05,0.0,6.043592293281108e-10,8.237920701503754e-05,5.807123670820147e-10,1.0,84,0.0,2.9212969820946455e-09,1.0,84,,0.0,0.0,1.0,84,0.0,0.0,5.097687244415283e-05,0.84130859375,8.41100700199604e-09,0.0,0.0,0.0,1.0412577466922812e-09,2.186607162002474e-08,1.0571536027522854e-09,0.0,5.807123670820147e-10,0.0,4.304183676140383e-10,0.0,0.0,0.0,4.304183676140383e-10,2.582680735940812e-10,1.1032841307212493e-13,5.584675818681717e-06,1.1268763699945339e-14,7.868705687030797e-15,2.8024078346788883e-07,0.0,0.0,4.6851411639181606e-14,0.150347152086458,0.7781051895237112,0.2391989851853566,0.568435754189944,0.8152498256558716,0.21455674370472577,0.10727837185236289,0.21455674370472577,29,1.152334610544735,0.6515266923735926,139,0,0,0.21455674370472577,0.21455674370472577,29,0,0,0.5102673813282684,0.694056133388873,71,51.92301994298868,0.9329159949056993,67.0,44.32414433947654,0.9231763437060796,1,sym,445.72514619883043,505.0,280.45746329325993,171,0.986117580085908,1.0,0.009717693939864401,6,2.25
sym15,1,antisymmetric,1.1315017838811849e-20,259.55847068199125,11138162.33172744,0.5661764705882353,485.75678368991584,108,raw,8.406358736684289e-11,2.178829339029528e-10,"[2, 5, 11, 17, 22, 25, 29, 38, 44, 52, 55, 60, 65, 74, 78, 84, 89, 95, 98, 101, 105]","[37.99999999995367, 367.99999999975375, 460.99999999984203, 192.99999999986318, 950.9999999998502, 153.9999999998247, 880.9999999995106, 242.9999999998658, 490.99999999981816, 185.99999999990848, 320.99999999979605, 942.9999999998478, 809.9999999995442, 204.9999999998876, 477.9999999997701, 275.9999999998922, 346.9999999998422, 79.00000000002899, 1007.9999999998063, 113.9999999998779, 892.9999999994551]",21,5.966466019390168,351100.63744771143,0.943073367267611,4.365923718254531e-06,1.0,0.4907407407407407,67630.99999999968,0.1291094199047155,0.15147910127184083,188156.12126447188,82872438.25057983,8,12069.579557417826,0.027777777777777776,"[0.0, 0.009259259259259259, 0.018518518518518517, 0.027777777777777776, 0.037037037037037035, 0.046296296296296294, 0.05555555555555555, 0.06481481481481481, 0.07407407407407407, 0.08333333333333333, 0.09259259259259259, 0.10185185185185185, 0.1111111111111111, 0.12037037037037036, 0.12962962962962962, 0.1388888888888889, 0.14814814814814814, 0.15740740740740738, 0.16666666666666666, 0.17592592592592593, 0.18518518518518517, 0.19444444444444442, 0.2037037037037037, 0.21296296296296297, 0.2222222222222222, 0.23148148148148145, 0.24074074074074073]","[67630.99999999968, 1786.6346316367574, 1155.9831840868437, 12069.579557417826, 1906.577854206732, 950.5914327631725, 9083.877197383807, 2481.2296367739996, 778.6316126029153, 8965.162396383257, 2042.6423114770264, 1606.7171021536665, 6927.939836295421, 1790.9411989170715, 2115.0643759885497, 4469.146453394473, 811.3124818654544, 852.4454942246226, 2613.518509594242, 1125.8336361538816, 622.5282936164526, 1595.9028958457222, 1672.0836322346202, 807.7671822532516, 3024.6344394098983, 842.7313814738402, 842.8235732263985]",3.0,0.3,145.15000000009886,15,0.5,1721880.1384881272,0.14445541615561855,0.1241257545377841,16430975.452694586,84089526828.74933,"[0.046875, 0.03125]",2,1721880.1384881272,0.046875,"[0.0, 0.015625, 0.03125, 0.046875, 0.0625, 0.078125, 0.09375, 0.109375, 0.125, 0.140625, 0.15625, 0.171875, 0.1875, 0.203125, 0.21875, 0.234375]","[154749.38571154905, 876106.9067081357, 1710291.3768911867, 1721880.1384881272, 1236443.3975588342, 1200279.6938548072, 1385236.610141767, 1437054.0474211213, 1048940.293645176, 664501.8455336309, 393060.29715041106, 165807.08106879127, 58528.06662846406, 51528.95639384366, 141871.9518110998, 339557.73472411896]",3.0,0.3,flattop,64,32,145.15000000009886,15,21,449.5238095236161,37.99999999995367,1007.9999999998063,"[2, 5, 11, 17, 22, 25, 29, 38, 44, 52, 55, 60, 65, 74, 78, 84, 89, 95, 98, 101, 105]","[37.99999999995367, 367.99999999975375, 460.99999999984203, 192.99999999986318, 950.9999999998502, 153.9999999998247, 880.9999999995106, 242.9999999998658, 490.99999999981816, 185.99999999990848, 320.99999999979605, 942.9999999998478, 809.9999999995442, 204.9999999998876, 477.9999999997701, 275.9999999998922, 346.9999999998422, 79.00000000002899, 1007.9999999998063, 113.9999999998779, 892.9999999994551]","[1, 1, 1, 15, 1, 24, 27, 35, 35, 49, 35, 35, 63, 73, 73, 73, 35, 92, 35, 99, 99]","[3, 8, 18, 18, 35, 27, 35, 39, 49, 53, 56, 73, 73, 75, 81, 85, 92, 97, 106, 102, 106]",0.05,30,52684908.99999401,1015.9999999999229,-1015.9999999999229,DWT,uc1.l0082987033,3.816094249486923e-07,0.0,1.9343815438332967e-10,7.301568984985352e-07,0.0,1.9372237147763371e-10,1.0814517736434937e-05,7.707967597525567e-11,1.0,84,0.0,3.0377123039215803e-10,1.0,84,,0.0,0.0,1.0,84,0.0,0.0,5.990266799926758e-06,0.0743255615234375,3.2014213502407074e-10,0.0,0.0,0.0,1.9343815438332967e-10,4.0618033381178975e-09,1.9614363043815715e-10,0.0,7.707967597525567e-11,0.0,9.885070539894514e-11,0.0,0.0,0.0,9.885070539894514e-11,4.632738637155853e-11,2.195466031196247e-14,3.816094249486923e-07,9.159339953157541e-16,4.0245584642661925e-15,4.3655745685100555e-08,0.0,0.0,2.4369395390522186e-14,0.323868094348738,0.6690911301228835,0.1949349136429953,0.5319585934932632,0.7118724625118021,0.02521245570572925,0.012606227852864626,0.02521245570572925,112,1.1238663008942082,0.6354307915351141,152,0,0,0.02521245570572925,0.02521245570572925,112,0,0,0.4863450388239365,0.661517411244924,100,22.715633383201094,0.9706516364558125,119.0,116.15720524017468,0.9084524332149864,2,sym,445.72514619883043,505.0,280.45746329325993,171,0.986117580085908,1.0,0.009717693939864401,6,3.0
sym14,1,antisymmetric,4.4955719761422465e-21,263.56717355873775,11041861.63950675,0.5746268656716418,395.5201214884359,108,raw,5.294921702738135e-11,1.6952395042707298e-10,"[2, 5, 11, 17, 22, 25, 29, 38, 44, 52, 55, 60, 65, 74, 78, 84, 89, 95, 98, 101, 105]","[37.99999999997186, 367.999999999847, 460.99999999989893, 192.99999999991923, 950.9999999999018, 153.9999999998986, 880.9999999996957, 242.99999999991866, 490.99999999988034, 185.99999999994338, 320.999999999873, 942.9999999998968, 809.9999999997183, 204.99999999993437, 477.99999999985675, 275.9999999999353, 346.9999999999011, 79.00000000001137, 1007.9999999998842, 113.99999999993008, 892.9999999996548]",21,5.921622294832615,338024.28006431204,0.944210467575296,4.365923718253331e-06,0.9999999999999997,0.4907407407407407,67630.99999999972,0.12910941990472388,0.15147910127184042,188156.121264488,82872438.25057986,8,12069.579557417934,0.027777777777777776,"[0.0, 0.009259259259259259, 0.018518518518518517, 0.027777777777777776, 0.037037037037037035, 0.046296296296296294, 0.05555555555555555, 0.06481481481481481, 0.07407407407407407, 0.08333333333333333, 0.09259259259259259, 0.10185185185185185, 0.1111111111111111, 0.12037037037037036, 0.12962962962962962, 0.1388888888888889, 0.14814814814814814, 0.15740740740740738, 0.16666666666666666, 0.17592592592592593, 0.18518518518518517, 0.19444444444444442, 0.2037037037037037, 0.21296296296296297, 0.2222222222222222, 0.23148148148148145, 0.24074074074074073]","[67630.99999999972, 1786.6346316368304, 1155.9831840868765, 12069.579557417934, 1906.5778542067706, 950.5914327633037, 9083.877197384278, 2481.2296367741656, 778.6316126029385, 8965.162396384172, 2042.6423114773079, 1606.7171021538438, 6927.939836296422, 1790.941198917332, 2115.064375988935, 4469.146453395301, 811.3124818656165, 852.445494224794, 2613.5185095948555, 1125.833636154157, 622.528293616604, 1595.9028958461063, 1672.0836322350287, 807.7671822534555, 3024.6344394106404, 842.7313814740505, 842.8235732266064]",3.0,0.3,145.15000000006134,15,0.5,1721880.138488254,0.14445541615562835,0.12412575453778259,16430975.452698475,84089526828.77399,"[0.046875, 0.03125]",2,1721880.138488254,0.046875,"[0.0, 0.015625, 0.03125, 0.046875, 0.0625, 0.078125, 0.09375, 0.109375, 0.125, 0.140625, 0.15625, 0.171875, 0.1875, 0.203125, 0.21875, 0.234375]","[154749.38571155423, 876106.9067081824, 1710291.3768913005, 1721880.138488254, 1236443.39755899, 1200279.6938550472, 1385236.6101421088, 1437054.0474215187, 1048940.2936455077, 664501.8455338683, 393060.2971505636, 165807.08106886057, 58528.06662849097, 51528.95639386931, 141871.95181117006, 339557.7347242861]",3.0,0.3,flattop,64,32,145.15000000006134,15,21,449.5238095236891,37.99999999997186,1007.9999999998842,"[2, 5, 11, 17, 22, 25, 29, 38, 44, 52, 55, 60, 65, 74, 78, 84, 89, 95, 98, 101, 105]","[37.99999999997186, 367.999999999847, 460.99999999989893, 192.99999999991923, 950.9999999999018, 153.9999999998986, 880.9999999996957, 242.99999999991866, 490.99999999988034, 185.99999999994338, 320.999999999873, 942.9999999998968, 809.9999999997183, 204.99999999993437, 477.99999999985675, 275.9999999999353, 346.9999999999011, 79.00000000001137, 1007.9999999998842, 113.99999999993008, 892.9999999996548]","[1, 1, 1, 15, 1, 24, 27, 35, 35, 49, 35, 35, 63, 73, 73, 73, 35, 92, 35, 99, 99]","[3, 8, 18, 18, 35, 27, 35, 39, 49, 53, 56, 73, 73, 75, 81, 85, 92, 97, 106, 102, 106]",0.05,30,52684908.999996096,1015.9999999999513,-1015.9999999999513,DWT,uc1.l0082987033,2.547167241573334e-07,0.0,1.2039436114719138e-10,7.003545761108398e-07,0.0,1.1584688763832673e-10,6.925314664840698e-06,4.865796654485166e-11,1.0,84,0.0,1.964508555829525e-10,1.0,84,,0.0,0.0,1.0,84,0.0,0.0,3.904104232788086e-06,0.0496673583984375,2.764863893389702e-10,0.0,0.0,0.0,1.2039436114719138e-10,2.5283952709287405e-09,1.214892736676293e-10,0.0,4.865796654485166e-11,0.0,6.133404895081185e-11,0.0,0.0,0.0,6.133404895081185e-11,2.8137492336099967e-11,1.3572476476042539e-14,2.547167241573334e-07,4.996003610813204e-16,2.5118795932144167e-15,2.7532223612070084e-08,0.0,0.0,1.457167719820518e-14,0.36502413184920746,0.61163091634557,0.1855934030611591,0.6262819978320687,0.6764760367663927,0.016431998494778763,0.008215999247389381,0.016431998494778763,137,1.1387298526522733,0.6438346011796738,145,0,0,0.016431998494778763,0.016431998494778763,137,0,0,0.49300129717087954,0.67057112915864,89,25.612496949731394,0.9669089186695977,127.0,122.2081288449575,0.9014131156655483,3,sym,445.72514619883043,505.0,280.45746329325993,171,0.986117580085908,1.0,0.009717693939864401,6,3.75
sym17,1,antisymmetric,9.720413749647516e-20,250.21817560107115,11451556.971390368,0.5571428571428572,381.4357092384203,108,raw,2.4541086858149633e-10,-3.894916612572878e-10,"[2, 5, 11, 17, 22, 25, 29, 38, 44, 52, 55, 60, 65, 74, 78, 84, 89, 95, 98, 101, 105]","[38.00000000012926, 368.00000000075875, 461.000000000431, 193.00000000043707, 951.0000000004376, 154.0000000005898, 881.0000000014718, 243.00000000041854, 491.0000000004672, 186.00000000029308, 321.0000000006096, 943.0000000003655, 810.0000000013679, 205.00000000037133, 478.0000000006853, 276.00000000033003, 347.0000000004468, 78.99999999986801, 1008.0000000006041, 114.0000000004419, 893.0000000015372]",21,6.00195605175128,375854.87148041045,0.9472388481038994,4.3659237182420785e-06,0.9999999999999992,0.4907407407407407,67631.00000000028,0.12910941990480299,0.15147910127183528,188156.12126464065,82872438.25058062,8,12069.579557418874,0.027777777777777776,"[0.0, 0.009259259259259259, 0.018518518518518517, 0.027777777777777776, 0.037037037037037035, 0.046296296296296294, 0.05555555555555555, 0.06481481481481481, 0.07407407407407407, 0.08333333333333333, 0.09259259259259259, 0.10185185185185185, 0.1111111111111111, 0.12037037037037036, 0.12962962962962962, 0.1388888888888889, 0.14814814814814814, 0.15740740740740738, 0.16666666666666666, 0.17592592592592593, 0.18518518518518517, 0.19444444444444442, 0.2037037037037037, 0.21296296296296297, 0.2222222222222222, 0.23148148148148145, 0.24074074074074073]","[67631.00000000028, 1786.6346316371848, 1155.98318408703, 12069.579557418874, 1906.5778542070755, 950.5914327641473, 9083.877197388003, 2481.229636775546, 778.6316126031315, 8965.162396392689, 2042.6423114801507, 1606.7171021555325, 6927.93983630669, 1790.9411989199605, 2115.064375993002, 4469.1464534036995, 811.3124818672331, 852.4454942264049, 2613.518509600802, 1125.8336361568408, 622.5282936180434, 1595.902895849747, 1672.0836322388293, 807.767182255323, 3024.634439417565, 842.7313814759945, 842.8235732285352]",3.0,0.3,145.14999999968967,15,0.5,1721880.1384891877,0.1444554161557244,0.12412575453776559,16430975.452735124,84089526828.99968,"[0.046875, 0.03125]",2,1721880.1384891877,0.046875,"[0.0, 0.015625, 0.03125, 0.046875, 0.0625, 0.078125, 0.09375, 0.109375, 0.125, 0.140625, 0.15625, 0.171875, 0.1875, 0.203125, 0.21875, 0.234375]","[154749.38571157187, 876106.9067084927, 1710291.3768921304, 1721880.1384891877, 1236443.3975602877, 1200279.6938572794, 1385236.6101454538, 1437054.047425487, 1048940.2936488772, 664501.8455362823, 393060.29715209967, 165807.08106954355, 58528.066628746164, 51528.956394106135, 141871.9518118259, 339557.7347258529]",3.0,0.3,flattop,64,32,145.14999999968967,15,21,449.52380952438386,38.00000000012926,1008.0000000006041,"[2, 5, 11, 17, 22, 25, 29, 38, 44, 52, 55, 60, 65, 74, 78, 84, 89, 95, 98, 101, 105]","[38.00000000012926, 368.00000000075875, 461.000000000431, 193.00000000043707, 951.0000000004376, 154.0000000005898, 881.0000000014718, 243.00000000041854, 491.0000000004672, 186.00000000029308, 321.0000000006096, 943.0000000003655, 810.0000000013679, 205.00000000037133, 478.0000000006853, 276.00000000033003, 347.0000000004468, 78.99999999986801, 1008.0000000006041, 114.0000000004419, 893.0000000015372]","[1, 1, 1, 15, 1, 24, 27, 35, 35, 49, 35, 35, 63, 73, 73, 73, 35, 92, 35, 99, 99]","[3, 8, 18, 18, 35, 27, 35, 39, 49, 53, 56, 73, 73, 75, 81, 85, 92, 97, 106, 102, 106]",0.05,30,52684909.00001587,1016.0000000002049,-1016.0000000002049,DWT,uc1.l0082987033,6.789341568946838e-07,0.0,5.743459041696042e-10,5.960464477539063e-08,0.0,6.041318556526676e-10,2.9724091291427612e-05,2.0486368157435209e-10,1.0,84,0.0,7.439666660502553e-10,1.0,84,,0.0,0.0,1.0,84,0.0,0.0,1.5869736671447754e-05,0.176025390625,2.764863893389702e-10,0.0,0.0,0.0,5.743459041696042e-10,1.2061718734912574e-08,5.869367214472731e-10,0.0,2.0486368157435209e-10,0.0,3.1033664527058136e-10,0.0,0.0,0.0,3.1033664527058136e-10,1.2926193448947743e-10,6.553091402849986e-14,6.789341568946838e-07,4.6351811278100286e-15,1.4488410471358293e-14,1.251173671334982e-07,0.0,0.0,8.149037000748649e-14,0.22797434855738408,0.71456605145365,0.22533531134722928,0.4311252992817243,0.7788797628732377,0.06679419235473047,0.033397096177365235,0.06679419235473047,72,1.0907373153968551,0.6166997579054119,176,0,0,0.06679419235473047,0.06679419235473047,72,0,0,0.4755761547026451,0.6468697767935893,115,49.202811572781755,0.936430476004158,108.75,94.88735512436516,0.8979633000175828,4,sym,445.72514619883043,505.0,280.45746329325993,171,0.986117580085908,1.0,0.009717693939864401,6,4.5
sym15,1,antireflect,1.1384703420988964e-20,259.5318058974034,10942320.722300328,0.5588235294117647,485.75678368991584,108,raw,8.336534754697049e-11,3.864437658622238e-10,"[2, 5, 11, 17, 22, 25, 29, 38, 44, 52, 55, 60, 65, 74, 78, 84, 89, 95, 98, 101, 105]","[37.99999999994145, 367.9999999997553, 460.999999999842, 192.99999999986312, 950.9999999998265, 153.9999999998247, 880.9999999995107, 242.9999999998658, 490.99999999981816, 185.99999999990848, 320.99999999979605, 942.9999999998478, 809.9999999995442, 204.9999999998876, 477.9999999997701, 275.99999999989234, 346.9999999998422, 79.00000000002899, 1007.9999999997954, 113.99999999987381, 892.9999999994156]",21,5.979414005784799,340946.96444417397,0.9420806379540445,4.365923718254646e-06,1.0,0.4907407407407407,67630.9999999995,0.12910941990471464,0.15147910127184006,188156.1212644715,82872438.25057952,8,12069.579557417966,0.027777777777777776,"[0.0, 0.009259259259259259, 0.018518518518518517, 0.027777777777777776, 0.037037037037037035, 0.046296296296296294, 0.05555555555555555, 0.06481481481481481, 0.07407407407407407, 0.08333333333333333, 0.09259259259259259, 0.10185185185185185, 0.1111111111111111, 0.12037037037037036, 0.12962962962962962, 0.1388888888888889, 0.14814814814814814, 0.15740740740740738, 0.16666666666666666, 0.17592592592592593, 0.18518518518518517, 0.19444444444444442, 0.2037037037037037, 0.21296296296296297, 0.2222222222222222, 0.23148148148148145, 0.24074074074074073]","[67630.9999999995, 1786.634631636642, 1155.9831840867896, 12069.579557417966, 1906.5778542068047, 950.5914327630419, 9083.877197383923, 2481.2296367739796, 778.6316126030672, 8965.162396383294, 2042.642311476982, 1606.7171021538104, 6927.939836295492, 1790.9411989171385, 2115.0643759884365, 4469.146453394607, 811.3124818653926, 852.445494224751, 2613.5185095941965, 1125.8336361537542, 622.5282936163593, 1595.9028958457855, 1672.0836322347093, 807.7671822531677, 3024.634439410013, 842.7313814737756, 842.8235732263915]",3.0,0.3,145.1500000001049,15,0.5,1721880.1384881272,0.14445541615561855,0.1241257545377841,16430975.452694586,84089526828.74934,"[0.046875, 0.03125]",2,1721880.1384881272,0.046875,"[0.0, 0.015625, 0.03125, 0.046875, 0.0625, 0.078125, 0.09375, 0.109375, 0.125, 0.140625, 0.15625, 0.171875, 0.1875, 0.203125, 0.21875, 0.234375]","[154749.38571154908, 876106.9067081359, 1710291.376891187, 1721880.1384881272, 1236443.3975588342, 1200279.693854807, 1385236.610141767, 1437054.0474211215, 1048940.293645176, 664501.8455336309, 393060.2971504111, 165807.08106879127, 58528.06662846411, 51528.95639384366, 141871.95181109983, 339557.73472411884]",3.0,0.3,flattop,64,32,145.1500000001049,15,21,449.52380952361204,37.99999999994145,1007.9999999997954,"[2, 5, 11, 17, 22, 25, 29, 38, 44, 52, 55, 60, 65, 74, 78, 84, 89, 95, 98, 101, 105]","[37.99999999994145, 367.9999999997553, 460.999999999842, 192.99999999986312, 950.9999999998265, 153.9999999998247, 880.9999999995107, 242.9999999998658, 490.99999999981816, 185.99999999990848, 320.99999999979605, 942.9999999998478, 809.9999999995442, 204.9999999998876, 477.9999999997701, 275.99999999989234, 346.9999999998422, 79.00000000002899, 1007.9999999997954, 113.99999999987381, 892.9999999994156]","[1, 1, 1, 15, 1, 24, 27, 35, 35, 49, 35, 35, 63, 73, 73, 73, 35, 92, 35, 99, 99]","[3, 8, 18, 18, 35, 27, 35, 39, 49, 53, 56, 73, 73, 75, 81, 85, 92, 97, 106, 102, 106]",0.05,30,52684908.99999392,1015.9999999999231,-1015.9999999999231,DWT,uc1.l0082987033,3.816094249486923e-07,0.0,1.9747403712244704e-10,1.043081283569336e-06,0.0,2.0463630789890885e-10,1.0814517736434937e-05,7.685230229981244e-11,1.0,84,0.0,1.6370904631912708e-10,1.0,84,,0.0,0.0,1.0,84,0.0,0.0,6.079673767089844e-06,0.074310302734375,4.94765117764473e-10,0.0,0.0,0.0,1.9747403712244704e-10,4.147295840084553e-09,2.003662844106743e-10,0.0,7.685230229981244e-11,0.0,1.0490452950762119e-10,0.0,0.0,0.0,1.0490452950762119e-10,5.854872142663226e-11,2.2815083156046967e-14,3.816094249486923e-07,1.3877787807814457e-16,4.0245584642661925e-15,4.4034095481038094e-08,0.0,0.0,2.4369395390522186e-14,0.3235943357519595,0.6856819479811629,0.17593757910011706,0.4498849819257315,0.6843874587010963,0.025588761014769982,0.012794380507384991,0.025588761014769982,110,1.0786753412425467,0.6098799522236774,188,0,0,0.025588761014769982,0.025588761014769982,110,0,0,0.4638972606920135,0.6309843639377305,135,36.77295201639379,0.9524897260770107,135.75,129.41476416734267,0.888551064588893,5,sym,445.72514619883043,505.0,280.45746329325993,171,0.986117580085908,1.0,0.009717693939864401,6,5.25
sym20,1,antisymmetric,1.4775113814693714e-17,228.39971476186878,11865902.01406647,0.5616438356164384,389.00674181471084,108,raw,3.032418398689701e-09,2.1616571735622214e-08,"[2, 5, 11, 17, 22, 25, 29, 38, 44, 52, 55, 60, 65, 74, 78, 84, 89, 95, 98, 101, 105]","[37.99999999823163, 367.9999999916221, 460.9999999943605, 192.99999999520122, 950.999999994812, 153.99999999415866, 880.9999999825247, 242.99999999537852, 490.99999999309773, 185.99999999706495, 320.99999999304896, 942.9999999941231, 809.999999983803, 204.9999999962776, 477.9999999920177, 275.9999999963602, 346.9999999942328, 79.00000000112891, 1007.999999993166, 113.99999999593797, 892.9999999797221]",21,6.059662236649391,404597.6735954523,0.954350442517956,4.365923718370004e-06,1.0,0.4907407407407407,67630.99999997827,0.12910941990396915,0.1514791012718553,188156.12126292527,82872438.25052454,8,12069.579557404737,0.027777777777777776,"[0.0, 0.009259259259259259, 0.018518518518518517, 0.027777777777777776, 0.037037037037037035, 0.046296296296296294, 0.05555555555555555, 0.06481481481481481, 0.07407407407407407, 0.08333333333333333, 0.09259259259259259, 0.10185185185185185, 0.1111111111111111, 0.12037037037037036, 0.12962962962962962, 0.1388888888888889, 0.14814814814814814, 0.15740740740740738, 0.16666666666666666, 0.17592592592592593, 0.18518518518518517, 0.19444444444444442, 0.2037037037037037, 0.21296296296296297, 0.2222222222222222, 0.23148148148148145, 0.24074074074074073]","[67630.99999997827, 1786.6346316229856, 1155.9831840818479, 12069.579557404737, 1906.5778542016717, 950.5914327419288, 9083.87719732509, 2481.2296367540384, 778.6316126023827, 8965.162396278649, 2042.6423114440577, 1606.7171021367446, 6927.939836196814, 1790.9411988929598, 2115.064375953393, 4469.146453322488, 811.3124818517884, 852.4454942105112, 2613.5185095450365, 1125.8336361317442, 622.5282936041558, 1595.902895813744, 1672.0836322004106, 807.7671822362595, 3024.6344393451704, 842.7313814553944, 842.8235732077726]",3.0,0.3,145.15000000328914,15,0.5,1721880.1384706052,0.14445541615483776,0.1241257545378907,16430975.452302592,84089526825.84897,"[0.046875, 0.03125]",2,1721880.1384706052,0.046875,"[0.0, 0.015625, 0.03125, 0.046875, 0.0625, 0.078125, 0.09375, 0.109375, 0.125, 0.140625, 0.15625, 0.171875, 0.1875, 0.203125, 0.21875, 0.234375]","[154749.3857105447, 876106.9067011608, 1710291.37687509, 1721880.1384706052, 1236443.3975391698, 1200279.6938272151, 1385236.610104965, 1437054.047380554, 1048940.2936134315, 664501.8455121918, 393060.2971371593, 165807.0810629777, 58528.06662625636, 51528.95639161805, 141871.95180482607, 339557.7347092175]",3.0,0.3,flattop,64,32,145.15000000328914,15,21,449.5238095169652,37.99999999823163,1007.999999993166,"[2, 5, 11, 17, 22, 25, 29, 38, 44, 52, 55, 60, 65, 74, 78, 84, 89, 95, 98, 101, 105]","[37.99999999823163, 367.9999999916221, 460.9999999943605, 192.99999999520122, 950.999999994812, 153.99999999415866, 880.9999999825247, 242.99999999537852, 490.99999999309773, 185.99999999706495, 320.99999999304896, 942.9999999941231, 809.999999983803, 204.9999999962776, 477.9999999920177, 275.9999999963602, 346.9999999942328, 79.00000000112891, 1007.999999993166, 113.99999999593797, 892.9999999797221]","[1, 1, 1, 15, 1, 24, 27, 35, 35, 49, 35, 35, 63, 73, 73, 73, 35, 92, 35, 99, 99]","[3, 8, 18, 18, 35, 27, 35, 39, 49, 53, 56, 73, 73, 75, 81, 85, 92, 97, 106, 102, 106]",0.05,30,52684908.99976599,1015.9999999970071,-1015.9999999970071,DWT,uc1.l0082987033,1.7903512343764305e-05,0.0,6.844345534773311e-09,5.602836608886719e-05,0.0,6.833943189121783e-09,0.00040280818939208984,2.9929196898592636e-09,1.0,84,0.0,1.3393218978308141e-08,1.0,84,,0.0,0.0,1.0,84,0.0,0.0,0.0002340078353881836,2.9746856689453125,2.172600943595171e-08,0.0,0.0,0.0,6.844345534773311e-09,1.4373108569998294e-07,6.951778243005502e-09,0.0,2.9929196898592636e-09,0.0,3.289130745542934e-09,0.0,0.0,0.0,3.289130745542934e-09,1.768370339050307e-09,7.68302088616224e-13,1.7903512343764305e-05,1.5376588891058418e-14,1.1061984661608903e-13,1.5902623999863863e-06,0.0,0.0,8.051614930337792e-13,0.003971368014827226,0.7885074948380656,0.26552825816239883,0.48136527129410006,0.8566837285304987,0.9849164288626172,0.4924582144313086,0.9849164288626172,2,1.0646202972389682,0.6019332705506449,208,0,0,0.9849164288626172,0.9849164288626172,2,0,0,0.47921122416797807,0.651814130185612,112,99.28410413219899,0.8717259636534896,81.0,3.94579945799458,0.8835374004313961,6,sym,445.72514619883043,505.0,280.45746329325993,171,0.986117580085908,1.0,0.009717693939864401,6,6.0
sym16,1,antisymmetric,2.2479290180780045e-19,246.57719717605147,11316452.870480929,0.5652173913043478,392.4852940805736,108,raw,3.7178694690788294e-10,1.3872419876756515e-09,"[2, 5, 11, 17, 22, 25, 29, 38, 44, 52, 55, 60, 65, 74, 78, 84, 89, 95, 98, 101, 105]","[37.99999999978806, 367.99999999890383, 460.9999999993409, 192.9999999993497, 950.9999999993622, 153.99999999916008, 880.9999999977679, 242.99999999938652, 490.9999999992331, 185.99999999959812, 320.9999999991128, 942.999999999389, 809.9999999979304, 204.99999999947318, 477.99999999898307, 275.9999999995231, 346.9999999993041, 79.00000000020498, 1007.9999999990983, 113.99999999937609, 892.9999999975561]",21,5.972816768220563,363917.8491496932,0.9480335512832135,4.365923718265685e-06,1.0,0.4907407407407407,67630.9999999985,0.1291094199046393,0.15147910127184472,188156.12126432193,82872438.25057726,8,12069.579557416751,0.027777777777777776,"[0.0, 0.009259259259259259, 0.018518518518518517, 0.027777777777777776, 0.037037037037037035, 0.046296296296296294, 0.05555555555555555, 0.06481481481481481, 0.07407407407407407, 0.08333333333333333, 0.09259259259259259, 0.10185185185185185, 0.1111111111111111, 0.12037037037037036, 0.12962962962962962, 0.1388888888888889, 0.14814814814814814, 0.15740740740740738, 0.16666666666666666, 0.17592592592592593, 0.18518518518518517, 0.19444444444444442, 0.2037037037037037, 0.21296296296296297, 0.2222222222222222, 0.23148148148148145, 0.24074074074074073]","[67630.9999999985, 1786.6346316360361, 1155.9831840865672, 12069.579557416751, 1906.5778542063515, 950.5914327619066, 9083.877197379406, 2481.229636772441, 778.631612602752, 8965.162396374459, 2042.6423114742233, 1606.7171021520348, 6927.939836285915, 1790.941198914641, 2115.0643759849695, 4469.146453386974, 811.312481864016, 852.445494223128, 2613.518509589002, 1125.833636151513, 622.528293615135, 1595.9028958422923, 1672.0836322309492, 807.7671822514352, 3024.634439402932, 842.7313814718694, 842.8235732244086]",3.0,0.3,145.15000000044117,15,0.5,1721880.13848692,0.14445541615552798,0.12412575453779777,16430975.452658068,84089526828.51353,"[0.046875, 0.03125]",2,1721880.13848692,0.046875,"[0.0, 0.015625, 0.03125, 0.046875, 0.0625, 0.078125, 0.09375, 0.109375, 0.125, 0.140625, 0.15625, 0.171875, 0.1875, 0.203125, 0.21875, 0.234375]","[154749.3857115005, 876106.9067076903, 1710291.3768900945, 1721880.13848692, 1236443.397557347, 1200279.6938525024, 1385236.6101384957, 1437054.04741736, 1048940.293642085, 664501.8455314608, 393060.29714903893, 165807.08106818056, 58528.066628229295, 51528.95639360477, 141871.95181042544, 339557.7347225173]",3.0,0.3,flattop,64,32,145.15000000044117,15,21,449.5238095229447,37.99999999978806,1007.9999999990983,"[2, 5, 11, 17, 22, 25, 29, 38, 44, 52, 55, 60, 65, 74, 78, 84, 89, 95, 98, 101, 105]","[37.99999999978806, 367.99999999890383, 460.9999999993409, 192.9999999993497, 950.9999999993622, 153.99999999916008, 880.9999999977679, 242.99999999938652, 490.9999999992331, 185.99999999959812, 320.9999999991128, 942.999999999389, 809.9999999979304, 204.99999999947318, 477.99999999898307, 275.9999999995231, 346.9999999993041, 79.00000000020498, 1007.9999999990983, 113.99999999937609, 892.9999999975561]","[1, 1, 1, 15, 1, 24, 27, 35, 35, 49, 35, 35, 63, 73, 73, 73, 35, 92, 35, 99, 99]","[3, 8, 18, 18, 35, 27, 35, 39, 49, 53, 56, 73, 73, 75, 81, 85, 92, 97, 106, 102, 106]",0.05,30,52684908.99997358,1015.9999999996601,-1015.9999999996601,DWT,uc1.l0082987033,1.5888363122940063e-06,0.0,8.648157745483331e-10,3.3080577850341797e-06,0.0,9.016503099701367e-10,4.733167588710785e-05,3.3992364478763193e-10,1.0,84,0.0,1.3787939678877592e-09,1.0,84,,0.0,0.0,1.0,84,0.0,0.0,2.6419758796691895e-05,0.31011962890625,1.4988472685217857e-09,0.0,0.0,0.0,8.648157745483331e-10,1.816079020500183e-08,8.842047940388076e-10,0.0,3.3992364478763193e-10,0.0,4.41161773778731e-10,0.0,0.0,0.0,4.41161773778731e-10,2.1194068722252268e-10,9.814371537686384e-14,1.5888363122940063e-06,4.801714581503802e-15,1.7694179454963432e-14,1.935986801981926e-07,0.0,0.0,1.1493583862431933e-13,0.19059361738178526,0.6772286206868563,0.21222973173828177,0.5212533398105413,0.7465674061394785,0.1111982188215372,0.0555991094107686,0.1111982188215372,38,1.0662136450216482,0.6028341448289586,206,0,0,0.1111982188215372,0.1111982188215372,38,0,0,0.46957454315138863,0.6387064971880538,127,80.89653886292045,0.8954825079290434,102.25,61.19954446120226,0.8816882823882943,7,sym,445.72514619883043,505.0,280.45746329325993,171,0.986117580085908,1.0,0.009717693939864401,6,6.75
sym19,1,antireflect,5.835975150382383e-19,242.4338887718519,11356650.98438905,0.5555555555555556,469.9962093361546,108,raw,5.962747003970299e-10,-9.42751588000451e-09,"[2, 5, 11, 17, 22, 25, 29, 38, 44, 52, 55, 60, 65, 74, 78, 84, 89, 95, 98, 101, 105]","[38.000000000519634, 368.0000000011121, 461.00000000123185, 193.00000000032344, 951.0000000011607, 154.00000000012938, 881.000000002462, 243.00000000049255, 491.00000000175027, 186.000000000382, 321.0000000011088, 943.0000000018247, 810.0000000022405, 205.00000000014384, 478.00000000123043, 276.00000000040325, 347.0000000010001, 79.0000000004917, 1008.0000000007058, 113.99999999994088, 893.0000000041596]",21,6.056683650239461,375739.3953785628,0.9490897550855043,4.365923718229406e-06,1.0,0.4907407407407407,67631.00000000931,0.12910941990485159,0.15147910127185293,188156.1212648014,82872438.25060791,8,12069.57955742052,0.027777777777777776,"[0.0, 0.009259259259259259, 0.018518518518518517, 0.027777777777777776, 0.037037037037037035, 0.046296296296296294, 0.05555555555555555, 0.06481481481481481, 0.07407407407407407, 0.08333333333333333, 0.09259259259259259, 0.10185185185185185, 0.1111111111111111, 0.12037037037037036, 0.12962962962962962, 0.1388888888888889, 0.14814814814814814, 0.15740740740740738, 0.16666666666666666, 0.17592592592592593, 0.18518518518518517, 0.19444444444444442, 0.2037037037037037, 0.21296296296296297, 0.2222222222222222, 0.23148148148148145, 0.24074074074074073]","[67631.00000000931, 1786.6346316430747, 1155.983184089282, 12069.57955742052, 1906.5778542075682, 950.5914327719901, 9083.877197402055, 2481.2296367806434, 778.6316126016145, 8965.162396415348, 2042.642311487504, 1606.7171021574113, 6927.939836321002, 1790.9411989224366, 2115.064375996771, 4469.146453409023, 811.3124818679142, 852.4454942270277, 2613.518509602443, 1125.833636157205, 622.5282936180378, 1595.9028958502693, 1672.083632239284, 807.7671822552213, 3024.6344394179764, 842.7313814761175, 842.8235732287433]",3.0,0.3,145.14999999946681,15,0.5,1721880.1384940948,0.14445541615568963,0.12412575453777223,16430975.452787794,84089526829.66513,"[0.046875, 0.03125]",2,1721880.1384940948,0.046875,"[0.0, 0.015625, 0.03125, 0.046875, 0.0625, 0.078125, 0.09375, 0.109375, 0.125, 0.140625, 0.15625, 0.171875, 0.1875, 0.203125, 0.21875, 0.234375]","[154749.38571196207, 876106.9067106319, 1710291.3768967243, 1721880.1384940948, 1236443.3975652603, 1200279.6938632852, 1385236.6101524192, 1437054.0474321176, 1048940.2936530164, 664501.8455384087, 393060.2971530976, 165807.08106986317, 58528.06662881076, 51528.95639411749, 141871.9518118442, 339557.7347259097]",3.0,0.3,flattop,64,32,145.14999999946681,15,21,449.52380952489597,38.000000000519634,1008.0000000007058,"[2, 5, 11, 17, 22, 25, 29, 38, 44, 52, 55, 60, 65, 74, 78, 84, 89, 95, 98, 101, 105]","[38.000000000519634, 368.0000000011121, 461.00000000123185, 193.00000000032344, 951.0000000011607, 154.00000000012938, 881.000000002462, 243.00000000049255, 491.00000000175027, 186.000000000382, 321.0000000011088, 943.0000000018247, 810.0000000022405, 205.00000000014384, 478.00000000123043, 276.00000000040325, 347.0000000010001, 79.0000000004917, 1008.0000000007058, 113.99999999994088, 893.0000000041596]","[1, 1, 1, 15, 1, 24, 27, 35, 35, 49, 35, 35, 63, 73, 73, 73, 35, 92, 35, 99, 99]","[3, 8, 18, 18, 35, 27, 35, 39, 49, 53, 56, 73, 73, 75, 81, 85, 92, 97, 106, 102, 106]",0.05,30,52684909.00005254,1016.0000000005796,-1016.0000000005796,DWT,uc1.l0082987033,5.58607280254364e-06,0.0,1.0864482646866236e-09,2.734363079071045e-05,0.0,7.057678885757923e-10,8.239410817623138e-05,5.795754987047985e-10,1.0,84,0.0,2.3901520762592554e-09,1.0,84,,0.0,0.0,1.0,84,0.0,0.0,5.2541494369506836e-05,0.8414764404296875,9.313225746154785e-09,0.0,0.0,0.0,1.0864482646866236e-09,2.2815584088675678e-08,1.0919864377813479e-09,0.0,5.795754987047985e-10,0.0,5.331912689143792e-10,0.0,0.0,0.0,5.331912689143792e-10,5.196341135160765e-10,1.141309269314661e-13,5.58607280254364e-06,1.301736496372996e-14,7.840950111415168e-15,2.8585782274603844e-07,0.0,0.0,4.671263376110346e-14,0.14805562908427283,0.7846909025822388,0.21612909214559872,0.41340782122905073,0.7785671803133876,0.22114208661293863,0.11057104330646932,0.22114208661293863,28,1.066033375431458,0.6027322209183535,207,0,0,0.22114208661293863,0.22114208661293863,28,0,0,0.46817012507090977,0.6367962340235512,130,86.99568954839084,0.8876024682837328,98.25,47.64638927532567,0.8803322418938044,8,sym,445.72514619883043,505.0,280.45746329325993,171,0.986117580085908,1.0,0.009717693939864401,6,7.5
sym13,1,antisymmetric,5.760893849891966e-22,272.4901243818267,10906095.906535743,0.5606060606060606,360.54919828558235,108,raw,1.9018564501038785e-11,2.7917668176383015e-11,"[2, 5, 11, 17, 22, 25, 29, 38, 44, 52, 55, 60, 65, 74, 78, 84, 89, 95, 98, 101, 105]","[37.999999999990166, 367.9999999999485, 460.9999999999621, 192.99999999997544, 950.9999999999634, 153.99999999997215, 880.999999999897, 242.9999999999739, 490.99999999995237, 185.99999999998147, 320.9999999999559, 942.9999999999561, 809.9999999999056, 204.99999999998138, 477.9999999999512, 275.9999999999791, 346.99999999996487, 78.99999999999841, 1007.999999999964, 113.99999999998295, 892.9999999998756]",21,5.879131305978493,321666.708479457,0.9393302358880599,4.365923718252021e-06,0.9999999999999998,0.4907407407407407,67630.99999999985,0.12910941990473282,0.15147910127183997,188156.1212645057,82872438.25058018,8,12069.579557418056,0.027777777777777776,"[0.0, 0.009259259259259259, 0.018518518518518517, 0.027777777777777776, 0.037037037037037035, 0.046296296296296294, 0.05555555555555555, 0.06481481481481481, 0.07407407407407407, 0.08333333333333333, 0.09259259259259259, 0.10185185185185185, 0.1111111111111111, 0.12037037037037036, 0.12962962962962962, 0.1388888888888889, 0.14814814814814814, 0.15740740740740738, 0.16666666666666666, 0.17592592592592593, 0.18518518518518517, 0.19444444444444442, 0.2037037037037037, 0.21296296296296297, 0.2222222222222222, 0.23148148148148145, 0.24074074074074073]","[67630.99999999985, 1786.6346316369097, 1155.983184086903, 12069.579557418056, 1906.5778542068122, 950.591432763453, 9083.877197384789, 2481.2296367743484, 778.6316126029476, 8965.16239638525, 2042.6423114776658, 1606.7171021540398, 6927.939836297609, 1790.9411989176297, 2115.06437598939, 4469.14645339623, 811.3124818657958, 852.4454942249723, 2613.5185095955044, 1125.8336361544516, 622.5282936167605, 1595.9028958465124, 1672.083632235452, 807.7671822536616, 3024.6344394114103, 842.7313814742663, 842.8235732268209]",3.0,0.3,145.15000000002044,15,0.5,1721880.1384883937,0.14445541615563864,0.12412575453778085,16430975.452702826,84089526828.80296,"[0.046875, 0.03125]",2,1721880.1384883937,0.046875,"[0.0, 0.015625, 0.03125, 0.046875, 0.0625, 0.078125, 0.09375, 0.109375, 0.125, 0.140625, 0.15625, 0.171875, 0.1875, 0.203125, 0.21875, 0.234375]","[154749.3857115597, 876106.9067082335, 1710291.3768914272, 1721880.1384883937, 1236443.3975591678, 1200279.6938553299, 1385236.6101425146, 1437054.0474219874, 1048940.2936458942, 664501.8455341398, 393060.29715073423, 165807.08106893595, 58528.066628519104, 51528.95639389562, 141871.95181124314, 339557.73472446087]",3.0,0.3,flattop,64,32,145.15000000002044,15,21,449.5238095237682,37.999999999990166,1007.999999999964,"[2, 5, 11, 17, 22, 25, 29, 38, 44, 52, 55, 60, 65, 74, 78, 84, 89, 95, 98, 101, 105]","[37.999999999990166, 367.9999999999485, 460.9999999999621, 192.99999999997544, 950.9999999999634, 153.99999999997215, 880.999999999897, 242.9999999999739, 490.99999999995237, 185.99999999998147, 320.9999999999559, 942.9999999999561, 809.9999999999056, 204.99999999998138, 477.9999999999512, 275.9999999999791, 346.99999999996487, 78.99999999999841, 1007.999999999964, 113.99999999998295, 892.9999999998756]","[1, 1, 1, 15, 1, 24, 27, 35, 35, 49, 35, 35, 63, 73, 73, 73, 35, 92, 35, 99, 99]","[3, 8, 18, 18, 35, 27, 35, 39, 49, 53, 56, 73, 73, 75, 81, 85, 92, 97, 106, 102, 106]",0.05,30,52684908.99999851,1015.9999999999819,-1015.9999999999819,DWT,uc1.l0082987033,1.150183379650116e-07,0.0,4.132516551180743e-11,3.8743019104003906e-07,0.0,3.603872755775228e-11,2.5741755962371826e-06,1.807620719773695e-11,1.0,84,0.0,7.457856554538012e-11,1.0,84,,0.0,0.0,1.0,84,0.0,0.0,1.4901161193847656e-06,0.02069091796875,1.4551915228366852e-10,0.0,0.0,0.0,4.132516551180743e-11,8.676579454913735e-10,4.135088039176826e-11,0.0,1.807620719773695e-11,0.0,2.043520908046048e-11,0.0,0.0,0.0,2.043520908046048e-11,9.833911462919787e-12,4.6351811278100286e-15,1.150183379650116e-07,5.551115123125783e-17,7.771561172376096e-16,9.837094694375992e-09,0.0,0.0,4.274358644806853e-15,0.4566331410427111,0.5571853651060915,0.17242364278266617,0.46978161503301125,0.6321976837815172,0.006271755150678918,0.003135877575339459,0.006271755150678918,181,1.0795761080958168,0.6103892432257357,186,0,0,0.006271755150678918,0.006271755150678918,181,0,0,0.45764428954919945,0.6224791897244062,144,19.476481543988722,0.9748365871524693,173.0,171.15585447227664,0.8756611876330822,9,sym,445.72514619883043,505.0,280.45746329325993,171,0.986117580085908,1.0,0.009717693939864401,6,8.25
sym12,1,antisymmetric,1.3758859394875997e-22,278.70919878666473,10639229.324306553,0.5769230769230769,426.73480502183935,108,raw,9.445086688073291e-12,-1.4517553825771637e-10,"[2, 5, 11, 17, 22, 25, 29, 38, 44, 52, 55, 60, 65, 74, 78, 84, 89, 95, 98, 101, 105]","[38.00000000000409, 368.00000000002683, 461.00000000001984, 193.00000000001046, 951.0000000000198, 154.0000000000125, 881.0000000000473, 243.00000000001262, 491.00000000002353, 186.00000000001046, 321.00000000002353, 943.0000000000231, 810.0000000000447, 205.00000000000907, 478.0000000000247, 276.000000000011, 347.0000000000173, 79.00000000000455, 1008.0000000000164, 114.00000000000591, 893.0000000000566]",21,5.880755344385816,300834.02378693095,0.9362225542178918,4.365923718250944e-06,0.9999999999999998,0.4907407407407407,67631.00000000003,0.12910941990473965,0.15147910127183986,188156.12126452033,82872438.25058062,8,12069.579557418163,0.027777777777777776,"[0.0, 0.009259259259259259, 0.018518518518518517, 0.027777777777777776, 0.037037037037037035, 0.046296296296296294, 0.05555555555555555, 0.06481481481481481, 0.07407407407407407, 0.08333333333333333, 0.09259259259259259, 0.10185185185185185, 0.1111111111111111, 0.12037037037037036, 0.12962962962962962, 0.1388888888888889, 0.14814814814814814, 0.15740740740740738, 0.16666666666666666, 0.17592592592592593, 0.18518518518518517, 0.19444444444444442, 0.2037037037037037, 0.21296296296296297, 0.2222222222222222, 0.23148148148148145, 0.24074074074074073]","[67631.00000000003, 1786.6346316370332, 1155.983184086951, 12069.579557418163, 1906.5778542068547, 950.5914327636615, 9083.877197385338, 2481.2296367745416, 778.6316126029427, 8965.162396386344, 2042.6423114780443, 1606.7171021542047, 6927.939836298699, 1790.9411989178798, 2115.0643759897935, 4469.146453397006, 811.3124818659361, 852.4454942251023, 2613.518509596018, 1125.8336361546774, 622.5282936168794, 1595.9028958467927, 1672.0836322357338, 807.7671822538009, 3024.634439411902, 842.7313814744073, 842.8235732269575]",3.0,0.3,145.14999999998923,15,0.5,1721880.1384885553,0.14445541615564503,0.12412575453777962,16430975.452706637,84089526828.83351,"[0.046875, 0.03125]",2,1721880.1384885553,0.046875,"[0.0, 0.015625, 0.03125, 0.046875, 0.0625, 0.078125, 0.09375, 0.109375, 0.125, 0.140625, 0.15625, 0.171875, 0.1875, 0.203125, 0.21875, 0.234375]","[154749.38571156745, 876106.9067082955, 1710291.3768915748, 1721880.1384885553, 1236443.3975593615, 1200279.69385562, 1385236.6101429148, 1437054.0474224328, 1048940.2936462455, 664501.845534375, 393060.29715087684, 165807.08106899651, 58528.066628540095, 51528.956393912464, 141871.95181128866, 339557.7347245706]",3.0,0.3,flattop,64,32,145.14999999998923,15,21,449.5238095238297,38.00000000000409,1008.0000000000164,"[2, 5, 11, 17, 22, 25, 29, 38, 44, 52, 55, 60, 65, 74, 78, 84, 89, 95, 98, 101, 105]","[38.00000000000409, 368.00000000002683, 461.00000000001984, 193.00000000001046, 951.0000000000198, 154.0000000000125, 881.0000000000473, 243.00000000001262, 491.00000000002353, 186.00000000001046, 321.00000000002353, 943.0000000000231, 810.0000000000447, 205.00000000000907, 478.0000000000247, 276.000000000011, 347.0000000000173, 79.00000000000455, 1008.0000000000164, 114.00000000000591, 893.0000000000566]","[1, 1, 1, 15, 1, 24, 27, 35, 35, 49, 35, 35, 63, 73, 73, 73, 35, 92, 35, 99, 99]","[3, 8, 18, 18, 35, 27, 35, 39, 49, 53, 56, 73, 73, 75, 81, 85, 92, 97, 106, 102, 106]",0.05,30,52684909.00000067,1016.0000000000082,-1016.0000000000082,DWT,uc1.l0082987033,4.6566128730773926e-08,0.0,2.0179413695586845e-11,5.960464477539063e-08,0.0,1.6370904631912708e-11,1.2367963790893555e-06,8.185452315956354e-12,1.0,84,0.0,3.2741809263825417e-11,1.0,84,,0.0,0.0,1.0,84,0.0,0.0,6.705522537231445e-07,0.009857177734375,2.9103830456733704e-11,0.0,0.0,0.0,2.0179413695586845e-11,4.2382453102618456e-10,2.0202421746078123e-11,0.0,8.185452315956354e-12,0.0,1.0771827874123119e-11,0.0,0.0,0.0,1.0771827874123119e-11,4.092726157978177e-12,2.192690473634684e-15,4.6566128730773926e-08,5.551115123125783e-17,4.579669976578771e-16,4.802132025361061e-09,0.0,0.0,2.1094237467877974e-15,0.5204823379758239,0.5592663161195949,0.14653663258216376,0.6519123334765788,0.5758056355087565,0.002822289817805513,0.0014111449089027565,0.002822289817805513,192,1.156278064730508,0.6537563100893783,136,0,0,0.002822289817805513,0.002822289817805513,191,0,0,0.4908006511325836,0.6675778516414268,91,48.638119481191566,0.9371600523498818,152.5,138.9569797724407,0.8700658142886359,10,sym,445.72514619883043,505.0,280.45746329325993,171,0.986117580085908,1.0,0.009717693939864401,6,9.0
sym12,1,antireflect,1.4229666834422731e-22,278.5630757931034,10588927.870541763,0.5538461538461539,431.02104648782307,108,raw,9.448211760290754e-12,-1.6355494736348122e-10,"[2, 5, 11, 17, 22, 25, 29, 38, 44, 52, 55, 60, 65, 74, 78, 84, 89, 95, 98, 101, 105]","[38.000000000006054, 368.0000000000267, 461.00000000002007, 193.00000000001057, 951.0000000000229, 154.0000000000125, 881.0000000000473, 243.00000000001262, 491.00000000002353, 186.00000000001046, 321.00000000002353, 943.0000000000231, 810.0000000000447, 205.00000000000907, 478.0000000000247, 276.000000000011, 347.0000000000173, 79.00000000000432, 1008.0000000000182, 114.00000000000648, 893.0000000000671]",21,5.908627363088294,302934.57816581434,0.9354413538325779,4.365923718250926e-06,1.0,0.4907407407407407,67631.00000000006,0.12910941990473981,0.15147910127184,188156.12126452036,82872438.25058068,8,12069.579557418147,0.027777777777777776,"[0.0, 0.009259259259259259, 0.018518518518518517, 0.027777777777777776, 0.037037037037037035, 0.046296296296296294, 0.05555555555555555, 0.06481481481481481, 0.07407407407407407, 0.08333333333333333, 0.09259259259259259, 0.10185185185185185, 0.1111111111111111, 0.12037037037037036, 0.12962962962962962, 0.1388888888888889, 0.14814814814814814, 0.15740740740740738, 0.16666666666666666, 0.17592592592592593, 0.18518518518518517, 0.19444444444444442, 0.2037037037037037, 0.21296296296296297, 0.2222222222222222, 0.23148148148148145, 0.24074074074074073]","[67631.00000000006, 1786.6346316370457, 1155.9831840869572, 12069.579557418147, 1906.5778542068451, 950.5914327636762, 9083.877197385324, 2481.229636774546, 778.6316126029237, 8965.16239638634, 2042.6423114780462, 1606.7171021541883, 6927.939836298697, 1790.9411989178768, 2115.064375989808, 4469.146453396995, 811.3124818659467, 852.4454942250902, 2613.518509596017, 1125.8336361546862, 622.5282936168861, 1595.902895846788, 1672.0836322357295, 807.7671822538038, 3024.6344394119014, 842.7313814744089, 842.8235732269609]",3.0,0.3,145.1499999999881,15,0.5,1721880.1384885549,0.14445541615564503,0.12412575453777962,16430975.452706637,84089526828.83351,"[0.046875, 0.03125]",2,1721880.1384885549,0.046875,"[0.0, 0.015625, 0.03125, 0.046875, 0.0625, 0.078125, 0.09375, 0.109375, 0.125, 0.140625, 0.15625, 0.171875, 0.1875, 0.203125, 0.21875, 0.234375]","[154749.38571156745, 876106.9067082955, 1710291.3768915744, 1721880.1384885549, 1236443.3975593615, 1200279.69385562, 1385236.6101429146, 1437054.0474224328, 1048940.2936462455, 664501.845534375, 393060.2971508769, 165807.08106899651, 58528.06662854009, 51528.956393912464, 141871.95181128866, 339557.7347245706]",3.0,0.3,flattop,64,32,145.1499999999881,15,21,449.52380952383066,38.000000000006054,1008.0000000000182,"[2, 5, 11, 17, 22, 25, 29, 38, 44, 52, 55, 60, 65, 74, 78, 84, 89, 95, 98, 101, 105]","[38.000000000006054, 368.0000000000267, 461.00000000002007, 193.00000000001057, 951.0000000000229, 154.0000000000125, 881.0000000000473, 243.00000000001262, 491.00000000002353, 186.00000000001046, 321.00000000002353, 943.0000000000231, 810.0000000000447, 205.00000000000907, 478.0000000000247, 276.000000000011, 347.0000000000173, 79.00000000000432, 1008.0000000000182, 114.00000000000648, 893.0000000000671]","[1, 1, 1, 15, 1, 24, 27, 35, 35, 49, 35, 35, 63, 73, 73, 73, 35, 92, 35, 99, 99]","[3, 8, 18, 18, 35, 27, 35, 39, 49, 53, 56, 73, 73, 75, 81, 85, 92, 97, 106, 102, 106]",0.05,30,52684909.000000685,1016.0000000000082,-1016.0000000000082,DWT,uc1.l0082987033,4.6100467443466187e-08,0.0,2.114575181622058e-11,1.1920928955078125e-07,0.0,1.8189894035458565e-11,1.2367963790893555e-06,8.185452315956354e-12,1.0,84,0.0,1.6370904631912708e-11,1.0,84,,0.0,0.0,1.0,84,0.0,0.0,6.854534149169922e-07,0.009857177734375,5.820766091346741e-11,0.0,0.0,0.0,2.114575181622058e-11,4.43833414465189e-10,2.1053719614255462e-11,0.0,8.185452315956354e-12,0.0,1.1908696251339279e-11,0.0,0.0,0.0,1.1908696251339279e-11,6.0538241086760536e-12,2.3592239273284576e-15,4.6100467443466187e-08,8.326672684688674e-17,4.579669976578771e-16,4.831235855817795e-09,0.0,0.0,2.1094237467877974e-15,0.5189821411322074,0.594979945369865,0.14165721217728547,0.3943274602492485,0.5814916316096839,0.002885007369312302,0.001442503684656151,0.002885007369312302,190,1.0700355001964728,0.6049950108118064,198,0,0,0.002885007369312302,0.002885007369312302,190,0,0,0.446287678107658,0.6070321395817962,160,16.76305461424021,0.978342306699948,184.5,183.2607702846704,0.8699851068383462,11,sym,445.72514619883043,505.0,280.45746329325993,171,0.986117580085908,1.0,0.009717693939864401,6,9.75
sym11,1,antireflect,4.43608995087167e-23,283.6250196739939,10367423.698011978,0.5625,501.02155352416594,108,raw,5.146763673683045e-12,-1.3546685995184761e-10,"[2, 5, 11, 17, 22, 25, 29, 38, 44, 52, 55, 60, 65, 74, 78, 84, 89, 95, 98, 101, 105]","[38.00000000000378, 368.0000000000152, 461.00000000000915, 193.00000000000938, 951.00000000001, 154.00000000001194, 881.0000000000318, 243.00000000000858, 491.00000000001063, 186.0000000000058, 321.0000000000124, 943.000000000008, 810.0000000000298, 205.00000000000767, 478.0000000000143, 276.0000000000067, 347.00000000001, 78.99999999999659, 1008.0000000000135, 114.00000000000932, 893.0000000000359]",21,5.887168405682541,281089.0677907023,0.9287582464143328,4.365923718251083e-06,1.0,0.4907407407407407,67631.00000000003,0.12910941990473884,0.1514791012718399,188156.1212645183,82872438.25058061,8,12069.57955741814,0.027777777777777776,"[0.0, 0.009259259259259259, 0.018518518518518517, 0.027777777777777776, 0.037037037037037035, 0.046296296296296294, 0.05555555555555555, 0.06481481481481481, 0.07407407407407407, 0.08333333333333333, 0.09259259259259259, 0.10185185185185185, 0.1111111111111111, 0.12037037037037036, 0.12962962962962962, 0.1388888888888889, 0.14814814814814814, 0.15740740740740738, 0.16666666666666666, 0.17592592592592593, 0.18518518518518517, 0.19444444444444442, 0.2037037037037037, 0.21296296296296297, 0.2222222222222222, 0.23148148148148145, 0.24074074074074073]","[67631.00000000003, 1786.6346316370202, 1155.983184086945, 12069.57955741814, 1906.577854206846, 950.5914327636312, 9083.877197385247, 2481.229636774511, 778.6316126029365, 8965.16239638615, 2042.6423114779736, 1606.7171021541687, 6927.939836298489, 1790.9411989178327, 2115.0643759897184, 4469.146453396851, 811.3124818659172, 852.4454942250754, 2613.5185095959255, 1125.8336361546446, 622.5282936168662, 1595.9028958467557, 1672.0836322357045, 807.7671822537975, 3024.634439411878, 842.7313814744058, 842.8235732269542]",3.0,0.3,145.1499999999935,15,0.5,1721880.13848853,0.1444554161556446,0.12412575453777984,16430975.452706063,84089526828.82791,"[0.046875, 0.03125]",2,1721880.13848853,0.046875,"[0.0, 0.015625, 0.03125, 0.046875, 0.0625, 0.078125, 0.09375, 0.109375, 0.125, 0.140625, 0.15625, 0.171875, 0.1875, 0.203125, 0.21875, 0.234375]","[154749.3857115664, 876106.9067082857, 1710291.3768915515, 1721880.13848853, 1236443.3975593292, 1200279.693855569, 1385236.6101428412, 1437054.0474223488, 1048940.2936461782, 664501.8455343298, 393060.29715084995, 165807.0810689855, 58528.066628536864, 51528.95639391196, 141871.95181128866, 339557.7347245693]",3.0,0.3,flattop,64,32,145.1499999999935,15,21,449.5238095238219,38.00000000000378,1008.0000000000135,"[2, 5, 11, 17, 22, 25, 29, 38, 44, 52, 55, 60, 65, 74, 78, 84, 89, 95, 98, 101, 105]","[38.00000000000378, 368.0000000000152, 461.00000000000915, 193.00000000000938, 951.00000000001, 154.00000000001194, 881.0000000000318, 243.00000000000858, 491.00000000001063, 186.0000000000058, 321.0000000000124, 943.000000000008, 810.0000000000298, 205.00000000000767, 478.0000000000143, 276.0000000000067, 347.00000000001, 78.99999999999659, 1008.0000000000135, 114.00000000000932, 893.0000000000359]","[1, 1, 1, 15, 1, 24, 27, 35, 35, 49, 35, 35, 63, 73, 73, 73, 35, 92, 35, 99, 99]","[3, 8, 18, 18, 35, 27, 35, 39, 49, 53, 56, 73, 73, 75, 81, 85, 92, 97, 106, 102, 106]",0.05,30,52684909.00000037,1016.0000000000048,-1016.0000000000048,DWT,uc1.l0082987033,2.1187588572502136e-08,0.0,1.2391865311656147e-11,4.470348358154297e-08,0.0,1.3528733688872308e-11,6.631016731262207e-07,4.774847184307873e-12,1.0,84,0.0,9.094947017729282e-12,1.0,84,,0.0,0.0,1.0,84,0.0,0.0,3.725290298461914e-07,0.0042572021484375,2.9103830456733704e-11,0.0,0.0,0.0,1.2391865311656147e-11,2.601154847070575e-10,1.272886558061665e-11,0.0,4.774847184307873e-12,0.0,6.508571459562518e-12,0.0,0.0,0.0,6.508571459562518e-12,3.780087354243733e-12,1.3877787807814457e-15,2.1187588572502136e-08,2.7755575615628914e-17,2.3592239273284576e-16,2.764863893389702e-09,0.0,0.0,1.6930901125533637e-15,0.5709514585380122,0.567483650355602,0.12017051749324345,0.49092178770949735,0.5223579628675858,0.0015679387876697294,0.0007839693938348647,0.0015679387876697294,199,1.0917098592780634,0.6172496314337373,175,0,0,0.0015679387876697294,0.0015679387876697294,199,0,0,0.4543770753927882,0.61803518623265,149,23.853720883753127,0.9691812391682776,180.5,177.9680345720508,0.8679885524006763,12,sym,445.72514619883043,505.0,280.45746329325993,171,0.986117580085908,1.0,0.009717693939864401,6,10.5
sym11,1,antisymmetric,4.446546763800089e-23,283.6147944708322,10466661.510026956,0.5703125,501.0084624841379,108,raw,5.197554321091082e-12,-1.250832770694371e-10,"[2, 5, 11, 17, 22, 25, 29, 38, 44, 52, 55, 60, 65, 74, 78, 84, 89, 95, 98, 101, 105]","[38.00000000000301, 368.0000000000153, 461.0000000000091, 193.00000000000932, 951.0000000000086, 154.00000000001194, 881.0000000000318, 243.00000000000858, 491.00000000001063, 186.0000000000058, 321.0000000000124, 943.000000000008, 810.0000000000298, 205.00000000000767, 478.0000000000143, 276.0000000000067, 347.0000000000099, 78.99999999999659, 1008.000000000013, 114.00000000000921, 893.0000000000343]",21,5.876195958338707,284350.0126206161,0.9273165800851003,4.3659237182510875e-06,1.0,0.4907407407407407,67631.00000000001,0.12910941990473881,0.1514791012718399,188156.1212645182,82872438.25058058,8,12069.579557418148,0.027777777777777776,"[0.0, 0.009259259259259259, 0.018518518518518517, 0.027777777777777776, 0.037037037037037035, 0.046296296296296294, 0.05555555555555555, 0.06481481481481481, 0.07407407407407407, 0.08333333333333333, 0.09259259259259259, 0.10185185185185185, 0.1111111111111111, 0.12037037037037036, 0.12962962962962962, 0.1388888888888889, 0.14814814814814814, 0.15740740740740738, 0.16666666666666666, 0.17592592592592593, 0.18518518518518517, 0.19444444444444442, 0.2037037037037037, 0.21296296296296297, 0.2222222222222222, 0.23148148148148145, 0.24074074074074073]","[67631.00000000001, 1786.634631637013, 1155.9831840869422, 12069.579557418148, 1906.5778542068506, 950.5914327636232, 9083.877197385253, 2481.2296367745103, 778.6316126029467, 8965.162396386151, 2042.64231147797, 1606.7171021541776, 6927.939836298493, 1790.941198917837, 2115.064375989712, 4469.146453396861, 811.3124818659147, 852.4454942250834, 2613.51850959592, 1125.8336361546355, 622.52829361686, 1595.9028958467602, 1672.083632235711, 807.7671822537905, 3024.634439411885, 842.7313814744005, 842.8235732269549]",3.0,0.3,145.14999999999384,15,0.5,1721880.13848853,0.1444554161556446,0.12412575453777984,16430975.452706061,84089526828.82791,"[0.046875, 0.03125]",2,1721880.13848853,0.046875,"[0.0, 0.015625, 0.03125, 0.046875, 0.0625, 0.078125, 0.09375, 0.109375, 0.125, 0.140625, 0.15625, 0.171875, 0.1875, 0.203125, 0.21875, 0.234375]","[154749.38571156602, 876106.9067082854, 1710291.376891551, 1721880.13848853, 1236443.3975593292, 1200279.693855569, 1385236.610142841, 1437054.0474223488, 1048940.293646178, 664501.8455343298, 393060.29715084995, 165807.0810689855, 58528.06662853688, 51528.95639391197, 141871.95181128863, 339557.73472456925]",3.0,0.3,flattop,64,32,145.14999999999384,15,21,449.52380952382174,38.00000000000301,1008.000000000013,"[2, 5, 11, 17, 22, 25, 29, 38, 44, 52, 55, 60, 65, 74, 78, 84, 89, 95, 98, 101, 105]","[38.00000000000301, 368.0000000000153, 461.0000000000091, 193.00000000000932, 951.0000000000086, 154.00000000001194, 881.0000000000318, 243.00000000000858, 491.00000000001063, 186.0000000000058, 321.0000000000124, 943.000000000008, 810.0000000000298, 205.00000000000767, 478.0000000000143, 276.0000000000067, 347.0000000000099, 78.99999999999659, 1008.000000000013, 114.00000000000921, 893.0000000000343]","[1, 1, 1, 15, 1, 24, 27, 35, 35, 49, 35, 35, 63, 73, 73, 73, 35, 92, 35, 99, 99]","[3, 8, 18, 18, 35, 27, 35, 39, 49, 53, 56, 73, 73, 75, 81, 85, 92, 97, 106, 102, 106]",0.05,30,52684909.000000365,1016.0000000000048,-1016.0000000000048,DWT,uc1.l0082987033,2.1187588572502136e-08,0.0,1.2221335055073723e-11,1.4901161193847656e-08,0.0,1.2960299500264227e-11,6.612390279769897e-07,4.774847184307873e-12,1.0,84,0.0,1.8189894035458565e-11,1.0,84,,0.0,0.0,1.0,84,0.0,0.0,3.650784492492676e-07,0.0042572021484375,1.4551915228366852e-11,0.0,0.0,0.0,1.2221335055073723e-11,2.5647750589996576e-10,1.2513672637786447e-11,0.0,4.774847184307873e-12,0.0,6.16751094639767e-12,0.0,0.0,0.0,6.16751094639767e-12,3.0127011996228248e-12,1.3600232051658168e-15,2.1187588572502136e-08,2.7755575615628914e-17,2.3592239273284576e-16,2.6775524020195007e-09,0.0,0.0,1.6930901125533637e-15,0.5708464797312229,0.5534241765661793,0.12979693916975374,0.5781250000000001,0.531185022892609,0.0015365800119163347,0.0007682900059581674,0.0015365800119163347,200,1.1278424548637438,0.6376788976150963,147,0,0,0.0015365800119163347,0.0015365800119163347,200,0,0,0.4726755236719531,0.6429243928023387,122,39.16950344336777,0.9493934064039176,167.25,160.00356872016775,0.8666540675430441,13,sym,445.72514619883043,505.0,280.45746329325993,171,0.986117580085908,1.0,0.009717693939864401,6,11.25
sym14,1,antireflect,4.544406680445685e-21,263.52025121584154,10865929.172225421,0.5522388059701493,425.3331899494035,108,raw,5.257940584981583e-11,2.7499769127948274e-10,"[2, 5, 11, 17, 22, 25, 29, 38, 44, 52, 55, 60, 65, 74, 78, 84, 89, 95, 98, 101, 105]","[37.99999999996163, 367.99999999984874, 460.9999999998989, 192.99999999991894, 950.9999999998873, 153.9999999998987, 880.9999999996957, 242.99999999991866, 490.99999999988034, 185.99999999994338, 320.999999999873, 942.9999999998968, 809.9999999997183, 204.99999999993437, 477.99999999985675, 275.99999999993554, 346.99999999990087, 79.00000000001103, 1007.9999999998769, 113.9999999999286, 892.9999999996255]",21,5.9565726471781195,332176.0435776925,0.9408875382499758,4.365923718253412e-06,1.0,0.4907407407407407,67630.99999999962,0.1291094199047233,0.15147910127183992,188156.1212644877,82872438.25057971,8,12069.579557418021,0.027777777777777776,"[0.0, 0.009259259259259259, 0.018518518518518517, 0.027777777777777776, 0.037037037037037035, 0.046296296296296294, 0.05555555555555555, 0.06481481481481481, 0.07407407407407407, 0.08333333333333333, 0.09259259259259259, 0.10185185185185185, 0.1111111111111111, 0.12037037037037036, 0.12962962962962962, 0.1388888888888889, 0.14814814814814814, 0.15740740740740738, 0.16666666666666666, 0.17592592592592593, 0.18518518518518517, 0.19444444444444442, 0.2037037037037037, 0.21296296296296297, 0.2222222222222222, 0.23148148148148145, 0.24074074074074073]","[67630.99999999962, 1786.6346316367574, 1155.9831840868408, 12069.579557418021, 1906.5778542068192, 950.5914327632211, 9083.877197384352, 2481.2296367741496, 778.631612603037, 8965.162396384192, 2042.6423114772836, 1606.7171021539323, 6927.939836296462, 1790.9411989173705, 2115.064375988869, 4469.146453395376, 811.3124818655812, 852.4454942248658, 2613.518509594829, 1125.8336361540873, 622.5282936165536, 1595.9028958461406, 1672.0836322350758, 807.7671822534099, 3024.6344394107055, 842.7313814740118, 842.8235732266012]",3.0,0.3,145.15000000006606,15,0.5,1721880.138488254,0.14445541615562832,0.12412575453778257,16430975.452698477,84089526828.77399,"[0.046875, 0.03125]",2,1721880.138488254,0.046875,"[0.0, 0.015625, 0.03125, 0.046875, 0.0625, 0.078125, 0.09375, 0.109375, 0.125, 0.140625, 0.15625, 0.171875, 0.1875, 0.203125, 0.21875, 0.234375]","[154749.38571155426, 876106.9067081823, 1710291.376891301, 1721880.138488254, 1236443.3975589904, 1200279.6938550472, 1385236.6101421088, 1437054.0474215187, 1048940.2936455077, 664501.8455338683, 393060.29715056357, 165807.08106886054, 58528.06662849096, 51528.9563938693, 141871.9518111701, 339557.7347242861]",3.0,0.3,flattop,64,32,145.15000000006606,15,21,449.5238095236863,37.99999999996163,1007.9999999998769,"[2, 5, 11, 17, 22, 25, 29, 38, 44, 52, 55, 60, 65, 74, 78, 84, 89, 95, 98, 101, 105]","[37.99999999996163, 367.99999999984874, 460.9999999998989, 192.99999999991894, 950.9999999998873, 153.9999999998987, 880.9999999996957, 242.99999999991866, 490.99999999988034, 185.99999999994338, 320.999999999873, 942.9999999998968, 809.9999999997183, 204.99999999993437, 477.99999999985675, 275.99999999993554, 346.99999999990087, 79.00000000001103, 1007.9999999998769, 113.9999999999286, 892.9999999996255]","[1, 1, 1, 15, 1, 24, 27, 35, 35, 49, 35, 35, 63, 73, 73, 73, 35, 92, 35, 99, 99]","[3, 8, 18, 18, 35, 27, 35, 39, 49, 53, 56, 73, 73, 75, 81, 85, 92, 97, 106, 102, 106]",0.05,30,52684908.99999604,1015.9999999999516,-1015.9999999999516,DWT,uc1.l0082987033,2.547167241573334e-07,0.0,1.2323653209023178e-10,8.493661880493164e-07,0.0,1.2312284525251016e-10,6.923452019691467e-06,4.843059286940843e-11,1.0,84,0.0,1.0913936421275139e-10,1.0,84,,0.0,0.0,1.0,84,0.0,0.0,3.9637088775634766e-06,0.0496673583984375,3.7834979593753815e-10,0.0,0.0,0.0,1.2323653209023178e-10,2.5884219212457538e-09,1.2438828802953052e-10,0.0,4.843059286940843e-11,0.0,6.605205271625891e-11,0.0,0.0,0.0,6.605205271625891e-11,3.836930773104541e-11,1.4155343563970746e-14,2.547167241573334e-07,0.0,2.4980018054066022e-15,2.782326191663742e-08,0.0,0.0,1.459943277382081e-14,0.3645423955461633,0.6564143222107024,0.16852732630824463,0.3763862252980912,0.660645430239607,0.01668286870080592,0.00834143435040296,0.01668286870080592,136,1.0460089238022507,0.591410453250189,245,0,0,0.01668286870080592,0.01668286870080592,136,0,0,0.4453031399205617,0.6056929891827818,162,51.64219850729311,0.9332788132980709,169.75,160.2541341329454,0.8569817839100173,14,sym,445.72514619883043,505.0,280.45746329325993,171,0.986117580085908,1.0,0.009717693939864401,6,12.0
sym9,1,antireflect,5.28066996003413e-25,302.8681328609363,10158763.750273677,0.5564516129032258,432.34217819644175,108,raw,5.76460689882407e-13,-8.331435541464449e-11,"[2, 5, 11, 17, 22, 25, 29, 38, 44, 52, 55, 60, 65, 74, 78, 84, 89, 95, 98, 101, 105]","[38.00000000000017, 368.0000000000007, 460.9999999999996, 193.00000000000153, 950.9999999999995, 154.0000000000024, 881.000000000002, 243.00000000000077, 490.99999999999926, 186.00000000000034, 321.00000000000034, 942.9999999999982, 810.0000000000024, 205.00000000000114, 478.00000000000114, 276.00000000000045, 347.00000000000045, 78.9999999999983, 1008.0000000000017, 114.00000000000182, 893.0000000000005]",21,5.828409532166161,248959.99346889165,0.9164119842086342,4.365923718251285e-06,0.9999999999999998,0.4907407407407407,67630.99999999997,0.12910941990473754,0.15147910127183992,188156.12126451556,82872438.25058049,8,12069.579557418127,0.027777777777777776,"[0.0, 0.009259259259259259, 0.018518518518518517, 0.027777777777777776, 0.037037037037037035, 0.046296296296296294, 0.05555555555555555, 0.06481481481481481, 0.07407407407407407, 0.08333333333333333, 0.09259259259259259, 0.10185185185185185, 0.1111111111111111, 0.12037037037037036, 0.12962962962962962, 0.1388888888888889, 0.14814814814814814, 0.15740740740740738, 0.16666666666666666, 0.17592592592592593, 0.18518518518518517, 0.19444444444444442, 0.2037037037037037, 0.21296296296296297, 0.2222222222222222, 0.23148148148148145, 0.24074074074074073]","[67630.99999999997, 1786.6346316369975, 1155.9831840869351, 12069.579557418127, 1906.5778542068397, 950.5914327635954, 9083.877197385169, 2481.229636774479, 778.6316126029446, 8965.162396385978, 2042.6423114779143, 1606.7171021541483, 6927.939836298317, 1790.9411989177934, 2115.064375989645, 4469.146453396724, 811.3124818658866, 852.4454942250583, 2613.518509595832, 1125.8336361545976, 622.5282936168413, 1595.9028958467043, 1672.0836322356506, 807.7671822537649, 3024.634439411773, 842.7313814743718, 842.8235732269227]",3.0,0.3,145.1499999999997,15,0.5,1721880.1384885046,0.14445541615564314,0.12412575453778006,16430975.4527054,84089526828.82318,"[0.046875, 0.03125]",2,1721880.1384885046,0.046875,"[0.0, 0.015625, 0.03125, 0.046875, 0.0625, 0.078125, 0.09375, 0.109375, 0.125, 0.140625, 0.15625, 0.171875, 0.1875, 0.203125, 0.21875, 0.234375]","[154749.38571156538, 876106.9067082764, 1710291.3768915287, 1721880.1384885046, 1236443.397559299, 1200279.6938555234, 1385236.610142778, 1437054.0474222777, 1048940.2936461205, 664501.8455342902, 393060.29715082527, 165807.0810689748, 58528.06662853299, 51528.95639390815, 141871.95181127792, 339557.73472454393]",3.0,0.3,flattop,64,32,145.1499999999997,15,21,449.52380952381014,38.00000000000017,1008.0000000000017,"[2, 5, 11, 17, 22, 25, 29, 38, 44, 52, 55, 60, 65, 74, 78, 84, 89, 95, 98, 101, 105]","[38.00000000000017, 368.0000000000007, 460.9999999999996, 193.00000000000153, 950.9999999999995, 154.0000000000024, 881.000000000002, 243.00000000000077, 490.99999999999926, 186.00000000000034, 321.00000000000034, 942.9999999999982, 810.0000000000024, 205.00000000000114, 478.00000000000114, 276.00000000000045, 347.00000000000045, 78.9999999999983, 1008.0000000000017, 114.00000000000182, 893.0000000000005]","[1, 1, 1, 15, 1, 24, 27, 35, 35, 49, 35, 35, 63, 73, 73, 73, 35, 92, 35, 99, 99]","[3, 8, 18, 18, 35, 27, 35, 39, 49, 53, 56, 73, 73, 75, 81, 85, 92, 97, 106, 102, 106]",0.05,30,52684908.99999998,1016.0000000000001,-1016.0000000000001,DWT,uc1.l0082987033,4.190951585769653e-09,0.0,6.252776074688882e-13,7.450580596923828e-08,0.0,1.7053025658242404e-12,0.0,1.1368683772161603e-13,1.0,84,0.0,3.637978807091713e-12,1.0,84,,0.0,0.0,1.0,84,0.0,0.0,2.2351741790771484e-08,0.0004730224609375,2.9103830456733704e-11,0.0,0.0,0.0,6.252776074688882e-13,1.2732925824820995e-11,1.0922056909683826e-12,0.0,1.1368683772161603e-13,0.0,3.126388037344441e-13,0.0,0.0,0.0,3.126388037344441e-13,1.7053025658242404e-13,8.326672684688674e-17,4.190951585769653e-09,0.0,1.3877787807814457e-17,2.9103830456733704e-11,0.0,0.0,2.220446049250313e-16,0.7685141895005903,0.4921933512808192,0.09992975842023696,0.42340962335555915,0.4353876881835616,9.407632726018377e-05,4.7038163630091884e-05,9.407632726018377e-05,218,1.1006889931665307,0.6223264080480988,168,0,0,9.407632726018377e-05,9.407632726018377e-05,217,0,0,0.44388692214815345,0.6037666762983572,165,29.473151624260794,0.9619209927335132,192.0,188.6041780874671,0.8569294886148187,15,sym,445.72514619883043,505.0,280.45746329325993,171,0.986117580085908,1.0,0.009717693939864401,6,12.75
sym18,1,antisymmetric,1.3538707853771841e-18,238.7792509430372,11608233.053587034,0.5492957746478874,392.9405802008566,108,raw,8.881150465251047e-10,-1.4674788066403338e-09,"[2, 5, 11, 17, 22, 25, 29, 38, 44, 52, 55, 60, 65, 74, 78, 84, 89, 95, 98, 101, 105]","[38.00000000055945, 368.0000000027004, 461.0000000013102, 193.0000000019249, 951.0000000012767, 154.00000000260013, 881.0000000057282, 243.0000000016521, 491.0000000014367, 186.00000000096782, 321.0000000020748, 943.0000000008604, 810.0000000053169, 205.00000000157263, 478.00000000246126, 276.00000000123475, 347.0000000016456, 78.99999999892759, 1008.0000000025484, 114.00000000212742, 893.0000000058245]",21,6.0244334302404585,387719.17045585276,0.9449812052687893,4.365923718217231e-06,1.0,0.4907407407407407,67631.00000000137,0.12910941990498329,0.15147910127182063,188156.12126497112,82872438.25058061,8,12069.579557421248,0.027777777777777776,"[0.0, 0.009259259259259259, 0.018518518518518517, 0.027777777777777776, 0.037037037037037035, 0.046296296296296294, 0.05555555555555555, 0.06481481481481481, 0.07407407407407407, 0.08333333333333333, 0.09259259259259259, 0.10185185185185185, 0.1111111111111111, 0.12037037037037036, 0.12962962962962962, 0.1388888888888889, 0.14814814814814814, 0.15740740740740738, 0.16666666666666666, 0.17592592592592593, 0.18518518518518517, 0.19444444444444442, 0.2037037037037037, 0.21296296296296297, 0.2222222222222222, 0.23148148148148145, 0.24074074074074073]","[67631.00000000137, 1786.6346316378817, 1155.9831840873444, 12069.579557421248, 1906.5778542077967, 950.5914327653753, 9083.87719739554, 2481.2296367781973, 778.6316126040092, 8965.162396406855, 2042.6423114839056, 1606.7171021589727, 6927.939836323263, 1790.94119892491, 2115.0643759992604, 4469.146453418815, 811.3124818702539, 852.4454942300024, 2613.5185096120535, 1125.8336361619724, 622.5282936211589, 1595.9028958583888, 1672.0836322485245, 807.7671822602134, 3024.6344394371454, 842.7313814815303, 842.8235732343026]",3.0,0.3,145.14999999889875,15,0.5,1721880.1384910499,0.14445541615597624,0.12412575453773589,16430975.452809865,84089526829.35399,"[0.046875, 0.03125]",2,1721880.1384910499,0.046875,"[0.0, 0.015625, 0.03125, 0.046875, 0.0625, 0.078125, 0.09375, 0.109375, 0.125, 0.140625, 0.15625, 0.171875, 0.1875, 0.203125, 0.21875, 0.234375]","[154749.3857116243, 876106.9067091395, 1710291.3768937942, 1721880.1384910499, 1236443.397562589, 1200279.6938609043, 1385236.6101507484, 1437054.0474318382, 1048940.2936543794, 664501.8455403723, 393060.2971548303, 165807.0810708275, 58528.066629297784, 51528.95639477936, 141871.9518137792, 339557.73473044904]",3.0,0.3,flattop,64,32,145.14999999889875,15,21,449.5238095259405,38.00000000055945,1008.0000000025484,"[2, 5, 11, 17, 22, 25, 29, 38, 44, 52, 55, 60, 65, 74, 78, 84, 89, 95, 98, 101, 105]","[38.00000000055945, 368.0000000027004, 461.0000000013102, 193.0000000019249, 951.0000000012767, 154.00000000260013, 881.0000000057282, 243.0000000016521, 491.0000000014367, 186.00000000096782, 321.0000000020748, 943.0000000008604, 810.0000000053169, 205.00000000157263, 478.00000000246126, 276.00000000123475, 347.0000000016456, 78.99999999892759, 1008.0000000025484, 114.00000000212742, 893.0000000058245]","[1, 1, 1, 15, 1, 24, 27, 35, 35, 49, 35, 35, 63, 73, 73, 73, 35, 92, 35, 99, 99]","[3, 8, 18, 18, 35, 27, 35, 39, 49, 53, 56, 73, 73, 75, 81, 85, 92, 97, 106, 102, 106]",0.05,30,52684909.00005709,1016.0000000007792,-1016.0000000007792,DWT,uc1.l0082987033,2.541113644838333e-06,0.0,2.1310029296728317e-09,4.470348358154297e-08,0.0,2.548404154367745e-09,0.000104464590549469,7.792095857439563e-10,1.0,84,0.0,3.117747837677598e-09,1.0,84,,0.0,0.0,1.0,84,0.0,0.0,5.708634853363037e-05,0.53033447265625,1.367880031466484e-09,0.0,0.0,0.0,2.1310029296728317e-09,4.475077730603516e-08,2.2331288987299467e-09,0.0,7.792095857439563e-10,0.0,1.101255975299864e-09,0.0,0.0,0.0,1.101255975299864e-09,5.594529284280725e-10,2.458311332276253e-13,2.541113644838333e-06,1.9290125052862095e-14,4.418687638008123e-14,4.555913619697094e-07,0.0,0.0,3.333167075680876e-13,0.1105346612904693,0.7433672936761637,0.2405334500730312,0.3435360767959721,0.8109952645678242,0.24027093982250936,0.12013546991125468,0.24027093982250936,20,1.0200837051943976,0.5767524088123394,261,0,0,0.24027093982250936,0.24027093982250936,20,0,0,0.44979334928069215,0.6118004878406155,154,116.73438510853032,0.8491803809967309,113.75,36.256539779902575,0.8511082783536625,16,sym,445.72514619883043,505.0,280.45746329325993,171,0.986117580085908,1.0,0.009717693939864401,6,13.5
coif8,1,smooth,6.095265991434449e-26,312.24509648628487,11813938.090987543,0.551948051948052,267.70985544298435,108,raw,1.9029222642075178e-13,-1.221981404953005e-10,"[2, 5, 11, 17, 22, 25, 29, 38, 44, 52, 55, 60, 65, 74, 78, 84, 89, 95, 98, 101, 105]","[38.00000000000006, 368.00000000000057, 460.99999999999994, 192.99999999999994, 951.0000000000001, 154.0, 881.0000000000001, 243.00000000000003, 491.0000000000006, 186.0000000000001, 320.9999999999999, 942.9999999999998, 810.0000000000005, 205.00000000000003, 478.0, 276.0000000000002, 347.0000000000001, 79.00000000000023, 1008.0000000000006, 113.99999999999989, 893.0000000000001]",21,5.8962437811604635,119049.41531033904,0.8716247729301447,4.365923718251288e-06,1.0,0.4907407407407407,67631.00000000003,0.1291094199047374,0.15147910127183992,188156.1212645156,82872438.25058062,8,12069.579557418134,0.027777777777777776,"[0.0, 0.009259259259259259, 0.018518518518518517, 0.027777777777777776, 0.037037037037037035, 0.046296296296296294, 0.05555555555555555, 0.06481481481481481, 0.07407407407407407, 0.08333333333333333, 0.09259259259259259, 0.10185185185185185, 0.1111111111111111, 0.12037037037037036, 0.12962962962962962, 0.1388888888888889, 0.14814814814814814, 0.15740740740740738, 0.16666666666666666, 0.17592592592592593, 0.18518518518518517, 0.19444444444444442, 0.2037037037037037, 0.21296296296296297, 0.2222222222222222, 0.23148148148148145, 0.24074074074074073]","[67631.00000000003, 1786.6346316370007, 1155.9831840869358, 12069.579557418134, 1906.5778542068451, 950.5914327636028, 9083.877197385174, 2481.229636774485, 778.6316126029459, 8965.162396385997, 2042.642311477919, 1606.7171021541487, 6927.939836298322, 1790.9411989177925, 2115.0643759896493, 4469.146453396726, 811.3124818658882, 852.4454942250575, 2613.5185095958245, 1125.833636154595, 622.5282936168373, 1595.9028958467022, 1672.0836322356447, 807.7671822537533, 3024.634439411759, 842.7313814743649, 842.8235732269194]",3.0,0.3,145.14999999999995,15,0.5,1721880.1384885092,0.14445541615564295,0.1241257545377801,16430975.452705411,84089526828.82379,"[0.046875, 0.03125]",2,1721880.1384885092,0.046875,"[0.0, 0.015625, 0.03125, 0.046875, 0.0625, 0.078125, 0.09375, 0.109375, 0.125, 0.140625, 0.15625, 0.171875, 0.1875, 0.203125, 0.21875, 0.234375]","[154749.38571156608, 876106.9067082789, 1710291.3768915334, 1721880.1384885092, 1236443.397559304, 1200279.6938555287, 1385236.6101427828, 1437054.047422282, 1048940.2936461223, 664501.8455342907, 393060.29715082515, 165807.0810689747, 58528.066628532644, 51528.95639390739, 141871.95181127597, 339557.7347245399]",3.0,0.3,flattop,64,32,145.14999999999995,15,21,449.52380952380963,38.00000000000006,1008.0000000000006,"[2, 5, 11, 17, 22, 25, 29, 38, 44, 52, 55, 60, 65, 74, 78, 84, 89, 95, 98, 101, 105]","[38.00000000000006, 368.00000000000057, 460.99999999999994, 192.99999999999994, 951.0000000000001, 154.0, 881.0000000000001, 243.00000000000003, 491.0000000000006, 186.0000000000001, 320.9999999999999, 942.9999999999998, 810.0000000000005, 205.00000000000003, 478.0, 276.0000000000002, 347.0000000000001, 79.00000000000023, 1008.0000000000006, 113.99999999999989, 893.0000000000001]","[1, 1, 1, 15, 1, 24, 27, 35, 35, 49, 35, 35, 63, 73, 73, 73, 35, 92, 35, 99, 99]","[3, 8, 18, 18, 35, 27, 35, 39, 49, 53, 56, 73, 73, 75, 81, 85, 92, 97, 106, 102, 106]",0.05,30,52684909.000000015,1016.0000000000005,-1016.0000000000005,DWT,uc1.l0082987033,4.656612873077393e-10,0.0,1.1368683772161603e-13,5.960464477539063e-08,0.0,5.684341886080801e-13,1.1175870895385742e-08,4.547473508864641e-13,1.0,84,0.0,3.637978807091713e-12,1.0,84,,0.0,0.0,1.0,84,0.0,0.0,1.4901161193847656e-08,0.0001373291015625,2.9103830456733704e-11,0.0,0.0,0.0,1.1368683772161603e-13,1.8189894035458565e-12,1.8677123339979778e-13,0.0,4.547473508864641e-13,0.0,5.684341886080802e-14,0.0,0.0,0.0,5.684341886080802e-14,5.684341886080802e-14,5.551115123125783e-17,4.656612873077393e-10,0.0,2.7755575615628914e-17,5.820766091346741e-11,0.0,0.0,2.7755575615628914e-17,0.8647843992095716,0.579112323491384,0.2604875723051975,0.3731408256547925,0.08373240693756911,6.271755150678917e-05,3.135877575339459e-05,6.271755150678917e-05,229,1.1214198804609783,0.6340475924205236,156,0,0,6.271755150678917e-05,6.271755150678917e-05,222,0,0,0.4322515055197029,0.5879404005632918,180,34.73110997362451,0.9551277648919579,196.75,191.965028295904,0.8504643992418446,17,coif,217.80246913580248,181.0,166.32516494453617,81,0.48186386976947454,0.5930495234160287,0.4847804341365592,1,13.0
sym17,1,antireflect,9.686625026085998e-20,250.2332982286808,11181343.249619633,0.5428571428571428,415.4493743808057,108,raw,2.42191978406515e-10,-9.168704685448266e-10,"[2, 5, 11, 17, 22, 25, 29, 38, 44, 52, 55, 60, 65, 74, 78, 84, 89, 95, 98, 101, 105]","[38.00000000015325, 368.0000000007624, 461.00000000043144, 193.00000000043713, 951.0000000005203, 154.0000000005897, 881.0000000014718, 243.00000000041854, 491.0000000004672, 186.00000000029308, 321.0000000006096, 943.0000000003655, 810.0000000013679, 205.00000000037133, 478.0000000006853, 276.00000000033015, 347.0000000004468, 78.99999999986733, 1008.000000000635, 114.00000000042905, 893.0000000016521]",21,6.034975075208805,364188.2542622018,0.9427349576854506,4.365923718241717e-06,1.0,0.4907407407407407,67631.00000000081,0.1291094199048061,0.15147910127183797,188156.12126464173,82872438.2505814,8,12069.579557418409,0.027777777777777776,"[0.0, 0.009259259259259259, 0.018518518518518517, 0.027777777777777776, 0.037037037037037035, 0.046296296296296294, 0.05555555555555555, 0.06481481481481481, 0.07407407407407407, 0.08333333333333333, 0.09259259259259259, 0.10185185185185185, 0.1111111111111111, 0.12037037037037036, 0.12962962962962962, 0.1388888888888889, 0.14814814814814814, 0.15740740740740738, 0.16666666666666666, 0.17592592592592593, 0.18518518518518517, 0.19444444444444442, 0.2037037037037037, 0.21296296296296297, 0.2222222222222222, 0.23148148148148145, 0.24074074074074073]","[67631.00000000081, 1786.6346316375366, 1155.9831840871766, 12069.579557418409, 1906.5778542068772, 950.5914327646115, 9083.877197387565, 2481.2296367755666, 778.6316126025896, 8965.162396392514, 2042.6423114803517, 1606.717102154973, 6927.939836306397, 1790.9411989196935, 2115.064375993442, 4469.146453403186, 811.3124818674719, 852.445494225925, 2613.5185096009764, 1125.833636157307, 622.5282936183771, 1595.9028958495255, 1672.083632238515, 807.7671822556205, 3024.634439417148, 842.7313814762281, 842.8235732285644]",3.0,0.3,145.1499999996746,15,0.5,1721880.1384891875,0.1444554161557244,0.12412575453776559,16430975.452735124,84089526828.99968,"[0.046875, 0.03125]",2,1721880.1384891875,0.046875,"[0.0, 0.015625, 0.03125, 0.046875, 0.0625, 0.078125, 0.09375, 0.109375, 0.125, 0.140625, 0.15625, 0.171875, 0.1875, 0.203125, 0.21875, 0.234375]","[154749.38571157155, 876106.9067084922, 1710291.3768921304, 1721880.1384891875, 1236443.3975602873, 1200279.69385728, 1385236.6101454538, 1437054.0474254873, 1048940.2936488772, 664501.8455362825, 393060.29715209955, 165807.0810695436, 58528.066628746186, 51528.95639410613, 141871.95181182591, 339557.73472585296]",3.0,0.3,flattop,64,32,145.1499999996746,15,21,449.5238095243955,38.00000000015325,1008.000000000635,"[2, 5, 11, 17, 22, 25, 29, 38, 44, 52, 55, 60, 65, 74, 78, 84, 89, 95, 98, 101, 105]","[38.00000000015325, 368.0000000007624, 461.00000000043144, 193.00000000043713, 951.0000000005203, 154.0000000005897, 881.0000000014718, 243.00000000041854, 491.0000000004672, 186.00000000029308, 321.0000000006096, 943.0000000003655, 810.0000000013679, 205.00000000037133, 478.0000000006853, 276.00000000033015, 347.0000000004468, 78.99999999986733, 1008.000000000635, 114.00000000042905, 893.0000000016521]","[1, 1, 1, 15, 1, 24, 27, 35, 35, 49, 35, 35, 63, 73, 73, 73, 35, 92, 35, 99, 99]","[3, 8, 18, 18, 35, 27, 35, 39, 49, 53, 56, 73, 73, 75, 81, 85, 92, 97, 106, 102, 106]",0.05,30,52684909.00001606,1016.0000000002049,-1016.0000000002049,DWT,uc1.l0082987033,6.7870132625103e-07,0.0,5.859988050360698e-10,8.344650268554688e-07,0.0,6.350546755129471e-10,2.9724091291427612e-05,2.0486368157435209e-10,1.0,84,0.0,2.7830537874251604e-10,1.0,84,,0.0,0.0,1.0,84,0.0,0.0,1.6063451766967773e-05,0.176025390625,8.149072527885437e-10,0.0,0.0,0.0,5.859988050360698e-10,1.2305463314987719e-08,5.985842086547995e-10,0.0,2.0486368157435209e-10,0.0,3.254001512686955e-10,0.0,0.0,0.0,3.254001512686955e-10,1.532498572487384e-10,6.86395384974503e-14,6.7870132625103e-07,1.942890293094024e-15,1.4488410471358293e-14,1.2619420886039734e-07,0.0,0.0,8.149037000748649e-14,0.2281296076145266,0.7568747616535018,0.19912361667431852,0.2716679968076614,0.7472993664404596,0.06760952052431873,0.03380476026215937,0.06760952052431873,66,1.0224638990318746,0.5780981635991425,258,0,0,0.06760952052431873,0.06760952052431873,66,0,0,0.44061906983809357,0.5993218048019624,170,92.69304181005174,0.8802415480490288,140.0,99.84685430463576,0.8496814975387263,18,sym,445.72514619883043,505.0,280.45746329325993,171,0.986117580085908,1.0,0.009717693939864401,6,15.0
coif8,1,zero,5.747991160287056e-26,312.4998621961152,9354301.879748961,0.5974025974025974,182.96885566365407,108,raw,1.8312923194335543e-13,-1.236145630301173e-10,"[2, 5, 11, 17, 22, 25, 29, 38, 44, 52, 55, 60, 65, 74, 78, 84, 89, 95, 98, 101, 105]","[38.00000000000017, 368.0000000000002, 461.0000000000003, 192.99999999999977, 951.0000000000002, 154.0, 881.0, 243.00000000000009, 491.0000000000006, 186.0000000000001, 320.9999999999999, 942.9999999999998, 810.0000000000005, 205.0, 477.9999999999999, 276.0000000000001, 346.9999999999998, 79.00000000000023, 1008.0000000000002, 113.99999999999966, 893.0000000000001]",21,5.63215830291484,149141.37696070166,0.8975978844578273,4.36592371825129e-06,1.0,0.4907407407407407,67631.00000000001,0.12910941990473737,0.15147910127183992,188156.1212645156,82872438.2505806,8,12069.579557418136,0.027777777777777776,"[0.0, 0.009259259259259259, 0.018518518518518517, 0.027777777777777776, 0.037037037037037035, 0.046296296296296294, 0.05555555555555555, 0.06481481481481481, 0.07407407407407407, 0.08333333333333333, 0.09259259259259259, 0.10185185185185185, 0.1111111111111111, 0.12037037037037036, 0.12962962962962962, 0.1388888888888889, 0.14814814814814814, 0.15740740740740738, 0.16666666666666666, 0.17592592592592593, 0.18518518518518517, 0.19444444444444442, 0.2037037037037037, 0.21296296296296297, 0.2222222222222222, 0.23148148148148145, 0.24074074074074073]","[67631.00000000001, 1786.6346316370013, 1155.9831840869363, 12069.579557418136, 1906.5778542068456, 950.5914327636019, 9083.877197385176, 2481.229636774485, 778.6316126029449, 8965.162396385997, 2042.6423114779186, 1606.7171021541512, 6927.939836298326, 1790.9411989177922, 2115.0643759896493, 4469.146453396725, 811.3124818658872, 852.4454942250577, 2613.5185095958254, 1125.8336361545942, 622.5282936168371, 1595.9028958467002, 1672.0836322356438, 807.7671822537535, 3024.6344394117596, 842.7313814743651, 842.8235732269202]",3.0,0.3,145.1499999999999,15,0.5,1721880.138488509,0.14445541615564295,0.12412575453778009,16430975.452705411,84089526828.82379,"[0.046875, 0.03125]",2,1721880.138488509,0.046875,"[0.0, 0.015625, 0.03125, 0.046875, 0.0625, 0.078125, 0.09375, 0.109375, 0.125, 0.140625, 0.15625, 0.171875, 0.1875, 0.203125, 0.21875, 0.234375]","[154749.38571156608, 876106.9067082789, 1710291.3768915336, 1721880.138488509, 1236443.3975593036, 1200279.6938555285, 1385236.610142783, 1437054.047422282, 1048940.2936461226, 664501.8455342909, 393060.2971508253, 165807.08106897466, 58528.06662853263, 51528.95639390741, 141871.95181127597, 339557.7347245399]",3.0,0.3,flattop,64,32,145.1499999999999,15,21,449.52380952380963,38.00000000000017,1008.0000000000002,"[2, 5, 11, 17, 22, 25, 29, 38, 44, 52, 55, 60, 65, 74, 78, 84, 89, 95, 98, 101, 105]","[38.00000000000017, 368.0000000000002, 461.0000000000003, 192.99999999999977, 951.0000000000002, 154.0, 881.0, 243.00000000000009, 491.0000000000006, 186.0000000000001, 320.9999999999999, 942.9999999999998, 810.0000000000005, 205.0, 477.9999999999999, 276.0000000000001, 346.9999999999998, 79.00000000000023, 1008.0000000000002, 113.99999999999966, 893.0000000000001]","[1, 1, 1, 15, 1, 24, 27, 35, 35, 49, 35, 35, 63, 73, 73, 73, 35, 92, 35, 99, 99]","[3, 8, 18, 18, 35, 27, 35, 39, 49, 53, 56, 73, 73, 75, 81, 85, 92, 97, 106, 102, 106]",0.05,30,52684909.000000015,1016.0,-1016.0,DWT,uc1.l0082987033,2.3283064365386963e-10,0.0,1.1368683772161603e-13,2.9802322387695312e-08,0.0,2.2737367544323206e-13,1.1175870895385742e-08,0.0,1.0,84,0.0,5.4569682106375694e-12,1.0,84,,0.0,0.0,1.0,84,0.0,0.0,1.4901161193847656e-08,0.0001373291015625,1.4551915228366852e-11,0.0,0.0,0.0,1.1368683772161603e-13,1.8189894035458565e-12,1.9624513654326578e-13,0.0,0.0,0.0,1.1368683772161603e-13,0.0,0.0,0.0,1.1368683772161603e-13,1.7053025658242404e-13,8.326672684688674e-17,2.3283064365386963e-10,0.0,1.3877787807814457e-17,5.820766091346741e-11,0.0,0.0,2.7755575615628914e-17,0.8673999951841281,0.2407281195655344,0.021894088033063454,0.8805049698904445,0.1651884160432081,6.271755150678917e-05,3.135877575339459e-05,6.271755150678917e-05,228,1.0700284552832369,0.6049910276380159,199,0,0,6.271755150678917e-05,6.271755150678917e-05,229,0,0,0.4351431177432757,0.5918735173420454,178,24.63736998950984,0.9681687726233723,208.5,206.22936103139352,0.849394463831066,19,coif,217.80246913580248,181.0,166.32516494453617,81,0.48186386976947454,0.5930495234160287,0.4847804341365592,1,14.5
sym9,1,antisymmetric,5.432322917819462e-25,302.74516733035705,10272281.124473277,0.5725806451612904,365.1825887043981,108,raw,5.849477281150971e-13,-8.286615837960332e-11,"[2, 5, 11, 17, 22, 25, 29, 38, 44, 52, 55, 60, 65, 74, 78, 84, 89, 95, 98, 101, 105]","[38.000000000000455, 368.00000000000057, 460.9999999999995, 193.00000000000148, 950.9999999999994, 154.0000000000024, 881.000000000002, 243.00000000000077, 490.99999999999926, 186.00000000000034, 321.00000000000034, 942.9999999999982, 810.0000000000024, 205.00000000000114, 478.00000000000114, 276.00000000000045, 347.00000000000057, 78.9999999999983, 1008.0000000000016, 114.00000000000182, 893.0000000000014]",21,5.7754421619831495,250561.12182150088,0.9337274579743361,4.365923718251284e-06,1.0,0.4907407407407407,67630.99999999997,0.12910941990473754,0.15147910127183992,188156.12126451556,82872438.25058047,8,12069.579557418127,0.027777777777777776,"[0.0, 0.009259259259259259, 0.018518518518518517, 0.027777777777777776, 0.037037037037037035, 0.046296296296296294, 0.05555555555555555, 0.06481481481481481, 0.07407407407407407, 0.08333333333333333, 0.09259259259259259, 0.10185185185185185, 0.1111111111111111, 0.12037037037037036, 0.12962962962962962, 0.1388888888888889, 0.14814814814814814, 0.15740740740740738, 0.16666666666666666, 0.17592592592592593, 0.18518518518518517, 0.19444444444444442, 0.2037037037037037, 0.21296296296296297, 0.2222222222222222, 0.23148148148148145, 0.24074074074074073]","[67630.99999999997, 1786.6346316369973, 1155.9831840869356, 12069.579557418127, 1906.5778542068388, 950.5914327635943, 9083.877197385169, 2481.22963677448, 778.6316126029449, 8965.162396385977, 2042.6423114779136, 1606.717102154149, 6927.939836298317, 1790.941198917794, 2115.0643759896443, 4469.1464533967255, 811.3124818658865, 852.4454942250603, 2613.5185095958327, 1125.8336361545964, 622.5282936168396, 1595.9028958467047, 1672.0836322356524, 807.7671822537628, 3024.6344394117773, 842.7313814743706, 842.8235732269235]",3.0,0.3,145.1499999999995,15,0.5,1721880.1384885046,0.14445541615564314,0.12412575453778006,16430975.4527054,84089526828.82318,"[0.046875, 0.03125]",2,1721880.1384885046,0.046875,"[0.0, 0.015625, 0.03125, 0.046875, 0.0625, 0.078125, 0.09375, 0.109375, 0.125, 0.140625, 0.15625, 0.171875, 0.1875, 0.203125, 0.21875, 0.234375]","[154749.38571156538, 876106.9067082764, 1710291.3768915287, 1721880.1384885046, 1236443.397559299, 1200279.6938555234, 1385236.6101427777, 1437054.0474222777, 1048940.2936461205, 664501.8455342902, 393060.29715082527, 165807.0810689748, 58528.06662853299, 51528.95639390815, 141871.95181127792, 339557.73472454393]",3.0,0.3,flattop,64,32,145.1499999999995,15,21,449.5238095238102,38.000000000000455,1008.0000000000016,"[2, 5, 11, 17, 22, 25, 29, 38, 44, 52, 55, 60, 65, 74, 78, 84, 89, 95, 98, 101, 105]","[38.000000000000455, 368.00000000000057, 460.9999999999995, 193.00000000000148, 950.9999999999994, 154.0000000000024, 881.000000000002, 243.00000000000077, 490.99999999999926, 186.00000000000034, 321.00000000000034, 942.9999999999982, 810.0000000000024, 205.00000000000114, 478.00000000000114, 276.00000000000045, 347.00000000000057, 78.9999999999983, 1008.0000000000016, 114.00000000000182, 893.0000000000014]","[1, 1, 1, 15, 1, 24, 27, 35, 35, 49, 35, 35, 63, 73, 73, 73, 35, 92, 35, 99, 99]","[3, 8, 18, 18, 35, 27, 35, 39, 49, 53, 56, 73, 73, 75, 81, 85, 92, 97, 106, 102, 106]",0.05,30,52684908.999999985,1016.0,-1016.0,DWT,uc1.l0082987033,4.190951585769653e-09,0.0,6.821210263296962e-13,8.940696716308594e-08,0.0,1.5916157281026244e-12,0.0,0.0,1.0,84,0.0,3.637978807091713e-12,1.0,84,,0.0,0.0,1.0,84,0.0,0.0,1.4901161193847656e-08,0.0004730224609375,2.9103830456733704e-11,0.0,0.0,0.0,6.821210263296962e-13,1.4551915228366852e-11,1.151755939298753e-12,0.0,0.0,0.0,5.115907697472721e-13,0.0,0.0,0.0,5.115907697472721e-13,4.547473508864641e-13,8.326672684688674e-17,4.190951585769653e-09,0.0,1.3877787807814457e-17,2.9103830456733704e-11,0.0,0.0,2.220446049250313e-16,0.7672517427332974,0.4243239572024606,0.1109413485537501,0.6034420616327272,0.4397217866775315,6.271755150678917e-05,3.135877575339459e-05,6.271755150678917e-05,227,1.1452492378421872,0.6475206429163584,144,0,0,6.271755150678917e-05,6.271755150678917e-05,227,0,0,0.4691361793599534,0.6381102429706879,128,52.94336596779619,0.9315977183878602,181.5,169.7251338633782,0.8485507971784263,20,sym,445.72514619883043,505.0,280.45746329325993,171,0.986117580085908,1.0,0.009717693939864401,6,16.5
coif8,1,antisymmetric,6.571843159641969e-26,311.9181512095258,12385121.660874076,0.5454545454545454,440.43630948093613,108,raw,1.9565419243597846e-13,-1.2282541650421373e-10,"[2, 5, 11, 17, 22, 25, 29, 38, 44, 52, 55, 60, 65, 74, 78, 84, 89, 95, 98, 101, 105]","[38.00000000000023, 368.0000000000003, 461.0000000000001, 192.99999999999972, 951.0, 153.9999999999999, 881.0000000000005, 243.0, 491.0000000000006, 186.0000000000001, 320.9999999999999, 942.9999999999998, 810.0000000000005, 205.00000000000003, 477.9999999999999, 276.0, 346.9999999999999, 79.0, 1008.0000000000002, 114.00000000000045, 892.9999999999999]",21,6.157745581482098,435044.6578701077,0.9505996382010587,4.36592371825129e-06,1.0,0.4907407407407407,67631.00000000003,0.12910941990473737,0.15147910127183992,188156.12126451562,82872438.25058065,8,12069.579557418136,0.027777777777777776,"[0.0, 0.009259259259259259, 0.018518518518518517, 0.027777777777777776, 0.037037037037037035, 0.046296296296296294, 0.05555555555555555, 0.06481481481481481, 0.07407407407407407, 0.08333333333333333, 0.09259259259259259, 0.10185185185185185, 0.1111111111111111, 0.12037037037037036, 0.12962962962962962, 0.1388888888888889, 0.14814814814814814, 0.15740740740740738, 0.16666666666666666, 0.17592592592592593, 0.18518518518518517, 0.19444444444444442, 0.2037037037037037, 0.21296296296296297, 0.2222222222222222, 0.23148148148148145, 0.24074074074074073]","[67631.00000000003, 1786.6346316370016, 1155.9831840869372, 12069.579557418136, 1906.5778542068451, 950.5914327636011, 9083.877197385178, 2481.229636774484, 778.6316126029454, 8965.162396385997, 2042.6423114779195, 1606.717102154149, 6927.939836298322, 1790.9411989177909, 2115.0643759896493, 4469.1464533967255, 811.3124818658883, 852.4454942250564, 2613.5185095958236, 1125.8336361545928, 622.5282936168363, 1595.9028958467013, 1672.0836322356442, 807.7671822537525, 3024.6344394117605, 842.7313814743648, 842.8235732269197]",3.0,0.3,145.14999999999984,15,0.5,1721880.1384885085,0.14445541615564295,0.12412575453778009,16430975.45270541,84089526828.82375,"[0.046875, 0.03125]",2,1721880.1384885085,0.046875,"[0.0, 0.015625, 0.03125, 0.046875, 0.0625, 0.078125, 0.09375, 0.109375, 0.125, 0.140625, 0.15625, 0.171875, 0.1875, 0.203125, 0.21875, 0.234375]","[154749.38571156515, 876106.9067082771, 1710291.376891532, 1721880.1384885085, 1236443.3975593038, 1200279.693855529, 1385236.6101427835, 1437054.047422282, 1048940.2936461226, 664501.8455342909, 393060.29715082544, 165807.08106897477, 58528.06662853269, 51528.95639390742, 141871.95181127609, 339557.7347245399]",3.0,0.3,flattop,64,32,145.14999999999984,15,21,449.52380952380963,38.00000000000023,1008.0000000000002,"[2, 5, 11, 17, 22, 25, 29, 38, 44, 52, 55, 60, 65, 74, 78, 84, 89, 95, 98, 101, 105]","[38.00000000000023, 368.0000000000003, 461.0000000000001, 192.99999999999972, 951.0, 153.9999999999999, 881.0000000000005, 243.0, 491.0000000000006, 186.0000000000001, 320.9999999999999, 942.9999999999998, 810.0000000000005, 205.00000000000003, 477.9999999999999, 276.0, 346.9999999999999, 79.0, 1008.0000000000002, 114.00000000000045, 892.9999999999999]","[1, 1, 1, 15, 1, 24, 27, 35, 35, 49, 35, 35, 63, 73, 73, 73, 35, 92, 35, 99, 99]","[3, 8, 18, 18, 35, 27, 35, 39, 49, 53, 56, 73, 73, 75, 81, 85, 92, 97, 106, 102, 106]",0.05,30,52684909.000000015,1016.0,-1016.0,DWT,uc1.l0082987033,2.3283064365386963e-10,0.0,1.1368683772161603e-13,8.940696716308594e-08,0.0,2.2737367544323206e-13,9.313225746154785e-09,0.0,1.0,84,0.0,5.4569682106375694e-12,1.0,84,,0.0,0.0,1.0,84,0.0,0.0,1.4901161193847656e-08,9.1552734375e-05,2.9103830456733704e-11,0.0,0.0,0.0,1.1368683772161603e-13,1.8189894035458565e-12,1.9353830707370352e-13,0.0,0.0,0.0,1.7053025658242404e-13,0.0,0.0,0.0,1.7053025658242404e-13,2.2737367544323206e-13,8.326672684688674e-17,2.3283064365386963e-10,0.0,1.3877787807814457e-17,8.731149137020111e-11,0.0,0.0,2.7755575615628914e-17,0.8614277592977059,0.9141859485723929,0.3158944155918305,0.30066023362112726,0.939100749299422,6.271755150678917e-05,3.135877575339459e-05,6.271755150678917e-05,222,1.627801230828955,0.9203541593377144,12,0,0,6.271755150678917e-05,6.271755150678917e-05,221,0,0,0.6662538212764958,0.9062259669568031,12,120.9555703553995,0.8437266532875975,116.75,22.76658932714617,0.846443430002972,21,coif,217.80246913580248,181.0,166.32516494453617,81,0.48186386976947454,0.5930495234160287,0.4847804341365592,1,16.0
coif8,1,antireflect,5.620883025226265e-26,312.59697763787545,11862757.471778441,0.551948051948052,452.34841308887997,108,raw,1.801933088337911e-13,-1.2268031035489524e-10,"[2, 5, 11, 17, 22, 25, 29, 38, 44, 52, 55, 60, 65, 74, 78, 84, 89, 95, 98, 101, 105]","[38.00000000000023, 368.0000000000004, 461.00000000000006, 192.9999999999999, 951.0, 154.00000000000023, 881.0, 243.00000000000006, 491.0000000000006, 186.0000000000001, 320.9999999999999, 942.9999999999998, 810.0000000000003, 205.0, 477.99999999999994, 276.0, 346.9999999999999, 79.0, 1008.0000000000005, 113.99999999999989, 893.0000000000001]",21,6.1781655376981695,410306.99256949633,0.9450561350484963,4.36592371825129e-06,1.0,0.4907407407407407,67631.00000000001,0.1291094199047374,0.15147910127183992,188156.1212645156,82872438.2505806,8,12069.579557418134,0.027777777777777776,"[0.0, 0.009259259259259259, 0.018518518518518517, 0.027777777777777776, 0.037037037037037035, 0.046296296296296294, 0.05555555555555555, 0.06481481481481481, 0.07407407407407407, 0.08333333333333333, 0.09259259259259259, 0.10185185185185185, 0.1111111111111111, 0.12037037037037036, 0.12962962962962962, 0.1388888888888889, 0.14814814814814814, 0.15740740740740738, 0.16666666666666666, 0.17592592592592593, 0.18518518518518517, 0.19444444444444442, 0.2037037037037037, 0.21296296296296297, 0.2222222222222222, 0.23148148148148145, 0.24074074074074073]","[67631.00000000001, 1786.6346316370007, 1155.9831840869365, 12069.579557418134, 1906.5778542068454, 950.5914327636027, 9083.877197385176, 2481.229636774485, 778.631612602946, 8965.162396385997, 2042.6423114779197, 1606.7171021541499, 6927.939836298324, 1790.9411989177918, 2115.064375989648, 4469.146453396725, 811.312481865889, 852.4454942250564, 2613.5185095958245, 1125.8336361545944, 622.5282936168376, 1595.9028958467002, 1672.083632235644, 807.7671822537535, 3024.63443941176, 842.7313814743637, 842.8235732269189]",3.0,0.3,145.1499999999999,15,0.5,1721880.1384885092,0.14445541615564292,0.12412575453778009,16430975.45270541,84089526828.82376,"[0.046875, 0.03125]",2,1721880.1384885092,0.046875,"[0.0, 0.015625, 0.03125, 0.046875, 0.0625, 0.078125, 0.09375, 0.109375, 0.125, 0.140625, 0.15625, 0.171875, 0.1875, 0.203125, 0.21875, 0.234375]","[154749.38571156576, 876106.9067082785, 1710291.376891533, 1721880.1384885092, 1236443.3975593038, 1200279.6938555285, 1385236.6101427828, 1437054.047422282, 1048940.2936461226, 664501.8455342909, 393060.2971508253, 165807.08106897474, 58528.066628532644, 51528.95639390741, 141871.95181127603, 339557.7347245398]",3.0,0.3,flattop,64,32,145.1499999999999,15,21,449.52380952380963,38.00000000000023,1008.0000000000005,"[2, 5, 11, 17, 22, 25, 29, 38, 44, 52, 55, 60, 65, 74, 78, 84, 89, 95, 98, 101, 105]","[38.00000000000023, 368.0000000000004, 461.00000000000006, 192.9999999999999, 951.0, 154.00000000000023, 881.0, 243.00000000000006, 491.0000000000006, 186.0000000000001, 320.9999999999999, 942.9999999999998, 810.0000000000003, 205.0, 477.99999999999994, 276.0, 346.9999999999999, 79.0, 1008.0000000000005, 113.99999999999989, 893.0000000000001]","[1, 1, 1, 15, 1, 24, 27, 35, 35, 49, 35, 35, 63, 73, 73, 73, 35, 92, 35, 99, 99]","[3, 8, 18, 18, 35, 27, 35, 39, 49, 53, 56, 73, 73, 75, 81, 85, 92, 97, 106, 102, 106]",0.05,30,52684909.000000015,1016.0000000000002,-1016.0000000000002,DWT,uc1.l0082987033,4.656612873077393e-10,0.0,1.1368683772161603e-13,2.9802322387695312e-08,0.0,4.547473508864641e-13,9.313225746154785e-09,2.2737367544323206e-13,1.0,84,0.0,3.637978807091713e-12,1.0,84,,0.0,0.0,1.0,84,0.0,0.0,1.4901161193847656e-08,0.0001068115234375,1.4551915228366852e-11,0.0,0.0,0.0,1.1368683772161603e-13,1.8189894035458565e-12,1.597029387041749e-13,0.0,2.2737367544323206e-13,0.0,1.1368683772161603e-13,0.0,0.0,0.0,1.1368683772161603e-13,2.2737367544323206e-13,5.551115123125783e-17,4.656612873077393e-10,0.0,1.3877787807814457e-17,5.820766091346741e-11,0.0,0.0,0.0,0.8683970475688645,0.9403509261935752,0.26522322634610257,0.3731408256547925,0.8721382988818845,6.271755150678917e-05,3.135877575339459e-05,6.271755150678917e-05,220,1.6219369546258284,0.9170385143481206,13,0,0,6.271755150678917e-05,6.271755150678917e-05,226,0,0,0.6638500649290439,0.9029564226018836,13,121.26829758844642,0.8433226129348237,118.0,24.567551644843117,0.8454339162865333,22,coif,217.80246913580248,181.0,166.32516494453617,81,0.48186386976947454,0.5930495234160287,0.4847804341365592,1,16.75
coif8,1,reflect,5.682395915164402e-26,312.54970821713937,12520931.741278036,0.5454545454545454,434.8080270773965,108,raw,1.7965875700711977e-13,-1.2197021170834494e-10,"[2, 5, 11, 17, 22, 25, 29, 38, 44, 52, 55, 60, 65, 74, 78, 84, 89, 95, 98, 101, 105]","[38.000000000000114, 368.0000000000002, 461.00000000000006, 193.00000000000023, 950.9999999999999, 154.0000000000001, 881.0000000000002, 243.00000000000006, 491.0000000000006, 186.0000000000001, 320.9999999999999, 942.9999999999998, 810.0000000000005, 205.00000000000003, 478.0000000000001, 275.9999999999998, 347.0000000000001, 79.00000000000011, 1008.0000000000003, 113.99999999999989, 893.0000000000002]",21,6.179497524211124,88116.49328134344,0.7449275655351137,4.365923718251288e-06,1.0,0.4907407407407407,67631.0,0.12910941990473745,0.15147910127183992,188156.12126451556,82872438.25058056,8,12069.579557418134,0.027777777777777776,"[0.0, 0.009259259259259259, 0.018518518518518517, 0.027777777777777776, 0.037037037037037035, 0.046296296296296294, 0.05555555555555555, 0.06481481481481481, 0.07407407407407407, 0.08333333333333333, 0.09259259259259259, 0.10185185185185185, 0.1111111111111111, 0.12037037037037036, 0.12962962962962962, 0.1388888888888889, 0.14814814814814814, 0.15740740740740738, 0.16666666666666666, 0.17592592592592593, 0.18518518518518517, 0.19444444444444442, 0.2037037037037037, 0.21296296296296297, 0.2222222222222222, 0.23148148148148145, 0.24074074074074073]","[67631.0, 1786.6346316370013, 1155.9831840869367, 12069.579557418134, 1906.5778542068447, 950.591432763602, 9083.877197385178, 2481.2296367744843, 778.6316126029459, 8965.162396385997, 2042.6423114779202, 1606.7171021541478, 6927.939836298325, 1790.9411989177922, 2115.064375989647, 4469.146453396726, 811.312481865889, 852.4454942250564, 2613.5185095958245, 1125.8336361545937, 622.5282936168372, 1595.9028958467004, 1672.0836322356445, 807.767182253753, 3024.6344394117596, 842.7313814743657, 842.8235732269198]",3.0,0.3,145.14999999999995,15,0.5,1721880.138488509,0.14445541615564292,0.12412575453778009,16430975.452705413,84089526828.8238,"[0.046875, 0.03125]",2,1721880.138488509,0.046875,"[0.0, 0.015625, 0.03125, 0.046875, 0.0625, 0.078125, 0.09375, 0.109375, 0.125, 0.140625, 0.15625, 0.171875, 0.1875, 0.203125, 0.21875, 0.234375]","[154749.38571156605, 876106.9067082789, 1710291.3768915334, 1721880.138488509, 1236443.3975593038, 1200279.6938555287, 1385236.6101427833, 1437054.0474222824, 1048940.2936461228, 664501.845534291, 393060.2971508254, 165807.08106897477, 58528.06662853267, 51528.95639390738, 141871.95181127603, 339557.7347245399]",3.0,0.3,flattop,64,32,145.14999999999995,15,21,449.52380952380963,38.000000000000114,1008.0000000000003,"[2, 5, 11, 17, 22, 25, 29, 38, 44, 52, 55, 60, 65, 74, 78, 84, 89, 95, 98, 101, 105]","[38.000000000000114, 368.0000000000002, 461.00000000000006, 193.00000000000023, 950.9999999999999, 154.0000000000001, 881.0000000000002, 243.00000000000006, 491.0000000000006, 186.0000000000001, 320.9999999999999, 942.9999999999998, 810.0000000000005, 205.00000000000003, 478.0000000000001, 275.9999999999998, 347.0000000000001, 79.00000000000011, 1008.0000000000003, 113.99999999999989, 893.0000000000002]","[1, 1, 1, 15, 1, 24, 27, 35, 35, 49, 35, 35, 63, 73, 73, 73, 35, 92, 35, 99, 99]","[3, 8, 18, 18, 35, 27, 35, 39, 49, 53, 56, 73, 73, 75, 81, 85, 92, 97, 106, 102, 106]",0.05,30,52684909.000000015,1016.0000000000002,-1016.0000000000002,DWT,uc1.l0082987033,2.3283064365386963e-10,0.0,1.1368683772161603e-13,0.0,0.0,3.410605131648481e-13,1.30385160446167e-08,2.2737367544323206e-13,1.0,84,0.0,3.637978807091713e-12,1.0,84,,0.0,0.0,1.0,84,0.0,0.0,1.4901161193847656e-08,0.000152587890625,0.0,0.0,0.0,0.0,1.1368683772161603e-13,1.8189894035458565e-12,1.8812464813457892e-13,0.0,2.2737367544323206e-13,0.0,5.684341886080802e-14,0.0,0.0,0.0,5.684341886080802e-14,1.1368683772161603e-13,0.0,2.3283064365386963e-10,0.0,1.3877787807814457e-17,2.9103830456733704e-11,0.0,0.0,0.0,0.8679117479314868,0.9420576584183846,0.32906847772947573,0.30066023362112726,0.0,6.271755150678917e-05,3.135877575339459e-05,6.271755150678917e-05,231,1.2765742102812732,0.7217714066583619,82,0,0,6.271755150678917e-05,6.271755150678917e-05,228,0,0,0.48793962354009485,0.6636863355049404,97,81.06992866244137,0.895258490100205,159.5,128.12558544745872,0.8445930693395082,23,coif,217.80246913580248,181.0,166.32516494453617,81,0.48186386976947454,0.5930495234160287,0.4847804341365592,1,17.5
coif8,1,periodic,5.667950995477688e-26,312.5607622445584,12610883.242328074,0.5454545454545454,442.3390791220478,108,raw,1.7909953355767894e-13,-1.2227185930413562e-10,"[2, 5, 11, 17, 22, 25, 29, 38, 44, 52, 55, 60, 65, 74, 78, 84, 89, 95, 98, 101, 105]","[38.000000000000284, 368.0000000000004, 461.00000000000057, 193.00000000000034, 950.9999999999999, 154.0000000000001, 881.0, 243.0000000000001, 491.0000000000006, 186.0000000000001, 320.9999999999999, 942.9999999999998, 810.0000000000005, 205.00000000000003, 478.0000000000001, 276.0000000000002, 346.9999999999999, 79.0, 1008.0000000000001, 114.0, 893.0]",21,6.175257897340953,94751.73917059465,0.746722490865399,4.365923718251288e-06,1.0,0.4907407407407407,67631.0,0.1291094199047374,0.15147910127183994,188156.12126451556,82872438.25058056,8,12069.579557418137,0.027777777777777776,"[0.0, 0.009259259259259259, 0.018518518518518517, 0.027777777777777776, 0.037037037037037035, 0.046296296296296294, 0.05555555555555555, 0.06481481481481481, 0.07407407407407407, 0.08333333333333333, 0.09259259259259259, 0.10185185185185185, 0.1111111111111111, 0.12037037037037036, 0.12962962962962962, 0.1388888888888889, 0.14814814814814814, 0.15740740740740738, 0.16666666666666666, 0.17592592592592593, 0.18518518518518517, 0.19444444444444442, 0.2037037037037037, 0.21296296296296297, 0.2222222222222222, 0.23148148148148145, 0.24074074074074073]","[67631.0, 1786.6346316370004, 1155.9831840869363, 12069.579557418137, 1906.577854206845, 950.5914327636027, 9083.877197385176, 2481.229636774485, 778.6316126029448, 8965.162396385997, 2042.6423114779188, 1606.717102154149, 6927.939836298325, 1790.9411989177913, 2115.0643759896484, 4469.146453396726, 811.3124818658883, 852.4454942250567, 2613.518509595826, 1125.833636154595, 622.5282936168353, 1595.9028958467036, 1672.0836322356442, 807.7671822537545, 3024.6344394117586, 842.731381474363, 842.8235732269198]",3.0,0.3,145.14999999999978,15,0.5,1721880.1384885092,0.14445541615564292,0.12412575453778009,16430975.452705413,84089526828.82378,"[0.046875, 0.03125]",2,1721880.1384885092,0.046875,"[0.0, 0.015625, 0.03125, 0.046875, 0.0625, 0.078125, 0.09375, 0.109375, 0.125, 0.140625, 0.15625, 0.171875, 0.1875, 0.203125, 0.21875, 0.234375]","[154749.38571156593, 876106.9067082786, 1710291.3768915331, 1721880.1384885092, 1236443.3975593038, 1200279.6938555285, 1385236.6101427833, 1437054.047422282, 1048940.2936461228, 664501.8455342909, 393060.29715082527, 165807.08106897474, 58528.066628532666, 51528.95639390741, 141871.95181127609, 339557.7347245398]",3.0,0.3,flattop,64,32,145.14999999999978,15,21,449.5238095238097,38.000000000000284,1008.0000000000001,"[2, 5, 11, 17, 22, 25, 29, 38, 44, 52, 55, 60, 65, 74, 78, 84, 89, 95, 98, 101, 105]","[38.000000000000284, 368.0000000000004, 461.00000000000057, 193.00000000000034, 950.9999999999999, 154.0000000000001, 881.0, 243.0000000000001, 491.0000000000006, 186.0000000000001, 320.9999999999999, 942.9999999999998, 810.0000000000005, 205.00000000000003, 478.0000000000001, 276.0000000000002, 346.9999999999999, 79.0, 1008.0000000000001, 114.0, 893.0]","[1, 1, 1, 15, 1, 24, 27, 35, 35, 49, 35, 35, 63, 73, 73, 73, 35, 92, 35, 99, 99]","[3, 8, 18, 18, 35, 27, 35, 39, 49, 53, 56, 73, 73, 75, 81, 85, 92, 97, 106, 102, 106]",0.05,30,52684909.000000015,1016.0,-1016.0,DWT,uc1.l0082987033,4.656612873077393e-10,0.0,1.7053025658242404e-13,0.0,0.0,1.1368683772161603e-13,1.30385160446167e-08,0.0,1.0,84,0.0,7.275957614183426e-12,1.0,84,,0.0,0.0,1.0,84,0.0,0.0,1.4901161193847656e-08,0.0001220703125,0.0,0.0,0.0,0.0,1.7053025658242404e-13,3.637978807091713e-12,1.935383070737035e-13,0.0,0.0,0.0,2.2737367544323206e-13,0.0,0.0,0.0,2.2737367544323206e-13,2.8421709430404007e-13,5.551115123125783e-17,4.656612873077393e-10,2.7755575615628914e-17,1.3877787807814457e-17,2.9103830456733704e-11,0.0,0.0,0.0,0.8680252360050551,0.9366252401993445,0.33779409412468636,0.30066023362112726,0.017960964321728994,6.271755150678917e-05,3.135877575339459e-05,6.271755150678917e-05,232,1.2854732879421908,0.7268029197106798,79,0,0,6.271755150678917e-05,6.271755150678917e-05,230,0,0,0.49221315365438845,0.6694991111115774,90,84.70487982794538,0.8905621707649285,157.75,123.35205557172188,0.8433754006279423,24,coif,217.80246913580248,181.0,166.32516494453617,81,0.48186386976947454,0.5930495234160287,0.4847804341365592,1,18.25
sym10,1,antisymmetric,3.285620328449816e-23,284.92884934306255,10328351.426872209,0.5634920634920635,394.0169485669255,108,raw,4.4478166006245856e-12,-1.1302392355364286e-10,"[2, 5, 11, 17, 22, 25, 29, 38, 44, 52, 55, 60, 65, 74, 78, 84, 89, 95, 98, 101, 105]","[38.000000000002615, 368.0000000000137, 461.00000000000745, 193.00000000000875, 951.0000000000072, 154.00000000001125, 881.0000000000277, 243.0000000000079, 491.00000000000824, 186.00000000000512, 321.0000000000108, 943.0000000000058, 810.0000000000257, 205.00000000000708, 478.00000000001245, 276.00000000000625, 347.0000000000083, 78.99999999999659, 1008.0000000000115, 114.00000000000887, 893.000000000029]",21,5.81033903163122,263085.77476671414,0.9229908085202868,4.3659237182511205e-06,1.0,0.4907407407407407,67631.0,0.12910941990473862,0.15147910127183983,188156.12126451783,82872438.25058053,8,12069.579557418148,0.027777777777777776,"[0.0, 0.009259259259259259, 0.018518518518518517, 0.027777777777777776, 0.037037037037037035, 0.046296296296296294, 0.05555555555555555, 0.06481481481481481, 0.07407407407407407, 0.08333333333333333, 0.09259259259259259, 0.10185185185185185, 0.1111111111111111, 0.12037037037037036, 0.12962962962962962, 0.1388888888888889, 0.14814814814814814, 0.15740740740740738, 0.16666666666666666, 0.17592592592592593, 0.18518518518518517, 0.19444444444444442, 0.2037037037037037, 0.21296296296296297, 0.2222222222222222, 0.23148148148148145, 0.24074074074074073]","[67631.0, 1786.6346316370061, 1155.9831840869433, 12069.579557418148, 1906.5778542068476, 950.5914327636123, 9083.87719738523, 2481.229636774504, 778.6316126029482, 8965.162396386113, 2042.642311477954, 1606.7171021541756, 6927.939836298463, 1790.9411989178316, 2115.0643759897034, 4469.146453396841, 811.3124818659101, 852.4454942250806, 2613.518509595913, 1125.8336361546314, 622.5282936168574, 1595.902895846755, 1672.0836322357052, 807.7671822537862, 3024.6344394118773, 842.7313814743973, 842.823573226952]",3.0,0.3,145.14999999999446,15,0.5,1721880.1384885232,0.1444554161556445,0.12412575453777987,16430975.452705944,84089526828.82686,"[0.046875, 0.03125]",2,1721880.1384885232,0.046875,"[0.0, 0.015625, 0.03125, 0.046875, 0.0625, 0.078125, 0.09375, 0.109375, 0.125, 0.140625, 0.15625, 0.171875, 0.1875, 0.203125, 0.21875, 0.234375]","[154749.3857115659, 876106.906708283, 1710291.376891545, 1721880.1384885232, 1236443.397559322, 1200279.6938555583, 1385236.610142828, 1437054.0474223355, 1048940.2936461684, 664501.8455343237, 393060.2971508464, 165807.08106898417, 58528.066628536515, 51528.95639391158, 141871.95181128735, 339557.7347245662]",3.0,0.3,flattop,64,32,145.14999999999446,15,21,449.5238095238201,38.000000000002615,1008.0000000000115,"[2, 5, 11, 17, 22, 25, 29, 38, 44, 52, 55, 60, 65, 74, 78, 84, 89, 95, 98, 101, 105]","[38.000000000002615, 368.0000000000137, 461.00000000000745, 193.00000000000875, 951.0000000000072, 154.00000000001125, 881.0000000000277, 243.0000000000079, 491.00000000000824, 186.00000000000512, 321.0000000000108, 943.0000000000058, 810.0000000000257, 205.00000000000708, 478.00000000001245, 276.00000000000625, 347.0000000000083, 78.99999999999659, 1008.0000000000115, 114.00000000000887, 893.000000000029]","[1, 1, 1, 15, 1, 24, 27, 35, 35, 49, 35, 35, 63, 73, 73, 73, 35, 92, 35, 99, 99]","[3, 8, 18, 18, 35, 27, 35, 39, 49, 53, 56, 73, 73, 75, 81, 85, 92, 97, 106, 102, 106]",0.05,30,52684909.00000028,1016.0000000000038,-1016.0000000000038,DWT,uc1.l0082987033,1.4435499906539917e-08,0.0,1.057287590811029e-11,2.9802322387695312e-08,0.0,1.1482370609883219e-11,5.438923835754395e-07,3.751665644813329e-12,1.0,84,0.0,1.8189894035458565e-11,1.0,84,,0.0,0.0,1.0,84,0.0,0.0,2.8312206268310547e-07,0.003204345703125,0.0,0.0,0.0,0.0,1.057287590811029e-11,2.219167072325945e-10,1.090716934760123e-11,0.0,3.751665644813329e-12,0.0,5.5422333389287814e-12,0.0,0.0,0.0,5.5422333389287814e-12,2.6147972675971687e-12,1.1657341758564144e-15,1.4435499906539917e-08,8.326672684688674e-17,2.0816681711721685e-16,2.2992026060819626e-09,0.0,0.0,1.582067810090848e-15,0.5843374500680119,0.4690388333623058,0.11638036784954123,0.5019952114924183,0.47362480224707193,0.0011916334786289944,0.0005958167393144972,0.0011916334786289944,216,1.0335600761425268,0.5843719103952031,252,0,0,0.0011916334786289944,0.0011916334786289944,211,0,0,0.42907533300386985,0.5836202302055926,187,26.839026311200886,0.9653242554118852,216.5,214.07759637647942,0.8428042465689917,25,sym,445.72514619883043,505.0,280.45746329325993,171,0.986117580085908,1.0,0.009717693939864401,6,20.25
coif8,1,symmetric,5.38776294090523e-26,312.7809383246841,12374696.051465737,0.551948051948052,442.52751162487306,108,raw,1.7465041758492182e-13,-1.2270950922044283e-10,"[2, 5, 11, 17, 22, 25, 29, 38, 44, 52, 55, 60, 65, 74, 78, 84, 89, 95, 98, 101, 105]","[38.0, 368.0, 461.0000000000003, 192.99999999999955, 951.0, 154.0000000000001, 881.0, 243.0000000000001, 491.0000000000006, 186.0000000000001, 320.9999999999999, 942.9999999999998, 810.0000000000005, 205.00000000000003, 477.9999999999999, 276.0000000000002, 347.0000000000002, 79.00000000000011, 1008.0000000000007, 113.99999999999977, 893.0000000000003]",21,6.16293344629926,93976.66750307842,0.7734887128547958,4.36592371825129e-06,1.0,0.4907407407407407,67631.0,0.12910941990473737,0.1514791012718399,188156.1212645156,82872438.25058058,8,12069.579557418136,0.027777777777777776,"[0.0, 0.009259259259259259, 0.018518518518518517, 0.027777777777777776, 0.037037037037037035, 0.046296296296296294, 0.05555555555555555, 0.06481481481481481, 0.07407407407407407, 0.08333333333333333, 0.09259259259259259, 0.10185185185185185, 0.1111111111111111, 0.12037037037037036, 0.12962962962962962, 0.1388888888888889, 0.14814814814814814, 0.15740740740740738, 0.16666666666666666, 0.17592592592592593, 0.18518518518518517, 0.19444444444444442, 0.2037037037037037, 0.21296296296296297, 0.2222222222222222, 0.23148148148148145, 0.24074074074074073]","[67631.0, 1786.6346316370016, 1155.9831840869367, 12069.579557418136, 1906.5778542068451, 950.5914327636016, 9083.87719738518, 2481.229636774484, 778.6316126029454, 8965.162396385995, 2042.642311477919, 1606.71710215415, 6927.939836298326, 1790.9411989177936, 2115.06437598965, 4469.146453396727, 811.3124818658863, 852.4454942250596, 2613.518509595826, 1125.8336361545944, 622.5282936168369, 1595.9028958467024, 1672.083632235644, 807.7671822537532, 3024.634439411758, 842.7313814743637, 842.8235732269194]",3.0,0.3,145.15000000000006,15,0.5,1721880.1384885088,0.14445541615564295,0.1241257545377801,16430975.452705408,84089526828.82373,"[0.046875, 0.03125]",2,1721880.1384885088,0.046875,"[0.0, 0.015625, 0.03125, 0.046875, 0.0625, 0.078125, 0.09375, 0.109375, 0.125, 0.140625, 0.15625, 0.171875, 0.1875, 0.203125, 0.21875, 0.234375]","[154749.38571156538, 876106.9067082778, 1710291.3768915331, 1721880.1384885088, 1236443.3975593038, 1200279.6938555285, 1385236.6101427828, 1437054.0474222815, 1048940.2936461223, 664501.8455342908, 393060.2971508252, 165807.08106897457, 58528.066628532586, 51528.956393907385, 141871.95181127597, 339557.7347245397]",3.0,0.3,flattop,64,32,145.15000000000006,15,21,449.52380952380963,38.0,1008.0000000000007,"[2, 5, 11, 17, 22, 25, 29, 38, 44, 52, 55, 60, 65, 74, 78, 84, 89, 95, 98, 101, 105]","[38.0, 368.0, 461.0000000000003, 192.99999999999955, 951.0, 154.0000000000001, 881.0, 243.0000000000001, 491.0000000000006, 186.0000000000001, 320.9999999999999, 942.9999999999998, 810.0000000000005, 205.00000000000003, 477.9999999999999, 276.0000000000002, 347.0000000000002, 79.00000000000011, 1008.0000000000007, 113.99999999999977, 893.0000000000003]","[1, 1, 1, 15, 1, 24, 27, 35, 35, 49, 35, 35, 63, 73, 73, 73, 35, 92, 35, 99, 99]","[3, 8, 18, 18, 35, 27, 35, 39, 49, 53, 56, 73, 73, 75, 81, 85, 92, 97, 106, 102, 106]",0.05,30,52684909.000000015,1016.0000000000005,-1016.0000000000005,DWT,uc1.l0082987033,0.0,0.0,1.1368683772161603e-13,1.4901161193847656e-08,0.0,6.821210263296962e-13,7.450580596923828e-09,4.547473508864641e-13,1.0,84,0.0,5.4569682106375694e-12,1.0,84,,0.0,0.0,1.0,84,0.0,0.0,1.4901161193847656e-08,7.62939453125e-05,0.0,0.0,0.0,0.0,1.1368683772161603e-13,1.8189894035458565e-12,2.1248611336063954e-13,0.0,4.547473508864641e-13,0.0,5.684341886080802e-14,0.0,0.0,0.0,5.684341886080802e-14,0.0,8.326672684688674e-17,0.0,2.7755575615628914e-17,2.7755575615628914e-17,5.820766091346741e-11,0.0,0.0,2.7755575615628914e-17,0.8702857115975272,0.9208333852958828,0.31488309429844974,0.3731408256547925,0.015862920812958148,6.271755150678917e-05,3.135877575339459e-05,6.271755150678917e-05,233,1.2956311653427826,0.7325461545348212,70,0,0,6.271755150678917e-05,6.271755150678917e-05,231,0,0,0.49900118753192213,0.6787320676334893,83,89.93840484835533,0.8838005105318406,154.25,114.43363813985836,0.8422555524235431,26,coif,217.80246913580248,181.0,166.32516494453617,81,0.48186386976947454,0.5930495234160287,0.4847804341365592,1,19.75
coif8,1,constant,6.163347609262078e-26,312.1968564880146,9346688.67741573,0.5909090909090909,180.84088363267645,108,raw,1.8537434961537519e-13,-1.2410272809404497e-10,"[2, 5, 11, 17, 22, 25, 29, 38, 44, 52, 55, 60, 65, 74, 78, 84, 89, 95, 98, 101, 105]","[38.0000000000002, 368.00000000000017, 461.0000000000001, 192.99999999999977, 951.0, 153.9999999999999, 880.9999999999999, 243.00000000000009, 491.0000000000006, 186.0000000000001, 320.9999999999999, 942.9999999999998, 810.0000000000005, 205.00000000000003, 478.0000000000001, 276.0, 346.99999999999966, 79.00000000000011, 1008.0000000000007, 114.0, 893.0]",21,5.644023923410027,140144.44292882443,0.890982034466982,4.365923718251288e-06,1.0,0.4907407407407407,67631.00000000001,0.12910941990473743,0.15147910127183994,188156.1212645156,82872438.25058061,8,12069.579557418134,0.027777777777777776,"[0.0, 0.009259259259259259, 0.018518518518518517, 0.027777777777777776, 0.037037037037037035, 0.046296296296296294, 0.05555555555555555, 0.06481481481481481, 0.07407407407407407, 0.08333333333333333, 0.09259259259259259, 0.10185185185185185, 0.1111111111111111, 0.12037037037037036, 0.12962962962962962, 0.1388888888888889, 0.14814814814814814, 0.15740740740740738, 0.16666666666666666, 0.17592592592592593, 0.18518518518518517, 0.19444444444444442, 0.2037037037037037, 0.21296296296296297, 0.2222222222222222, 0.23148148148148145, 0.24074074074074073]","[67631.00000000001, 1786.6346316370013, 1155.9831840869372, 12069.579557418134, 1906.577854206846, 950.5914327635996, 9083.87719738518, 2481.2296367744843, 778.6316126029452, 8965.162396385995, 2042.6423114779207, 1606.7171021541499, 6927.939836298326, 1790.9411989177909, 2115.064375989648, 4469.146453396725, 811.3124818658882, 852.4454942250576, 2613.5185095958236, 1125.833636154594, 622.528293616837, 1595.9028958467002, 1672.083632235641, 807.7671822537545, 3024.634439411761, 842.7313814743648, 842.8235732269205]",3.0,0.3,145.1499999999999,15,0.5,1721880.1384885088,0.14445541615564295,0.12412575453778009,16430975.452705411,84089526828.82378,"[0.046875, 0.03125]",2,1721880.1384885088,0.046875,"[0.0, 0.015625, 0.03125, 0.046875, 0.0625, 0.078125, 0.09375, 0.109375, 0.125, 0.140625, 0.15625, 0.171875, 0.1875, 0.203125, 0.21875, 0.234375]","[154749.3857115659, 876106.9067082782, 1710291.376891533, 1721880.1384885088, 1236443.3975593033, 1200279.6938555287, 1385236.6101427837, 1437054.047422282, 1048940.2936461228, 664501.8455342909, 393060.29715082527, 165807.0810689747, 58528.06662853259, 51528.95639390741, 141871.95181127606, 339557.7347245399]",3.0,0.3,flattop,64,32,145.1499999999999,15,21,449.52380952380963,38.0000000000002,1008.0000000000007,"[2, 5, 11, 17, 22, 25, 29, 38, 44, 52, 55, 60, 65, 74, 78, 84, 89, 95, 98, 101, 105]","[38.0000000000002, 368.00000000000017, 461.0000000000001, 192.99999999999977, 951.0, 153.9999999999999, 880.9999999999999, 243.00000000000009, 491.0000000000006, 186.0000000000001, 320.9999999999999, 942.9999999999998, 810.0000000000005, 205.00000000000003, 478.0000000000001, 276.0, 346.99999999999966, 79.00000000000011, 1008.0000000000007, 114.0, 893.0]","[1, 1, 1, 15, 1, 24, 27, 35, 35, 49, 35, 35, 63, 73, 73, 73, 35, 92, 35, 99, 99]","[3, 8, 18, 18, 35, 27, 35, 39, 49, 53, 56, 73, 73, 75, 81, 85, 92, 97, 106, 102, 106]",0.05,30,52684909.000000015,1016.0000000000005,-1016.0000000000005,DWT,uc1.l0082987033,0.0,0.0,1.1368683772161603e-13,4.470348358154297e-08,0.0,6.821210263296962e-13,1.1175870895385742e-08,4.547473508864641e-13,1.0,84,0.0,3.637978807091713e-12,1.0,84,,0.0,0.0,1.0,84,0.0,0.0,1.4901161193847656e-08,0.0001220703125,1.4551915228366852e-11,0.0,0.0,0.0,1.1368683772161603e-13,1.8189894035458565e-12,1.827109891954544e-13,0.0,4.547473508864641e-13,0.0,1.1368683772161603e-13,0.0,0.0,0.0,1.1368683772161603e-13,1.9895196601282805e-13,2.7755575615628914e-17,0.0,2.7755575615628914e-17,1.3877787807814457e-17,5.820766091346741e-11,0.0,0.0,2.7755575615628914e-17,0.8642891349710193,0.2559320549429112,0.02115558025583427,0.8080243778567804,0.14083459195761233,6.271755150678917e-05,3.135877575339459e-05,6.271755150678917e-05,230,1.0366608865077414,0.5861250997053558,250,0,0,6.271755150678917e-05,6.271755150678917e-05,232,0,0,0.4180471479968315,0.5686198995468746,213,15.129992289048486,0.9804522063448986,231.25,230.50760558604244,0.8408397982628886,27,coif,217.80246913580248,181.0,166.32516494453617,81,0.48186386976947454,0.5930495234160287,0.4847804341365592,1,20.5
sym16,1,antireflect,2.243344957263521e-19,246.58606251367587,11043161.872041287,0.5507246376811594,427.24123987921087,108,raw,3.677869202605238e-10,2.1446925344118566e-09,"[2, 5, 11, 17, 22, 25, 29, 38, 44, 52, 55, 60, 65, 74, 78, 84, 89, 95, 98, 101, 105]","[37.99999999973494, 367.99999999891054, 460.99999999934056, 192.99999999935005, 950.9999999992602, 153.99999999915997, 880.9999999977679, 242.99999999938652, 490.9999999992331, 185.99999999959812, 320.9999999991128, 942.999999999389, 809.9999999979304, 204.99999999947318, 477.99999999898307, 275.99999999952297, 346.99999999930424, 79.00000000020384, 1007.9999999990555, 113.9999999993712, 892.9999999974327]",21,6.001245814940893,350937.8287969976,0.9448851676389007,4.365923718266151e-06,1.0,0.4907407407407407,67630.99999999774,0.1291094199046358,0.15147910127184136,188156.1212643207,82872438.2505761,8,12069.579557417383,0.027777777777777776,"[0.0, 0.009259259259259259, 0.018518518518518517, 0.027777777777777776, 0.037037037037037035, 0.046296296296296294, 0.05555555555555555, 0.06481481481481481, 0.07407407407407407, 0.08333333333333333, 0.09259259259259259, 0.10185185185185185, 0.1111111111111111, 0.12037037037037036, 0.12962962962962962, 0.1388888888888889, 0.14814814814814814, 0.15740740740740738, 0.16666666666666666, 0.17592592592592593, 0.18518518518518517, 0.19444444444444442, 0.2037037037037037, 0.21296296296296297, 0.2222222222222222, 0.23148148148148145, 0.24074074074074073]","[67630.99999999774, 1786.6346316355216, 1155.9831840863324, 12069.579557417383, 1906.5778542066657, 950.5914327613069, 9083.877197379958, 2481.229636772381, 778.6316126034371, 8965.162396374659, 2042.6423114739855, 1606.7171021526992, 6927.939836286278, 1790.9411989149824, 2115.064375984464, 4469.146453387607, 811.312481863764, 852.4454942237187, 2613.5185095887373, 1125.8336361509016, 622.528293614708, 1595.9028958425774, 1672.0836322313846, 807.767182251005, 3024.6344394035564, 842.7313814715361, 842.8235732244079]",3.0,0.3,145.1500000004654,15,0.5,1721880.1384869192,0.14445541615552798,0.12412575453779778,16430975.452658068,84089526828.51353,"[0.046875, 0.03125]",2,1721880.1384869192,0.046875,"[0.0, 0.015625, 0.03125, 0.046875, 0.0625, 0.078125, 0.09375, 0.109375, 0.125, 0.140625, 0.15625, 0.171875, 0.1875, 0.203125, 0.21875, 0.234375]","[154749.38571150083, 876106.9067076908, 1710291.376890095, 1721880.1384869192, 1236443.397557347, 1200279.693852502, 1385236.610138496, 1437054.04741736, 1048940.293642085, 664501.8455314608, 393060.297149039, 165807.08106818056, 58528.06662822928, 51528.95639360475, 141871.95181042553, 339557.7347225173]",3.0,0.3,flattop,64,32,145.1500000004654,15,21,449.5238095229296,37.99999999973494,1007.9999999990555,"[2, 5, 11, 17, 22, 25, 29, 38, 44, 52, 55, 60, 65, 74, 78, 84, 89, 95, 98, 101, 105]","[37.99999999973494, 367.99999999891054, 460.99999999934056, 192.99999999935005, 950.9999999992602, 153.99999999915997, 880.9999999977679, 242.99999999938652, 490.9999999992331, 185.99999999959812, 320.9999999991128, 942.999999999389, 809.9999999979304, 204.99999999947318, 477.99999999898307, 275.99999999952297, 346.99999999930424, 79.00000000020384, 1007.9999999990555, 113.9999999993712, 892.9999999974327]","[1, 1, 1, 15, 1, 24, 27, 35, 35, 49, 35, 35, 63, 73, 73, 73, 35, 92, 35, 99, 99]","[3, 8, 18, 18, 35, 27, 35, 39, 49, 53, 56, 73, 73, 75, 81, 85, 92, 97, 106, 102, 106]",0.05,30,52684908.99997325,1015.9999999996602,-1015.9999999996602,DWT,uc1.l0082987033,1.589534804224968e-06,0.0,8.799361239653081e-10,4.470348358154297e-06,0.0,9.44510247791186e-10,4.733167588710785e-05,3.398099579499103e-10,1.0,84,0.0,7.47604644857347e-10,1.0,84,,0.0,0.0,1.0,84,0.0,0.0,2.6747584342956543e-05,0.31011962890625,2.255546860396862e-09,0.0,0.0,0.0,8.799361239653081e-10,1.8479113350622356e-08,8.993698061420304e-10,0.0,3.398099579499103e-10,0.0,4.654054919228656e-10,0.0,0.0,0.0,4.654054919228656e-10,2.6506086214794777e-10,1.0164091790443308e-13,1.589534804224968e-06,1.4432899320127035e-15,1.7708057242771247e-14,1.948210410773754e-07,0.0,0.0,1.1493583862431933e-13,0.19068463489516618,0.7136559941522103,0.18571953025401863,0.3594850619383048,0.7114317553525578,0.11257800495468656,0.05628900247734328,0.11257800495468656,37,0.9924652700565593,0.5611370245921395,294,0,0,0.11257800495468656,0.11257800495468656,37,0,0,0.4321953953184516,0.5878640805186461,181,124.61239906205161,0.8390020683952821,137.25,63.51194729159779,0.8308382434999666,28,sym,445.72514619883043,505.0,280.45746329325993,171,0.986117580085908,1.0,0.009717693939864401,6,22.5
sym20,1,antireflect,1.487568419129612e-17,228.3702536140857,11546250.353494242,0.547945205479452,419.5598361625595,108,raw,3.0131552068250284e-09,2.73655899973259e-08,"[2, 5, 11, 17, 22, 25, 29, 38, 44, 52, 55, 60, 65, 74, 78, 84, 89, 95, 98, 101, 105]","[37.99999999766638, 367.99999999175697, 460.999999994361, 192.9999999952015, 950.9999999941515, 153.99999999415843, 880.9999999825247, 242.99999999537852, 490.99999999309773, 185.99999999706495, 320.99999999304896, 942.9999999941231, 809.999999983803, 204.9999999962776, 477.9999999920178, 275.9999999963602, 346.9999999942331, 79.00000000111095, 1007.999999992827, 113.99999999565546, 892.9999999787437]",21,6.081965304996381,388954.3147186607,0.9518357141755744,4.365923718373443e-06,0.9999999999999998,0.4907407407407407,67630.99999997253,0.12910941990394742,0.1514791012718346,188156.12126291508,82872438.250515,8,12069.579557409184,0.027777777777777776,"[0.0, 0.009259259259259259, 0.018518518518518517, 0.027777777777777776, 0.037037037037037035, 0.046296296296296294, 0.05555555555555555, 0.06481481481481481, 0.07407407407407407, 0.08333333333333333, 0.09259259259259259, 0.10185185185185185, 0.1111111111111111, 0.12037037037037036, 0.12962962962962962, 0.1388888888888889, 0.14814814814814814, 0.15740740740740738, 0.16666666666666666, 0.17592592592592593, 0.18518518518518517, 0.19444444444444442, 0.2037037037037037, 0.21296296296296297, 0.2222222222222222, 0.23148148148148145, 0.24074074074074073]","[67630.99999997253, 1786.6346316189802, 1155.9831840798083, 12069.579557409184, 1906.577854204397, 950.5914327380264, 9083.877197328473, 2481.229636753131, 778.6316126068269, 8965.162396279497, 2042.6423114429167, 1606.7171021405843, 6927.939836198806, 1790.9411988948912, 2115.0643759504947, 4469.146453326196, 811.3124818503694, 852.4454942140576, 2613.5185095433185, 1125.8336361279225, 622.5282936014945, 1595.9028958155152, 1672.0836322032058, 807.767182233462, 3024.6344393492795, 842.7313814532245, 842.8235732078798]",3.0,0.3,145.15000000352163,15,0.5,1721880.138470605,0.14445541615483778,0.1241257545378907,16430975.452302594,84089526825.84897,"[0.046875, 0.03125]",2,1721880.138470605,0.046875,"[0.0, 0.015625, 0.03125, 0.046875, 0.0625, 0.078125, 0.09375, 0.109375, 0.125, 0.140625, 0.15625, 0.171875, 0.1875, 0.203125, 0.21875, 0.234375]","[154749.38571054486, 876106.9067011606, 1710291.3768750913, 1721880.138470605, 1236443.3975391705, 1200279.6938272147, 1385236.610104965, 1437054.047380554, 1048940.2936134313, 664501.8455121918, 393060.29713715933, 165807.0810629776, 58528.066626256375, 51528.956391618005, 141871.9518048261, 339557.7347092176]",3.0,0.3,flattop,64,32,145.15000000352163,15,21,449.52380951683637,37.99999999766638,1007.999999992827,"[2, 5, 11, 17, 22, 25, 29, 38, 44, 52, 55, 60, 65, 74, 78, 84, 89, 95, 98, 101, 105]","[37.99999999766638, 367.99999999175697, 460.999999994361, 192.9999999952015, 950.9999999941515, 153.99999999415843, 880.9999999825247, 242.99999999537852, 490.99999999309773, 185.99999999706495, 320.99999999304896, 942.9999999941231, 809.999999983803, 204.9999999962776, 477.9999999920178, 275.9999999963602, 346.9999999942331, 79.00000000111095, 1007.999999992827, 113.99999999565546, 892.9999999787437]","[1, 1, 1, 15, 1, 24, 27, 35, 35, 49, 35, 35, 63, 73, 73, 73, 35, 92, 35, 99, 99]","[3, 8, 18, 18, 35, 27, 35, 39, 49, 53, 56, 73, 73, 75, 81, 85, 92, 97, 106, 102, 106]",0.05,30,52684908.99976241,1015.9999999970089,-1015.9999999970089,DWT,uc1.l0082987033,1.790374517440796e-05,0.0,6.973152721911902e-09,6.556510925292969e-05,0.0,7.172957339207642e-09,0.0004028063267469406,2.9911007004557177e-09,1.0,84,0.0,8.945789886638522e-09,1.0,84,,0.0,0.0,1.0,84,0.0,0.0,0.00023759156465530396,2.9746856689453125,2.7474015951156616e-08,0.0,0.0,0.0,6.973152721911902e-09,1.4643592294305563e-07,7.079007348563338e-09,0.0,2.9911007004557177e-09,0.0,3.521620328683639e-09,0.0,0.0,0.0,3.521620328683639e-09,2.333621296202182e-09,7.900347043232614e-13,1.790374517440796e-05,5.329070518200751e-15,1.1061984661608903e-13,1.600448740646243e-06,0.0,0.0,8.051337374581635e-13,0.003668900074386694,0.8170853858975684,0.23452090711559642,0.3284610086477384,0.8143386797790706,1.0,0.5,1.0,1,0.9851243619219381,0.5569864961326089,308,0,0,1.0,1.0,1,0,0,0.43961497630287216,0.5979560555847531,171,148.6234055142953,0.8079800962347605,120.25,1.9909464631668476,0.8263091695644087,29,sym,445.72514619883043,505.0,280.45746329325993,171,0.986117580085908,1.0,0.009717693939864401,6,23.25
sym13,1,antireflect,5.904558837211516e-22,272.38314856602835,10753433.71851644,0.5378787878787878,411.50520547450435,108,raw,1.8985997958983112e-11,6.590872292293865e-11,"[2, 5, 11, 17, 22, 25, 29, 38, 44, 52, 55, 60, 65, 74, 78, 84, 89, 95, 98, 101, 105]","[37.99999999998528, 367.99999999994895, 460.99999999996226, 192.99999999997578, 950.9999999999592, 153.99999999997215, 880.999999999897, 242.9999999999739, 490.99999999995237, 185.99999999998147, 320.9999999999559, 942.9999999999561, 809.9999999999056, 204.99999999998138, 477.9999999999512, 275.9999999999791, 346.99999999996476, 78.9999999999983, 1007.9999999999611, 113.99999999998192, 892.9999999998628]",21,5.922082456848235,318367.35122569057,0.9330456119432031,4.36592371825205e-06,0.9999999999999998,0.4907407407407407,67630.99999999983,0.12910941990473263,0.1514791012718398,188156.12126450558,82872438.25058012,8,12069.579557418087,0.027777777777777776,"[0.0, 0.009259259259259259, 0.018518518518518517, 0.027777777777777776, 0.037037037037037035, 0.046296296296296294, 0.05555555555555555, 0.06481481481481481, 0.07407407407407407, 0.08333333333333333, 0.09259259259259259, 0.10185185185185185, 0.1111111111111111, 0.12037037037037036, 0.12962962962962962, 0.1388888888888889, 0.14814814814814814, 0.15740740740740738, 0.16666666666666666, 0.17592592592592593, 0.18518518518518517, 0.19444444444444442, 0.2037037037037037, 0.21296296296296297, 0.2222222222222222, 0.23148148148148145, 0.24074074074074073]","[67630.99999999983, 1786.6346316368833, 1155.9831840868892, 12069.579557418087, 1906.5778542068324, 950.5914327634266, 9083.87719738481, 2481.229636774341, 778.6316126029782, 8965.16239638525, 2042.642311477663, 1606.7171021540626, 6927.939836297616, 1790.9411989176358, 2115.06437598937, 4469.146453396249, 811.3124818657857, 852.4454942249893, 2613.5185095955, 1125.8336361544355, 622.5282936167496, 1595.9028958465183, 1672.0836322354617, 807.7671822536532, 3024.6344394114244, 842.7313814742563, 842.8235732268186]",3.0,0.3,145.1500000000226,15,0.5,1721880.1384883933,0.14445541615563864,0.12412575453778085,16430975.452702826,84089526828.80296,"[0.046875, 0.03125]",2,1721880.1384883933,0.046875,"[0.0, 0.015625, 0.03125, 0.046875, 0.0625, 0.078125, 0.09375, 0.109375, 0.125, 0.140625, 0.15625, 0.171875, 0.1875, 0.203125, 0.21875, 0.234375]","[154749.38571155956, 876106.9067082331, 1710291.3768914267, 1721880.1384883933, 1236443.3975591678, 1200279.69385533, 1385236.6101425148, 1437054.0474219876, 1048940.2936458946, 664501.8455341397, 393060.2971507341, 165807.081068936, 58528.06662851915, 51528.9563938956, 141871.9518112432, 339557.73472446087]",3.0,0.3,flattop,64,32,145.1500000000226,15,21,449.523809523767,37.99999999998528,1007.9999999999611,"[2, 5, 11, 17, 22, 25, 29, 38, 44, 52, 55, 60, 65, 74, 78, 84, 89, 95, 98, 101, 105]","[37.99999999998528, 367.99999999994895, 460.99999999996226, 192.99999999997578, 950.9999999999592, 153.99999999997215, 880.999999999897, 242.9999999999739, 490.99999999995237, 185.99999999998147, 320.9999999999559, 942.9999999999561, 809.9999999999056, 204.99999999998138, 477.9999999999512, 275.9999999999791, 346.99999999996476, 78.9999999999983, 1007.9999999999611, 113.99999999998192, 892.9999999998628]","[1, 1, 1, 15, 1, 24, 27, 35, 35, 49, 35, 35, 63, 73, 73, 73, 35, 92, 35, 99, 99]","[3, 8, 18, 18, 35, 27, 35, 39, 49, 53, 56, 73, 73, 75, 81, 85, 92, 97, 106, 102, 106]",0.05,30,52684908.99999848,1015.9999999999819,-1015.9999999999819,DWT,uc1.l0082987033,1.1548399925231934e-07,0.0,4.2518877307884395e-11,4.470348358154297e-07,0.0,3.888089850079268e-11,2.5741755962371826e-06,1.807620719773695e-11,1.0,84,0.0,4.3655745685100555e-11,1.0,84,,0.0,0.0,1.0,84,0.0,0.0,1.519918441772461e-06,0.02069091796875,1.7462298274040222e-10,0.0,0.0,0.0,4.2518877307884395e-11,8.931237971410155e-10,4.254459218784523e-11,0.0,1.807620719773695e-11,0.0,2.2595258997171186e-11,0.0,0.0,0.0,2.2595258997171186e-11,1.4722445484949276e-11,4.829470157119431e-15,1.1548399925231934e-07,1.1102230246251565e-16,7.771561172376096e-16,9.953510016202927e-09,0.0,0.0,4.274358644806853e-15,0.45553485543212624,0.6122205419409146,0.15761486610678882,0.21609954291518524,0.6232666450666543,0.0063971902536924955,0.0031985951268462477,0.0063971902536924955,180,0.9939850924758633,0.5619963278403308,291,0,0,0.0063971902536924955,0.0063971902536924955,180,0,0,0.41294729029233385,0.561683168631402,224,52.44282601080914,0.9322444108387479,218.75,210.39539512614985,0.82481083591033,30,sym,445.72514619883043,505.0,280.45746329325993,171,0.986117580085908,1.0,0.009717693939864401,6,24.0
sym18,1,antireflect,1.3168204554653366e-18,238.89975746938717,11396538.396708988,0.5422535211267606,402.0498647621606,108,raw,8.695874473171781e-10,-3.2899893934286534e-09,"[2, 5, 11, 17, 22, 25, 29, 38, 44, 52, 55, 60, 65, 74, 78, 84, 89, 95, 98, 101, 105]","[38.00000000059714, 368.00000000269665, 461.00000000131075, 193.00000000192472, 951.0000000015289, 154.00000000259968, 881.0000000057285, 243.0000000016521, 491.0000000014367, 186.00000000096782, 321.0000000020748, 943.0000000008604, 810.0000000053169, 205.00000000157263, 478.0000000024612, 276.00000000123475, 347.00000000164516, 78.99999999894112, 1008.0000000026049, 114.00000000210252, 893.0000000057537]",21,6.043931726967534,377924.1731296968,0.940840411836776,4.365923718216496e-06,0.9999999999999997,0.4907407407407407,67631.00000000317,0.12910941990498986,0.15147910127182912,188156.12126496987,82872438.2505831,8,12069.579557419649,0.027777777777777776,"[0.0, 0.009259259259259259, 0.018518518518518517, 0.027777777777777776, 0.037037037037037035, 0.046296296296296294, 0.05555555555555555, 0.06481481481481481, 0.07407407407407407, 0.08333333333333333, 0.09259259259259259, 0.10185185185185185, 0.1111111111111111, 0.12037037037037036, 0.12962962962962962, 0.1388888888888889, 0.14814814814814814, 0.15740740740740738, 0.16666666666666666, 0.17592592592592593, 0.18518518518518517, 0.19444444444444442, 0.2037037037037037, 0.21296296296296297, 0.2222222222222222, 0.23148148148148145, 0.24074074074074073]","[67631.00000000317, 1786.634631639086, 1155.9831840878253, 12069.579557419649, 1906.5778542071819, 950.5914327669615, 9083.877197394027, 2481.2296367781023, 778.6316126023298, 8965.162396406076, 2042.6423114848003, 1606.7171021570894, 6927.939836322014, 1790.9411989236946, 2115.064376000625, 4469.146453416831, 811.3124818708654, 852.4454942281484, 2613.5185096130745, 1125.8336361640174, 622.5282936225469, 1595.9028958574693, 1672.0836322470186, 807.7671822617475, 3024.634439434903, 842.7313814826592, 842.823573234135]",3.0,0.3,145.14999999888502,15,0.5,1721880.13849105,0.14445541615597632,0.12412575453773589,16430975.45280985,84089526829.3539,"[0.046875, 0.03125]",2,1721880.13849105,0.046875,"[0.0, 0.015625, 0.03125, 0.046875, 0.0625, 0.078125, 0.09375, 0.109375, 0.125, 0.140625, 0.15625, 0.171875, 0.1875, 0.203125, 0.21875, 0.234375]","[154749.38571161998, 876106.9067091323, 1710291.3768937904, 1721880.13849105, 1236443.3975625888, 1200279.6938609043, 1385236.6101507489, 1437054.0474318387, 1048940.2936543792, 664501.8455403724, 393060.2971548303, 165807.08107082738, 58528.066629297755, 51528.956394779285, 141871.9518137792, 339557.73473044886]",3.0,0.3,flattop,64,32,145.14999999888502,15,21,449.5238095259529,38.00000000059714,1008.0000000026049,"[2, 5, 11, 17, 22, 25, 29, 38, 44, 52, 55, 60, 65, 74, 78, 84, 89, 95, 98, 101, 105]","[38.00000000059714, 368.00000000269665, 461.00000000131075, 193.00000000192472, 951.0000000015289, 154.00000000259968, 881.0000000057285, 243.0000000016521, 491.0000000014367, 186.00000000096782, 321.0000000020748, 943.0000000008604, 810.0000000053169, 205.00000000157263, 478.0000000024612, 276.00000000123475, 347.00000000164516, 78.99999999894112, 1008.0000000026049, 114.00000000210252, 893.0000000057537]","[1, 1, 1, 15, 1, 24, 27, 35, 35, 49, 35, 35, 63, 73, 73, 73, 35, 92, 35, 99, 99]","[3, 8, 18, 18, 35, 27, 35, 39, 49, 53, 56, 73, 73, 75, 81, 85, 92, 97, 106, 102, 106]",0.05,30,52684909.000057176,1016.0000000007798,-1016.0000000007798,DWT,uc1.l0082987033,2.541346475481987e-06,0.0,2.143394794984488e-09,2.5331974029541016e-06,0.0,2.604906512715388e-09,0.00010444968938827515,7.797780199325643e-10,1.0,84,0.0,1.5188561519607902e-09,1.0,84,,0.0,0.0,1.0,84,0.0,0.0,5.717575550079346e-05,0.530242919921875,3.1723175197839737e-09,0.0,0.0,0.0,2.143394794984488e-09,4.501089279074222e-08,2.2442241927256827e-09,0.0,7.797780199325643e-10,0.0,1.1149836609547492e-09,0.0,0.0,0.0,1.1149836609547492e-09,5.971401151327882e-10,2.5240920464852934e-13,2.541346475481987e-06,1.0796918914479647e-14,4.418687638008123e-14,4.5433989726006985e-07,0.0,0.0,3.333999742949345e-13,0.11177186226794256,0.7683513089265772,0.21999831339080916,0.2649303643087584,0.7844811608792914,0.24064724513155006,0.12032362256577503,0.24064724513155006,19,0.9810025385946787,0.5546560290144789,315,0,0,0.24064724513155006,0.24064724513155006,19,0,0,0.4299066019546757,0.5847509066605538,185,143.53977381432182,0.8145480958471294,134.5,35.1360571201904,0.820387743014004,31,sym,445.72514619883043,505.0,280.45746329325993,171,0.986117580085908,1.0,0.009717693939864401,6,24.75
sym9,1,periodic,5.297966465807865e-25,302.85393106137496,10264660.69241448,0.5725806451612904,373.1432197229351,108,raw,5.792239116325853e-13,-8.773448634258496e-11,"[2, 5, 11, 17, 22, 25, 29, 38, 44, 52, 55, 60, 65, 74, 78, 84, 89, 95, 98, 101, 105]","[38.000000000000284, 368.00000000000085, 460.9999999999996, 193.00000000000153, 950.9999999999983, 154.0000000000024, 881.000000000002, 243.00000000000077, 490.99999999999926, 186.00000000000034, 321.00000000000034, 942.9999999999982, 810.0000000000024, 205.00000000000114, 478.00000000000114, 276.00000000000045, 347.00000000000045, 78.99999999999818, 1008.0000000000007, 114.00000000000182, 893.0000000000014]",21,5.78898898396556,102088.23266192763,0.8359500458329996,4.365923718251286e-06,1.0,0.4907407407407407,67630.99999999997,0.12910941990473754,0.15147910127183992,188156.12126451556,82872438.25058047,8,12069.57955741812,0.027777777777777776,"[0.0, 0.009259259259259259, 0.018518518518518517, 0.027777777777777776, 0.037037037037037035, 0.046296296296296294, 0.05555555555555555, 0.06481481481481481, 0.07407407407407407, 0.08333333333333333, 0.09259259259259259, 0.10185185185185185, 0.1111111111111111, 0.12037037037037036, 0.12962962962962962, 0.1388888888888889, 0.14814814814814814, 0.15740740740740738, 0.16666666666666666, 0.17592592592592593, 0.18518518518518517, 0.19444444444444442, 0.2037037037037037, 0.21296296296296297, 0.2222222222222222, 0.23148148148148145, 0.24074074074074073]","[67630.99999999997, 1786.6346316370004, 1155.9831840869367, 12069.57955741812, 1906.577854206838, 950.5914327635982, 9083.877197385165, 2481.2296367744784, 778.6316126029429, 8965.162396385977, 2042.6423114779157, 1606.7171021541465, 6927.939836298314, 1790.9411989177918, 2115.064375989645, 4469.146453396724, 811.3124818658869, 852.4454942250585, 2613.5185095958336, 1125.8336361545976, 622.5282936168403, 1595.902895846705, 1672.083632235652, 807.7671822537634, 3024.634439411775, 842.7313814743706, 842.8235732269235]",3.0,0.3,145.14999999999966,15,0.5,1721880.1384885046,0.14445541615564317,0.12412575453778009,16430975.4527054,84089526828.82321,"[0.046875, 0.03125]",2,1721880.1384885046,0.046875,"[0.0, 0.015625, 0.03125, 0.046875, 0.0625, 0.078125, 0.09375, 0.109375, 0.125, 0.140625, 0.15625, 0.171875, 0.1875, 0.203125, 0.21875, 0.234375]","[154749.3857115658, 876106.906708277, 1710291.3768915292, 1721880.1384885046, 1236443.397559299, 1200279.6938555234, 1385236.610142778, 1437054.0474222777, 1048940.2936461205, 664501.8455342902, 393060.29715082527, 165807.08106897486, 58528.06662853301, 51528.95639390815, 141871.9518112779, 339557.73472454393]",3.0,0.3,flattop,64,32,145.14999999999966,15,21,449.52380952381003,38.000000000000284,1008.0000000000007,"[2, 5, 11, 17, 22, 25, 29, 38, 44, 52, 55, 60, 65, 74, 78, 84, 89, 95, 98, 101, 105]","[38.000000000000284, 368.00000000000085, 460.9999999999996, 193.00000000000153, 950.9999999999983, 154.0000000000024, 881.000000000002, 243.00000000000077, 490.99999999999926, 186.00000000000034, 321.00000000000034, 942.9999999999982, 810.0000000000024, 205.00000000000114, 478.00000000000114, 276.00000000000045, 347.00000000000045, 78.99999999999818, 1008.0000000000007, 114.00000000000182, 893.0000000000014]","[1, 1, 1, 15, 1, 24, 27, 35, 35, 49, 35, 35, 63, 73, 73, 73, 35, 92, 35, 99, 99]","[3, 8, 18, 18, 35, 27, 35, 39, 49, 53, 56, 73, 73, 75, 81, 85, 92, 97, 106, 102, 106]",0.05,30,52684908.999999985,1016.0000000000001,-1016.0000000000001,DWT,uc1.l0082987033,4.190951585769653e-09,0.0,5.115907697472721e-13,8.940696716308594e-08,0.0,6.821210263296962e-13,0.0,1.1368683772161603e-13,1.0,84,0.0,1.0913936421275139e-11,1.0,84,,0.0,0.0,1.0,84,0.0,0.0,1.4901161193847656e-08,0.0004425048828125,2.9103830456733704e-11,0.0,0.0,0.0,5.115907697472721e-13,1.0913936421275139e-11,1.1652900866465643e-12,0.0,1.1368683772161603e-13,0.0,3.410605131648481e-13,0.0,0.0,0.0,3.410605131648481e-13,2.8421709430404007e-13,8.326672684688674e-17,4.190951585769653e-09,0.0,1.3877787807814457e-17,2.9103830456733704e-11,0.0,0.0,2.498001805406602e-16,0.7683683842829693,0.4416820891326826,0.11020213946735755,0.6034420616327272,0.03782013759786797,6.271755150678917e-05,3.135877575339459e-05,6.271755150678917e-05,225,0.9934680245620396,0.5617039791210063,292,0,0,6.271755150678917e-05,6.271755150678917e-05,220,0,0,0.3923029624227209,0.5336031405874814,274,35.75262228144951,0.9538079815485149,252.75,249.0010147662957,0.8136287969758078,32,sym,445.72514619883043,505.0,280.45746329325993,171,0.986117580085908,1.0,0.009717693939864401,6,25.5
sym9,1,symmetric,4.975882154644472e-25,303.12632224907935,10261681.355946872,0.5725806451612904,374.44509569696345,108,raw,5.581050025419378e-13,-8.763145764589957e-11,"[2, 5, 11, 17, 22, 25, 29, 38, 44, 52, 55, 60, 65, 74, 78, 84, 89, 95, 98, 101, 105]","[38.000000000000284, 368.00000000000114, 460.9999999999996, 193.00000000000148, 950.9999999999992, 154.0000000000024, 881.000000000002, 243.00000000000077, 490.99999999999926, 186.00000000000034, 321.00000000000034, 942.9999999999982, 810.0000000000024, 205.00000000000114, 478.00000000000114, 276.00000000000045, 347.00000000000045, 78.99999999999818, 1007.9999999999998, 114.00000000000159, 893.0000000000014]",21,5.781407885136227,101728.62617386978,0.8348709053674521,4.365923718251286e-06,1.0,0.4907407407407407,67630.99999999997,0.1291094199047375,0.1514791012718399,188156.1212645156,82872438.25058049,8,12069.579557418125,0.027777777777777776,"[0.0, 0.009259259259259259, 0.018518518518518517, 0.027777777777777776, 0.037037037037037035, 0.046296296296296294, 0.05555555555555555, 0.06481481481481481, 0.07407407407407407, 0.08333333333333333, 0.09259259259259259, 0.10185185185185185, 0.1111111111111111, 0.12037037037037036, 0.12962962962962962, 0.1388888888888889, 0.14814814814814814, 0.15740740740740738, 0.16666666666666666, 0.17592592592592593, 0.18518518518518517, 0.19444444444444442, 0.2037037037037037, 0.21296296296296297, 0.2222222222222222, 0.23148148148148145, 0.24074074074074073]","[67630.99999999997, 1786.6346316370007, 1155.983184086937, 12069.579557418125, 1906.577854206837, 950.5914327635984, 9083.877197385164, 2481.2296367744793, 778.631612602942, 8965.162396385977, 2042.6423114779145, 1606.7171021541467, 6927.939836298316, 1790.9411989177936, 2115.0643759896475, 4469.146453396723, 811.3124818658891, 852.4454942250564, 2613.518509595832, 1125.8336361545994, 622.5282936168429, 1595.9028958467024, 1672.08363223565, 807.7671822537652, 3024.634439411776, 842.7313814743699, 842.8235732269219]",3.0,0.3,145.14999999999966,15,0.5,1721880.1384885046,0.14445541615564317,0.12412575453778008,16430975.452705398,84089526828.82318,"[0.046875, 0.03125]",2,1721880.1384885046,0.046875,"[0.0, 0.015625, 0.03125, 0.046875, 0.0625, 0.078125, 0.09375, 0.109375, 0.125, 0.140625, 0.15625, 0.171875, 0.1875, 0.203125, 0.21875, 0.234375]","[154749.38571156538, 876106.9067082764, 1710291.3768915285, 1721880.1384885046, 1236443.397559299, 1200279.6938555234, 1385236.6101427777, 1437054.0474222777, 1048940.2936461205, 664501.8455342902, 393060.29715082527, 165807.0810689748, 58528.06662853299, 51528.95639390815, 141871.9518112779, 339557.73472454393]",3.0,0.3,flattop,64,32,145.14999999999966,15,21,449.52380952381014,38.000000000000284,1007.9999999999998,"[2, 5, 11, 17, 22, 25, 29, 38, 44, 52, 55, 60, 65, 74, 78, 84, 89, 95, 98, 101, 105]","[38.000000000000284, 368.00000000000114, 460.9999999999996, 193.00000000000148, 950.9999999999992, 154.0000000000024, 881.000000000002, 243.00000000000077, 490.99999999999926, 186.00000000000034, 321.00000000000034, 942.9999999999982, 810.0000000000024, 205.00000000000114, 478.00000000000114, 276.00000000000045, 347.00000000000045, 78.99999999999818, 1007.9999999999998, 114.00000000000159, 893.0000000000014]","[1, 1, 1, 15, 1, 24, 27, 35, 35, 49, 35, 35, 63, 73, 73, 73, 35, 92, 35, 99, 99]","[3, 8, 18, 18, 35, 27, 35, 39, 49, 53, 56, 73, 73, 75, 81, 85, 92, 97, 106, 102, 106]",0.05,30,52684908.999999985,1016.0,-1016.0,DWT,uc1.l0082987033,4.190951585769653e-09,0.0,6.252776074688882e-13,7.450580596923828e-08,0.0,2.2737367544323206e-13,1.862645149230957e-09,0.0,1.0,84,0.0,5.4569682106375694e-12,1.0,84,,0.0,0.0,1.0,84,0.0,0.0,1.4901161193847656e-08,0.0004730224609375,2.9103830456733704e-11,0.0,0.0,0.0,6.252776074688882e-13,1.2732925824820995e-11,1.1003261793770693e-12,0.0,0.0,0.0,3.410605131648481e-13,0.0,0.0,0.0,3.410605131648481e-13,2.8421709430404007e-13,5.551115123125783e-17,4.190951585769653e-09,2.7755575615628914e-17,0.0,5.820766091346741e-11,0.0,0.0,2.498001805406602e-16,0.7711649352573478,0.4319680976277762,0.10991313320481459,0.6034420616327272,0.03684671786185903,6.271755150678917e-05,3.135877575339459e-05,6.271755150678917e-05,226,0.9897550883685385,0.5596046956186195,300,0,0,6.271755150678917e-05,6.271755150678917e-05,225,0,0,0.39066698911690495,0.5313779203431335,278,37.74806838325197,0.951229885809752,257.25,253.16970302083286,0.8094327723622403,33,sym,445.72514619883043,505.0,280.45746329325993,171,0.986117580085908,1.0,0.009717693939864401,6,26.25
db13,1,smooth,1.870023992896972e-26,317.3765513249796,10123301.00950222,0.5606060606060606,409.5651521324664,108,raw,1.0515045624338697e-13,-1.1191292337287068e-10,"[2, 5, 11, 17, 22, 25, 29, 38, 44, 52, 55, 60, 65, 74, 78, 84, 89, 95, 98, 101, 105]","[38.00000000000006, 368.00000000000017, 461.0000000000002, 193.0, 951.0000000000002, 154.0000000000001, 881.0, 243.00000000000006, 490.9999999999999, 186.0, 320.99999999999966, 943.0, 810.0, 205.00000000000006, 478.0, 275.99999999999966, 347.0000000000001, 79.00000000000034, 1007.9999999999998, 114.00000000000023, 892.9999999999997]",21,5.8522052003739615,96024.10072432795,0.8138240992302669,4.365923718251291e-06,1.0,0.4907407407407407,67631.0,0.1291094199047374,0.15147910127183992,188156.12126451553,82872438.25058056,8,12069.579557418134,0.027777777777777776,"[0.0, 0.009259259259259259, 0.018518518518518517, 0.027777777777777776, 0.037037037037037035, 0.046296296296296294, 0.05555555555555555, 0.06481481481481481, 0.07407407407407407, 0.08333333333333333, 0.09259259259259259, 0.10185185185185185, 0.1111111111111111, 0.12037037037037036, 0.12962962962962962, 0.1388888888888889, 0.14814814814814814, 0.15740740740740738, 0.16666666666666666, 0.17592592592592593, 0.18518518518518517, 0.19444444444444442, 0.2037037037037037, 0.21296296296296297, 0.2222222222222222, 0.23148148148148145, 0.24074074074074073]","[67631.0, 1786.634631637001, 1155.983184086938, 12069.579557418134, 1906.5778542068444, 950.5914327636012, 9083.877197385176, 2481.229636774485, 778.6316126029459, 8965.162396385991, 2042.6423114779188, 1606.7171021541483, 6927.939836298323, 1790.9411989177922, 2115.064375989648, 4469.146453396724, 811.312481865887, 852.4454942250554, 2613.5185095958277, 1125.8336361545962, 622.5282936168377, 1595.9028958466959, 1672.083632235643, 807.7671822537563, 3024.63443941176, 842.7313814743648, 842.82357322692]",3.0,0.3,145.15,15,0.5,1721880.1384885083,0.14445541615564292,0.12412575453778008,16430975.452705402,84089526828.82367,"[0.046875, 0.03125]",2,1721880.1384885083,0.046875,"[0.0, 0.015625, 0.03125, 0.046875, 0.0625, 0.078125, 0.09375, 0.109375, 0.125, 0.140625, 0.15625, 0.171875, 0.1875, 0.203125, 0.21875, 0.234375]","[154749.3857115655, 876106.9067082782, 1710291.376891533, 1721880.1384885083, 1236443.3975593017, 1200279.6938555264, 1385236.6101427819, 1437054.0474222812, 1048940.2936461228, 664501.8455342911, 393060.29715082527, 165807.08106897454, 58528.06662853261, 51528.95639390753, 141871.95181127635, 339557.7347245401]",3.0,0.3,flattop,64,32,145.15,15,21,449.5238095238095,38.00000000000006,1007.9999999999998,"[2, 5, 11, 17, 22, 25, 29, 38, 44, 52, 55, 60, 65, 74, 78, 84, 89, 95, 98, 101, 105]","[38.00000000000006, 368.00000000000017, 461.0000000000002, 193.0, 951.0000000000002, 154.0000000000001, 881.0, 243.00000000000006, 490.9999999999999, 186.0, 320.99999999999966, 943.0, 810.0, 205.00000000000006, 478.0, 275.99999999999966, 347.0000000000001, 79.00000000000034, 1007.9999999999998, 114.00000000000023, 892.9999999999997]","[1, 1, 1, 15, 1, 24, 27, 35, 35, 49, 35, 35, 63, 73, 73, 73, 35, 92, 35, 99, 99]","[3, 8, 18, 18, 35, 27, 35, 39, 49, 53, 56, 73, 73, 75, 81, 85, 92, 97, 106, 102, 106]",0.05,30,52684909.00000001,1016.0,-1016.0,DWT,uc1.l0082987033,4.656612873077393e-10,0.0,0.0,0.0,0.0,2.2737367544323206e-13,1.862645149230957e-09,0.0,1.0,84,0.0,3.637978807091713e-12,1.0,84,,0.0,0.0,1.0,84,0.0,0.0,7.450580596923828e-09,1.52587890625e-05,0.0,0.0,0.0,0.0,0.0,0.0,1.4075513241723887e-13,0.0,0.0,0.0,0.0,0.0,0.0,0.0,0.0,5.684341886080802e-14,5.551115123125783e-17,4.656612873077393e-10,0.0,0.0,0.0,0.0,0.0,0.0,0.9174673628181613,0.5226837754301212,0.09648974609490193,0.46978161503301125,0.02140512311439166,3.135877575339459e-05,1.5679387876697293e-05,3.135877575339459e-05,261,1.0565418737123695,0.5973657529982651,219,0,0,3.135877575339459e-05,3.135877575339459e-05,323,0,0,0.40556552449811745,0.5516426290786296,244,44.32738055273136,0.9427294824900112,261.75,256.5424159112485,0.8022755939581839,34,db,413.2962962962963,398.0,188.41229481502944,243,0.9143723369387087,0.671803462110104,0.15839832550987273,5,26.75
db23,1,zero,3.818086781269697e-26,314.2765651593571,9410144.906816624,0.5789473684210527,176.6990999706265,108,raw,1.505955853847101e-13,-1.2350709344133365e-10,"[2, 5, 11, 17, 22, 25, 29, 38, 44, 52, 55, 60, 65, 74, 78, 84, 89, 95, 98, 101, 105]","[37.99999999999997, 367.99999999999994, 460.99999999999983, 192.99999999999966, 951.0000000000002, 154.0000000000001, 881.0, 243.00000000000003, 491.00000000000006, 185.9999999999999, 320.9999999999999, 943.0000000000002, 810.0, 205.0000000000001, 478.0000000000002, 276.0, 347.0000000000002, 79.0, 1008.0000000000001, 113.99999999999989, 892.9999999999999]",21,5.598735144007776,148531.2966585873,0.9105162729223483,4.3659237182512925e-06,1.0,0.4907407407407407,67631.0,0.12910941990473737,0.15147910127183992,188156.12126451556,82872438.25058058,8,12069.579557418137,0.027777777777777776,"[0.0, 0.009259259259259259, 0.018518518518518517, 0.027777777777777776, 0.037037037037037035, 0.046296296296296294, 0.05555555555555555, 0.06481481481481481, 0.07407407407407407, 0.08333333333333333, 0.09259259259259259, 0.10185185185185185, 0.1111111111111111, 0.12037037037037036, 0.12962962962962962, 0.1388888888888889, 0.14814814814814814, 0.15740740740740738, 0.16666666666666666, 0.17592592592592593, 0.18518518518518517, 0.19444444444444442, 0.2037037037037037, 0.21296296296296297, 0.2222222222222222, 0.23148148148148145, 0.24074074074074073]","[67631.0, 1786.6346316370023, 1155.9831840869401, 12069.579557418137, 1906.5778542068429, 950.5914327635984, 9083.87719738518, 2481.229636774485, 778.6316126029437, 8965.162396385991, 2042.6423114779188, 1606.7171021541496, 6927.939836298326, 1790.941198917794, 2115.064375989647, 4469.1464533967255, 811.3124818658858, 852.4454942250579, 2613.518509595829, 1125.833636154594, 622.5282936168384, 1595.9028958466963, 1672.0836322356436, 807.7671822537583, 3024.634439411761, 842.7313814743655, 842.823573226919]",3.0,0.3,145.1500000000001,15,0.5,1721880.1384885092,0.14445541615564295,0.12412575453778009,16430975.452705406,84089526828.82375,"[0.046875, 0.03125]",2,1721880.1384885092,0.046875,"[0.0, 0.015625, 0.03125, 0.046875, 0.0625, 0.078125, 0.09375, 0.109375, 0.125, 0.140625, 0.15625, 0.171875, 0.1875, 0.203125, 0.21875, 0.234375]","[154749.38571156515, 876106.9067082773, 1710291.376891533, 1721880.1384885092, 1236443.3975593033, 1200279.693855527, 1385236.6101427819, 1437054.0474222815, 1048940.2936461228, 664501.845534291, 393060.2971508252, 165807.08106897457, 58528.066628532666, 51528.956393907574, 141871.9518112763, 339557.7347245402]",3.0,0.3,flattop,64,32,145.1500000000001,15,21,449.5238095238095,37.99999999999997,1008.0000000000001,"[2, 5, 11, 17, 22, 25, 29, 38, 44, 52, 55, 60, 65, 74, 78, 84, 89, 95, 98, 101, 105]","[37.99999999999997, 367.99999999999994, 460.99999999999983, 192.99999999999966, 951.0000000000002, 154.0000000000001, 881.0, 243.00000000000003, 491.00000000000006, 185.9999999999999, 320.9999999999999, 943.0000000000002, 810.0, 205.0000000000001, 478.0000000000002, 276.0, 347.0000000000002, 79.0, 1008.0000000000001, 113.99999999999989, 892.9999999999999]","[1, 1, 1, 15, 1, 24, 27, 35, 35, 49, 35, 35, 63, 73, 73, 73, 35, 92, 35, 99, 99]","[3, 8, 18, 18, 35, 27, 35, 39, 49, 53, 56, 73, 73, 75, 81, 85, 92, 97, 106, 102, 106]",0.05,30,52684909.00000001,1016.0000000000001,-1016.0000000000001,DWT,uc1.l0082987033,4.656612873077393e-10,0.0,0.0,1.4901161193847656e-08,0.0,1.1368683772161603e-13,5.587935447692871e-09,1.1368683772161603e-13,1.0,84,0.0,7.275957614183426e-12,1.0,84,,0.0,0.0,1.0,84,0.0,0.0,7.450580596923828e-09,9.1552734375e-05,0.0,0.0,0.0,0.0,0.0,0.0,1.1368683772161603e-13,0.0,1.1368683772161603e-13,0.0,8.526512829121202e-14,0.0,0.0,0.0,8.526512829121202e-14,2.842170943040401e-14,8.326672684688674e-17,4.656612873077393e-10,0.0,1.3877787807814457e-17,2.9103830456733704e-11,0.0,0.0,2.7755575615628914e-17,0.8856408217134633,0.1979015730451121,0.02731106081119127,0.6745074977947666,0.16353698808973668,3.135877575339459e-05,1.5679387876697293e-05,3.135877575339459e-05,256,0.9792086043100309,0.5536417437017608,320,0,0,3.135877575339459e-05,3.135877575339459e-05,260,0,0,0.389779588290854,0.5301708943629665,279,29.27313899578702,0.9621794069821873,278.75,276.59393199183785,0.801018644059569,35,db,413.2962962962963,398.0,188.41229481502944,243,0.9143723369387087,0.671803462110104,0.15839832550987273,5,27.5
rbio3.1,1,zero,3.1157084049173595e-26,315.1594550533331,9941427.278524531,0.5454545454545454,638.9732951532834,108,raw,1.290819303297515e-13,-9.638845277493207e-11,"[2, 5, 11, 17, 22, 25, 29, 38, 44, 52, 55, 60, 65, 74, 78, 84, 89, 95, 98, 101, 105]","[37.99999999999997, 367.9999999999998, 461.00000000000006, 193.0, 951.0, 154.0, 881.0, 242.9999999999999, 491.0, 185.99999999999977, 320.9999999999999, 942.9999999999998, 810.0000000000001, 205.0, 478.0, 275.9999999999999, 346.99999999999955, 79.0, 1007.9999999999999, 114.0, 892.9999999999997]",21,5.886863021311149,153816.6263429752,0.5588838168343205,4.365923718251293e-06,1.0,0.4907407407407407,67631.0,0.1291094199047374,0.15147910127183992,188156.1212645155,82872438.25058056,8,12069.579557418127,0.027777777777777776,"[0.0, 0.009259259259259259, 0.018518518518518517, 0.027777777777777776, 0.037037037037037035, 0.046296296296296294, 0.05555555555555555, 0.06481481481481481, 0.07407407407407407, 0.08333333333333333, 0.09259259259259259, 0.10185185185185185, 0.1111111111111111, 0.12037037037037036, 0.12962962962962962, 0.1388888888888889, 0.14814814814814814, 0.15740740740740738, 0.16666666666666666, 0.17592592592592593, 0.18518518518518517, 0.19444444444444442, 0.2037037037037037, 0.21296296296296297, 0.2222222222222222, 0.23148148148148145, 0.24074074074074073]","[67631.0, 1786.6346316369998, 1155.9831840869379, 12069.579557418127, 1906.5778542068413, 950.5914327636027, 9083.877197385174, 2481.229636774483, 778.6316126029442, 8965.162396385995, 2042.642311477917, 1606.7171021541494, 6927.939836298321, 1790.9411989177936, 2115.0643759896493, 4469.146453396725, 811.3124818658857, 852.4454942250586, 2613.518509595828, 1125.8336361545946, 622.5282936168355, 1595.9028958466959, 1672.0836322356427, 807.7671822537561, 3024.6344394117586, 842.7313814743655, 842.8235732269221]",3.0,0.3,145.15,15,0.5,1721880.1384885076,0.1444554161556429,0.12412575453778008,16430975.452705396,84089526828.82361,"[0.046875, 0.03125]",2,1721880.1384885076,0.046875,"[0.0, 0.015625, 0.03125, 0.046875, 0.0625, 0.078125, 0.09375, 0.109375, 0.125, 0.140625, 0.15625, 0.171875, 0.1875, 0.203125, 0.21875, 0.234375]","[154749.38571156585, 876106.9067082782, 1710291.376891532, 1721880.1384885076, 1236443.397559302, 1200279.6938555264, 1385236.610142781, 1437054.0474222803, 1048940.2936461216, 664501.8455342903, 393060.29715082503, 165807.0810689744, 58528.0666285326, 51528.956393907436, 141871.95181127609, 339557.7347245399]",3.0,0.3,flattop,64,32,145.15,15,21,449.52380952380946,37.99999999999997,1007.9999999999999,"[2, 5, 11, 17, 22, 25, 29, 38, 44, 52, 55, 60, 65, 74, 78, 84, 89, 95, 98, 101, 105]","[37.99999999999997, 367.9999999999998, 461.00000000000006, 193.0, 951.0, 154.0, 881.0, 242.9999999999999, 491.0, 185.99999999999977, 320.9999999999999, 942.9999999999998, 810.0000000000001, 205.0, 478.0, 275.9999999999999, 346.99999999999955, 79.0, 1007.9999999999999, 114.0, 892.9999999999997]","[1, 1, 1, 15, 1, 24, 27, 35, 35, 49, 35, 35, 63, 73, 73, 73, 35, 92, 35, 99, 99]","[3, 8, 18, 18, 35, 27, 35, 39, 49, 53, 56, 73, 73, 75, 81, 85, 92, 97, 106, 102, 106]",0.05,30,52684908.99999999,1015.9999999999998,-1015.9999999999998,DWT,uc1.l0082987033,1.1641532182693481e-09,0.0,5.684341886080802e-14,0.0,0.0,1.1368683772161603e-13,3.725290298461914e-09,2.2737367544323206e-13,1.0,84,0.0,3.637978807091713e-12,1.0,84,,0.0,0.0,1.0,84,0.0,0.0,7.450580596923828e-09,4.57763671875e-05,0.0,0.0,0.0,0.0,5.684341886080802e-14,1.8189894035458565e-12,1.0150610510858575e-13,0.0,2.2737367544323206e-13,0.0,0.0,0.0,0.0,0.0,0.0,2.842170943040401e-14,5.551115123125783e-17,1.1641532182693481e-09,0.0,0.0,2.9103830456733704e-11,0.0,0.0,2.7755575615628914e-17,0.8947051626492901,0.5670923480844917,0.07884734557515669,0.30066023362112726,0.17784386073233885,3.135877575339459e-05,1.5679387876697293e-05,3.135877575339459e-05,277,1.0511945821607847,0.5943424096517397,230,0,0,3.135877575339459e-05,3.135877575339459e-05,320,0,0,0.40382979013248094,0.5492817157095093,249,39.098167049961134,0.9494855722868719,269.0,264.91823023858836,0.8009701763243144,36,rbio,366.5925925925926,360.0,210.3588723315502,135,0.8110455588331695,0.7500562468954116,0.20725123474815782,3,27.75
rbio3.1,1,reflect,3.117251066243125e-26,315.1573052902294,9944925.24133755,0.5454545454545454,638.9732951532834,108,raw,1.2927930331190708e-13,-9.640843678937533e-11,"[2, 5, 11, 17, 22, 25, 29, 38, 44, 52, 55, 60, 65, 74, 78, 84, 89, 95, 98, 101, 105]","[37.99999999999997, 367.9999999999998, 461.00000000000006, 193.0, 951.0, 154.0, 881.0, 242.9999999999999, 491.0, 185.99999999999977, 320.9999999999999, 942.9999999999998, 810.0000000000001, 205.0, 478.0, 275.9999999999999, 346.99999999999955, 79.0, 1007.9999999999999, 114.0, 892.9999999999997]",21,5.8989986552286835,151671.28221074378,0.5723260566815145,4.365923718251293e-06,1.0,0.4907407407407407,67631.0,0.1291094199047374,0.15147910127183992,188156.1212645155,82872438.25058056,8,12069.579557418127,0.027777777777777776,"[0.0, 0.009259259259259259, 0.018518518518518517, 0.027777777777777776, 0.037037037037037035, 0.046296296296296294, 0.05555555555555555, 0.06481481481481481, 0.07407407407407407, 0.08333333333333333, 0.09259259259259259, 0.10185185185185185, 0.1111111111111111, 0.12037037037037036, 0.12962962962962962, 0.1388888888888889, 0.14814814814814814, 0.15740740740740738, 0.16666666666666666, 0.17592592592592593, 0.18518518518518517, 0.19444444444444442, 0.2037037037037037, 0.21296296296296297, 0.2222222222222222, 0.23148148148148145, 0.24074074074074073]","[67631.0, 1786.6346316369998, 1155.9831840869379, 12069.579557418127, 1906.5778542068413, 950.5914327636027, 9083.877197385174, 2481.229636774483, 778.6316126029442, 8965.162396385995, 2042.6423114779172, 1606.7171021541494, 6927.939836298321, 1790.9411989177936, 2115.0643759896493, 4469.146453396725, 811.3124818658857, 852.4454942250585, 2613.518509595828, 1125.8336361545946, 622.5282936168355, 1595.9028958466959, 1672.0836322356427, 807.7671822537561, 3024.6344394117586, 842.7313814743655, 842.8235732269221]",3.0,0.3,145.15,15,0.5,1721880.1384885076,0.1444554161556429,0.12412575453778008,16430975.452705396,84089526828.82361,"[0.046875, 0.03125]",2,1721880.1384885076,0.046875,"[0.0, 0.015625, 0.03125, 0.046875, 0.0625, 0.078125, 0.09375, 0.109375, 0.125, 0.140625, 0.15625, 0.171875, 0.1875, 0.203125, 0.21875, 0.234375]","[154749.38571156585, 876106.9067082782, 1710291.376891532, 1721880.1384885076, 1236443.397559302, 1200279.6938555264, 1385236.610142781, 1437054.0474222803, 1048940.2936461216, 664501.8455342903, 393060.29715082503, 165807.0810689744, 58528.0666285326, 51528.956393907436, 141871.95181127609, 339557.7347245399]",3.0,0.3,flattop,64,32,145.15,15,21,449.52380952380946,37.99999999999997,1007.9999999999999,"[2, 5, 11, 17, 22, 25, 29, 38, 44, 52, 55, 60, 65, 74, 78, 84, 89, 95, 98, 101, 105]","[37.99999999999997, 367.9999999999998, 461.00000000000006, 193.0, 951.0, 154.0, 881.0, 242.9999999999999, 491.0, 185.99999999999977, 320.9999999999999, 942.9999999999998, 810.0000000000001, 205.0, 478.0, 275.9999999999999, 346.99999999999955, 79.0, 1007.9999999999999, 114.0, 892.9999999999997]","[1, 1, 1, 15, 1, 24, 27, 35, 35, 49, 35, 35, 63, 73, 73, 73, 35, 92, 35, 99, 99]","[3, 8, 18, 18, 35, 27, 35, 39, 49, 53, 56, 73, 73, 75, 81, 85, 92, 97, 106, 102, 106]",0.05,30,52684908.99999999,1015.9999999999998,-1015.9999999999998,DWT,uc1.l0082987033,1.1641532182693481e-09,0.0,5.684341886080802e-14,0.0,0.0,1.1368683772161603e-13,3.725290298461914e-09,2.2737367544323206e-13,1.0,84,0.0,3.637978807091713e-12,1.0,84,,0.0,0.0,1.0,84,0.0,0.0,7.450580596923828e-09,4.57763671875e-05,0.0,0.0,0.0,0.0,5.684341886080802e-14,1.8189894035458565e-12,1.0150610510858575e-13,0.0,2.2737367544323206e-13,0.0,0.0,0.0,0.0,0.0,0.0,2.842170943040401e-14,5.551115123125783e-17,1.1641532182693481e-09,0.0,0.0,2.9103830456733704e-11,0.0,0.0,2.7755575615628914e-17,0.8946830917366698,0.5826422633982786,0.07918666044277789,0.30066023362112726,0.1720366231318062,3.135877575339459e-05,1.5679387876697293e-05,3.135877575339459e-05,271,1.0568030596637035,0.5975134267879872,218,0,0,3.135877575339459e-05,3.135877575339459e-05,324,0,0,0.405841774466132,0.5520183791102108,242,45.638981875877406,0.9410349071371092,263.75,258.1337289142913,0.8001363166176503,37,rbio,366.5925925925926,360.0,210.3588723315502,135,0.8110455588331695,0.7500562468954116,0.20725123474815782,3,28.5
db13,1,reflect,2.148637977792808e-26,316.77339063439024,10656656.674683424,0.5757575757575758,512.4819786221767,108,raw,1.1094006371995081e-13,-1.1393153087624409e-10,"[2, 5, 11, 17, 22, 25, 29, 38, 44, 52, 55, 60, 65, 74, 78, 84, 89, 95, 98, 101, 105]","[38.00000000000003, 368.00000000000034, 461.0000000000003, 193.00000000000023, 951.0000000000002, 154.0000000000001, 881.0, 243.00000000000006, 490.9999999999999, 186.0, 320.99999999999966, 943.0, 810.0, 205.00000000000006, 478.0, 275.9999999999999, 347.0000000000002, 79.00000000000057, 1008.0, 114.00000000000034, 892.9999999999997]",21,5.956352774610125,93913.93319541999,0.7510343744612041,4.365923718251291e-06,1.0,0.4907407407407407,67631.0,0.12910941990473737,0.15147910127183992,188156.12126451556,82872438.25058056,8,12069.579557418134,0.027777777777777776,"[0.0, 0.009259259259259259, 0.018518518518518517, 0.027777777777777776, 0.037037037037037035, 0.046296296296296294, 0.05555555555555555, 0.06481481481481481, 0.07407407407407407, 0.08333333333333333, 0.09259259259259259, 0.10185185185185185, 0.1111111111111111, 0.12037037037037036, 0.12962962962962962, 0.1388888888888889, 0.14814814814814814, 0.15740740740740738, 0.16666666666666666, 0.17592592592592593, 0.18518518518518517, 0.19444444444444442, 0.2037037037037037, 0.21296296296296297, 0.2222222222222222, 0.23148148148148145, 0.24074074074074073]","[67631.0, 1786.6346316370023, 1155.9831840869385, 12069.579557418134, 1906.5778542068447, 950.5914327636015, 9083.877197385176, 2481.229636774485, 778.6316126029456, 8965.162396385991, 2042.6423114779175, 1606.7171021541487, 6927.939836298326, 1790.9411989177936, 2115.064375989648, 4469.146453396724, 811.3124818658861, 852.4454942250569, 2613.5185095958277, 1125.8336361545964, 622.528293616837, 1595.9028958466977, 1672.0836322356445, 807.7671822537552, 3024.634439411759, 842.731381474366, 842.823573226921]",3.0,0.3,145.15000000000003,15,0.5,1721880.1384885083,0.14445541615564295,0.12412575453778008,16430975.452705402,84089526828.82368,"[0.046875, 0.03125]",2,1721880.1384885083,0.046875,"[0.0, 0.015625, 0.03125, 0.046875, 0.0625, 0.078125, 0.09375, 0.109375, 0.125, 0.140625, 0.15625, 0.171875, 0.1875, 0.203125, 0.21875, 0.234375]","[154749.3857115655, 876106.906708278, 1710291.376891533, 1721880.1384885083, 1236443.3975593017, 1200279.6938555264, 1385236.6101427819, 1437054.0474222812, 1048940.2936461228, 664501.8455342911, 393060.29715082527, 165807.08106897454, 58528.06662853262, 51528.95639390753, 141871.95181127632, 339557.73472454015]",3.0,0.3,flattop,64,32,145.15000000000003,15,21,449.52380952380963,38.00000000000003,1008.0,"[2, 5, 11, 17, 22, 25, 29, 38, 44, 52, 55, 60, 65, 74, 78, 84, 89, 95, 98, 101, 105]","[38.00000000000003, 368.00000000000034, 461.0000000000003, 193.00000000000023, 951.0000000000002, 154.0000000000001, 881.0, 243.00000000000006, 490.9999999999999, 186.0, 320.99999999999966, 943.0, 810.0, 205.00000000000006, 478.0, 275.9999999999999, 347.0000000000002, 79.00000000000057, 1008.0, 114.00000000000034, 892.9999999999997]","[1, 1, 1, 15, 1, 24, 27, 35, 35, 49, 35, 35, 63, 73, 73, 73, 35, 92, 35, 99, 99]","[3, 8, 18, 18, 35, 27, 35, 39, 49, 53, 56, 73, 73, 75, 81, 85, 92, 97, 106, 102, 106]",0.05,30,52684909.00000001,1016.0,-1016.0,DWT,uc1.l0082987033,4.656612873077393e-10,0.0,1.1368683772161603e-13,0.0,0.0,0.0,1.862645149230957e-09,0.0,1.0,84,0.0,3.637978807091713e-12,1.0,84,,0.0,0.0,1.0,84,0.0,0.0,7.450580596923828e-09,3.0517578125e-05,0.0,0.0,0.0,0.0,1.1368683772161603e-13,1.8189894035458565e-12,1.6105635343895603e-13,0.0,0.0,0.0,2.842170943040401e-14,0.0,0.0,0.0,2.842170943040401e-14,2.842170943040401e-14,8.326672684688674e-17,4.656612873077393e-10,0.0,0.0,2.9103830456733704e-11,0.0,0.0,2.7755575615628914e-17,0.911274909856706,0.6561325899307598,0.14822714771974785,0.6389029964448965,0.01569310515270856,3.135877575339459e-05,1.5679387876697293e-05,3.135877575339459e-05,260,1.2107832553783195,0.684573388961264,111,0,0,3.135877575339459e-05,3.135877575339459e-05,325,0,0,0.4740461498209637,0.6447886928146729,118,106.17752430089273,0.8628197360453582,203.5,163.8896776087511,0.7999499197022657,38,db,413.2962962962963,398.0,188.41229481502944,243,0.9143723369387087,0.671803462110104,0.15839832550987273,5,29.75
rbio3.1,1,antireflect,3.118186012501164e-26,315.1560029212096,9944544.40066839,0.5454545454545454,638.9732951532834,108,raw,1.2941088530001078e-13,-9.641165643614674e-11,"[2, 5, 11, 17, 22, 25, 29, 38, 44, 52, 55, 60, 65, 74, 78, 84, 89, 95, 98, 101, 105]","[37.99999999999997, 367.9999999999998, 461.00000000000006, 193.0, 951.0, 154.0, 881.0, 242.9999999999999, 491.0, 185.99999999999977, 320.9999999999999, 942.9999999999998, 810.0000000000001, 205.0, 478.0, 275.9999999999999, 346.99999999999955, 79.0, 1007.9999999999999, 114.0, 892.9999999999997]",21,5.8974720974706685,156996.9396487603,0.5541380664689876,4.365923718251293e-06,0.9999999999999998,0.4907407407407407,67631.0,0.1291094199047374,0.15147910127183992,188156.1212645155,82872438.25058056,8,12069.579557418127,0.027777777777777776,"[0.0, 0.009259259259259259, 0.018518518518518517, 0.027777777777777776, 0.037037037037037035, 0.046296296296296294, 0.05555555555555555, 0.06481481481481481, 0.07407407407407407, 0.08333333333333333, 0.09259259259259259, 0.10185185185185185, 0.1111111111111111, 0.12037037037037036, 0.12962962962962962, 0.1388888888888889, 0.14814814814814814, 0.15740740740740738, 0.16666666666666666, 0.17592592592592593, 0.18518518518518517, 0.19444444444444442, 0.2037037037037037, 0.21296296296296297, 0.2222222222222222, 0.23148148148148145, 0.24074074074074073]","[67631.0, 1786.6346316369998, 1155.9831840869379, 12069.579557418127, 1906.5778542068413, 950.5914327636026, 9083.877197385174, 2481.229636774483, 778.6316126029442, 8965.162396385995, 2042.6423114779172, 1606.7171021541494, 6927.939836298321, 1790.9411989177936, 2115.0643759896493, 4469.146453396725, 811.3124818658857, 852.4454942250585, 2613.518509595828, 1125.8336361545946, 622.5282936168355, 1595.9028958466959, 1672.0836322356424, 807.7671822537561, 3024.6344394117586, 842.7313814743655, 842.8235732269221]",3.0,0.3,145.15,15,0.5,1721880.1384885076,0.1444554161556429,0.12412575453778008,16430975.452705396,84089526828.82361,"[0.046875, 0.03125]",2,1721880.1384885076,0.046875,"[0.0, 0.015625, 0.03125, 0.046875, 0.0625, 0.078125, 0.09375, 0.109375, 0.125, 0.140625, 0.15625, 0.171875, 0.1875, 0.203125, 0.21875, 0.234375]","[154749.38571156585, 876106.9067082782, 1710291.376891532, 1721880.1384885076, 1236443.397559302, 1200279.6938555264, 1385236.610142781, 1437054.0474222803, 1048940.2936461216, 664501.8455342903, 393060.29715082503, 165807.0810689744, 58528.0666285326, 51528.956393907436, 141871.95181127609, 339557.7347245399]",3.0,0.3,flattop,64,32,145.15,15,21,449.52380952380946,37.99999999999997,1007.9999999999999,"[2, 5, 11, 17, 22, 25, 29, 38, 44, 52, 55, 60, 65, 74, 78, 84, 89, 95, 98, 101, 105]","[37.99999999999997, 367.9999999999998, 461.00000000000006, 193.0, 951.0, 154.0, 881.0, 242.9999999999999, 491.0, 185.99999999999977, 320.9999999999999, 942.9999999999998, 810.0000000000001, 205.0, 478.0, 275.9999999999999, 346.99999999999955, 79.0, 1007.9999999999999, 114.0, 892.9999999999997]","[1, 1, 1, 15, 1, 24, 27, 35, 35, 49, 35, 35, 63, 73, 73, 73, 35, 92, 35, 99, 99]","[3, 8, 18, 18, 35, 27, 35, 39, 49, 53, 56, 73, 73, 75, 81, 85, 92, 97, 106, 102, 106]",0.05,30,52684908.99999999,1015.9999999999998,-1015.9999999999998,DWT,uc1.l0082987033,1.1641532182693481e-09,0.0,5.684341886080802e-14,0.0,0.0,1.1368683772161603e-13,3.725290298461914e-09,2.2737367544323206e-13,1.0,84,0.0,3.637978807091713e-12,1.0,84,,0.0,0.0,1.0,84,0.0,0.0,7.450580596923828e-09,4.57763671875e-05,0.0,0.0,0.0,0.0,5.684341886080802e-14,1.8189894035458565e-12,1.0150610510858575e-13,0.0,2.2737367544323206e-13,0.0,0.0,0.0,0.0,0.0,0.0,2.842170943040401e-14,5.551115123125783e-17,1.1641532182693481e-09,0.0,0.0,2.9103830456733704e-11,0.0,0.0,2.7755575615628914e-17,0.8946697207411471,0.5806862185785318,0.0791497175396801,0.30066023362112726,0.1864526590753905,3.135877575339459e-05,1.5679387876697293e-05,3.135877575339459e-05,269,1.0615649575824013,0.6002057902490858,214,0,0,3.135877575339459e-05,3.135877575339459e-05,328,0,0,0.4083237099111754,0.5553942612091675,235,49.78955713801841,0.9356724067984258,261.5,254.86685865213633,0.7989085548204016,39,rbio,366.5925925925926,360.0,210.3588723315502,135,0.8110455588331695,0.7500562468954116,0.20725123474815782,3,30.0
db26,1,reflect,2.785438639264829e-26,315.6460871540223,12439852.215001147,0.569620253164557,457.7794244333047,108,raw,1.216475480018912e-13,-1.1531875454551325e-10,"[2, 5, 11, 17, 22, 25, 29, 38, 44, 52, 55, 60, 65, 74, 78, 84, 89, 95, 98, 101, 105]","[38.00000000000006, 368.0, 460.9999999999999, 192.99999999999994, 951.0000000000002, 154.0000000000001, 880.9999999999998, 243.00000000000006, 490.9999999999999, 186.00000000000045, 320.9999999999999, 942.9999999999999, 809.9999999999995, 204.99999999999991, 477.99999999999966, 275.9999999999998, 346.99999999999966, 79.00000000000023, 1008.0, 113.99999999999977, 893.0]",21,6.132001541131133,99208.07499181684,0.8168141894956535,4.3659237182512925e-06,1.0,0.4907407407407407,67631.0,0.1291094199047374,0.15147910127183992,188156.12126451553,82872438.25058056,8,12069.57955741813,0.027777777777777776,"[0.0, 0.009259259259259259, 0.018518518518518517, 0.027777777777777776, 0.037037037037037035, 0.046296296296296294, 0.05555555555555555, 0.06481481481481481, 0.07407407407407407, 0.08333333333333333, 0.09259259259259259, 0.10185185185185185, 0.1111111111111111, 0.12037037037037036, 0.12962962962962962, 0.1388888888888889, 0.14814814814814814, 0.15740740740740738, 0.16666666666666666, 0.17592592592592593, 0.18518518518518517, 0.19444444444444442, 0.2037037037037037, 0.21296296296296297, 0.2222222222222222, 0.23148148148148145, 0.24074074074074073]","[67631.0, 1786.6346316370018, 1155.9831840869385, 12069.57955741813, 1906.5778542068426, 950.5914327636004, 9083.877197385173, 2481.2296367744843, 778.6316126029436, 8965.162396385995, 2042.6423114779159, 1606.7171021541503, 6927.939836298323, 1790.941198917793, 2115.0643759896484, 4469.146453396724, 811.3124818658845, 852.4454942250561, 2613.5185095958273, 1125.8336361545942, 622.5282936168389, 1595.902895846698, 1672.0836322356417, 807.7671822537561, 3024.63443941176, 842.7313814743663, 842.8235732269202]",3.0,0.3,145.14999999999995,15,0.5,1721880.1384885085,0.14445541615564292,0.12412575453778008,16430975.4527054,84089526828.82372,"[0.046875, 0.03125]",2,1721880.1384885085,0.046875,"[0.0, 0.015625, 0.03125, 0.046875, 0.0625, 0.078125, 0.09375, 0.109375, 0.125, 0.140625, 0.15625, 0.171875, 0.1875, 0.203125, 0.21875, 0.234375]","[154749.38571156538, 876106.9067082778, 1710291.376891532, 1721880.1384885085, 1236443.3975593026, 1200279.6938555273, 1385236.610142782, 1437054.047422281, 1048940.2936461223, 664501.8455342909, 393060.29715082527, 165807.0810689747, 58528.06662853267, 51528.95639390747, 141871.95181127609, 339557.7347245397]",3.0,0.3,flattop,64,32,145.14999999999995,15,21,449.5238095238095,38.00000000000006,1008.0,"[2, 5, 11, 17, 22, 25, 29, 38, 44, 52, 55, 60, 65, 74, 78, 84, 89, 95, 98, 101, 105]","[38.00000000000006, 368.0, 460.9999999999999, 192.99999999999994, 951.0000000000002, 154.0000000000001, 880.9999999999998, 243.00000000000006, 490.9999999999999, 186.00000000000045, 320.9999999999999, 942.9999999999999, 809.9999999999995, 204.99999999999991, 477.99999999999966, 275.9999999999998, 346.99999999999966, 79.00000000000023, 1008.0, 113.99999999999977, 893.0]","[1, 1, 1, 15, 1, 24, 27, 35, 35, 49, 35, 35, 63, 73, 73, 73, 35, 92, 35, 99, 99]","[3, 8, 18, 18, 35, 27, 35, 39, 49, 53, 56, 73, 73, 75, 81, 85, 92, 97, 106, 102, 106]",0.05,30,52684909.00000001,1015.9999999999999,-1015.9999999999999,DWT,uc1.l0082987033,2.3283064365386963e-10,0.0,0.0,0.0,0.0,0.0,0.0,1.1368683772161603e-13,1.0,84,0.0,0.0,1.0,84,,0.0,0.0,1.0,84,0.0,0.0,7.450580596923828e-09,6.103515625e-05,0.0,0.0,0.0,0.0,0.0,0.0,1.6917684184764288e-13,0.0,1.1368683772161603e-13,0.0,5.684341886080802e-14,0.0,0.0,0.0,5.684341886080802e-14,5.684341886080802e-14,5.551115123125783e-17,2.3283064365386963e-10,0.0,0.0,0.0,0.0,0.0,0.0,0.8997012548019601,0.8811989904940161,0.3212034745273171,0.5703981330881839,0.030023831324182654,3.135877575339459e-05,1.5679387876697293e-05,3.135877575339459e-05,249,1.3811907711567892,0.7809213109057963,47,0,0,3.135877575339459e-05,3.135877575339459e-05,330,0,0,0.540505136847132,0.7351849620103504,53,142.19558127218065,0.8162847787181129,169.75,84.76212690188687,0.7984847666200383,40,db,413.2962962962963,398.0,188.41229481502944,243,0.9143723369387087,0.671803462110104,0.15839832550987273,5,31.25
db23,1,symmetric,3.314805210566917e-26,314.89044298339087,11689331.461199105,0.5921052631578947,466.28100726833713,108,raw,1.4151642820555324e-13,-1.2233369872660737e-10,"[2, 5, 11, 17, 22, 25, 29, 38, 44, 52, 55, 60, 65, 74, 78, 84, 89, 95, 98, 101, 105]","[37.999999999999915, 367.99999999999983, 460.99999999999994, 192.9999999999999, 951.0000000000002, 153.9999999999999, 880.9999999999998, 243.00000000000009, 491.00000000000006, 185.9999999999999, 320.9999999999999, 943.0000000000001, 810.0, 205.0000000000001, 478.0000000000002, 276.0000000000002, 346.9999999999999, 79.00000000000034, 1007.9999999999999, 114.00000000000011, 893.0000000000005]",21,6.100942170072236,102981.18623428424,0.8044662334546918,4.365923718251291e-06,1.0,0.4907407407407407,67631.00000000003,0.12910941990473737,0.15147910127183992,188156.1212645156,82872438.25058062,8,12069.579557418134,0.027777777777777776,"[0.0, 0.009259259259259259, 0.018518518518518517, 0.027777777777777776, 0.037037037037037035, 0.046296296296296294, 0.05555555555555555, 0.06481481481481481, 0.07407407407407407, 0.08333333333333333, 0.09259259259259259, 0.10185185185185185, 0.1111111111111111, 0.12037037037037036, 0.12962962962962962, 0.1388888888888889, 0.14814814814814814, 0.15740740740740738, 0.16666666666666666, 0.17592592592592593, 0.18518518518518517, 0.19444444444444442, 0.2037037037037037, 0.21296296296296297, 0.2222222222222222, 0.23148148148148145, 0.24074074074074073]","[67631.00000000003, 1786.6346316370011, 1155.983184086938, 12069.579557418134, 1906.5778542068429, 950.5914327636002, 9083.87719738518, 2481.229636774485, 778.6316126029434, 8965.162396385995, 2042.642311477916, 1606.717102154149, 6927.939836298326, 1790.941198917794, 2115.064375989648, 4469.146453396725, 811.3124818658865, 852.4454942250574, 2613.518509595827, 1125.8336361545937, 622.5282936168376, 1595.9028958466988, 1672.0836322356424, 807.7671822537579, 3024.6344394117623, 842.7313814743665, 842.8235732269206]",3.0,0.3,145.15000000000015,15,0.5,1721880.1384885092,0.14445541615564295,0.1241257545377801,16430975.452705402,84089526828.82372,"[0.046875, 0.03125]",2,1721880.1384885092,0.046875,"[0.0, 0.015625, 0.03125, 0.046875, 0.0625, 0.078125, 0.09375, 0.109375, 0.125, 0.140625, 0.15625, 0.171875, 0.1875, 0.203125, 0.21875, 0.234375]","[154749.38571156556, 876106.906708278, 1710291.3768915331, 1721880.1384885092, 1236443.3975593024, 1200279.693855527, 1385236.6101427816, 1437054.0474222808, 1048940.293646122, 664501.8455342907, 393060.29715082515, 165807.08106897457, 58528.06662853263, 51528.95639390757, 141871.9518112763, 339557.7347245401]",3.0,0.3,flattop,64,32,145.15000000000015,15,21,449.5238095238095,37.999999999999915,1007.9999999999999,"[2, 5, 11, 17, 22, 25, 29, 38, 44, 52, 55, 60, 65, 74, 78, 84, 89, 95, 98, 101, 105]","[37.999999999999915, 367.99999999999983, 460.99999999999994, 192.9999999999999, 951.0000000000002, 153.9999999999999, 880.9999999999998, 243.00000000000009, 491.00000000000006, 185.9999999999999, 320.9999999999999, 943.0000000000001, 810.0, 205.0000000000001, 478.0000000000002, 276.0000000000002, 346.9999999999999, 79.00000000000034, 1007.9999999999999, 114.00000000000011, 893.0000000000005]","[1, 1, 1, 15, 1, 24, 27, 35, 35, 49, 35, 35, 63, 73, 73, 73, 35, 92, 35, 99, 99]","[3, 8, 18, 18, 35, 27, 35, 39, 49, 53, 56, 73, 73, 75, 81, 85, 92, 97, 106, 102, 106]",0.05,30,52684909.00000001,1016.0,-1016.0,DWT,uc1.l0082987033,4.656612873077393e-10,0.0,0.0,5.960464477539063e-08,0.0,1.1368683772161603e-13,1.862645149230957e-09,0.0,1.0,84,0.0,3.637978807091713e-12,1.0,84,,0.0,0.0,1.0,84,0.0,0.0,7.450580596923828e-09,6.103515625e-05,2.9103830456733704e-11,0.0,0.0,0.0,0.0,0.0,1.51582450295488e-13,0.0,0.0,0.0,1.4210854715202004e-13,0.0,0.0,0.0,1.4210854715202004e-13,8.526512829121202e-14,8.326672684688674e-17,4.656612873077393e-10,0.0,2.7755575615628914e-17,5.820766091346741e-11,0.0,0.0,2.7755575615628914e-17,0.8919433039685574,0.841401268104953,0.24840028483203888,0.821376065862981,0.0402372759408552,3.135877575339459e-05,1.5679387876697293e-05,3.135877575339459e-05,254,1.424712095571165,0.8055281432303171,36,0,0,3.135877575339459e-05,3.135877575339459e-05,326,0,0,0.5686716397418772,0.773496511612689,39,148.71981486450733,0.8078555363507658,163.75,66.19963272034644,0.7981461144286128,41,db,413.2962962962963,398.0,188.41229481502944,243,0.9143723369387087,0.671803462110104,0.15839832550987273,5,32.0
rbio1.5,1,antisymmetric,1.6809515641578338e-26,317.8394711155695,9711270.544260256,0.5689655172413793,339.60198818493313,108,raw,1.0911436363501165e-13,-1.2218537293051732e-10,"[2, 5, 11, 17, 22, 25, 29, 38, 44, 52, 55, 60, 65, 74, 78, 84, 89, 95, 98, 101, 105]","[38.00000000000003, 367.9999999999999, 461.00000000000006, 193.0, 951.0000000000001, 154.0, 881.0000000000002, 243.00000000000006, 491.00000000000017, 186.0, 321.0000000000001, 943.0000000000001, 810.0000000000002, 205.00000000000003, 478.0, 276.0, 347.0, 78.99999999999989, 1008.0000000000002, 114.0, 893.0000000000002]",21,5.650411407149807,155052.11538324348,0.8808859143753212,4.365923718251291e-06,1.0,0.4907407407407407,67631.00000000001,0.12910941990473737,0.15147910127183992,188156.1212645156,82872438.25058061,8,12069.579557418136,0.027777777777777776,"[0.0, 0.009259259259259259, 0.018518518518518517, 0.027777777777777776, 0.037037037037037035, 0.046296296296296294, 0.05555555555555555, 0.06481481481481481, 0.07407407407407407, 0.08333333333333333, 0.09259259259259259, 0.10185185185185185, 0.1111111111111111, 0.12037037037037036, 0.12962962962962962, 0.1388888888888889, 0.14814814814814814, 0.15740740740740738, 0.16666666666666666, 0.17592592592592593, 0.18518518518518517, 0.19444444444444442, 0.2037037037037037, 0.21296296296296297, 0.2222222222222222, 0.23148148148148145, 0.24074074074074073]","[67631.00000000001, 1786.634631637001, 1155.9831840869394, 12069.579557418136, 1906.5778542068424, 950.5914327636011, 9083.87719738518, 2481.229636774485, 778.6316126029438, 8965.162396385995, 2042.6423114779186, 1606.7171021541496, 6927.939836298324, 1790.941198917794, 2115.0643759896484, 4469.146453396728, 811.3124818658861, 852.4454942250575, 2613.5185095958295, 1125.8336361545935, 622.528293616836, 1595.902895846697, 1672.083632235643, 807.7671822537574, 3024.6344394117605, 842.7313814743653, 842.8235732269203]",3.0,0.3,145.15000000000003,15,0.5,1721880.1384885092,0.14445541615564292,0.12412575453778008,16430975.452705408,84089526828.82373,"[0.046875, 0.03125]",2,1721880.1384885092,0.046875,"[0.0, 0.015625, 0.03125, 0.046875, 0.0625, 0.078125, 0.09375, 0.109375, 0.125, 0.140625, 0.15625, 0.171875, 0.1875, 0.203125, 0.21875, 0.234375]","[154749.3857115653, 876106.906708278, 1710291.3768915331, 1721880.1384885092, 1236443.3975593029, 1200279.6938555273, 1385236.610142782, 1437054.0474222815, 1048940.2936461228, 664501.8455342911, 393060.29715082544, 165807.0810689747, 58528.06662853267, 51528.956393907596, 141871.95181127626, 339557.73472454003]",3.0,0.3,flattop,64,32,145.15000000000003,15,21,449.52380952380963,38.00000000000003,1008.0000000000002,"[2, 5, 11, 17, 22, 25, 29, 38, 44, 52, 55, 60, 65, 74, 78, 84, 89, 95, 98, 101, 105]","[38.00000000000003, 367.9999999999999, 461.00000000000006, 193.0, 951.0000000000001, 154.0, 881.0000000000002, 243.00000000000006, 491.00000000000017, 186.0, 321.0000000000001, 943.0000000000001, 810.0000000000002, 205.00000000000003, 478.0, 276.0, 347.0, 78.99999999999989, 1008.0000000000002, 114.0, 893.0000000000002]","[1, 1, 1, 15, 1, 24, 27, 35, 35, 49, 35, 35, 63, 73, 73, 73, 35, 92, 35, 99, 99]","[3, 8, 18, 18, 35, 27, 35, 39, 49, 53, 56, 73, 73, 75, 81, 85, 92, 97, 106, 102, 106]",0.05,30,52684909.00000001,1016.0000000000002,-1016.0000000000002,DWT,uc1.l0082987033,4.656612873077393e-10,0.0,1.1368683772161603e-13,4.470348358154297e-08,0.0,2.2737367544323206e-13,7.450580596923828e-09,2.2737367544323206e-13,1.0,84,0.0,5.4569682106375694e-12,1.0,84,,0.0,0.0,1.0,84,0.0,0.0,7.450580596923828e-09,7.62939453125e-05,1.4551915228366852e-11,0.0,0.0,0.0,1.1368683772161603e-13,1.8189894035458565e-12,8.661854302599316e-14,0.0,2.2737367544323206e-13,0.0,2.842170943040401e-14,0.0,0.0,0.0,2.842170943040401e-14,2.842170943040401e-14,8.326672684688674e-17,4.656612873077393e-10,0.0,0.0,5.820766091346741e-11,0.0,0.0,0.0,0.9222200084611558,0.2641166155432651,0.05652132154530374,0.5630899633981896,0.18118820922258744,3.135877575339459e-05,1.5679387876697293e-05,3.135877575339459e-05,239,1.0113622426692888,0.5718213188497128,272,0,0,3.135877575339459e-05,3.135877575339459e-05,333,0,0,0.3974272236341004,0.5405730646958707,268,39.50527390952589,0.9489595944321371,278.0,274.0680142021307,0.794893233908575,42,rbio,366.5925925925926,360.0,210.3588723315502,135,0.8110455588331695,0.7500562468954116,0.20725123474815782,3,32.25
db23,1,periodic,3.8763806804584736e-26,314.21075890764,11994003.9156952,0.5657894736842105,403.6338006604596,108,raw,1.521087782479029e-13,-1.2394574255836308e-10,"[2, 5, 11, 17, 22, 25, 29, 38, 44, 52, 55, 60, 65, 74, 78, 84, 89, 95, 98, 101, 105]","[37.99999999999994, 368.0, 461.0, 193.0, 950.9999999999999, 154.0, 880.9999999999998, 243.00000000000009, 491.00000000000006, 185.9999999999999, 320.9999999999999, 943.0000000000001, 810.0, 205.00000000000014, 478.0, 276.00000000000045, 346.9999999999998, 79.00000000000034, 1007.9999999999999, 114.0, 893.0]",21,6.054031013702689,103213.55984874317,0.818800670246044,4.365923718251291e-06,0.9999999999999998,0.4907407407407407,67631.0,0.1291094199047374,0.15147910127183992,188156.12126451556,82872438.25058058,8,12069.579557418134,0.027777777777777776,"[0.0, 0.009259259259259259, 0.018518518518518517, 0.027777777777777776, 0.037037037037037035, 0.046296296296296294, 0.05555555555555555, 0.06481481481481481, 0.07407407407407407, 0.08333333333333333, 0.09259259259259259, 0.10185185185185185, 0.1111111111111111, 0.12037037037037036, 0.12962962962962962, 0.1388888888888889, 0.14814814814814814, 0.15740740740740738, 0.16666666666666666, 0.17592592592592593, 0.18518518518518517, 0.19444444444444442, 0.2037037037037037, 0.21296296296296297, 0.2222222222222222, 0.23148148148148145, 0.24074074074074073]","[67631.0, 1786.6346316370032, 1155.983184086941, 12069.579557418134, 1906.5778542068438, 950.5914327636, 9083.87719738518, 2481.229636774485, 778.6316126029443, 8965.162396385993, 2042.6423114779166, 1606.7171021541496, 6927.939836298326, 1790.9411989177931, 2115.0643759896475, 4469.146453396725, 811.3124818658864, 852.4454942250554, 2613.518509595829, 1125.8336361545937, 622.5282936168383, 1595.9028958466984, 1672.0836322356408, 807.7671822537574, 3024.634439411761, 842.731381474365, 842.8235732269202]",3.0,0.3,145.15000000000012,15,0.5,1721880.1384885088,0.14445541615564295,0.12412575453778009,16430975.452705402,84089526828.82373,"[0.046875, 0.03125]",2,1721880.1384885088,0.046875,"[0.0, 0.015625, 0.03125, 0.046875, 0.0625, 0.078125, 0.09375, 0.109375, 0.125, 0.140625, 0.15625, 0.171875, 0.1875, 0.203125, 0.21875, 0.234375]","[154749.38571156503, 876106.9067082772, 1710291.3768915324, 1721880.1384885088, 1236443.3975593033, 1200279.6938555273, 1385236.610142782, 1437054.0474222815, 1048940.2936461228, 664501.8455342909, 393060.2971508253, 165807.08106897463, 58528.066628532644, 51528.95639390753, 141871.95181127626, 339557.73472454003]",3.0,0.3,flattop,64,32,145.15000000000012,15,21,449.5238095238095,37.99999999999994,1007.9999999999999,"[2, 5, 11, 17, 22, 25, 29, 38, 44, 52, 55, 60, 65, 74, 78, 84, 89, 95, 98, 101, 105]","[37.99999999999994, 368.0, 461.0, 193.0, 950.9999999999999, 154.0, 880.9999999999998, 243.00000000000009, 491.00000000000006, 185.9999999999999, 320.9999999999999, 943.0000000000001, 810.0, 205.00000000000014, 478.0, 276.00000000000045, 346.9999999999998, 79.00000000000034, 1007.9999999999999, 114.0, 893.0]","[1, 1, 1, 15, 1, 24, 27, 35, 35, 49, 35, 35, 63, 73, 73, 73, 35, 92, 35, 99, 99]","[3, 8, 18, 18, 35, 27, 35, 39, 49, 53, 56, 73, 73, 75, 81, 85, 92, 97, 106, 102, 106]",0.05,30,52684909.00000001,1016.0,-1016.0,DWT,uc1.l0082987033,0.0,0.0,0.0,1.4901161193847656e-08,0.0,1.1368683772161603e-13,1.862645149230957e-09,0.0,1.0,84,0.0,3.637978807091713e-12,1.0,84,,0.0,0.0,1.0,84,0.0,0.0,7.450580596923828e-09,7.62939453125e-05,0.0,0.0,0.0,0.0,0.0,0.0,1.0285951984336691e-13,0.0,0.0,0.0,1.1368683772161603e-13,0.0,0.0,0.0,1.1368683772161603e-13,5.684341886080802e-14,5.551115123125783e-17,0.0,0.0,1.3877787807814457e-17,2.9103830456733704e-11,0.0,0.0,2.7755575615628914e-17,0.8849652105128565,0.7812919640689846,0.27795459946922707,0.5276389297265509,0.04086628868104155,3.135877575339459e-05,1.5679387876697293e-05,3.135877575339459e-05,253,1.2880044954398568,0.7282340571889562,78,0,0,3.135877575339459e-05,3.135877575339459e-05,340,0,0,0.5025433984917322,0.6835501166257917,80,130.5025542534194,0.8313920487681921,187.75,124.16861945883174,0.7944104946683337,43,db,413.2962962962963,398.0,188.41229481502944,243,0.9143723369387087,0.671803462110104,0.15839832550987273,5,33.5
db13,1,periodic,2.1006058442127816e-26,316.87157741756727,11195228.616737645,0.5833333333333334,469.2853637094162,108,raw,1.1718198428062116e-13,-1.14380616089705e-10,"[2, 5, 11, 17, 22, 25, 29, 38, 44, 52, 55, 60, 65, 74, 78, 84, 89, 95, 98, 101, 105]","[38.000000000000114, 368.00000000000057, 461.0000000000003, 193.00000000000017, 951.0000000000002, 154.0000000000001, 881.0, 243.00000000000006, 490.9999999999999, 186.0, 320.99999999999966, 943.0, 810.0, 205.00000000000006, 478.0, 275.9999999999999, 347.0000000000001, 79.00000000000034, 1008.0000000000001, 114.00000000000011, 892.9999999999999]",21,5.927439489839063,98915.79675029728,0.7842897398915486,4.365923718251291e-06,1.0,0.4907407407407407,67631.0,0.1291094199047374,0.15147910127183992,188156.12126451556,82872438.25058056,8,12069.579557418134,0.027777777777777776,"[0.0, 0.009259259259259259, 0.018518518518518517, 0.027777777777777776, 0.037037037037037035, 0.046296296296296294, 0.05555555555555555, 0.06481481481481481, 0.07407407407407407, 0.08333333333333333, 0.09259259259259259, 0.10185185185185185, 0.1111111111111111, 0.12037037037037036, 0.12962962962962962, 0.1388888888888889, 0.14814814814814814, 0.15740740740740738, 0.16666666666666666, 0.17592592592592593, 0.18518518518518517, 0.19444444444444442, 0.2037037037037037, 0.21296296296296297, 0.2222222222222222, 0.23148148148148145, 0.24074074074074073]","[67631.0, 1786.6346316370027, 1155.9831840869394, 12069.579557418134, 1906.5778542068444, 950.5914327636011, 9083.877197385176, 2481.2296367744852, 778.6316126029454, 8965.162396385991, 2042.6423114779177, 1606.7171021541496, 6927.939836298326, 1790.9411989177938, 2115.0643759896484, 4469.146453396725, 811.3124818658868, 852.4454942250567, 2613.5185095958286, 1125.8336361545964, 622.5282936168375, 1595.9028958466974, 1672.083632235644, 807.767182253756, 3024.634439411759, 842.7313814743652, 842.8235732269197]",3.0,0.3,145.14999999999995,15,0.5,1721880.1384885083,0.14445541615564295,0.12412575453778009,16430975.452705402,84089526828.82368,"[0.046875, 0.03125]",2,1721880.1384885083,0.046875,"[0.0, 0.015625, 0.03125, 0.046875, 0.0625, 0.078125, 0.09375, 0.109375, 0.125, 0.140625, 0.15625, 0.171875, 0.1875, 0.203125, 0.21875, 0.234375]","[154749.3857115655, 876106.9067082782, 1710291.376891533, 1721880.1384885083, 1236443.3975593017, 1200279.6938555264, 1385236.6101427819, 1437054.0474222815, 1048940.2936461228, 664501.8455342911, 393060.29715082527, 165807.0810689745, 58528.06662853262, 51528.95639390753, 141871.95181127635, 339557.7347245401]",3.0,0.3,flattop,64,32,145.14999999999995,15,21,449.52380952380963,38.000000000000114,1008.0000000000001,"[2, 5, 11, 17, 22, 25, 29, 38, 44, 52, 55, 60, 65, 74, 78, 84, 89, 95, 98, 101, 105]","[38.000000000000114, 368.00000000000057, 461.0000000000003, 193.00000000000017, 951.0000000000002, 154.0000000000001, 881.0, 243.00000000000006, 490.9999999999999, 186.0, 320.99999999999966, 943.0, 810.0, 205.00000000000006, 478.0, 275.9999999999999, 347.0000000000001, 79.00000000000034, 1008.0000000000001, 114.00000000000011, 892.9999999999999]","[1, 1, 1, 15, 1, 24, 27, 35, 35, 49, 35, 35, 63, 73, 73, 73, 35, 92, 35, 99, 99]","[3, 8, 18, 18, 35, 27, 35, 39, 49, 53, 56, 73, 73, 75, 81, 85, 92, 97, 106, 102, 106]",0.05,30,52684909.00000001,1016.0000000000002,-1016.0000000000002,DWT,uc1.l0082987033,4.656612873077393e-10,0.0,1.1368683772161603e-13,0.0,0.0,1.1368683772161603e-13,1.862645149230957e-09,2.2737367544323206e-13,1.0,84,0.0,3.637978807091713e-12,1.0,84,,0.0,0.0,1.0,84,0.0,0.0,7.450580596923828e-09,3.0517578125e-05,0.0,0.0,0.0,0.0,1.1368683772161603e-13,1.8189894035458565e-12,1.4075513241723887e-13,0.0,2.2737367544323206e-13,0.0,5.684341886080802e-14,0.0,0.0,0.0,5.684341886080802e-14,1.1368683772161603e-13,5.551115123125783e-17,4.656612873077393e-10,0.0,1.3877787807814457e-17,2.9103830456733704e-11,0.0,0.0,2.7755575615628914e-17,0.9122829613523469,0.61908474119961,0.20047054680404527,0.7234636871508384,0.029232662593502337,3.135877575339459e-05,1.5679387876697293e-05,3.135877575339459e-05,262,1.258225960710972,0.711397358839272,90,0,0,3.135877575339459e-05,3.135877575339459e-05,335,0,0,0.49690691982006857,0.6758834839231479,85,125.42992731667617,0.8379458303402116,193.0,134.7813999237208,0.7942959125861264,44,db,413.2962962962963,398.0,188.41229481502944,243,0.9143723369387087,0.671803462110104,0.15839832550987273,5,34.25
db23,1,reflect,4.0157811675321954e-26,314.05732272464024,11972355.987681499,0.5657894736842105,432.0289234934072,108,raw,1.5474041800997728e-13,-1.235205271399316e-10,"[2, 5, 11, 17, 22, 25, 29, 38, 44, 52, 55, 60, 65, 74, 78, 84, 89, 95, 98, 101, 105]","[38.000000000000085, 367.9999999999997, 461.0000000000001, 192.99999999999977, 951.0, 154.0, 881.0, 243.00000000000006, 491.00000000000006, 185.9999999999999, 320.9999999999999, 943.0000000000002, 810.0, 205.00000000000009, 478.00000000000017, 276.0000000000001, 346.9999999999998, 79.00000000000034, 1008.0000000000002, 113.99999999999989, 893.0000000000007]",21,6.064476613358697,100194.76175447767,0.8045449382143193,4.365923718251291e-06,0.9999999999999998,0.4907407407407407,67631.00000000001,0.1291094199047374,0.15147910127183992,188156.1212645156,82872438.2505806,8,12069.579557418134,0.027777777777777776,"[0.0, 0.009259259259259259, 0.018518518518518517, 0.027777777777777776, 0.037037037037037035, 0.046296296296296294, 0.05555555555555555, 0.06481481481481481, 0.07407407407407407, 0.08333333333333333, 0.09259259259259259, 0.10185185185185185, 0.1111111111111111, 0.12037037037037036, 0.12962962962962962, 0.1388888888888889, 0.14814814814814814, 0.15740740740740738, 0.16666666666666666, 0.17592592592592593, 0.18518518518518517, 0.19444444444444442, 0.2037037037037037, 0.21296296296296297, 0.2222222222222222, 0.23148148148148145, 0.24074074074074073]","[67631.00000000001, 1786.6346316370025, 1155.9831840869397, 12069.579557418134, 1906.5778542068442, 950.5914327636, 9083.877197385178, 2481.2296367744852, 778.6316126029426, 8965.162396385995, 2042.6423114779157, 1606.7171021541494, 6927.939836298326, 1790.9411989177947, 2115.0643759896475, 4469.1464533967255, 811.3124818658858, 852.4454942250574, 2613.5185095958263, 1125.8336361545937, 622.5282936168375, 1595.9028958467, 1672.0836322356433, 807.7671822537562, 3024.6344394117614, 842.7313814743662, 842.8235732269211]",3.0,0.3,145.15,15,0.5,1721880.1384885092,0.14445541615564295,0.12412575453778008,16430975.452705404,84089526828.82373,"[0.046875, 0.03125]",2,1721880.1384885092,0.046875,"[0.0, 0.015625, 0.03125, 0.046875, 0.0625, 0.078125, 0.09375, 0.109375, 0.125, 0.140625, 0.15625, 0.171875, 0.1875, 0.203125, 0.21875, 0.234375]","[154749.38571156515, 876106.9067082775, 1710291.376891533, 1721880.1384885092, 1236443.3975593033, 1200279.6938555273, 1385236.6101427819, 1437054.047422281, 1048940.2936461223, 664501.845534291, 393060.29715082527, 165807.08106897463, 58528.066628532644, 51528.95639390756, 141871.9518112763, 339557.7347245401]",3.0,0.3,flattop,64,32,145.15,15,21,449.5238095238095,38.000000000000085,1008.0000000000002,"[2, 5, 11, 17, 22, 25, 29, 38, 44, 52, 55, 60, 65, 74, 78, 84, 89, 95, 98, 101, 105]","[38.000000000000085, 367.9999999999997, 461.0000000000001, 192.99999999999977, 951.0, 154.0, 881.0, 243.00000000000006, 491.00000000000006, 185.9999999999999, 320.9999999999999, 943.0000000000002, 810.0, 205.00000000000009, 478.00000000000017, 276.0000000000001, 346.9999999999998, 79.00000000000034, 1008.0000000000002, 113.99999999999989, 893.0000000000007]","[1, 1, 1, 15, 1, 24, 27, 35, 35, 49, 35, 35, 63, 73, 73, 73, 35, 92, 35, 99, 99]","[3, 8, 18, 18, 35, 27, 35, 39, 49, 53, 56, 73, 73, 75, 81, 85, 92, 97, 106, 102, 106]",0.05,30,52684909.00000001,1016.0000000000002,-1016.0000000000002,DWT,uc1.l0082987033,4.656612873077393e-10,0.0,0.0,2.9802322387695312e-08,0.0,2.2737367544323206e-13,3.725290298461914e-09,2.2737367544323206e-13,1.0,84,0.0,3.637978807091713e-12,1.0,84,,0.0,0.0,1.0,84,0.0,0.0,7.450580596923828e-09,7.62939453125e-05,1.4551915228366852e-11,0.0,0.0,0.0,0.0,0.0,1.5428927976505028e-13,0.0,2.2737367544323206e-13,0.0,0.0,0.0,0.0,0.0,0.0,8.526512829121202e-14,5.551115123125783e-17,4.656612873077393e-10,0.0,0.0,5.820766091346741e-11,0.0,0.0,2.7755575615628914e-17,0.8833899315521487,0.7946763650122237,0.2758546732490564,0.5276389297265509,0.03269469628332185,3.135877575339459e-05,1.5679387876697293e-05,3.135877575339459e-05,252,1.2894329284658785,0.729041689135619,77,0,0,3.135877575339459e-05,3.135877575339459e-05,342,0,0,0.5028509191646604,0.6839684004844112,79,131.67257370715691,0.8298803957271874,187.5,122.93518292818047,0.7938161668558418,45,db,413.2962962962963,398.0,188.41229481502944,243,0.9143723369387087,0.671803462110104,0.15839832550987273,5,35.0
db19,1,periodic,2.6221970226110945e-26,315.9083699125045,11862719.419832366,0.5763888888888888,474.90329368003876,108,raw,1.252002616806918e-13,-1.058199083914253e-10,"[2, 5, 11, 17, 22, 25, 29, 38, 44, 52, 55, 60, 65, 74, 78, 84, 89, 95, 98, 101, 105]","[38.00000000000003, 368.0, 460.9999999999999, 193.00000000000006, 950.9999999999998, 153.99999999999977, 881.0000000000001, 242.99999999999997, 490.99999999999943, 186.00000000000023, 321.00000000000045, 943.0000000000002, 810.0, 204.99999999999994, 478.0000000000001, 276.0, 347.00000000000034, 79.00000000000011, 1008.0, 114.00000000000045, 892.9999999999998]",21,6.0321297358576915,97150.99815960269,0.8005435174650737,4.365923718251292e-06,0.9999999999999998,0.4907407407407407,67631.0,0.1291094199047374,0.15147910127183992,188156.12126451553,82872438.25058056,8,12069.579557418134,0.027777777777777776,"[0.0, 0.009259259259259259, 0.018518518518518517, 0.027777777777777776, 0.037037037037037035, 0.046296296296296294, 0.05555555555555555, 0.06481481481481481, 0.07407407407407407, 0.08333333333333333, 0.09259259259259259, 0.10185185185185185, 0.1111111111111111, 0.12037037037037036, 0.12962962962962962, 0.1388888888888889, 0.14814814814814814, 0.15740740740740738, 0.16666666666666666, 0.17592592592592593, 0.18518518518518517, 0.19444444444444442, 0.2037037037037037, 0.21296296296296297, 0.2222222222222222, 0.23148148148148145, 0.24074074074074073]","[67631.0, 1786.6346316370002, 1155.9831840869379, 12069.579557418134, 1906.5778542068424, 950.5914327635991, 9083.877197385178, 2481.2296367744816, 778.6316126029442, 8965.162396385991, 2042.6423114779175, 1606.7171021541476, 6927.93983629832, 1790.9411989177936, 2115.0643759896466, 4469.1464533967255, 811.3124818658844, 852.4454942250582, 2613.518509595831, 1125.8336361545946, 622.5282936168369, 1595.902895846695, 1672.083632235643, 807.7671822537554, 3024.634439411761, 842.7313814743637, 842.82357322692]",3.0,0.3,145.14999999999995,15,0.5,1721880.1384885088,0.14445541615564295,0.1241257545377801,16430975.4527054,84089526828.82368,"[0.046875, 0.03125]",2,1721880.1384885088,0.046875,"[0.0, 0.015625, 0.03125, 0.046875, 0.0625, 0.078125, 0.09375, 0.109375, 0.125, 0.140625, 0.15625, 0.171875, 0.1875, 0.203125, 0.21875, 0.234375]","[154749.38571156556, 876106.9067082778, 1710291.3768915324, 1721880.1384885088, 1236443.3975593029, 1200279.6938555269, 1385236.6101427814, 1437054.0474222805, 1048940.293646122, 664501.8455342908, 393060.29715082544, 165807.08106897477, 58528.066628532746, 51528.95639390758, 141871.9518112763, 339557.7347245399]",3.0,0.3,flattop,64,32,145.14999999999995,15,21,449.5238095238095,38.00000000000003,1008.0,"[2, 5, 11, 17, 22, 25, 29, 38, 44, 52, 55, 60, 65, 74, 78, 84, 89, 95, 98, 101, 105]","[38.00000000000003, 368.0, 460.9999999999999, 193.00000000000006, 950.9999999999998, 153.99999999999977, 881.0000000000001, 242.99999999999997, 490.99999999999943, 186.00000000000023, 321.00000000000045, 943.0000000000002, 810.0, 204.99999999999994, 478.0000000000001, 276.0, 347.00000000000034, 79.00000000000011, 1008.0, 114.00000000000045, 892.9999999999998]","[1, 1, 1, 15, 1, 24, 27, 35, 35, 49, 35, 35, 63, 73, 73, 73, 35, 92, 35, 99, 99]","[3, 8, 18, 18, 35, 27, 35, 39, 49, 53, 56, 73, 73, 75, 81, 85, 92, 97, 106, 102, 106]",0.05,30,52684908.99999999,1016.0,-1016.0,DWT,uc1.l0082987033,0.0,0.0,0.0,0.0,0.0,0.0,0.0,0.0,1.0,84,0.0,3.637978807091713e-12,1.0,84,,0.0,0.0,1.0,84,0.0,0.0,7.450580596923828e-09,3.0517578125e-05,0.0,0.0,0.0,0.0,0.0,0.0,1.7053025658242407e-13,0.0,0.0,0.0,5.684341886080802e-14,0.0,0.0,0.0,5.684341886080802e-14,2.842170943040401e-14,5.551115123125783e-17,0.0,0.0,2.7755575615628914e-17,0.0,0.0,0.0,2.7755575615628914e-17,0.902394025849282,0.7532289046468177,0.26521953517162883,0.6459497206703906,0.024455524707195593,3.135877575339459e-05,1.5679387876697293e-05,3.135877575339459e-05,259,1.3188227335698268,0.7456586008673842,63,0,0,3.135877575339459e-05,3.135877575339459e-05,336,0,0,0.5182495422090629,0.7049133190913783,65,138.4301869776483,0.8211496292278446,180.75,105.0011369665732,0.7938112487224495,46,db,413.2962962962963,398.0,188.41229481502944,243,0.9143723369387087,0.671803462110104,0.15839832550987273,5,35.75
db27,1,zero,3.6907003536117854e-26,314.4239352473887,9352622.595210006,0.58125,165.7503967887319,108,raw,1.4513493287840563e-13,-1.0468259592499923e-10,"[2, 5, 11, 17, 22, 25, 29, 38, 44, 52, 55, 60, 65, 74, 78, 84, 89, 95, 98, 101, 105]","[38.00000000000003, 367.9999999999999, 460.99999999999994, 193.0000000000004, 950.9999999999998, 154.00000000000023, 880.9999999999998, 242.99999999999991, 491.0000000000004, 186.00000000000057, 320.9999999999998, 942.9999999999999, 809.9999999999998, 205.0, 478.00000000000034, 276.0, 346.99999999999955, 78.99999999999977, 1008.0, 114.00000000000023, 893.0]",21,5.633169569675873,150513.52929687497,0.9099939058086448,4.36592371825129e-06,1.0,0.4907407407407407,67631.0,0.12910941990473743,0.15147910127183992,188156.12126451553,82872438.25058056,8,12069.579557418134,0.027777777777777776,"[0.0, 0.009259259259259259, 0.018518518518518517, 0.027777777777777776, 0.037037037037037035, 0.046296296296296294, 0.05555555555555555, 0.06481481481481481, 0.07407407407407407, 0.08333333333333333, 0.09259259259259259, 0.10185185185185185, 0.1111111111111111, 0.12037037037037036, 0.12962962962962962, 0.1388888888888889, 0.14814814814814814, 0.15740740740740738, 0.16666666666666666, 0.17592592592592593, 0.18518518518518517, 0.19444444444444442, 0.2037037037037037, 0.21296296296296297, 0.2222222222222222, 0.23148148148148145, 0.24074074074074073]","[67631.0, 1786.6346316370013, 1155.9831840869417, 12069.579557418134, 1906.5778542068429, 950.5914327636013, 9083.877197385174, 2481.229636774482, 778.631612602946, 8965.162396385991, 2042.6423114779172, 1606.7171021541483, 6927.939836298323, 1790.941198917793, 2115.0643759896498, 4469.146453396725, 811.3124818658878, 852.4454942250605, 2613.5185095958263, 1125.8336361545958, 622.5282936168375, 1595.9028958466995, 1672.0836322356413, 807.7671822537583, 3024.6344394117596, 842.7313814743658, 842.8235732269217]",3.0,0.3,145.15,15,0.5,1721880.1384885078,0.14445541615564297,0.12412575453778012,16430975.452705398,84089526828.8236,"[0.046875, 0.03125]",2,1721880.1384885078,0.046875,"[0.0, 0.015625, 0.03125, 0.046875, 0.0625, 0.078125, 0.09375, 0.109375, 0.125, 0.140625, 0.15625, 0.171875, 0.1875, 0.203125, 0.21875, 0.234375]","[154749.38571156564, 876106.9067082778, 1710291.3768915324, 1721880.1384885078, 1236443.397559302, 1200279.6938555264, 1385236.6101427807, 1437054.04742228, 1048940.2936461216, 664501.8455342902, 393060.2971508248, 165807.08106897428, 58528.06662853252, 51528.95639390744, 141871.95181127606, 339557.7347245399]",3.0,0.3,flattop,64,32,145.15,15,21,449.5238095238095,38.00000000000003,1008.0,"[2, 5, 11, 17, 22, 25, 29, 38, 44, 52, 55, 60, 65, 74, 78, 84, 89, 95, 98, 101, 105]","[38.00000000000003, 367.9999999999999, 460.99999999999994, 193.0000000000004, 950.9999999999998, 154.00000000000023, 880.9999999999998, 242.99999999999991, 491.0000000000004, 186.00000000000057, 320.9999999999998, 942.9999999999999, 809.9999999999998, 205.0, 478.00000000000034, 276.0, 346.99999999999955, 78.99999999999977, 1008.0, 114.00000000000023, 893.0]","[1, 1, 1, 15, 1, 24, 27, 35, 35, 49, 35, 35, 63, 73, 73, 73, 35, 92, 35, 99, 99]","[3, 8, 18, 18, 35, 27, 35, 39, 49, 53, 56, 73, 73, 75, 81, 85, 92, 97, 106, 102, 106]",0.05,30,52684908.99999999,1016.0,-1016.0,DWT,uc1.l0082987033,9.313225746154785e-10,0.0,0.0,0.0,0.0,0.0,1.862645149230957e-09,0.0,1.0,84,0.0,3.637978807091713e-12,1.0,84,,0.0,0.0,1.0,84,0.0,0.0,7.450580596923828e-09,6.103515625e-05,0.0,0.0,0.0,0.0,0.0,0.0,1.9759855127804691e-13,0.0,0.0,0.0,0.0,0.0,0.0,0.0,0.0,2.842170943040401e-14,2.7755575615628914e-17,9.313225746154785e-10,0.0,4.163336342344337e-17,0.0,0.0,0.0,5.551115123125783e-17,0.8871538220669338,0.24202389962948218,0.021731191443965132,0.7002094972067044,0.16890269876389974,3.135877575339459e-05,1.5679387876697293e-05,3.135877575339459e-05,235,1.0118147171651255,0.5720771466352867,270,0,0,3.135877575339459e-05,3.135877575339459e-05,339,0,0,0.4040042218221971,0.549518974426282,247,46.492830988587194,0.9399317429088021,272.75,267.42511359923407,0.7937707810151245,47,db,413.2962962962963,398.0,188.41229481502944,243,0.9143723369387087,0.671803462110104,0.15839832550987273,5,36.5
rbio3.1,1,constant,3.1159421414818694e-26,315.1591292632411,9941458.824715594,0.5454545454545454,638.9732951532834,108,raw,1.2914772132380335e-13,-9.63833457490188e-11,"[2, 5, 11, 17, 22, 25, 29, 38, 44, 52, 55, 60, 65, 74, 78, 84, 89, 95, 98, 101, 105]","[37.99999999999997, 367.9999999999998, 461.00000000000006, 193.0, 951.0, 154.0, 881.0, 242.9999999999999, 491.0, 185.99999999999977, 320.9999999999999, 942.9999999999998, 810.0000000000001, 205.0, 478.0, 275.9999999999999, 346.99999999999955, 79.0, 1007.9999999999999, 114.0, 892.9999999999997]",21,5.886869865567668,153152.569607438,0.5612453434457496,4.365923718251293e-06,1.0,0.4907407407407407,67631.0,0.1291094199047374,0.15147910127183992,188156.1212645155,82872438.25058056,8,12069.579557418127,0.027777777777777776,"[0.0, 0.009259259259259259, 0.018518518518518517, 0.027777777777777776, 0.037037037037037035, 0.046296296296296294, 0.05555555555555555, 0.06481481481481481, 0.07407407407407407, 0.08333333333333333, 0.09259259259259259, 0.10185185185185185, 0.1111111111111111, 0.12037037037037036, 0.12962962962962962, 0.1388888888888889, 0.14814814814814814, 0.15740740740740738, 0.16666666666666666, 0.17592592592592593, 0.18518518518518517, 0.19444444444444442, 0.2037037037037037, 0.21296296296296297, 0.2222222222222222, 0.23148148148148145, 0.24074074074074073]","[67631.0, 1786.6346316369998, 1155.9831840869379, 12069.579557418127, 1906.5778542068413, 950.5914327636026, 9083.877197385174, 2481.229636774483, 778.6316126029442, 8965.162396385995, 2042.642311477917, 1606.7171021541494, 6927.939836298321, 1790.9411989177936, 2115.0643759896493, 4469.146453396725, 811.3124818658857, 852.4454942250586, 2613.518509595828, 1125.8336361545946, 622.5282936168355, 1595.9028958466959, 1672.0836322356424, 807.7671822537561, 3024.6344394117586, 842.7313814743655, 842.8235732269221]",3.0,0.3,145.15,15,0.5,1721880.1384885076,0.1444554161556429,0.12412575453778008,16430975.452705396,84089526828.82361,"[0.046875, 0.03125]",2,1721880.1384885076,0.046875,"[0.0, 0.015625, 0.03125, 0.046875, 0.0625, 0.078125, 0.09375, 0.109375, 0.125, 0.140625, 0.15625, 0.171875, 0.1875, 0.203125, 0.21875, 0.234375]","[154749.38571156585, 876106.9067082782, 1710291.376891532, 1721880.1384885076, 1236443.397559302, 1200279.6938555264, 1385236.610142781, 1437054.0474222803, 1048940.2936461216, 664501.8455342903, 393060.29715082503, 165807.0810689744, 58528.0666285326, 51528.956393907436, 141871.95181127609, 339557.7347245399]",3.0,0.3,flattop,64,32,145.15,15,21,449.52380952380946,37.99999999999997,1007.9999999999999,"[2, 5, 11, 17, 22, 25, 29, 38, 44, 52, 55, 60, 65, 74, 78, 84, 89, 95, 98, 101, 105]","[37.99999999999997, 367.9999999999998, 461.00000000000006, 193.0, 951.0, 154.0, 881.0, 242.9999999999999, 491.0, 185.99999999999977, 320.9999999999999, 942.9999999999998, 810.0000000000001, 205.0, 478.0, 275.9999999999999, 346.99999999999955, 79.0, 1007.9999999999999, 114.0, 892.9999999999997]","[1, 1, 1, 15, 1, 24, 27, 35, 35, 49, 35, 35, 63, 73, 73, 73, 35, 92, 35, 99, 99]","[3, 8, 18, 18, 35, 27, 35, 39, 49, 53, 56, 73, 73, 75, 81, 85, 92, 97, 106, 102, 106]",0.05,30,52684908.99999999,1015.9999999999998,-1015.9999999999998,DWT,uc1.l0082987033,1.1641532182693481e-09,0.0,5.684341886080802e-14,0.0,0.0,1.1368683772161603e-13,3.725290298461914e-09,2.2737367544323206e-13,1.0,84,0.0,3.637978807091713e-12,1.0,84,,0.0,0.0,1.0,84,0.0,0.0,7.450580596923828e-09,4.57763671875e-05,0.0,0.0,0.0,0.0,5.684341886080802e-14,1.8189894035458565e-12,1.0150610510858575e-13,0.0,2.2737367544323206e-13,0.0,0.0,0.0,0.0,0.0,0.0,2.842170943040401e-14,5.551115123125783e-17,1.1641532182693481e-09,0.0,0.0,2.9103830456733704e-11,0.0,0.0,2.7755575615628914e-17,0.8947018178692813,0.5671011179279113,0.07885040566819271,0.30066023362112726,0.1760463238311203,3.135877575339459e-05,1.5679387876697293e-05,3.135877575339459e-05,276,1.0504794755005198,0.5939380903916973,237,0,0,3.135877575339459e-05,3.135877575339459e-05,343,0,0,0.40347197978352656,0.5487950287756211,254,46.493727175466006,0.9399305850446176,277.5,272.2003647520943,0.7907017266308359,48,rbio,366.5925925925926,360.0,210.3588723315502,135,0.8110455588331695,0.7500562468954116,0.20725123474815782,3,36.75
rbio3.1,1,periodic,3.1155214156657514e-26,315.15971570300417,9941249.126333091,0.5454545454545454,638.9732951532834,108,raw,1.2895034834164777e-13,-9.634992803597758e-11,"[2, 5, 11, 17, 22, 25, 29, 38, 44, 52, 55, 60, 65, 74, 78, 84, 89, 95, 98, 101, 105]","[37.99999999999997, 367.9999999999998, 461.00000000000006, 193.0, 951.0, 154.0, 881.0, 242.9999999999999, 491.0, 185.99999999999977, 320.9999999999999, 942.9999999999998, 810.0000000000001, 205.0, 478.0, 275.9999999999999, 346.99999999999955, 79.0, 1007.9999999999999, 114.0, 892.9999999999997]",21,5.887053233328163,153258.57025826443,0.5607882812803218,4.365923718251293e-06,1.0,0.4907407407407407,67631.0,0.1291094199047374,0.15147910127183992,188156.1212645155,82872438.25058056,8,12069.579557418127,0.027777777777777776,"[0.0, 0.009259259259259259, 0.018518518518518517, 0.027777777777777776, 0.037037037037037035, 0.046296296296296294, 0.05555555555555555, 0.06481481481481481, 0.07407407407407407, 0.08333333333333333, 0.09259259259259259, 0.10185185185185185, 0.1111111111111111, 0.12037037037037036, 0.12962962962962962, 0.1388888888888889, 0.14814814814814814, 0.15740740740740738, 0.16666666666666666, 0.17592592592592593, 0.18518518518518517, 0.19444444444444442, 0.2037037037037037, 0.21296296296296297, 0.2222222222222222, 0.23148148148148145, 0.24074074074074073]","[67631.0, 1786.6346316369998, 1155.9831840869379, 12069.579557418127, 1906.5778542068413, 950.5914327636026, 9083.877197385174, 2481.229636774483, 778.6316126029442, 8965.162396385995, 2042.642311477917, 1606.7171021541494, 6927.939836298321, 1790.9411989177938, 2115.0643759896493, 4469.146453396725, 811.3124818658857, 852.4454942250586, 2613.518509595828, 1125.8336361545946, 622.5282936168354, 1595.9028958466959, 1672.0836322356424, 807.7671822537561, 3024.6344394117586, 842.7313814743657, 842.8235732269221]",3.0,0.3,145.15,15,0.5,1721880.1384885076,0.1444554161556429,0.12412575453778008,16430975.452705396,84089526828.82361,"[0.046875, 0.03125]",2,1721880.1384885076,0.046875,"[0.0, 0.015625, 0.03125, 0.046875, 0.0625, 0.078125, 0.09375, 0.109375, 0.125, 0.140625, 0.15625, 0.171875, 0.1875, 0.203125, 0.21875, 0.234375]","[154749.38571156585, 876106.9067082782, 1710291.376891532, 1721880.1384885076, 1236443.397559302, 1200279.6938555264, 1385236.610142781, 1437054.0474222803, 1048940.2936461216, 664501.8455342903, 393060.29715082503, 165807.0810689744, 58528.0666285326, 51528.956393907436, 141871.95181127609, 339557.7347245399]",3.0,0.3,flattop,64,32,145.15,15,21,449.52380952380946,37.99999999999997,1007.9999999999999,"[2, 5, 11, 17, 22, 25, 29, 38, 44, 52, 55, 60, 65, 74, 78, 84, 89, 95, 98, 101, 105]","[37.99999999999997, 367.9999999999998, 461.00000000000006, 193.0, 951.0, 154.0, 881.0, 242.9999999999999, 491.0, 185.99999999999977, 320.9999999999999, 942.9999999999998, 810.0000000000001, 205.0, 478.0, 275.9999999999999, 346.99999999999955, 79.0, 1007.9999999999999, 114.0, 892.9999999999997]","[1, 1, 1, 15, 1, 24, 27, 35, 35, 49, 35, 35, 63, 73, 73, 73, 35, 92, 35, 99, 99]","[3, 8, 18, 18, 35, 27, 35, 39, 49, 53, 56, 73, 73, 75, 81, 85, 92, 97, 106, 102, 106]",0.05,30,52684908.99999999,1015.9999999999998,-1015.9999999999998,DWT,uc1.l0082987033,1.1641532182693481e-09,0.0,5.684341886080802e-14,0.0,0.0,1.1368683772161603e-13,3.725290298461914e-09,2.2737367544323206e-13,1.0,84,0.0,3.637978807091713e-12,1.0,84,,0.0,0.0,1.0,84,0.0,0.0,7.450580596923828e-09,4.57763671875e-05,0.0,0.0,0.0,0.0,5.684341886080802e-14,1.8189894035458565e-12,1.0150610510858575e-13,0.0,2.2737367544323206e-13,0.0,0.0,0.0,0.0,0.0,0.0,2.842170943040401e-14,5.551115123125783e-17,1.1641532182693481e-09,0.0,0.0,2.9103830456733704e-11,0.0,0.0,2.7755575615628914e-17,0.8947078386539647,0.5673360750110228,0.07883006417724422,0.30066023362112726,0.17633325726800436,3.135877575339459e-05,1.5679387876697293e-05,3.135877575339459e-05,274,1.050705169142165,0.5940656969310525,234,0,0,3.135877575339459e-05,3.135877575339459e-05,344,0,0,0.40357349374627266,0.5489331061661162,252,48.194052191807515,0.9377337826979231,276.0,270.3000393917908,0.7905723177055507,49,rbio,366.5925925925926,360.0,210.3588723315502,135,0.8110455588331695,0.7500562468954116,0.20725123474815782,3,37.5
db19,1,antireflect,2.88010194789135e-26,315.5009445028977,11066766.234678054,0.5555555555555556,474.90329368003876,108,raw,1.2842402038923294e-13,-1.0687051243962805e-10,"[2, 5, 11, 17, 22, 25, 29, 38, 44, 52, 55, 60, 65, 74, 78, 84, 89, 95, 98, 101, 105]","[38.0, 368.0000000000003, 460.9999999999996, 192.9999999999999, 950.9999999999999, 153.99999999999966, 881.0000000000002, 242.99999999999997, 490.99999999999943, 186.00000000000023, 321.00000000000045, 943.0000000000002, 810.0, 204.99999999999994, 478.0000000000002, 276.0, 347.0000000000001, 79.0, 1008.0000000000002, 114.00000000000023, 893.0]",21,6.07305826901551,359791.63076193514,0.940838278825419,4.3659237182512925e-06,1.0,0.4907407407407407,67631.0,0.12910941990473743,0.15147910127183992,188156.12126451553,82872438.25058056,8,12069.57955741813,0.027777777777777776,"[0.0, 0.009259259259259259, 0.018518518518518517, 0.027777777777777776, 0.037037037037037035, 0.046296296296296294, 0.05555555555555555, 0.06481481481481481, 0.07407407407407407, 0.08333333333333333, 0.09259259259259259, 0.10185185185185185, 0.1111111111111111, 0.12037037037037036, 0.12962962962962962, 0.1388888888888889, 0.14814814814814814, 0.15740740740740738, 0.16666666666666666, 0.17592592592592593, 0.18518518518518517, 0.19444444444444442, 0.2037037037037037, 0.21296296296296297, 0.2222222222222222, 0.23148148148148145, 0.24074074074074073]","[67631.0, 1786.6346316370013, 1155.983184086939, 12069.57955741813, 1906.5778542068426, 950.5914327635999, 9083.877197385176, 2481.2296367744807, 778.6316126029456, 8965.162396385991, 2042.6423114779157, 1606.7171021541494, 6927.939836298324, 1790.941198917794, 2115.064375989647, 4469.1464533967255, 811.3124818658847, 852.4454942250583, 2613.5185095958313, 1125.8336361545942, 622.528293616836, 1595.9028958466945, 1672.083632235643, 807.7671822537557, 3024.6344394117605, 842.7313814743635, 842.8235732269196]",3.0,0.3,145.15,15,0.5,1721880.1384885088,0.14445541615564292,0.12412575453778008,16430975.452705404,84089526828.82372,"[0.046875, 0.03125]",2,1721880.1384885088,0.046875,"[0.0, 0.015625, 0.03125, 0.046875, 0.0625, 0.078125, 0.09375, 0.109375, 0.125, 0.140625, 0.15625, 0.171875, 0.1875, 0.203125, 0.21875, 0.234375]","[154749.38571156556, 876106.9067082778, 1710291.3768915324, 1721880.1384885088, 1236443.397559303, 1200279.693855527, 1385236.6101427816, 1437054.0474222805, 1048940.2936461223, 664501.8455342909, 393060.29715082544, 165807.0810689747, 58528.06662853272, 51528.956393907596, 141871.95181127626, 339557.73472453986]",3.0,0.3,flattop,64,32,145.15,15,21,449.5238095238095,38.0,1008.0000000000002,"[2, 5, 11, 17, 22, 25, 29, 38, 44, 52, 55, 60, 65, 74, 78, 84, 89, 95, 98, 101, 105]","[38.0, 368.0000000000003, 460.9999999999996, 192.9999999999999, 950.9999999999999, 153.99999999999966, 881.0000000000002, 242.99999999999997, 490.99999999999943, 186.00000000000023, 321.00000000000045, 943.0000000000002, 810.0, 204.99999999999994, 478.0000000000002, 276.0, 347.0000000000001, 79.0, 1008.0000000000002, 114.00000000000023, 893.0]","[1, 1, 1, 15, 1, 24, 27, 35, 35, 49, 35, 35, 63, 73, 73, 73, 35, 92, 35, 99, 99]","[3, 8, 18, 18, 35, 27, 35, 39, 49, 53, 56, 73, 73, 75, 81, 85, 92, 97, 106, 102, 106]",0.05,30,52684908.99999999,1016.0,-1016.0,DWT,uc1.l0082987033,0.0,0.0,0.0,0.0,0.0,2.2737367544323206e-13,3.725290298461914e-09,0.0,1.0,84,0.0,0.0,1.0,84,,0.0,0.0,1.0,84,0.0,0.0,7.450580596923828e-09,6.103515625e-05,0.0,0.0,0.0,0.0,0.0,0.0,1.827109891954544e-13,0.0,0.0,0.0,0.0,0.0,0.0,0.0,0.0,0.0,2.7755575615628914e-17,0.0,0.0,0.0,0.0,0.0,0.0,0.0,0.8982111228125694,0.8056724134776205,0.18800923760984475,0.41340782122905073,0.7353981348746048,3.135877575339459e-05,1.5679387876697293e-05,3.135877575339459e-05,258,1.4952898816727365,0.8454326215936551,25,0,0,3.135877575339459e-05,3.135877575339459e-05,341,0,0,0.6081397460007382,0.8271802904011739,25,162.0645447550656,0.7906142832621892,162.25,46.07842623775081,0.7904944801323865,50,db,413.2962962962963,398.0,188.41229481502944,243,0.9143723369387087,0.671803462110104,0.15839832550987273,5,38.75
db23,1,antireflect,2.935731250244714e-26,315.41786015345986,11284079.798234066,0.5855263157894737,455.4128020561818,108,raw,1.322398980442409e-13,-1.2036227570178038e-10,"[2, 5, 11, 17, 22, 25, 29, 38, 44, 52, 55, 60, 65, 74, 78, 84, 89, 95, 98, 101, 105]","[38.00000000000006, 367.9999999999998, 460.99999999999994, 193.0, 951.0000000000001, 153.99999999999966, 881.0, 243.00000000000009, 491.00000000000006, 185.9999999999999, 320.9999999999999, 943.0000000000002, 810.0, 205.0000000000001, 478.0000000000002, 276.0, 346.9999999999999, 79.00000000000023, 1008.0000000000002, 114.00000000000023, 893.0]",21,6.077244693218821,360713.28983132093,0.9423622100940571,4.365923718251291e-06,1.0,0.4907407407407407,67631.0,0.1291094199047374,0.15147910127183992,188156.12126451556,82872438.25058058,8,12069.579557418134,0.027777777777777776,"[0.0, 0.009259259259259259, 0.018518518518518517, 0.027777777777777776, 0.037037037037037035, 0.046296296296296294, 0.05555555555555555, 0.06481481481481481, 0.07407407407407407, 0.08333333333333333, 0.09259259259259259, 0.10185185185185185, 0.1111111111111111, 0.12037037037037036, 0.12962962962962962, 0.1388888888888889, 0.14814814814814814, 0.15740740740740738, 0.16666666666666666, 0.17592592592592593, 0.18518518518518517, 0.19444444444444442, 0.2037037037037037, 0.21296296296296297, 0.2222222222222222, 0.23148148148148145, 0.24074074074074073]","[67631.0, 1786.6346316370002, 1155.9831840869383, 12069.579557418134, 1906.5778542068444, 950.5914327635982, 9083.87719738518, 2481.2296367744843, 778.6316126029437, 8965.162396385993, 2042.6423114779175, 1606.7171021541496, 6927.939836298323, 1790.9411989177922, 2115.064375989647, 4469.1464533967255, 811.3124818658865, 852.4454942250576, 2613.5185095958295, 1125.8336361545944, 622.5282936168375, 1595.9028958466956, 1672.0836322356417, 807.7671822537582, 3024.634439411759, 842.7313814743649, 842.823573226919]",3.0,0.3,145.15,15,0.5,1721880.1384885088,0.14445541615564295,0.12412575453778008,16430975.452705404,84089526828.82373,"[0.046875, 0.03125]",2,1721880.1384885088,0.046875,"[0.0, 0.015625, 0.03125, 0.046875, 0.0625, 0.078125, 0.09375, 0.109375, 0.125, 0.140625, 0.15625, 0.171875, 0.1875, 0.203125, 0.21875, 0.234375]","[154749.38571156526, 876106.9067082774, 1710291.376891533, 1721880.1384885088, 1236443.3975593029, 1200279.6938555276, 1385236.6101427819, 1437054.0474222815, 1048940.2936461228, 664501.8455342911, 393060.2971508254, 165807.0810689746, 58528.06662853262, 51528.956393907574, 141871.95181127626, 339557.73472454003]",3.0,0.3,flattop,64,32,145.15,15,21,449.5238095238095,38.00000000000006,1008.0000000000002,"[2, 5, 11, 17, 22, 25, 29, 38, 44, 52, 55, 60, 65, 74, 78, 84, 89, 95, 98, 101, 105]","[38.00000000000006, 367.9999999999998, 460.99999999999994, 193.0, 951.0000000000001, 153.99999999999966, 881.0, 243.00000000000009, 491.00000000000006, 185.9999999999999, 320.9999999999999, 943.0000000000002, 810.0, 205.0000000000001, 478.0000000000002, 276.0, 346.9999999999999, 79.00000000000023, 1008.0000000000002, 114.00000000000023, 893.0]","[1, 1, 1, 15, 1, 24, 27, 35, 35, 49, 35, 35, 63, 73, 73, 73, 35, 92, 35, 99, 99]","[3, 8, 18, 18, 35, 27, 35, 39, 49, 53, 56, 73, 73, 75, 81, 85, 92, 97, 106, 102, 106]",0.05,30,52684909.00000001,1016.0000000000002,-1016.0000000000002,DWT,uc1.l0082987033,0.0,0.0,0.0,1.4901161193847656e-08,0.0,2.2737367544323206e-13,3.725290298461914e-09,2.2737367544323206e-13,1.0,84,0.0,3.637978807091713e-12,1.0,84,,0.0,0.0,1.0,84,0.0,0.0,7.450580596923828e-09,7.62939453125e-05,0.0,0.0,0.0,0.0,0.0,0.0,1.2045391139552175e-13,0.0,2.2737367544323206e-13,0.0,0.0,0.0,0.0,0.0,0.0,5.684341886080802e-14,5.551115123125783e-17,0.0,0.0,0.0,2.9103830456733704e-11,0.0,0.0,2.7755575615628914e-17,0.8973581230502269,0.8110366608067214,0.20908942827849375,0.7479417818288738,0.7378929762020155,3.135877575339459e-05,1.5679387876697293e-05,3.135877575339459e-05,250,1.6428118215850995,0.9288411044111609,11,0,0,3.135877575339459e-05,3.135877575339459e-05,346,0,0,0.6806637940332663,0.925826141962638,10,170.55277775515708,0.7796475739597454,154.25,20.22252213000648,0.7901790841374954,51,db,413.2962962962963,398.0,188.41229481502944,243,0.9143723369387087,0.671803462110104,0.15839832550987273,5,39.5
rbio3.1,1,antisymmetric,3.116503109236693e-26,315.15834746671885,9941105.315057648,0.5454545454545454,638.9732951532834,108,raw,1.2927930331190708e-13,-9.639733455912909e-11,"[2, 5, 11, 17, 22, 25, 29, 38, 44, 52, 55, 60, 65, 74, 78, 84, 89, 95, 98, 101, 105]","[37.99999999999997, 367.9999999999998, 461.00000000000006, 193.0, 951.0, 154.0, 881.0, 242.9999999999999, 491.0, 185.99999999999977, 320.9999999999999, 942.9999999999998, 810.0000000000001, 205.0, 478.0, 275.9999999999999, 346.99999999999955, 79.0, 1007.9999999999999, 114.0, 892.9999999999997]",21,5.887877827211266,154432.0843491736,0.5571038594032418,4.365923718251293e-06,1.0,0.4907407407407407,67631.0,0.1291094199047374,0.15147910127183992,188156.1212645155,82872438.25058056,8,12069.579557418127,0.027777777777777776,"[0.0, 0.009259259259259259, 0.018518518518518517, 0.027777777777777776, 0.037037037037037035, 0.046296296296296294, 0.05555555555555555, 0.06481481481481481, 0.07407407407407407, 0.08333333333333333, 0.09259259259259259, 0.10185185185185185, 0.1111111111111111, 0.12037037037037036, 0.12962962962962962, 0.1388888888888889, 0.14814814814814814, 0.15740740740740738, 0.16666666666666666, 0.17592592592592593, 0.18518518518518517, 0.19444444444444442, 0.2037037037037037, 0.21296296296296297, 0.2222222222222222, 0.23148148148148145, 0.24074074074074073]","[67631.0, 1786.6346316369998, 1155.9831840869379, 12069.579557418127, 1906.5778542068413, 950.5914327636027, 9083.877197385174, 2481.229636774483, 778.6316126029442, 8965.162396385995, 2042.6423114779172, 1606.7171021541494, 6927.939836298321, 1790.9411989177936, 2115.0643759896493, 4469.146453396725, 811.3124818658857, 852.4454942250587, 2613.518509595828, 1125.8336361545946, 622.5282936168355, 1595.9028958466959, 1672.0836322356427, 807.7671822537561, 3024.6344394117586, 842.7313814743655, 842.8235732269221]",3.0,0.3,145.15,15,0.5,1721880.1384885076,0.1444554161556429,0.12412575453778008,16430975.452705396,84089526828.82361,"[0.046875, 0.03125]",2,1721880.1384885076,0.046875,"[0.0, 0.015625, 0.03125, 0.046875, 0.0625, 0.078125, 0.09375, 0.109375, 0.125, 0.140625, 0.15625, 0.171875, 0.1875, 0.203125, 0.21875, 0.234375]","[154749.38571156585, 876106.9067082782, 1710291.376891532, 1721880.1384885076, 1236443.397559302, 1200279.6938555264, 1385236.610142781, 1437054.0474222803, 1048940.2936461216, 664501.8455342903, 393060.29715082503, 165807.0810689744, 58528.0666285326, 51528.956393907436, 141871.95181127609, 339557.7347245399]",3.0,0.3,flattop,64,32,145.15,15,21,449.52380952380946,37.99999999999997,1007.9999999999999,"[2, 5, 11, 17, 22, 25, 29, 38, 44, 52, 55, 60, 65, 74, 78, 84, 89, 95, 98, 101, 105]","[37.99999999999997, 367.9999999999998, 461.00000000000006, 193.0, 951.0, 154.0, 881.0, 242.9999999999999, 491.0, 185.99999999999977, 320.9999999999999, 942.9999999999998, 810.0000000000001, 205.0, 478.0, 275.9999999999999, 346.99999999999955, 79.0, 1007.9999999999999, 114.0, 892.9999999999997]","[1, 1, 1, 15, 1, 24, 27, 35, 35, 49, 35, 35, 63, 73, 73, 73, 35, 92, 35, 99, 99]","[3, 8, 18, 18, 35, 27, 35, 39, 49, 53, 56, 73, 73, 75, 81, 85, 92, 97, 106, 102, 106]",0.05,30,52684908.99999999,1015.9999999999998,-1015.9999999999998,DWT,uc1.l0082987033,1.1641532182693481e-09,0.0,5.684341886080802e-14,0.0,0.0,1.1368683772161603e-13,3.725290298461914e-09,2.2737367544323206e-13,1.0,84,0.0,3.637978807091713e-12,1.0,84,,0.0,0.0,1.0,84,0.0,0.0,7.450580596923828e-09,4.57763671875e-05,0.0,0.0,0.0,0.0,5.684341886080802e-14,1.8189894035458565e-12,1.0150610510858575e-13,0.0,2.2737367544323206e-13,0.0,0.0,0.0,0.0,0.0,0.0,2.842170943040401e-14,5.551115123125783e-17,1.1641532182693481e-09,0.0,0.0,2.9103830456733704e-11,0.0,0.0,2.7755575615628914e-17,0.8946937914208324,0.5683926630012056,0.07881611397065319,0.30066023362112726,0.179509845606955,3.135877575339459e-05,1.5679387876697293e-05,3.135877575339459e-05,270,1.0524886950296617,0.5950740973657962,228,0,0,3.135877575339459e-05,3.135877575339459e-05,348,0,0,0.4044145295241547,0.5500770672763071,246,52.87721626560914,0.931683183119368,273.0,266.1649902908385,0.7894850024123972,52,rbio,366.5925925925926,360.0,210.3588723315502,135,0.8110455588331695,0.7500562468954116,0.20725123474815782,3,39.75
rbio3.1,1,symmetric,3.1157084049173595e-26,315.1594550533331,9941565.993878543,0.5454545454545454,638.9732951532834,108,raw,1.290819303297515e-13,-9.638845277493207e-11,"[2, 5, 11, 17, 22, 25, 29, 38, 44, 52, 55, 60, 65, 74, 78, 84, 89, 95, 98, 101, 105]","[37.99999999999997, 367.9999999999998, 461.00000000000006, 193.0, 951.0, 154.0, 881.0, 242.9999999999999, 491.0, 185.99999999999977, 320.9999999999999, 942.9999999999998, 810.0000000000001, 205.0, 478.0, 275.9999999999999, 346.99999999999955, 79.0, 1007.9999999999999, 114.0, 892.9999999999997]",21,5.886705962474646,153268.12381198345,0.5607842813738506,4.365923718251293e-06,1.0,0.4907407407407407,67631.0,0.1291094199047374,0.15147910127183992,188156.1212645155,82872438.25058056,8,12069.579557418127,0.027777777777777776,"[0.0, 0.009259259259259259, 0.018518518518518517, 0.027777777777777776, 0.037037037037037035, 0.046296296296296294, 0.05555555555555555, 0.06481481481481481, 0.07407407407407407, 0.08333333333333333, 0.09259259259259259, 0.10185185185185185, 0.1111111111111111, 0.12037037037037036, 0.12962962962962962, 0.1388888888888889, 0.14814814814814814, 0.15740740740740738, 0.16666666666666666, 0.17592592592592593, 0.18518518518518517, 0.19444444444444442, 0.2037037037037037, 0.21296296296296297, 0.2222222222222222, 0.23148148148148145, 0.24074074074074073]","[67631.0, 1786.6346316369998, 1155.9831840869379, 12069.579557418127, 1906.5778542068413, 950.5914327636027, 9083.877197385174, 2481.229636774483, 778.6316126029442, 8965.162396385995, 2042.642311477917, 1606.7171021541494, 6927.939836298321, 1790.9411989177936, 2115.0643759896493, 4469.146453396725, 811.3124818658857, 852.4454942250586, 2613.518509595828, 1125.8336361545946, 622.5282936168355, 1595.9028958466959, 1672.0836322356427, 807.7671822537561, 3024.6344394117586, 842.7313814743655, 842.8235732269221]",3.0,0.3,145.15,15,0.5,1721880.1384885076,0.1444554161556429,0.12412575453778008,16430975.452705396,84089526828.82361,"[0.046875, 0.03125]",2,1721880.1384885076,0.046875,"[0.0, 0.015625, 0.03125, 0.046875, 0.0625, 0.078125, 0.09375, 0.109375, 0.125, 0.140625, 0.15625, 0.171875, 0.1875, 0.203125, 0.21875, 0.234375]","[154749.38571156585, 876106.9067082782, 1710291.376891532, 1721880.1384885076, 1236443.397559302, 1200279.6938555264, 1385236.610142781, 1437054.0474222803, 1048940.2936461216, 664501.8455342903, 393060.29715082503, 165807.0810689744, 58528.0666285326, 51528.956393907436, 141871.95181127609, 339557.7347245399]",3.0,0.3,flattop,64,32,145.15,15,21,449.52380952380946,37.99999999999997,1007.9999999999999,"[2, 5, 11, 17, 22, 25, 29, 38, 44, 52, 55, 60, 65, 74, 78, 84, 89, 95, 98, 101, 105]","[37.99999999999997, 367.9999999999998, 461.00000000000006, 193.0, 951.0, 154.0, 881.0, 242.9999999999999, 491.0, 185.99999999999977, 320.9999999999999, 942.9999999999998, 810.0000000000001, 205.0, 478.0, 275.9999999999999, 346.99999999999955, 79.0, 1007.9999999999999, 114.0, 892.9999999999997]","[1, 1, 1, 15, 1, 24, 27, 35, 35, 49, 35, 35, 63, 73, 73, 73, 35, 92, 35, 99, 99]","[3, 8, 18, 18, 35, 27, 35, 39, 49, 53, 56, 73, 73, 75, 81, 85, 92, 97, 106, 102, 106]",0.05,30,52684908.99999999,1015.9999999999998,-1015.9999999999998,DWT,uc1.l0082987033,1.1641532182693481e-09,0.0,5.684341886080802e-14,0.0,0.0,1.1368683772161603e-13,3.725290298461914e-09,2.2737367544323206e-13,1.0,84,0.0,3.637978807091713e-12,1.0,84,,0.0,0.0,1.0,84,0.0,0.0,7.450580596923828e-09,4.57763671875e-05,0.0,0.0,0.0,0.0,5.684341886080802e-14,1.8189894035458565e-12,1.0150610510858575e-13,0.0,2.2737367544323206e-13,0.0,0.0,0.0,0.0,0.0,0.0,2.842170943040401e-14,5.551115123125783e-17,1.1641532182693481e-09,0.0,0.0,2.9103830456733704e-11,0.0,0.0,2.7755575615628914e-17,0.8947051626492901,0.5668911017694244,0.0788608014591954,0.30066023362112726,0.17635911780736596,3.135877575339459e-05,1.5679387876697293e-05,3.135877575339459e-05,275,1.0505067897752813,0.5939535338045109,236,0,0,3.135877575339459e-05,3.135877575339459e-05,349,0,0,0.40349528346128066,0.5488267260015611,253,49.79541478221999,0.9356648387826615,278.25,272.26534138131393,0.7880843573758269,53,rbio,366.5925925925926,360.0,210.3588723315502,135,0.8110455588331695,0.7500562468954116,0.20725123474815782,3,40.5
sym11,1,periodic,4.6085442474682504e-23,283.4593854959606,10479346.723887833,0.578125,501.0084624841379,108,raw,5.3357154085999904e-12,-1.0614209511322335e-10,"[2, 5, 11, 17, 22, 25, 29, 38, 44, 52, 55, 60, 65, 74, 78, 84, 89, 95, 98, 101, 105]","[38.000000000003126, 368.00000000001495, 461.0000000000091, 193.00000000000955, 951.0000000000125, 154.00000000001194, 881.0000000000318, 243.00000000000858, 491.00000000001063, 186.0000000000058, 321.0000000000124, 943.000000000008, 810.0000000000298, 205.00000000000767, 478.0000000000143, 276.0000000000067, 347.0000000000099, 78.99999999999659, 1008.0000000000169, 114.00000000000944, 893.0000000000334]",21,5.869207897522161,102267.80188666463,0.8243087484182784,4.365923718251085e-06,1.0,0.4907407407407407,67631.0,0.1291094199047388,0.15147910127183983,188156.1212645183,82872438.25058056,8,12069.579557418163,0.027777777777777776,"[0.0, 0.009259259259259259, 0.018518518518518517, 0.027777777777777776, 0.037037037037037035, 0.046296296296296294, 0.05555555555555555, 0.06481481481481481, 0.07407407407407407, 0.08333333333333333, 0.09259259259259259, 0.10185185185185185, 0.1111111111111111, 0.12037037037037036, 0.12962962962962962, 0.1388888888888889, 0.14814814814814814, 0.15740740740740738, 0.16666666666666666, 0.17592592592592593, 0.18518518518518517, 0.19444444444444442, 0.2037037037037037, 0.21296296296296297, 0.2222222222222222, 0.23148148148148145, 0.24074074074074073]","[67631.0, 1786.6346316370011, 1155.9831840869388, 12069.579557418163, 1906.5778542068538, 950.5914327636078, 9083.877197385267, 2481.229636774514, 778.6316126029569, 8965.162396386162, 2042.6423114779618, 1606.7171021541867, 6927.939836298502, 1790.941198917843, 2115.06437598971, 4469.146453396866, 811.3124818659147, 852.4454942250854, 2613.5185095959177, 1125.8336361546342, 622.5282936168595, 1595.90289584676, 1672.0836322357109, 807.7671822537912, 3024.6344394118864, 842.7313814744007, 842.8235732269551]",3.0,0.3,145.14999999999281,15,0.5,1721880.13848853,0.1444554161556446,0.12412575453777984,16430975.452706061,84089526828.82791,"[0.046875, 0.03125]",2,1721880.13848853,0.046875,"[0.0, 0.015625, 0.03125, 0.046875, 0.0625, 0.078125, 0.09375, 0.109375, 0.125, 0.140625, 0.15625, 0.171875, 0.1875, 0.203125, 0.21875, 0.234375]","[154749.38571156602, 876106.9067082854, 1710291.376891551, 1721880.13848853, 1236443.3975593292, 1200279.693855569, 1385236.6101428412, 1437054.0474223488, 1048940.293646178, 664501.8455343298, 393060.29715084995, 165807.0810689855, 58528.06662853688, 51528.95639391197, 141871.95181128863, 339557.73472456925]",3.0,0.3,flattop,64,32,145.14999999999281,15,21,449.523809523822,38.000000000003126,1008.0000000000169,"[2, 5, 11, 17, 22, 25, 29, 38, 44, 52, 55, 60, 65, 74, 78, 84, 89, 95, 98, 101, 105]","[38.000000000003126, 368.00000000001495, 461.0000000000091, 193.00000000000955, 951.0000000000125, 154.00000000001194, 881.0000000000318, 243.00000000000858, 491.00000000001063, 186.0000000000058, 321.0000000000124, 943.000000000008, 810.0000000000298, 205.00000000000767, 478.0000000000143, 276.0000000000067, 347.0000000000099, 78.99999999999659, 1008.0000000000169, 114.00000000000944, 893.0000000000334]","[1, 1, 1, 15, 1, 24, 27, 35, 35, 49, 35, 35, 63, 73, 73, 73, 35, 92, 35, 99, 99]","[3, 8, 18, 18, 35, 27, 35, 39, 49, 53, 56, 73, 73, 75, 81, 85, 92, 97, 106, 102, 106]",0.05,30,52684909.00000036,1016.0000000000048,-1016.0000000000048,DWT,uc1.l0082987033,2.1187588572502136e-08,0.0,1.2505552149377763e-11,0.0,0.0,1.693933882052079e-11,6.612390279769897e-07,4.774847184307873e-12,1.0,84,0.0,3.2741809263825417e-11,1.0,84,,0.0,0.0,1.0,84,0.0,0.0,3.5762786865234375e-07,0.0042572021484375,0.0,0.0,0.0,0.0,1.2505552149377763e-11,2.6193447411060333e-10,1.2854733150951296e-11,0.0,4.774847184307873e-12,0.0,7.190692485892214e-12,0.0,0.0,0.0,7.190692485892214e-12,3.126388037344441e-12,1.3322676295501878e-15,2.1187588572502136e-08,8.326672684688674e-17,2.3592239273284576e-16,2.764863893389702e-09,0.0,0.0,1.6930901125533637e-15,0.5692509467634825,0.5444700704483371,0.13102745015344092,0.6653282122905029,0.03830621399844365,0.0015052212361629403,0.0007526106180814701,0.0015052212361629403,206,0.9607530988745572,0.543207053723324,351,0,0,0.0015052212361629403,0.0015052212361629403,204,0,0,0.38967657873084144,0.5300307826890862,281,70.17359427400974,0.9093364415064473,260.5,247.4627118190221,0.7863865670064536,54,sym,445.72514619883043,505.0,280.45746329325993,171,0.986117580085908,1.0,0.009717693939864401,6,42.0
db23,1,antisymmetric,3.1042085659434707e-26,315.1755141818497,11715128.097818373,0.5986842105263158,473.5139743610512,108,raw,1.3974007136615302e-13,-1.215985090397005e-10,"[2, 5, 11, 17, 22, 25, 29, 38, 44, 52, 55, 60, 65, 74, 78, 84, 89, 95, 98, 101, 105]","[37.99999999999997, 368.0000000000002, 461.00000000000034, 193.0, 951.0000000000002, 153.99999999999977, 881.0, 243.00000000000003, 491.00000000000006, 185.9999999999999, 320.9999999999999, 943.0000000000002, 810.0, 205.0000000000001, 478.0000000000002, 276.0, 346.9999999999999, 79.0, 1008.0000000000003, 114.00000000000011, 893.0000000000001]",21,6.087507934707295,387798.5734630095,0.9501962817438505,4.365923718251291e-06,1.0,0.4907407407407407,67631.0,0.12910941990473743,0.15147910127183994,188156.12126451556,82872438.25058056,8,12069.579557418136,0.027777777777777776,"[0.0, 0.009259259259259259, 0.018518518518518517, 0.027777777777777776, 0.037037037037037035, 0.046296296296296294, 0.05555555555555555, 0.06481481481481481, 0.07407407407407407, 0.08333333333333333, 0.09259259259259259, 0.10185185185185185, 0.1111111111111111, 0.12037037037037036, 0.12962962962962962, 0.1388888888888889, 0.14814814814814814, 0.15740740740740738, 0.16666666666666666, 0.17592592592592593, 0.18518518518518517, 0.19444444444444442, 0.2037037037037037, 0.21296296296296297, 0.2222222222222222, 0.23148148148148145, 0.24074074074074073]","[67631.0, 1786.6346316370013, 1155.983184086939, 12069.579557418136, 1906.577854206843, 950.5914327635986, 9083.877197385178, 2481.229636774485, 778.6316126029432, 8965.162396385991, 2042.6423114779182, 1606.7171021541506, 6927.939836298325, 1790.9411989177936, 2115.064375989648, 4469.146453396725, 811.3124818658872, 852.4454942250562, 2613.5185095958254, 1125.8336361545935, 622.5282936168372, 1595.9028958466995, 1672.0836322356427, 807.7671822537579, 3024.63443941176, 842.7313814743655, 842.8235732269198]",3.0,0.3,145.1500000000001,15,0.5,1721880.1384885092,0.14445541615564295,0.12412575453778009,16430975.452705404,84089526828.82372,"[0.046875, 0.03125]",2,1721880.1384885092,0.046875,"[0.0, 0.015625, 0.03125, 0.046875, 0.0625, 0.078125, 0.09375, 0.109375, 0.125, 0.140625, 0.15625, 0.171875, 0.1875, 0.203125, 0.21875, 0.234375]","[154749.3857115652, 876106.9067082778, 1710291.376891533, 1721880.1384885092, 1236443.397559303, 1200279.693855527, 1385236.6101427816, 1437054.0474222808, 1048940.2936461226, 664501.8455342909, 393060.2971508252, 165807.0810689746, 58528.06662853269, 51528.95639390758, 141871.95181127626, 339557.7347245401]",3.0,0.3,flattop,64,32,145.1500000000001,15,21,449.5238095238095,37.99999999999997,1008.0000000000003,"[2, 5, 11, 17, 22, 25, 29, 38, 44, 52, 55, 60, 65, 74, 78, 84, 89, 95, 98, 101, 105]","[37.99999999999997, 368.0000000000002, 461.00000000000034, 193.0, 951.0000000000002, 153.99999999999977, 881.0, 243.00000000000003, 491.00000000000006, 185.9999999999999, 320.9999999999999, 943.0000000000002, 810.0, 205.0000000000001, 478.0000000000002, 276.0, 346.9999999999999, 79.0, 1008.0000000000003, 114.00000000000011, 893.0000000000001]","[1, 1, 1, 15, 1, 24, 27, 35, 35, 49, 35, 35, 63, 73, 73, 73, 35, 92, 35, 99, 99]","[3, 8, 18, 18, 35, 27, 35, 39, 49, 53, 56, 73, 73, 75, 81, 85, 92, 97, 106, 102, 106]",0.05,30,52684909.00000001,1016.0000000000003,-1016.0000000000003,DWT,uc1.l0082987033,4.656612873077393e-10,0.0,0.0,0.0,0.0,3.410605131648481e-13,3.725290298461914e-09,3.410605131648481e-13,1.0,84,0.0,5.4569682106375694e-12,1.0,84,,0.0,0.0,1.0,84,0.0,0.0,7.450580596923828e-09,6.103515625e-05,0.0,0.0,0.0,0.0,0.0,0.0,1.245141555998652e-13,0.0,3.410605131648481e-13,0.0,8.526512829121202e-14,0.0,0.0,0.0,8.526512829121202e-14,2.842170943040401e-14,2.7755575615628914e-17,4.656612873077393e-10,2.7755575615628914e-17,1.3877787807814457e-17,2.9103830456733704e-11,0.0,0.0,2.7755575615628914e-17,0.8948700364540532,0.8241873983021994,0.25090265058245764,0.8948103498970894,0.8112102007740153,3.135877575339459e-05,1.5679387876697293e-05,3.135877575339459e-05,251,1.7568752665832021,0.9933322499172569,3,0,0,3.135877575339459e-05,3.135877575339459e-05,354,0,0,0.735196127201963,1.0,1,178.51867315960723,0.769355719432032,152.25,2.9847577617843917,0.7863251465377215,55,db,413.2962962962963,398.0,188.41229481502944,243,0.9143723369387087,0.671803462110104,0.15839832550987273,5,42.5
db16,1,reflect,2.3632169091340923e-26,316.3599872576772,11275011.158213785,0.5434782608695652,430.7611353390169,108,raw,1.1717376040636464e-13,-1.1521772425027232e-10,"[2, 5, 11, 17, 22, 25, 29, 38, 44, 52, 55, 60, 65, 74, 78, 84, 89, 95, 98, 101, 105]","[38.000000000000085, 368.0, 461.0000000000001, 192.99999999999977, 950.9999999999999, 153.99999999999977, 881.0000000000003, 243.00000000000014, 490.99999999999994, 186.0000000000001, 320.9999999999999, 943.0, 809.9999999999998, 205.00000000000003, 478.00000000000034, 275.9999999999999, 347.0, 78.99999999999989, 1007.9999999999999, 113.99999999999977, 893.0000000000002]",21,5.93798681639558,91412.25526595312,0.7997979298577623,4.36592371825129e-06,0.9999999999999997,0.4907407407407407,67631.0,0.12910941990473743,0.15147910127183992,188156.12126451553,82872438.25058056,8,12069.57955741813,0.027777777777777776,"[0.0, 0.009259259259259259, 0.018518518518518517, 0.027777777777777776, 0.037037037037037035, 0.046296296296296294, 0.05555555555555555, 0.06481481481481481, 0.07407407407407407, 0.08333333333333333, 0.09259259259259259, 0.10185185185185185, 0.1111111111111111, 0.12037037037037036, 0.12962962962962962, 0.1388888888888889, 0.14814814814814814, 0.15740740740740738, 0.16666666666666666, 0.17592592592592593, 0.18518518518518517, 0.19444444444444442, 0.2037037037037037, 0.21296296296296297, 0.2222222222222222, 0.23148148148148145, 0.24074074074074073]","[67631.0, 1786.6346316369995, 1155.9831840869379, 12069.57955741813, 1906.5778542068426, 950.5914327636013, 9083.87719738518, 2481.229636774482, 778.631612602945, 8965.162396385987, 2042.642311477917, 1606.7171021541499, 6927.939836298324, 1790.941198917794, 2115.0643759896484, 4469.1464533967255, 811.3124818658857, 852.4454942250567, 2613.518509595829, 1125.8336361545946, 622.5282936168387, 1595.9028958466974, 1672.0836322356415, 807.7671822537549, 3024.6344394117586, 842.731381474364, 842.8235732269187]",3.0,0.3,145.14999999999998,15,0.5,1721880.1384885092,0.14445541615564295,0.12412575453778008,16430975.452705404,84089526828.82372,"[0.046875, 0.03125]",2,1721880.1384885092,0.046875,"[0.0, 0.015625, 0.03125, 0.046875, 0.0625, 0.078125, 0.09375, 0.109375, 0.125, 0.140625, 0.15625, 0.171875, 0.1875, 0.203125, 0.21875, 0.234375]","[154749.38571156538, 876106.9067082775, 1710291.376891532, 1721880.1384885092, 1236443.3975593029, 1200279.6938555276, 1385236.6101427819, 1437054.0474222808, 1048940.2936461223, 664501.8455342907, 393060.29715082515, 165807.08106897437, 58528.066628532455, 51528.95639390741, 141871.95181127623, 339557.7347245401]",3.0,0.3,flattop,64,32,145.14999999999998,15,21,449.5238095238095,38.000000000000085,1007.9999999999999,"[2, 5, 11, 17, 22, 25, 29, 38, 44, 52, 55, 60, 65, 74, 78, 84, 89, 95, 98, 101, 105]","[38.000000000000085, 368.0, 461.0000000000001, 192.99999999999977, 950.9999999999999, 153.99999999999977, 881.0000000000003, 243.00000000000014, 490.99999999999994, 186.0000000000001, 320.9999999999999, 943.0, 809.9999999999998, 205.00000000000003, 478.00000000000034, 275.9999999999999, 347.0, 78.99999999999989, 1007.9999999999999, 113.99999999999977, 893.0000000000002]","[1, 1, 1, 15, 1, 24, 27, 35, 35, 49, 35, 35, 63, 73, 73, 73, 35, 92, 35, 99, 99]","[3, 8, 18, 18, 35, 27, 35, 39, 49, 53, 56, 73, 73, 75, 81, 85, 92, 97, 106, 102, 106]",0.05,30,52684909.00000001,1015.9999999999999,-1015.9999999999999,DWT,uc1.l0082987033,4.656612873077393e-10,0.0,0.0,0.0,0.0,1.1368683772161603e-13,3.725290298461914e-09,1.1368683772161603e-13,1.0,84,0.0,0.0,1.0,84,,0.0,0.0,1.0,84,0.0,0.0,7.450580596923828e-09,6.103515625e-05,0.0,0.0,0.0,0.0,0.0,0.0,1.3940171768245774e-13,0.0,1.1368683772161603e-13,0.0,2.842170943040401e-14,0.0,0.0,0.0,2.842170943040401e-14,8.526512829121202e-14,2.7755575615628914e-17,4.656612873077393e-10,0.0,0.0,0.0,0.0,0.0,2.7755575615628914e-17,0.9070306329926067,0.632599489242868,0.20820973785510424,0.278600923002186,0.008921306671449573,3.135877575339459e-05,1.5679387876697293e-05,3.135877575339459e-05,297,1.079631885214004,0.6104207794487999,185,0,0,3.135877575339459e-05,3.135877575339459e-05,337,0,0,0.407072417952843,0.5536922773275404,239,66.54071435344429,0.9140300848146714,264.5,251.19524599146706,0.7861494093324003,56,db,413.2962962962963,398.0,188.41229481502944,243,0.9143723369387087,0.671803462110104,0.15839832550987273,5,43.25
rbio3.1,1,smooth,3.1157084049173595e-26,315.1594550533331,9940646.5131176,0.5454545454545454,638.9732951532834,108,raw,1.290819303297515e-13,-9.638845277493207e-11,"[2, 5, 11, 17, 22, 25, 29, 38, 44, 52, 55, 60, 65, 74, 78, 84, 89, 95, 98, 101, 105]","[37.99999999999997, 367.9999999999998, 461.00000000000006, 193.0, 951.0, 154.0, 881.0, 242.9999999999999, 491.0, 185.99999999999977, 320.9999999999999, 942.9999999999998, 810.0000000000001, 205.0, 478.0, 275.9999999999999, 346.99999999999955, 79.0, 1007.9999999999999, 114.0, 892.9999999999997]",21,5.888593512027189,152640.73939049587,0.5636641579864645,4.365923718251293e-06,1.0,0.4907407407407407,67631.0,0.1291094199047374,0.15147910127183992,188156.1212645155,82872438.25058056,8,12069.579557418127,0.027777777777777776,"[0.0, 0.009259259259259259, 0.018518518518518517, 0.027777777777777776, 0.037037037037037035, 0.046296296296296294, 0.05555555555555555, 0.06481481481481481, 0.07407407407407407, 0.08333333333333333, 0.09259259259259259, 0.10185185185185185, 0.1111111111111111, 0.12037037037037036, 0.12962962962962962, 0.1388888888888889, 0.14814814814814814, 0.15740740740740738, 0.16666666666666666, 0.17592592592592593, 0.18518518518518517, 0.19444444444444442, 0.2037037037037037, 0.21296296296296297, 0.2222222222222222, 0.23148148148148145, 0.24074074074074073]","[67631.0, 1786.6346316369998, 1155.9831840869379, 12069.579557418127, 1906.5778542068413, 950.5914327636027, 9083.877197385174, 2481.229636774483, 778.6316126029442, 8965.162396385995, 2042.642311477917, 1606.7171021541494, 6927.939836298321, 1790.9411989177936, 2115.0643759896493, 4469.146453396725, 811.3124818658857, 852.4454942250586, 2613.518509595828, 1125.8336361545946, 622.5282936168355, 1595.9028958466959, 1672.0836322356427, 807.7671822537561, 3024.6344394117586, 842.7313814743655, 842.8235732269221]",3.0,0.3,145.15,15,0.5,1721880.1384885076,0.1444554161556429,0.12412575453778008,16430975.452705396,84089526828.82361,"[0.046875, 0.03125]",2,1721880.1384885076,0.046875,"[0.0, 0.015625, 0.03125, 0.046875, 0.0625, 0.078125, 0.09375, 0.109375, 0.125, 0.140625, 0.15625, 0.171875, 0.1875, 0.203125, 0.21875, 0.234375]","[154749.38571156585, 876106.9067082782, 1710291.376891532, 1721880.1384885076, 1236443.397559302, 1200279.6938555264, 1385236.610142781, 1437054.0474222803, 1048940.2936461216, 664501.8455342903, 393060.29715082503, 165807.0810689744, 58528.0666285326, 51528.956393907436, 141871.95181127609, 339557.7347245399]",3.0,0.3,flattop,64,32,145.15,15,21,449.52380952380946,37.99999999999997,1007.9999999999999,"[2, 5, 11, 17, 22, 25, 29, 38, 44, 52, 55, 60, 65, 74, 78, 84, 89, 95, 98, 101, 105]","[37.99999999999997, 367.9999999999998, 461.00000000000006, 193.0, 951.0, 154.0, 881.0, 242.9999999999999, 491.0, 185.99999999999977, 320.9999999999999, 942.9999999999998, 810.0000000000001, 205.0, 478.0, 275.9999999999999, 346.99999999999955, 79.0, 1007.9999999999999, 114.0, 892.9999999999997]","[1, 1, 1, 15, 1, 24, 27, 35, 35, 49, 35, 35, 63, 73, 73, 73, 35, 92, 35, 99, 99]","[3, 8, 18, 18, 35, 27, 35, 39, 49, 53, 56, 73, 73, 75, 81, 85, 92, 97, 106, 102, 106]",0.05,30,52684908.99999999,1015.9999999999998,-1015.9999999999998,DWT,uc1.l0082987033,1.1641532182693481e-09,0.0,5.684341886080802e-14,0.0,0.0,1.1368683772161603e-13,3.725290298461914e-09,2.2737367544323206e-13,1.0,84,0.0,3.637978807091713e-12,1.0,84,,0.0,0.0,1.0,84,0.0,0.0,7.450580596923828e-09,4.57763671875e-05,0.0,0.0,0.0,0.0,5.684341886080802e-14,1.8189894035458565e-12,1.0150610510858575e-13,0.0,2.2737367544323206e-13,0.0,0.0,0.0,0.0,0.0,0.0,2.842170943040401e-14,5.551115123125783e-17,1.1641532182693481e-09,0.0,0.0,2.9103830456733704e-11,0.0,0.0,2.7755575615628914e-17,0.8947051626492901,0.5693097010689807,0.07877160854624664,0.30066023362112726,0.17466084928824427,3.135877575339459e-05,1.5679387876697293e-05,3.135877575339459e-05,273,1.0509921855609363,0.5942279751931717,231,0,0,3.135877575339459e-05,3.135877575339459e-05,355,0,0,0.40362151103477784,0.5489984183824468,250,54.60387654126155,0.929452355889843,277.25,270.10766909520714,0.785624110761459,57,rbio,366.5925925925926,360.0,210.3588723315502,135,0.8110455588331695,0.7500562468954116,0.20725123474815782,3,43.5
rbio1.5,1,smooth,1.6842823102021004e-26,317.83087423847866,9460244.956597924,0.5775862068965517,327.09132744423067,108,raw,1.0960779609040062e-13,-1.22196808227671e-10,"[2, 5, 11, 17, 22, 25, 29, 38, 44, 52, 55, 60, 65, 74, 78, 84, 89, 95, 98, 101, 105]","[38.0, 367.9999999999999, 461.00000000000006, 193.0, 951.0000000000001, 154.0, 881.0000000000002, 243.00000000000006, 491.00000000000017, 186.0, 321.0000000000001, 943.0000000000001, 810.0000000000002, 205.00000000000003, 478.0, 276.0, 347.0, 78.99999999999989, 1008.0000000000002, 114.0, 893.0000000000002]",21,5.6168299079783965,110861.95619771372,0.8420207987111609,4.365923718251291e-06,1.0,0.4907407407407407,67631.00000000001,0.12910941990473737,0.15147910127183992,188156.1212645156,82872438.25058061,8,12069.579557418136,0.027777777777777776,"[0.0, 0.009259259259259259, 0.018518518518518517, 0.027777777777777776, 0.037037037037037035, 0.046296296296296294, 0.05555555555555555, 0.06481481481481481, 0.07407407407407407, 0.08333333333333333, 0.09259259259259259, 0.10185185185185185, 0.1111111111111111, 0.12037037037037036, 0.12962962962962962, 0.1388888888888889, 0.14814814814814814, 0.15740740740740738, 0.16666666666666666, 0.17592592592592593, 0.18518518518518517, 0.19444444444444442, 0.2037037037037037, 0.21296296296296297, 0.2222222222222222, 0.23148148148148145, 0.24074074074074073]","[67631.00000000001, 1786.634631637001, 1155.9831840869394, 12069.579557418136, 1906.5778542068424, 950.5914327636011, 9083.87719738518, 2481.229636774485, 778.6316126029441, 8965.162396385995, 2042.6423114779184, 1606.7171021541496, 6927.939836298324, 1790.9411989177943, 2115.0643759896484, 4469.146453396728, 811.3124818658861, 852.4454942250576, 2613.5185095958295, 1125.8336361545935, 622.5282936168361, 1595.9028958466968, 1672.0836322356429, 807.7671822537574, 3024.6344394117605, 842.7313814743653, 842.8235732269203]",3.0,0.3,145.15000000000006,15,0.5,1721880.1384885092,0.14445541615564292,0.12412575453778008,16430975.452705408,84089526828.82373,"[0.046875, 0.03125]",2,1721880.1384885092,0.046875,"[0.0, 0.015625, 0.03125, 0.046875, 0.0625, 0.078125, 0.09375, 0.109375, 0.125, 0.140625, 0.15625, 0.171875, 0.1875, 0.203125, 0.21875, 0.234375]","[154749.3857115653, 876106.906708278, 1710291.3768915331, 1721880.1384885092, 1236443.3975593029, 1200279.6938555273, 1385236.610142782, 1437054.0474222815, 1048940.2936461228, 664501.8455342911, 393060.29715082544, 165807.0810689747, 58528.06662853267, 51528.956393907596, 141871.95181127626, 339557.73472454003]",3.0,0.3,flattop,64,32,145.15000000000006,15,21,449.52380952380963,38.0,1008.0000000000002,"[2, 5, 11, 17, 22, 25, 29, 38, 44, 52, 55, 60, 65, 74, 78, 84, 89, 95, 98, 101, 105]","[38.0, 367.9999999999999, 461.00000000000006, 193.0, 951.0000000000001, 154.0, 881.0000000000002, 243.00000000000006, 491.00000000000017, 186.0, 321.0000000000001, 943.0000000000001, 810.0000000000002, 205.00000000000003, 478.0, 276.0, 347.0, 78.99999999999989, 1008.0000000000002, 114.0, 893.0000000000002]","[1, 1, 1, 15, 1, 24, 27, 35, 35, 49, 35, 35, 63, 73, 73, 73, 35, 92, 35, 99, 99]","[3, 8, 18, 18, 35, 27, 35, 39, 49, 53, 56, 73, 73, 75, 81, 85, 92, 97, 106, 102, 106]",0.05,30,52684909.00000001,1016.0000000000002,-1016.0000000000002,DWT,uc1.l0082987033,4.656612873077393e-10,0.0,1.1368683772161603e-13,4.470348358154297e-08,0.0,2.2737367544323206e-13,7.450580596923828e-09,2.2737367544323206e-13,1.0,84,0.0,5.4569682106375694e-12,1.0,84,,0.0,0.0,1.0,84,0.0,0.0,7.450580596923828e-09,7.62939453125e-05,1.4551915228366852e-11,0.0,0.0,0.0,1.1368683772161603e-13,1.8189894035458565e-12,8.526512829121202e-14,0.0,2.2737367544323206e-13,0.0,5.684341886080802e-14,0.0,0.0,0.0,5.684341886080802e-14,0.0,8.326672684688674e-17,4.656612873077393e-10,0.0,0.0,5.820766091346741e-11,0.0,0.0,0.0,0.9221317471440126,0.22108718075857248,0.03217094431140548,0.6593141976497784,0.06156975261217326,3.135877575339459e-05,1.5679387876697293e-05,3.135877575339459e-05,242,0.9682616909261772,0.5474523901898405,335,0,0,3.135877575339459e-05,3.135877575339459e-05,251,0,0,0.3792547644951885,0.5158552261946353,322,47.78074926160116,0.9382677658118848,287.5,281.5521438324782,0.7834103686940561,58,rbio,366.5925925925926,360.0,210.3588723315502,135,0.8110455588331695,0.7500562468954116,0.20725123474815782,3,44.25
coif7,1,zero,4.1705680943915476e-26,313.89307094708204,9354837.537251508,0.6081081081081081,218.1135864900701,108,raw,1.5231437510431504e-13,-1.2046752484451482e-10,"[2, 5, 11, 17, 22, 25, 29, 38, 44, 52, 55, 60, 65, 74, 78, 84, 89, 95, 98, 101, 105]","[37.99999999999997, 368.0000000000002, 460.9999999999998, 193.0, 951.0000000000003, 153.9999999999999, 881.0000000000005, 243.00000000000003, 490.9999999999998, 186.00000000000023, 320.99999999999955, 943.0000000000002, 810.0000000000005, 205.0, 478.00000000000045, 275.9999999999999, 346.99999999999955, 78.99999999999977, 1007.9999999999997, 114.00000000000011, 892.9999999999999]",21,5.631835805828335,147047.4544375457,0.8919736650201445,4.365923718251291e-06,0.9999999999999998,0.4907407407407407,67631.0,0.1291094199047374,0.15147910127183992,188156.12126451553,82872438.25058056,8,12069.579557418134,0.027777777777777776,"[0.0, 0.009259259259259259, 0.018518518518518517, 0.027777777777777776, 0.037037037037037035, 0.046296296296296294, 0.05555555555555555, 0.06481481481481481, 0.07407407407407407, 0.08333333333333333, 0.09259259259259259, 0.10185185185185185, 0.1111111111111111, 0.12037037037037036, 0.12962962962962962, 0.1388888888888889, 0.14814814814814814, 0.15740740740740738, 0.16666666666666666, 0.17592592592592593, 0.18518518518518517, 0.19444444444444442, 0.2037037037037037, 0.21296296296296297, 0.2222222222222222, 0.23148148148148145, 0.24074074074074073]","[67631.0, 1786.6346316369998, 1155.9831840869356, 12069.579557418134, 1906.5778542068456, 950.5914327636012, 9083.877197385176, 2481.229636774485, 778.6316126029452, 8965.162396385995, 2042.6423114779168, 1606.7171021541487, 6927.939836298327, 1790.941198917792, 2115.0643759896493, 4469.146453396723, 811.3124818658854, 852.4454942250541, 2613.5185095958327, 1125.8336361545946, 622.5282936168369, 1595.9028958466974, 1672.0836322356397, 807.7671822537596, 3024.634439411759, 842.7313814743661, 842.82357322692]",3.0,0.3,145.1500000000001,15,0.5,1721880.1384885095,0.14445541615564295,0.12412575453778008,16430975.452705411,84089526828.8238,"[0.046875, 0.03125]",2,1721880.1384885095,0.046875,"[0.0, 0.015625, 0.03125, 0.046875, 0.0625, 0.078125, 0.09375, 0.109375, 0.125, 0.140625, 0.15625, 0.171875, 0.1875, 0.203125, 0.21875, 0.234375]","[154749.38571156553, 876106.9067082782, 1710291.3768915334, 1721880.1384885095, 1236443.397559303, 1200279.6938555276, 1385236.6101427833, 1437054.0474222824, 1048940.2936461233, 664501.8455342914, 393060.2971508255, 165807.0810689747, 58528.0666285327, 51528.956393907516, 141871.9518112762, 339557.7347245399]",3.0,0.3,flattop,64,32,145.1500000000001,15,21,449.52380952380963,37.99999999999997,1007.9999999999997,"[2, 5, 11, 17, 22, 25, 29, 38, 44, 52, 55, 60, 65, 74, 78, 84, 89, 95, 98, 101, 105]","[37.99999999999997, 368.0000000000002, 460.9999999999998, 193.0, 951.0000000000003, 153.9999999999999, 881.0000000000005, 243.00000000000003, 490.9999999999998, 186.00000000000023, 320.99999999999955, 943.0000000000002, 810.0000000000005, 205.0, 478.00000000000045, 275.9999999999999, 346.99999999999955, 78.99999999999977, 1007.9999999999997, 114.00000000000011, 892.9999999999999]","[1, 1, 1, 15, 1, 24, 27, 35, 35, 49, 35, 35, 63, 73, 73, 73, 35, 92, 35, 99, 99]","[3, 8, 18, 18, 35, 27, 35, 39, 49, 53, 56, 73, 73, 75, 81, 85, 92, 97, 106, 102, 106]",0.05,30,52684909.00000001,1015.9999999999998,-1015.9999999999998,DWT,uc1.l0082987033,6.984919309616089e-10,0.0,1.1368683772161603e-13,0.0,0.0,3.410605131648481e-13,1.1175870895385742e-08,2.2737367544323206e-13,1.0,84,0.0,3.637978807091713e-12,1.0,84,,0.0,0.0,1.0,84,0.0,0.0,7.450580596923828e-09,0.000152587890625,0.0,0.0,0.0,0.0,1.1368683772161603e-13,1.8189894035458565e-12,2.3008050491279434e-13,0.0,2.2737367544323206e-13,0.0,8.526512829121202e-14,0.0,0.0,0.0,8.526512829121202e-14,2.842170943040401e-14,5.551115123125783e-17,6.984919309616089e-10,0.0,0.0,0.0,0.0,0.0,2.7755575615628914e-17,0.8817036124298417,0.2403148900286043,0.021946048721121797,1.0,0.15952037172976472,3.135877575339459e-05,1.5679387876697293e-05,3.135877575339459e-05,317,1.123960785524674,0.6354842128748918,151,0,0,3.135877575339459e-05,3.135877575339459e-05,327,0,0,0.4606969845818665,0.6266314083225715,139,102.38977813564529,0.8677134649410267,233.5,199.70604001200053,0.7830169391888596,59,coif,217.80246913580248,181.0,166.32516494453617,81,0.48186386976947454,0.5930495234160287,0.4847804341365592,1,44.5
coif7,1,antireflect,4.1903590075646616e-26,313.8725107859157,11517950.1593669,0.5472972972972973,443.65749426907524,108,raw,1.446086049259908e-13,-1.2136636140525132e-10,"[2, 5, 11, 17, 22, 25, 29, 38, 44, 52, 55, 60, 65, 74, 78, 84, 89, 95, 98, 101, 105]","[38.0, 367.99999999999994, 461.00000000000006, 193.0000000000001, 951.0000000000001, 154.00000000000023, 881.0000000000002, 243.00000000000003, 490.9999999999998, 186.00000000000023, 320.99999999999955, 943.0000000000002, 810.0000000000005, 205.0, 478.00000000000034, 276.0000000000001, 346.99999999999943, 78.99999999999989, 1007.9999999999998, 114.0, 893.0000000000002]",21,6.111876311263479,389554.61718180345,0.9424318909731044,4.365923718251289e-06,1.0,0.4907407407407407,67631.0,0.12910941990473743,0.15147910127183992,188156.12126451556,82872438.25058056,8,12069.579557418134,0.027777777777777776,"[0.0, 0.009259259259259259, 0.018518518518518517, 0.027777777777777776, 0.037037037037037035, 0.046296296296296294, 0.05555555555555555, 0.06481481481481481, 0.07407407407407407, 0.08333333333333333, 0.09259259259259259, 0.10185185185185185, 0.1111111111111111, 0.12037037037037036, 0.12962962962962962, 0.1388888888888889, 0.14814814814814814, 0.15740740740740738, 0.16666666666666666, 0.17592592592592593, 0.18518518518518517, 0.19444444444444442, 0.2037037037037037, 0.21296296296296297, 0.2222222222222222, 0.23148148148148145, 0.24074074074074073]","[67631.0, 1786.6346316370013, 1155.983184086937, 12069.579557418134, 1906.5778542068444, 950.5914327636008, 9083.877197385176, 2481.229636774486, 778.6316126029449, 8965.162396385997, 2042.6423114779159, 1606.717102154149, 6927.939836298327, 1790.94119891779, 2115.064375989647, 4469.146453396727, 811.3124818658845, 852.4454942250554, 2613.51850959583, 1125.8336361545942, 622.5282936168375, 1595.9028958466988, 1672.0836322356397, 807.7671822537592, 3024.6344394117596, 842.7313814743658, 842.8235732269206]",3.0,0.3,145.15000000000012,15,0.5,1721880.1384885092,0.14445541615564295,0.12412575453778008,16430975.452705411,84089526828.82378,"[0.046875, 0.03125]",2,1721880.1384885092,0.046875,"[0.0, 0.015625, 0.03125, 0.046875, 0.0625, 0.078125, 0.09375, 0.109375, 0.125, 0.140625, 0.15625, 0.171875, 0.1875, 0.203125, 0.21875, 0.234375]","[154749.3857115656, 876106.9067082781, 1710291.376891533, 1721880.1384885092, 1236443.3975593036, 1200279.6938555276, 1385236.6101427828, 1437054.0474222822, 1048940.293646123, 664501.8455342914, 393060.2971508256, 165807.08106897474, 58528.066628532724, 51528.95639390754, 141871.95181127614, 339557.73472454]",3.0,0.3,flattop,64,32,145.15000000000012,15,21,449.5238095238095,38.0,1007.9999999999998,"[2, 5, 11, 17, 22, 25, 29, 38, 44, 52, 55, 60, 65, 74, 78, 84, 89, 95, 98, 101, 105]","[38.0, 367.99999999999994, 461.00000000000006, 193.0000000000001, 951.0000000000001, 154.00000000000023, 881.0000000000002, 243.00000000000003, 490.9999999999998, 186.00000000000023, 320.99999999999955, 943.0000000000002, 810.0000000000005, 205.0, 478.00000000000034, 276.0000000000001, 346.99999999999943, 78.99999999999989, 1007.9999999999998, 114.0, 893.0000000000002]","[1, 1, 1, 15, 1, 24, 27, 35, 35, 49, 35, 35, 63, 73, 73, 73, 35, 92, 35, 99, 99]","[3, 8, 18, 18, 35, 27, 35, 39, 49, 53, 56, 73, 73, 75, 81, 85, 92, 97, 106, 102, 106]",0.05,30,52684909.00000001,1015.9999999999998,-1015.9999999999998,DWT,uc1.l0082987033,4.656612873077393e-10,0.0,0.0,0.0,0.0,2.2737367544323206e-13,1.1175870895385742e-08,2.2737367544323206e-13,1.0,84,0.0,3.637978807091713e-12,1.0,84,,0.0,0.0,1.0,84,0.0,0.0,7.450580596923828e-09,0.0001220703125,0.0,0.0,0.0,0.0,0.0,0.0,1.9083147760414122e-13,0.0,2.2737367544323206e-13,0.0,1.1368683772161603e-13,0.0,0.0,0.0,1.1368683772161603e-13,0.0,2.7755575615628914e-17,4.656612873077393e-10,0.0,0.0,2.9103830456733704e-11,0.0,0.0,2.7755575615628914e-17,0.8814925279992931,0.8554116585557681,0.23177568735847628,0.32122905027932935,0.8159636400748477,3.135877575339459e-05,1.5679387876697293e-05,3.135877575339459e-05,310,1.5273662658983687,0.8635685174754523,24,0,0,3.135877575339459e-05,3.135877575339459e-05,321,0,0,0.621174512853543,0.844909936097776,24,168.35750651515363,0.7824838417116878,169.75,44.60581610354682,0.7815842981168258,60,coif,217.80246913580248,181.0,166.32516494453617,81,0.48186386976947454,0.5930495234160287,0.4847804341365592,1,45.25
coif7,1,reflect,3.8830889198599085e-26,314.2032497550015,12083888.03860767,0.5472972972972973,424.09873239191415,108,raw,1.4645075275944287e-13,-1.201361232716642e-10,"[2, 5, 11, 17, 22, 25, 29, 38, 44, 52, 55, 60, 65, 74, 78, 84, 89, 95, 98, 101, 105]","[38.0, 368.0000000000001, 461.0, 193.0000000000001, 951.0000000000003, 153.9999999999999, 881.0000000000002, 243.00000000000006, 490.9999999999998, 186.00000000000023, 320.99999999999955, 943.0000000000002, 810.0000000000005, 205.0, 478.00000000000057, 275.9999999999999, 346.99999999999955, 78.99999999999966, 1007.9999999999999, 114.0, 893.0000000000001]",21,6.114173880433793,89596.71245073095,0.7482687005272132,4.365923718251291e-06,1.0,0.4907407407407407,67631.0,0.12910941990473743,0.15147910127183992,188156.12126451553,82872438.25058058,8,12069.579557418134,0.027777777777777776,"[0.0, 0.009259259259259259, 0.018518518518518517, 0.027777777777777776, 0.037037037037037035, 0.046296296296296294, 0.05555555555555555, 0.06481481481481481, 0.07407407407407407, 0.08333333333333333, 0.09259259259259259, 0.10185185185185185, 0.1111111111111111, 0.12037037037037036, 0.12962962962962962, 0.1388888888888889, 0.14814814814814814, 0.15740740740740738, 0.16666666666666666, 0.17592592592592593, 0.18518518518518517, 0.19444444444444442, 0.2037037037037037, 0.21296296296296297, 0.2222222222222222, 0.23148148148148145, 0.24074074074074073]","[67631.0, 1786.634631637001, 1155.983184086935, 12069.579557418134, 1906.5778542068444, 950.5914327636007, 9083.877197385178, 2481.2296367744866, 778.6316126029444, 8965.162396385993, 2042.6423114779172, 1606.7171021541467, 6927.9398362983275, 1790.94119891779, 2115.0643759896493, 4469.146453396724, 811.3124818658862, 852.4454942250553, 2613.51850959583, 1125.8336361545955, 622.5282936168363, 1595.9028958466972, 1672.0836322356392, 807.7671822537578, 3024.634439411763, 842.7313814743651, 842.82357322692]",3.0,0.3,145.15,15,0.5,1721880.1384885092,0.14445541615564297,0.12412575453778009,16430975.452705406,84089526828.82372,"[0.046875, 0.03125]",2,1721880.1384885092,0.046875,"[0.0, 0.015625, 0.03125, 0.046875, 0.0625, 0.078125, 0.09375, 0.109375, 0.125, 0.140625, 0.15625, 0.171875, 0.1875, 0.203125, 0.21875, 0.234375]","[154749.38571156532, 876106.9067082778, 1710291.376891533, 1721880.1384885092, 1236443.3975593026, 1200279.6938555273, 1385236.6101427823, 1437054.0474222815, 1048940.2936461228, 664501.8455342911, 393060.29715082527, 165807.0810689745, 58528.066628532615, 51528.95639390756, 141871.95181127632, 339557.7347245401]",3.0,0.3,flattop,64,32,145.15,15,21,449.52380952380963,38.0,1007.9999999999999,"[2, 5, 11, 17, 22, 25, 29, 38, 44, 52, 55, 60, 65, 74, 78, 84, 89, 95, 98, 101, 105]","[38.0, 368.0000000000001, 461.0, 193.0000000000001, 951.0000000000003, 153.9999999999999, 881.0000000000002, 243.00000000000006, 490.9999999999998, 186.00000000000023, 320.99999999999955, 943.0000000000002, 810.0000000000005, 205.0, 478.00000000000057, 275.9999999999999, 346.99999999999955, 78.99999999999966, 1007.9999999999999, 114.0, 893.0000000000001]","[1, 1, 1, 15, 1, 24, 27, 35, 35, 49, 35, 35, 63, 73, 73, 73, 35, 92, 35, 99, 99]","[3, 8, 18, 18, 35, 27, 35, 39, 49, 53, 56, 73, 73, 75, 81, 85, 92, 97, 106, 102, 106]",0.05,30,52684909.00000001,1016.0,-1016.0,DWT,uc1.l0082987033,4.656612873077393e-10,0.0,1.1368683772161603e-13,1.4901161193847656e-08,0.0,1.1368683772161603e-13,5.587935447692871e-09,0.0,1.0,84,0.0,3.637978807091713e-12,1.0,84,,0.0,0.0,1.0,84,0.0,0.0,7.450580596923828e-09,6.103515625e-05,0.0,0.0,0.0,0.0,1.1368683772161603e-13,1.8189894035458565e-12,2.0301221021717144e-13,0.0,0.0,0.0,0.0,0.0,0.0,0.0,0.0,0.0,2.7755575615628914e-17,4.656612873077393e-10,0.0,1.3877787807814457e-17,0.0,0.0,0.0,5.551115123125783e-17,0.8848881165058695,0.8583556338164531,0.2866736799448035,0.32122905027932935,0.004006809112044617,3.135877575339459e-05,1.5679387876697293e-05,3.135877575339459e-05,312,1.2335418705406995,0.6974410448695938,101,0,0,3.135877575339459e-05,3.135877575339459e-05,332,0,0,0.4710306579317,0.640687077235249,125,121.33836985883731,0.8432320802857399,217.5,165.8500865110377,0.7811121641738776,61,coif,217.80246913580248,181.0,166.32516494453617,81,0.48186386976947454,0.5930495234160287,0.4847804341365592,1,46.0
coif7,1,symmetric,4.2952256476588054e-26,313.76516326959114,12004922.631019233,0.5540540540540541,440.2026009011084,108,raw,1.553736563277265e-13,-1.2062861820538793e-10,"[2, 5, 11, 17, 22, 25, 29, 38, 44, 52, 55, 60, 65, 74, 78, 84, 89, 95, 98, 101, 105]","[38.00000000000006, 368.0000000000004, 461.0, 192.99999999999994, 951.0000000000003, 154.0, 881.0000000000002, 243.00000000000003, 490.9999999999998, 186.00000000000023, 320.99999999999955, 943.0000000000002, 810.0000000000005, 205.0, 478.00000000000045, 276.0000000000002, 346.9999999999998, 78.99999999999977, 1008.0, 113.99999999999977, 892.9999999999999]",21,6.099666692151755,94851.87469812988,0.7784374555009032,4.36592371825129e-06,1.0,0.4907407407407407,67631.0,0.12910941990473743,0.15147910127183992,188156.12126451556,82872438.25058056,8,12069.579557418136,0.027777777777777776,"[0.0, 0.009259259259259259, 0.018518518518518517, 0.027777777777777776, 0.037037037037037035, 0.046296296296296294, 0.05555555555555555, 0.06481481481481481, 0.07407407407407407, 0.08333333333333333, 0.09259259259259259, 0.10185185185185185, 0.1111111111111111, 0.12037037037037036, 0.12962962962962962, 0.1388888888888889, 0.14814814814814814, 0.15740740740740738, 0.16666666666666666, 0.17592592592592593, 0.18518518518518517, 0.19444444444444442, 0.2037037037037037, 0.21296296296296297, 0.2222222222222222, 0.23148148148148145, 0.24074074074074073]","[67631.0, 1786.6346316370007, 1155.9831840869358, 12069.579557418136, 1906.5778542068451, 950.5914327636007, 9083.877197385176, 2481.229636774485, 778.6316126029454, 8965.162396385997, 2042.6423114779177, 1606.7171021541485, 6927.9398362983275, 1790.9411989177918, 2115.06437598965, 4469.146453396724, 811.3124818658857, 852.4454942250545, 2613.518509595831, 1125.8336361545953, 622.528293616837, 1595.9028958466993, 1672.0836322356404, 807.7671822537591, 3024.63443941176, 842.7313814743649, 842.82357322692]",3.0,0.3,145.15,15,0.5,1721880.1384885088,0.14445541615564295,0.12412575453778008,16430975.452705411,84089526828.82376,"[0.046875, 0.03125]",2,1721880.1384885088,0.046875,"[0.0, 0.015625, 0.03125, 0.046875, 0.0625, 0.078125, 0.09375, 0.109375, 0.125, 0.140625, 0.15625, 0.171875, 0.1875, 0.203125, 0.21875, 0.234375]","[154749.38571156532, 876106.9067082778, 1710291.376891533, 1721880.1384885088, 1236443.3975593029, 1200279.6938555278, 1385236.610142783, 1437054.047422282, 1048940.2936461233, 664501.8455342914, 393060.29715082544, 165807.0810689747, 58528.0666285327, 51528.95639390756, 141871.95181127623, 339557.7347245399]",3.0,0.3,flattop,64,32,145.15,15,21,449.52380952380963,38.00000000000006,1008.0,"[2, 5, 11, 17, 22, 25, 29, 38, 44, 52, 55, 60, 65, 74, 78, 84, 89, 95, 98, 101, 105]","[38.00000000000006, 368.0000000000004, 461.0, 192.99999999999994, 951.0000000000003, 154.0, 881.0000000000002, 243.00000000000003, 490.9999999999998, 186.00000000000023, 320.99999999999955, 943.0000000000002, 810.0000000000005, 205.0, 478.00000000000045, 276.0000000000002, 346.9999999999998, 78.99999999999977, 1008.0, 113.99999999999977, 892.9999999999999]","[1, 1, 1, 15, 1, 24, 27, 35, 35, 49, 35, 35, 63, 73, 73, 73, 35, 92, 35, 99, 99]","[3, 8, 18, 18, 35, 27, 35, 39, 49, 53, 56, 73, 73, 75, 81, 85, 92, 97, 106, 102, 106]",0.05,30,52684909.00000001,1016.0,-1016.0,DWT,uc1.l0082987033,0.0,0.0,1.1368683772161603e-13,0.0,0.0,0.0,1.1175870895385742e-08,0.0,1.0,84,0.0,5.4569682106375694e-12,1.0,84,,0.0,0.0,1.0,84,0.0,0.0,7.450580596923828e-09,0.0001068115234375,0.0,0.0,0.0,0.0,1.1368683772161603e-13,1.8189894035458565e-12,1.98951966012828e-13,0.0,0.0,0.0,0.0,0.0,0.0,0.0,0.0,5.684341886080802e-14,2.7755575615628914e-17,0.0,0.0,0.0,2.9103830456733704e-11,0.0,0.0,2.7755575615628914e-17,0.8803904262613309,0.8397669427962902,0.27901375379499005,0.3966480446927376,0.018232021441151082,3.135877575339459e-05,1.5679387876697293e-05,3.135877575339459e-05,316,1.2535766305059943,0.7087686408414937,92,0,0,3.135877575339459e-05,3.135877575339459e-05,334,0,0,0.4828102377973,0.6567094411049161,105,131.08362470830087,0.8306413117463813,211.75,150.6481050245043,0.7785312501884362,62,coif,217.80246913580248,181.0,166.32516494453617,81,0.48186386976947454,0.5930495234160287,0.4847804341365592,1,46.75
coif7,1,smooth,3.447628935056741e-26,314.7198179420603,10895757.725165155,0.5472972972972973,275.1068946691156,108,raw,1.3827622174849916e-13,-1.190320064736745e-10,"[2, 5, 11, 17, 22, 25, 29, 38, 44, 52, 55, 60, 65, 74, 78, 84, 89, 95, 98, 101, 105]","[38.000000000000114, 368.0000000000002, 460.99999999999983, 193.00000000000028, 951.0000000000002, 154.0, 881.0000000000001, 243.00000000000006, 490.9999999999998, 186.00000000000023, 320.99999999999955, 943.0000000000002, 810.0000000000005, 205.0, 478.00000000000045, 276.0, 346.9999999999999, 78.99999999999989, 1008.0, 113.99999999999977, 893.0000000000001]",21,5.881340299261168,111181.9240093134,0.8570303648584506,4.36592371825129e-06,1.0,0.4907407407407407,67631.00000000001,0.12910941990473743,0.15147910127183992,188156.12126451553,82872438.2505806,8,12069.57955741813,0.027777777777777776,"[0.0, 0.009259259259259259, 0.018518518518518517, 0.027777777777777776, 0.037037037037037035, 0.046296296296296294, 0.05555555555555555, 0.06481481481481481, 0.07407407407407407, 0.08333333333333333, 0.09259259259259259, 0.10185185185185185, 0.1111111111111111, 0.12037037037037036, 0.12962962962962962, 0.1388888888888889, 0.14814814814814814, 0.15740740740740738, 0.16666666666666666, 0.17592592592592593, 0.18518518518518517, 0.19444444444444442, 0.2037037037037037, 0.21296296296296297, 0.2222222222222222, 0.23148148148148145, 0.24074074074074073]","[67631.00000000001, 1786.6346316370004, 1155.983184086935, 12069.57955741813, 1906.5778542068447, 950.5914327636016, 9083.877197385176, 2481.2296367744852, 778.6316126029457, 8965.162396385997, 2042.6423114779163, 1606.7171021541474, 6927.939836298326, 1790.9411989177913, 2115.0643759896493, 4469.146453396724, 811.3124818658847, 852.4454942250552, 2613.518509595829, 1125.8336361545942, 622.5282936168362, 1595.9028958466984, 1672.0836322356406, 807.767182253759, 3024.63443941176, 842.7313814743655, 842.8235732269197]",3.0,0.3,145.14999999999995,15,0.5,1721880.1384885088,0.14445541615564292,0.12412575453778008,16430975.452705408,84089526828.82376,"[0.046875, 0.03125]",2,1721880.1384885088,0.046875,"[0.0, 0.015625, 0.03125, 0.046875, 0.0625, 0.078125, 0.09375, 0.109375, 0.125, 0.140625, 0.15625, 0.171875, 0.1875, 0.203125, 0.21875, 0.234375]","[154749.38571156535, 876106.9067082776, 1710291.376891533, 1721880.1384885088, 1236443.3975593029, 1200279.6938555276, 1385236.6101427828, 1437054.0474222822, 1048940.2936461228, 664501.8455342911, 393060.2971508254, 165807.08106897474, 58528.0666285327, 51528.95639390755, 141871.95181127617, 339557.7347245399]",3.0,0.3,flattop,64,32,145.14999999999995,15,21,449.52380952380963,38.000000000000114,1008.0,"[2, 5, 11, 17, 22, 25, 29, 38, 44, 52, 55, 60, 65, 74, 78, 84, 89, 95, 98, 101, 105]","[38.000000000000114, 368.0000000000002, 460.99999999999983, 193.00000000000028, 951.0000000000002, 154.0, 881.0000000000001, 243.00000000000006, 490.9999999999998, 186.00000000000023, 320.99999999999955, 943.0000000000002, 810.0000000000005, 205.0, 478.00000000000045, 276.0, 346.9999999999999, 78.99999999999989, 1008.0, 113.99999999999977, 893.0000000000001]","[1, 1, 1, 15, 1, 24, 27, 35, 35, 49, 35, 35, 63, 73, 73, 73, 35, 92, 35, 99, 99]","[3, 8, 18, 18, 35, 27, 35, 39, 49, 53, 56, 73, 73, 75, 81, 85, 92, 97, 106, 102, 106]",0.05,30,52684909.00000001,1016.0,-1016.0,DWT,uc1.l0082987033,0.0,0.0,1.1368683772161603e-13,2.9802322387695312e-08,0.0,0.0,7.450580596923828e-09,0.0,1.0,84,0.0,0.0,1.0,84,,0.0,0.0,1.0,84,0.0,0.0,7.450580596923828e-09,0.0001068115234375,1.4551915228366852e-11,0.0,0.0,0.0,1.1368683772161603e-13,1.8189894035458565e-12,1.8135757446067315e-13,0.0,0.0,0.0,5.684341886080802e-14,0.0,0.0,0.0,5.684341886080802e-14,1.1368683772161603e-13,2.7755575615628914e-17,0.0,0.0,0.0,0.0,0.0,0.0,0.0,0.8901915526376579,0.5600158442312635,0.17142080232074122,0.32122905027932935,0.06243587431198145,3.135877575339459e-05,1.5679387876697293e-05,3.135877575339459e-05,314,1.0532992246951214,0.5955323685200037,225,0,0,3.135877575339459e-05,3.135877575339459e-05,350,0,0,0.40105862475619475,0.5455124284761383,261,55.428632793289545,0.9283867793368352,287.5,279.3741234221599,0.7784698754565313,63,coif,217.80246913580248,181.0,166.32516494453617,81,0.48186386976947454,0.5930495234160287,0.4847804341365592,1,47.5
sym10,1,antireflect,3.246513162631966e-23,284.9808514317026,10307651.242853539,0.5396825396825397,401.21805192246205,108,raw,4.383407217447814e-12,-1.2280410022216954e-10,"[2, 5, 11, 17, 22, 25, 29, 38, 44, 52, 55, 60, 65, 74, 78, 84, 89, 95, 98, 101, 105]","[38.00000000000287, 368.00000000001376, 461.00000000000756, 193.00000000000875, 951.0000000000085, 154.00000000001125, 881.0000000000277, 243.0000000000079, 491.00000000000824, 186.00000000000512, 321.0000000000108, 943.0000000000058, 810.0000000000257, 205.00000000000708, 478.00000000001245, 276.00000000000625, 347.0000000000083, 78.99999999999659, 1008.0000000000118, 114.00000000000887, 893.0000000000298]",21,5.8475198788994,267123.6255662729,0.9093980598545564,4.365923718251116e-06,1.0,0.4907407407407407,67631.00000000001,0.12910941990473865,0.15147910127183986,188156.12126451786,82872438.25058056,8,12069.57955741814,0.027777777777777776,"[0.0, 0.009259259259259259, 0.018518518518518517, 0.027777777777777776, 0.037037037037037035, 0.046296296296296294, 0.05555555555555555, 0.06481481481481481, 0.07407407407407407, 0.08333333333333333, 0.09259259259259259, 0.10185185185185185, 0.1111111111111111, 0.12037037037037036, 0.12962962962962962, 0.1388888888888889, 0.14814814814814814, 0.15740740740740738, 0.16666666666666666, 0.17592592592592593, 0.18518518518518517, 0.19444444444444442, 0.2037037037037037, 0.21296296296296297, 0.2222222222222222, 0.23148148148148145, 0.24074074074074073]","[67631.00000000001, 1786.6346316370125, 1155.9831840869451, 12069.57955741814, 1906.5778542068447, 950.5914327636195, 9083.877197385225, 2481.2296367745043, 778.631612602939, 8965.16239638611, 2042.6423114779577, 1606.7171021541672, 6927.939836298459, 1790.9411989178268, 2115.0643759897093, 4469.146453396833, 811.3124818659136, 852.4454942250718, 2613.518509595918, 1125.8336361546417, 622.5282936168645, 1595.90289584675, 1672.0836322356986, 807.7671822537932, 3024.634439411867, 842.7313814744031, 842.8235732269528]",3.0,0.3,145.14999999999438,15,0.5,1721880.1384885237,0.1444554161556445,0.12412575453777987,16430975.452705944,84089526828.82687,"[0.046875, 0.03125]",2,1721880.1384885237,0.046875,"[0.0, 0.015625, 0.03125, 0.046875, 0.0625, 0.078125, 0.09375, 0.109375, 0.125, 0.140625, 0.15625, 0.171875, 0.1875, 0.203125, 0.21875, 0.234375]","[154749.3857115659, 876106.9067082829, 1710291.376891545, 1721880.1384885237, 1236443.397559322, 1200279.6938555585, 1385236.610142828, 1437054.0474223355, 1048940.2936461684, 664501.8455343238, 393060.29715084645, 165807.08106898417, 58528.066628536515, 51528.956393911576, 141871.95181128735, 339557.7347245662]",3.0,0.3,flattop,64,32,145.14999999999438,15,21,449.5238095238202,38.00000000000287,1008.0000000000118,"[2, 5, 11, 17, 22, 25, 29, 38, 44, 52, 55, 60, 65, 74, 78, 84, 89, 95, 98, 101, 105]","[38.00000000000287, 368.00000000001376, 461.00000000000756, 193.00000000000875, 951.0000000000085, 154.00000000001125, 881.0000000000277, 243.0000000000079, 491.00000000000824, 186.00000000000512, 321.0000000000108, 943.0000000000058, 810.0000000000257, 205.00000000000708, 478.00000000001245, 276.00000000000625, 347.0000000000083, 78.99999999999659, 1008.0000000000118, 114.00000000000887, 893.0000000000298]","[1, 1, 1, 15, 1, 24, 27, 35, 35, 49, 35, 35, 63, 73, 73, 73, 35, 92, 35, 99, 99]","[3, 8, 18, 18, 35, 27, 35, 39, 49, 53, 56, 73, 73, 75, 81, 85, 92, 97, 106, 102, 106]",0.05,30,52684909.00000028,1016.0000000000036,-1016.0000000000036,DWT,uc1.l0082987033,1.4901161193847656e-08,0.0,1.0686562745831907e-11,0.0,0.0,1.1823431123048067e-11,5.438923835754395e-07,3.637978807091713e-12,1.0,84,0.0,9.094947017729282e-12,1.0,84,,0.0,0.0,1.0,84,0.0,0.0,2.8312206268310547e-07,0.0032196044921875,1.4551915228366852e-11,0.0,0.0,0.0,1.0686562745831907e-11,2.2373569663614035e-10,1.104657106528369e-11,0.0,3.637978807091713e-12,0.0,5.6274984672199935e-12,0.0,0.0,0.0,5.6274984672199935e-12,2.8705926524708048e-12,1.1934897514720433e-15,1.4901161193847656e-08,5.551115123125783e-17,2.0816681711721685e-16,2.3283064365386963e-09,0.0,0.0,1.582067810090848e-15,0.5848713384543494,0.5166802693386894,0.11437237617682078,0.23623304070231432,0.48455487105805967,0.0011916334786289944,0.0005958167393144972,0.0011916334786289944,214,0.9547642905345143,0.5398209986197607,367,0,0,0.0011916334786289944,0.0011916334786289944,210,0,0,0.38734237914604674,0.526855848139746,290,74.26248492116774,0.9040536370527549,270.25,256.2809091262245,0.7774467151672043,64,sym,445.72514619883043,505.0,280.45746329325993,171,0.986117580085908,1.0,0.009717693939864401,6,49.5
bior2.6,1,antisymmetric,1.485968522043651e-26,318.37492701520256,10186028.11055708,0.55,315.2174613828013,108,raw,8.983760237781631e-14,-1.187283604764395e-10,"[2, 5, 11, 17, 22, 25, 29, 38, 44, 52, 55, 60, 65, 74, 78, 84, 89, 95, 98, 101, 105]","[38.00000000000003, 368.0000000000001, 461.0000000000002, 192.9999999999999, 951.0000000000003, 154.0000000000001, 881.0, 243.00000000000003, 491.00000000000006, 186.0, 321.0, 943.0000000000001, 810.0, 205.0, 478.00000000000017, 276.0, 346.9999999999999, 79.0, 1008.0000000000001, 114.00000000000011, 893.0000000000003]",21,5.661483863272128,210876.69368007238,0.9243330571825534,4.36592371825129e-06,1.0,0.4907407407407407,67631.0,0.1291094199047374,0.15147910127183992,188156.12126451556,82872438.25058056,8,12069.579557418136,0.027777777777777776,"[0.0, 0.009259259259259259, 0.018518518518518517, 0.027777777777777776, 0.037037037037037035, 0.046296296296296294, 0.05555555555555555, 0.06481481481481481, 0.07407407407407407, 0.08333333333333333, 0.09259259259259259, 0.10185185185185185, 0.1111111111111111, 0.12037037037037036, 0.12962962962962962, 0.1388888888888889, 0.14814814814814814, 0.15740740740740738, 0.16666666666666666, 0.17592592592592593, 0.18518518518518517, 0.19444444444444442, 0.2037037037037037, 0.21296296296296297, 0.2222222222222222, 0.23148148148148145, 0.24074074074074073]","[67631.0, 1786.6346316370007, 1155.9831840869383, 12069.579557418136, 1906.5778542068422, 950.5914327636007, 9083.877197385176, 2481.229636774485, 778.6316126029429, 8965.162396385991, 2042.6423114779172, 1606.7171021541487, 6927.9398362983275, 1790.941198917794, 2115.0643759896493, 4469.146453396725, 811.312481865886, 852.4454942250585, 2613.518509595827, 1125.8336361545942, 622.528293616838, 1595.9028958466984, 1672.083632235643, 807.7671822537567, 3024.634439411759, 842.7313814743658, 842.82357322692]",3.0,0.3,145.14999999999998,15,0.5,1721880.1384885088,0.14445541615564295,0.12412575453778009,16430975.452705404,84089526828.82372,"[0.046875, 0.03125]",2,1721880.1384885088,0.046875,"[0.0, 0.015625, 0.03125, 0.046875, 0.0625, 0.078125, 0.09375, 0.109375, 0.125, 0.140625, 0.15625, 0.171875, 0.1875, 0.203125, 0.21875, 0.234375]","[154749.38571156538, 876106.9067082778, 1710291.3768915331, 1721880.1384885088, 1236443.3975593024, 1200279.6938555273, 1385236.6101427819, 1437054.047422281, 1048940.2936461223, 664501.8455342909, 393060.29715082515, 165807.08106897448, 58528.06662853261, 51528.95639390756, 141871.95181127614, 339557.7347245398]",3.0,0.3,flattop,64,32,145.14999999999998,15,21,449.52380952380963,38.00000000000003,1008.0000000000001,"[2, 5, 11, 17, 22, 25, 29, 38, 44, 52, 55, 60, 65, 74, 78, 84, 89, 95, 98, 101, 105]","[38.00000000000003, 368.0000000000001, 461.0000000000002, 192.9999999999999, 951.0000000000003, 154.0000000000001, 881.0, 243.00000000000003, 491.00000000000006, 186.0, 321.0, 943.0000000000001, 810.0, 205.0, 478.00000000000017, 276.0, 346.9999999999999, 79.0, 1008.0000000000001, 114.00000000000011, 893.0000000000003]","[1, 1, 1, 15, 1, 24, 27, 35, 35, 49, 35, 35, 63, 73, 73, 73, 35, 92, 35, 99, 99]","[3, 8, 18, 18, 35, 27, 35, 39, 49, 53, 56, 73, 73, 75, 81, 85, 92, 97, 106, 102, 106]",0.05,30,52684909.00000001,1016.0000000000001,-1016.0000000000001,DWT,uc1.l0082987033,0.0,0.0,1.1368683772161603e-13,0.0,0.0,1.1368683772161603e-13,3.725290298461914e-09,1.1368683772161603e-13,1.0,84,0.0,5.4569682106375694e-12,1.0,84,,0.0,0.0,1.0,84,0.0,0.0,7.450580596923828e-09,6.103515625e-05,0.0,0.0,0.0,0.0,1.1368683772161603e-13,1.8189894035458565e-12,9.473903143468e-14,0.0,1.1368683772161603e-13,0.0,2.842170943040401e-14,0.0,0.0,0.0,2.842170943040401e-14,2.842170943040401e-14,5.551115123125783e-17,0.0,0.0,1.3877787807814457e-17,2.9103830456733704e-11,0.0,0.0,2.7755575615628914e-17,0.9277173585423949,0.27830423492826817,0.1025744986004086,0.35139664804469345,0.3322999051266049,3.135877575339459e-05,1.5679387876697293e-05,3.135877575339459e-05,346,1.0205484031582948,0.5770151477117876,260,0,0,3.135877575339459e-05,3.135877575339459e-05,331,0,0,0.398458529048474,0.5419758270013505,264,44.61968922646892,0.9423518227048205,300.25,295.3042036532673,0.7772159630319968,65,bior,385.74074074074076,410.0,199.97417605530825,135,0.8534087184529663,0.7130285416801533,0.18870533457887761,4,49.75
rbio1.5,1,antireflect,1.7164912087915686e-26,317.74860727704004,9733281.486086208,0.5517241379310345,368.03456347877824,108,raw,1.0993675106065993e-13,-1.2227407975018487e-10,"[2, 5, 11, 17, 22, 25, 29, 38, 44, 52, 55, 60, 65, 74, 78, 84, 89, 95, 98, 101, 105]","[37.99999999999997, 367.9999999999999, 461.00000000000006, 193.0, 951.0000000000001, 154.0, 881.0000000000002, 243.00000000000006, 491.00000000000017, 186.0, 321.0000000000001, 943.0000000000001, 810.0000000000002, 205.00000000000003, 478.0, 276.0, 347.0, 78.99999999999989, 1008.0000000000002, 114.0, 893.0000000000002]",21,5.6920192367374645,168603.818065031,0.8788593925311627,4.365923718251291e-06,1.0,0.4907407407407407,67631.00000000001,0.12910941990473737,0.15147910127183992,188156.1212645156,82872438.25058061,8,12069.579557418136,0.027777777777777776,"[0.0, 0.009259259259259259, 0.018518518518518517, 0.027777777777777776, 0.037037037037037035, 0.046296296296296294, 0.05555555555555555, 0.06481481481481481, 0.07407407407407407, 0.08333333333333333, 0.09259259259259259, 0.10185185185185185, 0.1111111111111111, 0.12037037037037036, 0.12962962962962962, 0.1388888888888889, 0.14814814814814814, 0.15740740740740738, 0.16666666666666666, 0.17592592592592593, 0.18518518518518517, 0.19444444444444442, 0.2037037037037037, 0.21296296296296297, 0.2222222222222222, 0.23148148148148145, 0.24074074074074073]","[67631.00000000001, 1786.634631637001, 1155.9831840869394, 12069.579557418136, 1906.5778542068424, 950.5914327636015, 9083.87719738518, 2481.229636774485, 778.6316126029438, 8965.162396385995, 2042.6423114779186, 1606.7171021541496, 6927.939836298324, 1790.941198917794, 2115.0643759896484, 4469.146453396727, 811.3124818658863, 852.4454942250575, 2613.5185095958295, 1125.8336361545935, 622.528293616836, 1595.9028958466968, 1672.083632235643, 807.7671822537576, 3024.6344394117605, 842.7313814743653, 842.8235732269203]",3.0,0.3,145.15000000000006,15,0.5,1721880.1384885092,0.14445541615564292,0.12412575453778008,16430975.452705408,84089526828.82373,"[0.046875, 0.03125]",2,1721880.1384885092,0.046875,"[0.0, 0.015625, 0.03125, 0.046875, 0.0625, 0.078125, 0.09375, 0.109375, 0.125, 0.140625, 0.15625, 0.171875, 0.1875, 0.203125, 0.21875, 0.234375]","[154749.3857115653, 876106.906708278, 1710291.3768915331, 1721880.1384885092, 1236443.3975593029, 1200279.6938555273, 1385236.610142782, 1437054.0474222815, 1048940.2936461228, 664501.8455342911, 393060.29715082544, 165807.0810689747, 58528.06662853267, 51528.956393907596, 141871.95181127626, 339557.73472454003]",3.0,0.3,flattop,64,32,145.15000000000006,15,21,449.52380952380963,37.99999999999997,1008.0000000000002,"[2, 5, 11, 17, 22, 25, 29, 38, 44, 52, 55, 60, 65, 74, 78, 84, 89, 95, 98, 101, 105]","[37.99999999999997, 367.9999999999999, 461.00000000000006, 193.0, 951.0000000000001, 154.0, 881.0000000000002, 243.00000000000006, 491.00000000000017, 186.0, 321.0000000000001, 943.0000000000001, 810.0000000000002, 205.00000000000003, 478.0, 276.0, 347.0, 78.99999999999989, 1008.0000000000002, 114.0, 893.0000000000002]","[1, 1, 1, 15, 1, 24, 27, 35, 35, 49, 35, 35, 63, 73, 73, 73, 35, 92, 35, 99, 99]","[3, 8, 18, 18, 35, 27, 35, 39, 49, 53, 56, 73, 73, 75, 81, 85, 92, 97, 106, 102, 106]",0.05,30,52684909.00000001,1016.0000000000002,-1016.0000000000002,DWT,uc1.l0082987033,4.656612873077393e-10,0.0,1.1368683772161603e-13,4.470348358154297e-08,0.0,2.2737367544323206e-13,7.450580596923828e-09,2.2737367544323206e-13,1.0,84,0.0,5.4569682106375694e-12,1.0,84,,0.0,0.0,1.0,84,0.0,0.0,7.450580596923828e-09,7.62939453125e-05,1.4551915228366852e-11,0.0,0.0,0.0,1.1368683772161603e-13,1.8189894035458565e-12,8.661854302599316e-14,0.0,2.2737367544323206e-13,0.0,5.684341886080802e-14,0.0,0.0,0.0,5.684341886080802e-14,2.842170943040401e-14,8.326672684688674e-17,4.656612873077393e-10,0.0,0.0,5.820766091346741e-11,0.0,0.0,0.0,0.9212871392361385,0.3174305364208328,0.05865646139987625,0.3706414948950107,0.2178713483901297,3.135877575339459e-05,1.5679387876697293e-05,3.135877575339459e-05,238,0.9762209197660938,0.5519525154073448,323,0,0,3.135877575339459e-05,3.135877575339459e-05,318,0,0,0.3771773960683976,0.5130296285752667,329,42.90299134870046,0.9445697786192501,302.0,296.6957659298931,0.7771944500331393,66,rbio,366.5925925925926,360.0,210.3588723315502,135,0.8110455588331695,0.7500562468954116,0.20725123474815782,3,50.25
coif7,1,periodic,4.113795674152378e-26,313.95259594020627,12268452.852268836,0.5540540540540541,433.3290211192413,108,raw,1.4751985641278563e-13,-1.204303323731899e-10,"[2, 5, 11, 17, 22, 25, 29, 38, 44, 52, 55, 60, 65, 74, 78, 84, 89, 95, 98, 101, 105]","[38.00000000000023, 368.0000000000001, 461.00000000000017, 193.0, 951.0000000000002, 154.0000000000001, 881.0000000000005, 243.00000000000006, 490.9999999999998, 186.00000000000023, 320.99999999999955, 943.0000000000002, 810.0000000000005, 205.0, 478.00000000000045, 275.9999999999999, 346.99999999999955, 78.99999999999966, 1007.9999999999999, 113.99999999999977, 893.0]",21,6.097891955237761,95763.23247139726,0.7661316981042808,4.365923718251291e-06,1.0,0.4907407407407407,67631.0,0.12910941990473737,0.15147910127183992,188156.12126451556,82872438.25058056,8,12069.579557418134,0.027777777777777776,"[0.0, 0.009259259259259259, 0.018518518518518517, 0.027777777777777776, 0.037037037037037035, 0.046296296296296294, 0.05555555555555555, 0.06481481481481481, 0.07407407407407407, 0.08333333333333333, 0.09259259259259259, 0.10185185185185185, 0.1111111111111111, 0.12037037037037036, 0.12962962962962962, 0.1388888888888889, 0.14814814814814814, 0.15740740740740738, 0.16666666666666666, 0.17592592592592593, 0.18518518518518517, 0.19444444444444442, 0.2037037037037037, 0.21296296296296297, 0.2222222222222222, 0.23148148148148145, 0.24074074074074073]","[67631.0, 1786.6346316370018, 1155.9831840869367, 12069.579557418134, 1906.5778542068451, 950.5914327635999, 9083.877197385176, 2481.229636774486, 778.6316126029444, 8965.162396385993, 2042.6423114779168, 1606.717102154148, 6927.9398362983275, 1790.9411989177922, 2115.064375989651, 4469.146453396724, 811.3124818658841, 852.4454942250563, 2613.5185095958313, 1125.8336361545937, 622.5282936168346, 1595.9028958467, 1672.0836322356408, 807.7671822537592, 3024.6344394117596, 842.731381474365, 842.8235732269192]",3.0,0.3,145.14999999999984,15,0.5,1721880.1384885088,0.14445541615564297,0.12412575453778008,16430975.452705408,84089526828.82375,"[0.046875, 0.03125]",2,1721880.1384885088,0.046875,"[0.0, 0.015625, 0.03125, 0.046875, 0.0625, 0.078125, 0.09375, 0.109375, 0.125, 0.140625, 0.15625, 0.171875, 0.1875, 0.203125, 0.21875, 0.234375]","[154749.38571156532, 876106.9067082778, 1710291.376891533, 1721880.1384885088, 1236443.3975593029, 1200279.6938555278, 1385236.610142783, 1437054.047422282, 1048940.2936461228, 664501.8455342914, 393060.2971508255, 165807.08106897463, 58528.06662853267, 51528.95639390758, 141871.95181127626, 339557.73472454003]",3.0,0.3,flattop,64,32,145.14999999999984,15,21,449.52380952380963,38.00000000000023,1007.9999999999999,"[2, 5, 11, 17, 22, 25, 29, 38, 44, 52, 55, 60, 65, 74, 78, 84, 89, 95, 98, 101, 105]","[38.00000000000023, 368.0000000000001, 461.00000000000017, 193.0, 951.0000000000002, 154.0000000000001, 881.0000000000005, 243.00000000000006, 490.9999999999998, 186.00000000000023, 320.99999999999955, 943.0000000000002, 810.0000000000005, 205.0, 478.00000000000045, 275.9999999999999, 346.99999999999955, 78.99999999999966, 1007.9999999999999, 113.99999999999977, 893.0]","[1, 1, 1, 15, 1, 24, 27, 35, 35, 49, 35, 35, 63, 73, 73, 73, 35, 92, 35, 99, 99]","[3, 8, 18, 18, 35, 27, 35, 39, 49, 53, 56, 73, 73, 75, 81, 85, 92, 97, 106, 102, 106]",0.05,30,52684909.00000001,1016.0,-1016.0,DWT,uc1.l0082987033,0.0,0.0,1.1368683772161603e-13,0.0,0.0,1.1368683772161603e-13,7.450580596923828e-09,0.0,1.0,84,0.0,3.637978807091713e-12,1.0,84,,0.0,0.0,1.0,84,0.0,0.0,7.450580596923828e-09,9.1552734375e-05,0.0,0.0,0.0,0.0,1.1368683772161603e-13,1.8189894035458565e-12,2.2196001650410748e-13,0.0,0.0,0.0,1.7053025658242404e-13,0.0,0.0,0.0,1.7053025658242404e-13,2.2737367544323206e-13,8.326672684688674e-17,0.0,0.0,0.0,2.9103830456733704e-11,0.0,0.0,5.551115123125783e-17,0.8823147360088545,0.8374928952348368,0.30457712508203366,0.3966480446927376,0.020698978163358278,3.135877575339459e-05,1.5679387876697293e-05,3.135877575339459e-05,315,1.2673626609061863,0.7165632229927258,86,0,0,3.135877575339459e-05,3.135877575339459e-05,338,0,0,0.48834635583636415,0.6642395651551254,96,136.35095648118252,0.8238359735385239,208.75,141.95594215087843,0.7770665655806315,67,coif,217.80246913580248,181.0,166.32516494453617,81,0.48186386976947454,0.5930495234160287,0.4847804341365592,1,50.5
db23,1,constant,3.356036340546469e-26,314.8367565628,9400553.59449766,0.5789473684210527,176.69910004576465,108,raw,1.3849004247916757e-13,-1.2157008733027014e-10,"[2, 5, 11, 17, 22, 25, 29, 38, 44, 52, 55, 60, 65, 74, 78, 84, 89, 95, 98, 101, 105]","[38.00000000000003, 367.9999999999998, 460.9999999999999, 192.99999999999977, 951.0, 153.99999999999977, 880.9999999999998, 243.00000000000003, 491.00000000000006, 185.9999999999999, 320.9999999999999, 943.0000000000002, 810.0, 205.00000000000017, 478.00000000000034, 276.0000000000002, 347.0000000000001, 79.00000000000034, 1008.0000000000005, 114.0, 893.0000000000001]",21,5.613539473752032,137822.8717208755,0.9035473151874083,4.365923718251291e-06,1.0,0.4907407407407407,67631.0,0.1291094199047374,0.15147910127183994,188156.12126451556,82872438.25058056,8,12069.579557418136,0.027777777777777776,"[0.0, 0.009259259259259259, 0.018518518518518517, 0.027777777777777776, 0.037037037037037035, 0.046296296296296294, 0.05555555555555555, 0.06481481481481481, 0.07407407407407407, 0.08333333333333333, 0.09259259259259259, 0.10185185185185185, 0.1111111111111111, 0.12037037037037036, 0.12962962962962962, 0.1388888888888889, 0.14814814814814814, 0.15740740740740738, 0.16666666666666666, 0.17592592592592593, 0.18518518518518517, 0.19444444444444442, 0.2037037037037037, 0.21296296296296297, 0.2222222222222222, 0.23148148148148145, 0.24074074074074073]","[67631.0, 1786.6346316370023, 1155.983184086941, 12069.579557418136, 1906.5778542068438, 950.5914327635995, 9083.877197385178, 2481.229636774484, 778.6316126029441, 8965.16239638599, 2042.6423114779186, 1606.7171021541485, 6927.939836298324, 1790.9411989177936, 2115.0643759896475, 4469.146453396726, 811.3124818658863, 852.4454942250574, 2613.51850959583, 1125.8336361545946, 622.5282936168378, 1595.9028958466965, 1672.0836322356415, 807.767182253759, 3024.63443941176, 842.7313814743654, 842.8235732269201]",3.0,0.3,145.15000000000006,15,0.5,1721880.1384885092,0.14445541615564292,0.12412575453778008,16430975.452705408,84089526828.82376,"[0.046875, 0.03125]",2,1721880.1384885092,0.046875,"[0.0, 0.015625, 0.03125, 0.046875, 0.0625, 0.078125, 0.09375, 0.109375, 0.125, 0.140625, 0.15625, 0.171875, 0.1875, 0.203125, 0.21875, 0.234375]","[154749.38571156556, 876106.9067082782, 1710291.3768915331, 1721880.1384885092, 1236443.3975593033, 1200279.6938555273, 1385236.6101427819, 1437054.0474222812, 1048940.2936461226, 664501.8455342909, 393060.2971508254, 165807.08106897463, 58528.06662853264, 51528.95639390759, 141871.95181127626, 339557.73472454003]",3.0,0.3,flattop,64,32,145.15000000000006,15,21,449.5238095238095,38.00000000000003,1008.0000000000005,"[2, 5, 11, 17, 22, 25, 29, 38, 44, 52, 55, 60, 65, 74, 78, 84, 89, 95, 98, 101, 105]","[38.00000000000003, 367.9999999999998, 460.9999999999999, 192.99999999999977, 951.0, 153.99999999999977, 880.9999999999998, 243.00000000000003, 491.00000000000006, 185.9999999999999, 320.9999999999999, 943.0000000000002, 810.0, 205.00000000000017, 478.00000000000034, 276.0000000000002, 347.0000000000001, 79.00000000000034, 1008.0000000000005, 114.0, 893.0000000000001]","[1, 1, 1, 15, 1, 24, 27, 35, 35, 49, 35, 35, 63, 73, 73, 73, 35, 92, 35, 99, 99]","[3, 8, 18, 18, 35, 27, 35, 39, 49, 53, 56, 73, 73, 75, 81, 85, 92, 97, 106, 102, 106]",0.05,30,52684909.00000001,1016.0000000000005,-1016.0000000000005,DWT,uc1.l0082987033,4.656612873077393e-10,0.0,0.0,0.0,0.0,4.547473508864641e-13,7.450580596923828e-09,4.547473508864641e-13,1.0,84,0.0,5.4569682106375694e-12,1.0,84,,0.0,0.0,1.0,84,0.0,0.0,7.450580596923828e-09,0.0001068115234375,0.0,0.0,0.0,0.0,0.0,0.0,1.5970293870417494e-13,0.0,4.547473508864641e-13,0.0,5.684341886080802e-14,0.0,0.0,0.0,5.684341886080802e-14,2.842170943040401e-14,5.551115123125783e-17,4.656612873077393e-10,2.7755575615628914e-17,0.0,2.9103830456733704e-11,0.0,0.0,0.0,0.8913921230985757,0.2168710043385148,0.026380669310827286,0.6745074977947666,0.1345503248283606,3.135877575339459e-05,1.5679387876697293e-05,3.135877575339459e-05,248,0.9800842397330675,0.5541368254650574,318,0,0,3.135877575339459e-05,3.135877575339459e-05,353,0,0,0.38874032387420904,0.5287573063716909,283,45.1848057057532,0.9416216980545824,300.5,295.34807044378806,0.7766894019988675,68,db,413.2962962962963,398.0,188.41229481502944,243,0.9143723369387087,0.671803462110104,0.15839832550987273,5,52.25
sym9,1,smooth,5.064702049158245e-25,303.04948409800124,9378302.214162491,0.5887096774193549,328.1687249697565,108,raw,5.66131503816265e-13,-8.613709745475395e-11,"[2, 5, 11, 17, 22, 25, 29, 38, 44, 52, 55, 60, 65, 74, 78, 84, 89, 95, 98, 101, 105]","[38.0000000000004, 368.0000000000009, 460.9999999999996, 193.00000000000153, 950.9999999999992, 154.0000000000024, 881.000000000002, 243.00000000000077, 490.99999999999926, 186.00000000000034, 321.00000000000034, 942.9999999999982, 810.0000000000024, 205.00000000000114, 478.00000000000114, 276.00000000000045, 347.00000000000045, 78.99999999999818, 1008.0000000000007, 114.00000000000182, 893.0000000000013]",21,5.663070626427411,112513.53159804113,0.8627051785326368,4.365923718251286e-06,1.0,0.4907407407407407,67630.99999999997,0.1291094199047375,0.15147910127183992,188156.12126451556,82872438.25058047,8,12069.579557418123,0.027777777777777776,"[0.0, 0.009259259259259259, 0.018518518518518517, 0.027777777777777776, 0.037037037037037035, 0.046296296296296294, 0.05555555555555555, 0.06481481481481481, 0.07407407407407407, 0.08333333333333333, 0.09259259259259259, 0.10185185185185185, 0.1111111111111111, 0.12037037037037036, 0.12962962962962962, 0.1388888888888889, 0.14814814814814814, 0.15740740740740738, 0.16666666666666666, 0.17592592592592593, 0.18518518518518517, 0.19444444444444442, 0.2037037037037037, 0.21296296296296297, 0.2222222222222222, 0.23148148148148145, 0.24074074074074073]","[67630.99999999997, 1786.6346316369988, 1155.983184086936, 12069.579557418123, 1906.5778542068392, 950.5914327635963, 9083.877197385165, 2481.2296367744793, 778.6316126029435, 8965.162396385978, 2042.6423114779143, 1606.7171021541485, 6927.939836298315, 1790.9411989177936, 2115.0643759896457, 4469.146453396723, 811.3124818658883, 852.445494225058, 2613.518509595832, 1125.8336361545978, 622.5282936168414, 1595.9028958467043, 1672.083632235651, 807.7671822537645, 3024.634439411774, 842.7313814743706, 842.8235732269225]",3.0,0.3,145.14999999999972,15,0.5,1721880.1384885046,0.14445541615564314,0.12412575453778006,16430975.4527054,84089526828.82318,"[0.046875, 0.03125]",2,1721880.1384885046,0.046875,"[0.0, 0.015625, 0.03125, 0.046875, 0.0625, 0.078125, 0.09375, 0.109375, 0.125, 0.140625, 0.15625, 0.171875, 0.1875, 0.203125, 0.21875, 0.234375]","[154749.38571156538, 876106.9067082764, 1710291.3768915287, 1721880.1384885046, 1236443.397559299, 1200279.6938555234, 1385236.6101427777, 1437054.0474222777, 1048940.2936461205, 664501.8455342902, 393060.29715082527, 165807.0810689748, 58528.06662853299, 51528.95639390815, 141871.95181127792, 339557.73472454393]",3.0,0.3,flattop,64,32,145.14999999999972,15,21,449.52380952381014,38.0000000000004,1008.0000000000007,"[2, 5, 11, 17, 22, 25, 29, 38, 44, 52, 55, 60, 65, 74, 78, 84, 89, 95, 98, 101, 105]","[38.0000000000004, 368.0000000000009, 460.9999999999996, 193.00000000000153, 950.9999999999992, 154.0000000000024, 881.000000000002, 243.00000000000077, 490.99999999999926, 186.00000000000034, 321.00000000000034, 942.9999999999982, 810.0000000000024, 205.00000000000114, 478.00000000000114, 276.00000000000045, 347.00000000000045, 78.99999999999818, 1008.0000000000007, 114.00000000000182, 893.0000000000013]","[1, 1, 1, 15, 1, 24, 27, 35, 35, 49, 35, 35, 63, 73, 73, 73, 35, 92, 35, 99, 99]","[3, 8, 18, 18, 35, 27, 35, 39, 49, 53, 56, 73, 73, 75, 81, 85, 92, 97, 106, 102, 106]",0.05,30,52684908.999999985,1016.0,-1016.0,DWT,uc1.l0082987033,4.190951585769653e-09,0.0,6.252776074688882e-13,8.940696716308594e-08,0.0,6.821210263296962e-13,0.0,0.0,1.0,84,0.0,7.275957614183426e-12,1.0,84,,0.0,0.0,1.0,84,0.0,0.0,1.4901161193847656e-08,0.0004730224609375,2.9103830456733704e-11,0.0,0.0,0.0,6.252776074688882e-13,1.2732925824820995e-11,1.12468764460313e-12,0.0,0.0,0.0,2.8421709430404007e-13,0.0,0.0,0.0,2.8421709430404007e-13,3.979039320256561e-13,5.551115123125783e-17,4.190951585769653e-09,0.0,1.3877787807814457e-17,2.9103830456733704e-11,0.0,0.0,2.220446049250313e-16,0.7703760631646862,0.2803374235408574,0.02422220606338674,0.783474499909894,0.06604040635056446,6.271755150678917e-05,3.135877575339459e-05,6.271755150678917e-05,224,0.9543114152051173,0.5395649442040384,368,0,0,6.271755150678917e-05,6.271755150678917e-05,223,0,0,0.38489011980587784,0.5235203309227254,300,69.57669629025703,0.9101076275319676,278.75,266.67883993875193,0.7749827543344592,69,sym,445.72514619883043,505.0,280.45746329325993,171,0.986117580085908,1.0,0.009717693939864401,6,53.25
bior2.6,1,symmetric,1.472271559363369e-26,318.4151438850683,10187286.593069442,0.5833333333333334,378.13523278055976,108,raw,8.845599150272723e-14,-1.1850243009092827e-10,"[2, 5, 11, 17, 22, 25, 29, 38, 44, 52, 55, 60, 65, 74, 78, 84, 89, 95, 98, 101, 105]","[38.00000000000006, 368.0, 461.0000000000002, 192.9999999999999, 951.0000000000003, 154.0000000000001, 881.0, 243.00000000000003, 491.00000000000006, 186.0, 321.0, 943.0000000000001, 810.0, 205.0, 478.00000000000017, 276.0, 346.9999999999999, 79.0, 1008.0000000000001, 114.00000000000011, 893.0000000000003]",21,5.668331738291723,111325.13283642239,0.8582556024247004,4.36592371825129e-06,1.0,0.4907407407407407,67631.0,0.1291094199047374,0.15147910127183992,188156.12126451556,82872438.25058056,8,12069.579557418136,0.027777777777777776,"[0.0, 0.009259259259259259, 0.018518518518518517, 0.027777777777777776, 0.037037037037037035, 0.046296296296296294, 0.05555555555555555, 0.06481481481481481, 0.07407407407407407, 0.08333333333333333, 0.09259259259259259, 0.10185185185185185, 0.1111111111111111, 0.12037037037037036, 0.12962962962962962, 0.1388888888888889, 0.14814814814814814, 0.15740740740740738, 0.16666666666666666, 0.17592592592592593, 0.18518518518518517, 0.19444444444444442, 0.2037037037037037, 0.21296296296296297, 0.2222222222222222, 0.23148148148148145, 0.24074074074074073]","[67631.0, 1786.634631637001, 1155.9831840869383, 12069.579557418136, 1906.5778542068422, 950.5914327636004, 9083.877197385176, 2481.229636774485, 778.631612602943, 8965.162396385991, 2042.6423114779177, 1606.7171021541487, 6927.9398362983275, 1790.941198917794, 2115.0643759896493, 4469.146453396725, 811.3124818658857, 852.4454942250586, 2613.518509595827, 1125.8336361545942, 622.528293616838, 1595.9028958466988, 1672.0836322356429, 807.7671822537568, 3024.6344394117596, 842.7313814743658, 842.82357322692]",3.0,0.3,145.14999999999998,15,0.5,1721880.1384885088,0.14445541615564295,0.12412575453778009,16430975.452705404,84089526828.82372,"[0.046875, 0.03125]",2,1721880.1384885088,0.046875,"[0.0, 0.015625, 0.03125, 0.046875, 0.0625, 0.078125, 0.09375, 0.109375, 0.125, 0.140625, 0.15625, 0.171875, 0.1875, 0.203125, 0.21875, 0.234375]","[154749.38571156538, 876106.9067082778, 1710291.3768915331, 1721880.1384885088, 1236443.3975593024, 1200279.6938555273, 1385236.6101427819, 1437054.047422281, 1048940.2936461223, 664501.8455342909, 393060.29715082515, 165807.08106897448, 58528.06662853261, 51528.95639390756, 141871.95181127614, 339557.7347245398]",3.0,0.3,flattop,64,32,145.14999999999998,15,21,449.52380952380963,38.00000000000006,1008.0000000000001,"[2, 5, 11, 17, 22, 25, 29, 38, 44, 52, 55, 60, 65, 74, 78, 84, 89, 95, 98, 101, 105]","[38.00000000000006, 368.0, 461.0000000000002, 192.9999999999999, 951.0000000000003, 154.0000000000001, 881.0, 243.00000000000003, 491.00000000000006, 186.0, 321.0, 943.0000000000001, 810.0, 205.0, 478.00000000000017, 276.0, 346.9999999999999, 79.0, 1008.0000000000001, 114.00000000000011, 893.0000000000003]","[1, 1, 1, 15, 1, 24, 27, 35, 35, 49, 35, 35, 63, 73, 73, 73, 35, 92, 35, 99, 99]","[3, 8, 18, 18, 35, 27, 35, 39, 49, 53, 56, 73, 73, 75, 81, 85, 92, 97, 106, 102, 106]",0.05,30,52684909.00000001,1016.0000000000001,-1016.0000000000001,DWT,uc1.l0082987033,0.0,0.0,1.1368683772161603e-13,0.0,0.0,1.1368683772161603e-13,3.725290298461914e-09,1.1368683772161603e-13,1.0,84,0.0,5.4569682106375694e-12,1.0,84,,0.0,0.0,1.0,84,0.0,0.0,7.450580596923828e-09,6.103515625e-05,0.0,0.0,0.0,0.0,1.1368683772161603e-13,1.8189894035458565e-12,9.067878723033658e-14,0.0,1.1368683772161603e-13,0.0,2.842170943040401e-14,0.0,0.0,0.0,2.842170943040401e-14,5.684341886080802e-14,5.551115123125783e-17,0.0,0.0,1.3877787807814457e-17,2.9103830456733704e-11,0.0,0.0,2.7755575615628914e-17,0.928130251953365,0.2870787148901469,0.1026965758922244,0.7234636871508384,0.06282352665783165,3.135877575339459e-05,1.5679387876697293e-05,3.135877575339459e-05,351,1.0662806820866728,0.6028720473937538,205,0,0,3.135877575339459e-05,3.135877575339459e-05,329,0,0,0.42083855130888126,0.5724167140413599,207,77.88880963698615,0.8993684630013099,273.0,256.45163090757427,0.7733276423533681,70,bior,385.74074074074076,410.0,199.97417605530825,135,0.8534087184529663,0.7130285416801533,0.18870533457887761,4,53.5
rbio1.5,1,symmetric,1.682833143502139e-26,317.8346125429631,9712541.967130272,0.5689655172413793,339.60198818493313,108,raw,1.091472591320376e-13,-1.22208576591732e-10,"[2, 5, 11, 17, 22, 25, 29, 38, 44, 52, 55, 60, 65, 74, 78, 84, 89, 95, 98, 101, 105]","[38.0, 367.9999999999999, 461.00000000000006, 193.0, 951.0000000000001, 154.0, 881.0000000000002, 243.00000000000006, 491.00000000000017, 186.0, 321.0000000000001, 943.0000000000001, 810.0000000000002, 205.00000000000003, 478.0, 276.0, 347.0, 78.99999999999989, 1008.0000000000002, 114.0, 893.0000000000002]",21,5.654324267617194,110458.83159400681,0.8304491403022012,4.365923718251291e-06,1.0,0.4907407407407407,67631.00000000001,0.12910941990473737,0.15147910127183992,188156.1212645156,82872438.2505806,8,12069.579557418136,0.027777777777777776,"[0.0, 0.009259259259259259, 0.018518518518518517, 0.027777777777777776, 0.037037037037037035, 0.046296296296296294, 0.05555555555555555, 0.06481481481481481, 0.07407407407407407, 0.08333333333333333, 0.09259259259259259, 0.10185185185185185, 0.1111111111111111, 0.12037037037037036, 0.12962962962962962, 0.1388888888888889, 0.14814814814814814, 0.15740740740740738, 0.16666666666666666, 0.17592592592592593, 0.18518518518518517, 0.19444444444444442, 0.2037037037037037, 0.21296296296296297, 0.2222222222222222, 0.23148148148148145, 0.24074074074074073]","[67631.00000000001, 1786.634631637001, 1155.9831840869394, 12069.579557418136, 1906.5778542068424, 950.5914327636012, 9083.87719738518, 2481.229636774485, 778.6316126029441, 8965.162396385995, 2042.6423114779186, 1606.7171021541496, 6927.939836298324, 1790.941198917794, 2115.064375989648, 4469.146453396728, 811.3124818658861, 852.4454942250575, 2613.5185095958295, 1125.8336361545935, 622.528293616836, 1595.9028958466968, 1672.0836322356429, 807.7671822537576, 3024.6344394117605, 842.7313814743653, 842.8235732269203]",3.0,0.3,145.15000000000006,15,0.5,1721880.1384885092,0.14445541615564292,0.12412575453778008,16430975.452705408,84089526828.82373,"[0.046875, 0.03125]",2,1721880.1384885092,0.046875,"[0.0, 0.015625, 0.03125, 0.046875, 0.0625, 0.078125, 0.09375, 0.109375, 0.125, 0.140625, 0.15625, 0.171875, 0.1875, 0.203125, 0.21875, 0.234375]","[154749.3857115653, 876106.906708278, 1710291.3768915331, 1721880.1384885092, 1236443.3975593029, 1200279.6938555273, 1385236.610142782, 1437054.0474222815, 1048940.2936461228, 664501.8455342911, 393060.29715082544, 165807.0810689747, 58528.06662853267, 51528.956393907596, 141871.95181127626, 339557.73472454003]",3.0,0.3,flattop,64,32,145.15000000000006,15,21,449.52380952380963,38.0,1008.0000000000002,"[2, 5, 11, 17, 22, 25, 29, 38, 44, 52, 55, 60, 65, 74, 78, 84, 89, 95, 98, 101, 105]","[38.0, 367.9999999999999, 461.00000000000006, 193.0, 951.0000000000001, 154.0, 881.0000000000002, 243.00000000000006, 491.00000000000017, 186.0, 321.0000000000001, 943.0000000000001, 810.0000000000002, 205.00000000000003, 478.0, 276.0, 347.0, 78.99999999999989, 1008.0000000000002, 114.0, 893.0000000000002]","[1, 1, 1, 15, 1, 24, 27, 35, 35, 49, 35, 35, 63, 73, 73, 73, 35, 92, 35, 99, 99]","[3, 8, 18, 18, 35, 27, 35, 39, 49, 53, 56, 73, 73, 75, 81, 85, 92, 97, 106, 102, 106]",0.05,30,52684909.00000001,1016.0000000000002,-1016.0000000000002,DWT,uc1.l0082987033,4.656612873077393e-10,0.0,1.1368683772161603e-13,2.9802322387695312e-08,0.0,2.2737367544323206e-13,7.450580596923828e-09,2.2737367544323206e-13,1.0,84,0.0,5.4569682106375694e-12,1.0,84,,0.0,0.0,1.0,84,0.0,0.0,7.450580596923828e-09,7.62939453125e-05,1.4551915228366852e-11,0.0,0.0,0.0,1.1368683772161603e-13,1.8189894035458565e-12,8.526512829121202e-14,0.0,2.2737367544323206e-13,0.0,5.684341886080802e-14,0.0,0.0,0.0,5.684341886080802e-14,0.0,8.326672684688674e-17,4.656612873077393e-10,0.0,0.0,5.820766091346741e-11,0.0,0.0,0.0,0.9221701270899153,0.26913033376482565,0.05664465409796102,0.5630899633981896,0.06047853357594731,3.135877575339459e-05,1.5679387876697293e-05,3.135877575339459e-05,244,0.9656169689749972,0.5459570719642727,339,0,0,3.135877575339459e-05,3.135877575339459e-05,252,0,0,0.3743027223853678,0.5091195512820547,349,55.671656462991415,0.928072795267453,296.0,288.147139920385,0.7728219273494887,71,rbio,366.5925925925926,360.0,210.3588723315502,135,0.8110455588331695,0.7500562468954116,0.20725123474815782,3,54.0
coif6,1,smooth,4.307206837870232e-26,313.75306583513014,10241598.389594264,0.5492957746478874,284.6012339198269,108,raw,1.521581214934418e-13,-1.2053869014039327e-10,"[2, 5, 11, 17, 22, 25, 29, 38, 44, 52, 55, 60, 65, 74, 78, 84, 89, 95, 98, 101, 105]","[38.00000000000006, 367.9999999999999, 461.0, 193.0, 950.9999999999998, 153.99999999999966, 881.0000000000002, 243.0, 491.0000000000002, 185.9999999999999, 321.0000000000001, 943.0000000000001, 810.0000000000005, 205.00000000000014, 477.99999999999994, 276.0000000000002, 347.0000000000001, 79.00000000000023, 1008.0, 114.00000000000011, 892.9999999999998]",21,5.847069639133974,106995.42816405479,0.845247774139442,4.365923718251291e-06,0.9999999999999997,0.4907407407407407,67631.0,0.12910941990473737,0.15147910127183992,188156.1212645156,82872438.25058058,8,12069.579557418137,0.027777777777777776,"[0.0, 0.009259259259259259, 0.018518518518518517, 0.027777777777777776, 0.037037037037037035, 0.046296296296296294, 0.05555555555555555, 0.06481481481481481, 0.07407407407407407, 0.08333333333333333, 0.09259259259259259, 0.10185185185185185, 0.1111111111111111, 0.12037037037037036, 0.12962962962962962, 0.1388888888888889, 0.14814814814814814, 0.15740740740740738, 0.16666666666666666, 0.17592592592592593, 0.18518518518518517, 0.19444444444444442, 0.2037037037037037, 0.21296296296296297, 0.2222222222222222, 0.23148148148148145, 0.24074074074074073]","[67631.0, 1786.6346316369986, 1155.9831840869408, 12069.579557418137, 1906.577854206846, 950.5914327635986, 9083.87719738518, 2481.2296367744866, 778.63161260295, 8965.162396385991, 2042.6423114779166, 1606.7171021541483, 6927.939836298326, 1790.9411989177922, 2115.0643759896475, 4469.146453396728, 811.3124818658857, 852.4454942250574, 2613.5185095958327, 1125.833636154595, 622.5282936168388, 1595.9028958466954, 1672.0836322356427, 807.7671822537574, 3024.634439411759, 842.7313814743643, 842.8235732269213]",3.0,0.3,145.14999999999995,15,0.5,1721880.1384885097,0.14445541615564292,0.12412575453778005,16430975.452705411,84089526828.82384,"[0.046875, 0.03125]",2,1721880.1384885097,0.046875,"[0.0, 0.015625, 0.03125, 0.046875, 0.0625, 0.078125, 0.09375, 0.109375, 0.125, 0.140625, 0.15625, 0.171875, 0.1875, 0.203125, 0.21875, 0.234375]","[154749.3857115651, 876106.9067082775, 1710291.376891533, 1721880.1384885097, 1236443.3975593036, 1200279.6938555283, 1385236.6101427833, 1437054.0474222829, 1048940.2936461235, 664501.8455342916, 393060.29715082573, 165807.08106897474, 58528.06662853274, 51528.95639390753, 141871.95181127623, 339557.7347245399]",3.0,0.3,flattop,64,32,145.14999999999995,15,21,449.5238095238095,38.00000000000006,1008.0,"[2, 5, 11, 17, 22, 25, 29, 38, 44, 52, 55, 60, 65, 74, 78, 84, 89, 95, 98, 101, 105]","[38.00000000000006, 367.9999999999999, 461.0, 193.0, 950.9999999999998, 153.99999999999966, 881.0000000000002, 243.0, 491.0000000000002, 185.9999999999999, 321.0000000000001, 943.0000000000001, 810.0000000000005, 205.00000000000014, 477.99999999999994, 276.0000000000002, 347.0000000000001, 79.00000000000023, 1008.0, 114.00000000000011, 892.9999999999998]","[1, 1, 1, 15, 1, 24, 27, 35, 35, 49, 35, 35, 63, 73, 73, 73, 35, 92, 35, 99, 99]","[3, 8, 18, 18, 35, 27, 35, 39, 49, 53, 56, 73, 73, 75, 81, 85, 92, 97, 106, 102, 106]",0.05,30,52684909.00000001,1016.0,-1016.0,DWT,uc1.l0082987033,9.313225746154785e-10,0.0,0.0,1.4901161193847656e-08,0.0,0.0,1.1175870895385742e-08,0.0,1.0,84,0.0,7.275957614183426e-12,1.0,84,,0.0,0.0,1.0,84,0.0,0.0,7.450580596923828e-09,0.00018310546875,0.0,0.0,0.0,0.0,0.0,0.0,1.475222060911446e-13,0.0,0.0,0.0,5.684341886080802e-14,0.0,0.0,0.0,5.684341886080802e-14,5.684341886080802e-14,8.326672684688674e-17,9.313225746154785e-10,0.0,2.7755575615628914e-17,5.820766091346741e-11,0.0,0.0,0.0,0.8802662258699214,0.5161033575538704,0.10796501384688081,0.3435360767959721,0.05110343784092818,3.135877575339459e-05,1.5679387876697293e-05,3.135877575339459e-05,343,0.9980497270770886,0.5642944606163582,287,0,0,3.135877575339459e-05,3.135877575339459e-05,351,0,0,0.3797948223815146,0.5165898028148651,319,28.751811537130433,0.9628529566703741,325.0,323.00859143502726,0.7714781579217503,72,coif,217.80246913580248,181.0,166.32516494453617,81,0.48186386976947454,0.5930495234160287,0.4847804341365592,1,54.25
rbio1.5,1,periodic,1.6829616986126192e-26,317.8342807890818,9711214.205661945,0.5689655172413793,339.60198818493313,108,raw,1.0918015462906352e-13,-1.2220924272554677e-10,"[2, 5, 11, 17, 22, 25, 29, 38, 44, 52, 55, 60, 65, 74, 78, 84, 89, 95, 98, 101, 105]","[38.0, 367.9999999999999, 461.00000000000006, 193.0, 951.0000000000001, 154.0, 881.0000000000002, 243.00000000000006, 491.00000000000017, 186.0, 321.0000000000001, 943.0000000000001, 810.0000000000002, 205.00000000000003, 478.0, 276.0, 347.0, 78.99999999999989, 1008.0000000000002, 114.0, 893.0000000000002]",21,5.653298892459504,110438.32106424485,0.8306033707508698,4.365923718251291e-06,1.0,0.4907407407407407,67631.00000000001,0.12910941990473737,0.15147910127183992,188156.1212645156,82872438.2505806,8,12069.579557418136,0.027777777777777776,"[0.0, 0.009259259259259259, 0.018518518518518517, 0.027777777777777776, 0.037037037037037035, 0.046296296296296294, 0.05555555555555555, 0.06481481481481481, 0.07407407407407407, 0.08333333333333333, 0.09259259259259259, 0.10185185185185185, 0.1111111111111111, 0.12037037037037036, 0.12962962962962962, 0.1388888888888889, 0.14814814814814814, 0.15740740740740738, 0.16666666666666666, 0.17592592592592593, 0.18518518518518517, 0.19444444444444442, 0.2037037037037037, 0.21296296296296297, 0.2222222222222222, 0.23148148148148145, 0.24074074074074073]","[67631.00000000001, 1786.634631637001, 1155.9831840869394, 12069.579557418136, 1906.5778542068424, 950.5914327636012, 9083.87719738518, 2481.229636774485, 778.6316126029441, 8965.162396385995, 2042.6423114779186, 1606.7171021541496, 6927.939836298324, 1790.941198917794, 2115.064375989648, 4469.146453396728, 811.3124818658861, 852.4454942250575, 2613.5185095958295, 1125.8336361545935, 622.528293616836, 1595.9028958466968, 1672.0836322356429, 807.7671822537576, 3024.6344394117605, 842.7313814743653, 842.8235732269203]",3.0,0.3,145.15000000000006,15,0.5,1721880.1384885092,0.14445541615564292,0.12412575453778008,16430975.452705408,84089526828.82373,"[0.046875, 0.03125]",2,1721880.1384885092,0.046875,"[0.0, 0.015625, 0.03125, 0.046875, 0.0625, 0.078125, 0.09375, 0.109375, 0.125, 0.140625, 0.15625, 0.171875, 0.1875, 0.203125, 0.21875, 0.234375]","[154749.3857115653, 876106.906708278, 1710291.3768915331, 1721880.1384885092, 1236443.3975593029, 1200279.6938555273, 1385236.610142782, 1437054.0474222815, 1048940.2936461228, 664501.8455342911, 393060.29715082544, 165807.0810689747, 58528.06662853267, 51528.956393907596, 141871.95181127626, 339557.73472454003]",3.0,0.3,flattop,64,32,145.15000000000006,15,21,449.52380952380963,38.0,1008.0000000000002,"[2, 5, 11, 17, 22, 25, 29, 38, 44, 52, 55, 60, 65, 74, 78, 84, 89, 95, 98, 101, 105]","[38.0, 367.9999999999999, 461.00000000000006, 193.0, 951.0000000000001, 154.0, 881.0000000000002, 243.00000000000006, 491.00000000000017, 186.0, 321.0000000000001, 943.0000000000001, 810.0000000000002, 205.00000000000003, 478.0, 276.0, 347.0, 78.99999999999989, 1008.0000000000002, 114.0, 893.0000000000002]","[1, 1, 1, 15, 1, 24, 27, 35, 35, 49, 35, 35, 63, 73, 73, 73, 35, 92, 35, 99, 99]","[3, 8, 18, 18, 35, 27, 35, 39, 49, 53, 56, 73, 73, 75, 81, 85, 92, 97, 106, 102, 106]",0.05,30,52684909.00000001,1016.0000000000002,-1016.0000000000002,DWT,uc1.l0082987033,4.656612873077393e-10,0.0,1.1368683772161603e-13,2.9802322387695312e-08,0.0,2.2737367544323206e-13,7.450580596923828e-09,2.2737367544323206e-13,1.0,84,0.0,5.4569682106375694e-12,1.0,84,,0.0,0.0,1.0,84,0.0,0.0,7.450580596923828e-09,7.62939453125e-05,1.4551915228366852e-11,0.0,0.0,0.0,1.1368683772161603e-13,1.8189894035458565e-12,8.526512829121202e-14,0.0,2.2737367544323206e-13,0.0,5.684341886080802e-14,0.0,0.0,0.0,5.684341886080802e-14,0.0,8.326672684688674e-17,4.656612873077393e-10,0.0,0.0,5.820766091346741e-11,0.0,0.0,0.0,0.9221667210816379,0.2678164759989034,0.05651585650034766,0.5630899633981896,0.06042301356969237,3.135877575339459e-05,1.5679387876697293e-05,3.135877575339459e-05,243,0.9648713896857611,0.5455355235669815,341,0,0,3.135877575339459e-05,3.135877575339459e-05,253,0,0,0.3740024061097542,0.5087110667097045,351,56.87413002997643,0.9265192118475757,297.0,288.8222258489444,0.7713991408075087,73,rbio,366.5925925925926,360.0,210.3588723315502,135,0.8110455588331695,0.7500562468954116,0.20725123474815782,3,55.5
coif6,1,antisymmetric,4.3179324244741814e-26,313.7422646982752,11449643.486981422,0.5492957746478874,428.5774682542179,108,raw,1.5046400339660636e-13,-1.1955580969669264e-10,"[2, 5, 11, 17, 22, 25, 29, 38, 44, 52, 55, 60, 65, 74, 78, 84, 89, 95, 98, 101, 105]","[37.999999999999744, 368.0000000000001, 461.0000000000001, 193.0000000000001, 950.9999999999999, 153.99999999999966, 881.0000000000002, 243.0, 491.0000000000002, 185.9999999999999, 321.0000000000001, 943.0000000000001, 810.0000000000005, 205.00000000000014, 478.0, 276.00000000000034, 346.9999999999999, 79.00000000000045, 1008.0, 113.99999999999989, 893.0000000000002]",21,6.022514431930806,377463.616582702,0.943192251085246,4.365923718251291e-06,0.9999999999999998,0.4907407407407407,67631.0,0.12910941990473737,0.15147910127183992,188156.1212645156,82872438.25058058,8,12069.57955741813,0.027777777777777776,"[0.0, 0.009259259259259259, 0.018518518518518517, 0.027777777777777776, 0.037037037037037035, 0.046296296296296294, 0.05555555555555555, 0.06481481481481481, 0.07407407407407407, 0.08333333333333333, 0.09259259259259259, 0.10185185185185185, 0.1111111111111111, 0.12037037037037036, 0.12962962962962962, 0.1388888888888889, 0.14814814814814814, 0.15740740740740738, 0.16666666666666666, 0.17592592592592593, 0.18518518518518517, 0.19444444444444442, 0.2037037037037037, 0.21296296296296297, 0.2222222222222222, 0.23148148148148145, 0.24074074074074073]","[67631.0, 1786.634631636999, 1155.9831840869406, 12069.57955741813, 1906.577854206846, 950.5914327636, 9083.87719738518, 2481.229636774485, 778.6316126029501, 8965.162396385993, 2042.6423114779154, 1606.7171021541494, 6927.939836298326, 1790.9411989177936, 2115.0643759896493, 4469.146453396728, 811.3124818658852, 852.4454942250577, 2613.5185095958336, 1125.833636154595, 622.5282936168377, 1595.9028958466984, 1672.083632235642, 807.7671822537576, 3024.6344394117577, 842.731381474364, 842.8235732269213]",3.0,0.3,145.15000000000018,15,0.5,1721880.138488509,0.14445541615564295,0.12412575453778006,16430975.452705408,84089526828.8238,"[0.046875, 0.03125]",2,1721880.138488509,0.046875,"[0.0, 0.015625, 0.03125, 0.046875, 0.0625, 0.078125, 0.09375, 0.109375, 0.125, 0.140625, 0.15625, 0.171875, 0.1875, 0.203125, 0.21875, 0.234375]","[154749.38571156503, 876106.9067082773, 1710291.3768915322, 1721880.138488509, 1236443.3975593033, 1200279.6938555283, 1385236.6101427833, 1437054.0474222824, 1048940.2936461233, 664501.8455342914, 393060.2971508256, 165807.08106897466, 58528.0666285327, 51528.956393907516, 141871.9518112762, 339557.7347245399]",3.0,0.3,flattop,64,32,145.15000000000018,15,21,449.52380952380963,37.999999999999744,1008.0,"[2, 5, 11, 17, 22, 25, 29, 38, 44, 52, 55, 60, 65, 74, 78, 84, 89, 95, 98, 101, 105]","[37.999999999999744, 368.0000000000001, 461.0000000000001, 193.0000000000001, 950.9999999999999, 153.99999999999966, 881.0000000000002, 243.0, 491.0000000000002, 185.9999999999999, 321.0000000000001, 943.0000000000001, 810.0000000000005, 205.00000000000014, 478.0, 276.00000000000034, 346.9999999999999, 79.00000000000045, 1008.0, 113.99999999999989, 893.0000000000002]","[1, 1, 1, 15, 1, 24, 27, 35, 35, 49, 35, 35, 63, 73, 73, 73, 35, 92, 35, 99, 99]","[3, 8, 18, 18, 35, 27, 35, 39, 49, 53, 56, 73, 73, 75, 81, 85, 92, 97, 106, 102, 106]",0.05,30,52684909.00000001,1016.0,-1016.0,DWT,uc1.l0082987033,2.3283064365386963e-10,0.0,1.1368683772161603e-13,1.4901161193847656e-08,0.0,0.0,7.450580596923828e-09,0.0,1.0,84,0.0,0.0,1.0,84,,0.0,0.0,1.0,84,0.0,0.0,7.450580596923828e-09,0.000152587890625,0.0,0.0,0.0,0.0,1.1368683772161603e-13,1.8189894035458565e-12,1.759439155215486e-13,0.0,0.0,0.0,1.7053025658242404e-13,0.0,0.0,0.0,1.7053025658242404e-13,2.5579538487363607e-13,8.326672684688674e-17,2.3283064365386963e-10,0.0,1.3877787807814457e-17,5.820766091346741e-11,0.0,0.0,2.7755575615628914e-17,0.8801553341408218,0.7409083977169437,0.2251496965355165,0.3435360767959721,0.7832344791666946,3.135877575339459e-05,1.5679387876697293e-05,3.135877575339459e-05,340,1.4618304699957898,0.826514765947245,31,0,0,3.135877575339459e-05,3.135877575339459e-05,322,0,0,0.5945967968711898,0.8087594246913794,29,173.93964470470786,0.7752717768673025,180.5,54.95442311198114,0.7710338212501887,74,coif,217.80246913580248,181.0,166.32516494453617,81,0.48186386976947454,0.5930495234160287,0.4847804341365592,1,55.75
bior1.5,1,antisymmetric,2.5178394899715236e-26,316.0847427041474,9749165.069450064,0.5689655172413793,298.5481832993221,108,raw,1.1825931180822043e-13,-1.211759581565281e-10,"[2, 5, 11, 17, 22, 25, 29, 38, 44, 52, 55, 60, 65, 74, 78, 84, 89, 95, 98, 101, 105]","[38.0, 368.00000000000006, 460.9999999999999, 193.0, 951.0000000000003, 154.0000000000001, 881.0000000000002, 243.00000000000006, 491.0, 186.0, 321.0, 943.0, 810.0, 205.0, 478.0, 276.0, 346.9999999999999, 79.00000000000023, 1008.0000000000001, 114.00000000000023, 893.0]",21,5.594273748270084,152075.04401648996,0.9048962129350128,4.36592371825129e-06,1.0,0.4907407407407407,67631.00000000003,0.1291094199047374,0.15147910127183992,188156.1212645156,82872438.25058065,8,12069.579557418137,0.027777777777777776,"[0.0, 0.009259259259259259, 0.018518518518518517, 0.027777777777777776, 0.037037037037037035, 0.046296296296296294, 0.05555555555555555, 0.06481481481481481, 0.07407407407407407, 0.08333333333333333, 0.09259259259259259, 0.10185185185185185, 0.1111111111111111, 0.12037037037037036, 0.12962962962962962, 0.1388888888888889, 0.14814814814814814, 0.15740740740740738, 0.16666666666666666, 0.17592592592592593, 0.18518518518518517, 0.19444444444444442, 0.2037037037037037, 0.21296296296296297, 0.2222222222222222, 0.23148148148148145, 0.24074074074074073]","[67631.00000000003, 1786.6346316369982, 1155.9831840869385, 12069.579557418137, 1906.5778542068433, 950.5914327635998, 9083.87719738518, 2481.2296367744834, 778.6316126029446, 8965.162396385995, 2042.6423114779182, 1606.7171021541506, 6927.939836298324, 1790.941198917794, 2115.0643759896493, 4469.146453396722, 811.3124818658853, 852.4454942250561, 2613.5185095958273, 1125.8336361545937, 622.5282936168372, 1595.9028958466993, 1672.083632235641, 807.7671822537571, 3024.6344394117605, 842.7313814743675, 842.8235732269209]",3.0,0.3,145.15000000000003,15,0.5,1721880.1384885097,0.14445541615564295,0.1241257545377801,16430975.452705406,84089526828.82378,"[0.046875, 0.03125]",2,1721880.1384885097,0.046875,"[0.0, 0.015625, 0.03125, 0.046875, 0.0625, 0.078125, 0.09375, 0.109375, 0.125, 0.140625, 0.15625, 0.171875, 0.1875, 0.203125, 0.21875, 0.234375]","[154749.38571156553, 876106.9067082782, 1710291.3768915334, 1721880.1384885097, 1236443.3975593033, 1200279.6938555276, 1385236.6101427823, 1437054.047422281, 1048940.2936461223, 664501.8455342907, 393060.2971508252, 165807.08106897445, 58528.0666285326, 51528.95639390751, 141871.9518112762, 339557.7347245397]",3.0,0.3,flattop,64,32,145.15000000000003,15,21,449.52380952380963,38.0,1008.0000000000001,"[2, 5, 11, 17, 22, 25, 29, 38, 44, 52, 55, 60, 65, 74, 78, 84, 89, 95, 98, 101, 105]","[38.0, 368.00000000000006, 460.9999999999999, 193.0, 951.0000000000003, 154.0000000000001, 881.0000000000002, 243.00000000000006, 491.0, 186.0, 321.0, 943.0, 810.0, 205.0, 478.0, 276.0, 346.9999999999999, 79.00000000000023, 1008.0000000000001, 114.00000000000023, 893.0]","[1, 1, 1, 15, 1, 24, 27, 35, 35, 49, 35, 35, 63, 73, 73, 73, 35, 92, 35, 99, 99]","[3, 8, 18, 18, 35, 27, 35, 39, 49, 53, 56, 73, 73, 75, 81, 85, 92, 97, 106, 102, 106]",0.05,30,52684909.00000001,1016.0000000000001,-1016.0000000000001,DWT,uc1.l0082987033,9.313225746154785e-10,0.0,1.1368683772161603e-13,8.940696716308594e-08,0.0,1.1368683772161603e-13,5.587935447692871e-09,1.1368683772161603e-13,1.0,84,0.0,7.275957614183426e-12,1.0,84,,0.0,0.0,1.0,84,0.0,0.0,7.450580596923828e-09,0.0001220703125,2.9103830456733704e-11,0.0,0.0,0.0,1.1368683772161603e-13,1.8189894035458565e-12,7.579122514774403e-14,0.0,1.1368683772161603e-13,0.0,2.842170943040401e-14,0.0,0.0,0.0,2.842170943040401e-14,0.0,5.551115123125783e-17,9.313225746154785e-10,0.0,2.7755575615628914e-17,5.820766091346741e-11,0.0,0.0,2.7755575615628914e-17,0.9042047874472603,0.19218499273510803,0.06019722563167326,0.5630899633981896,0.1731295670118863,3.135877575339459e-05,1.5679387876697293e-05,3.135877575339459e-05,335,0.9632017938157772,0.5445915388382255,344,0,0,3.135877575339459e-05,3.135877575339459e-05,254,0,0,0.3785613072448235,0.5149119986330264,325,41.0731055558257,0.946933972150096,314.5,309.9337888588603,0.7703016113980454,75,bior,385.74074074074076,410.0,199.97417605530825,135,0.8534087184529663,0.7130285416801533,0.18870533457887761,4,57.25
coif7,1,antisymmetric,3.8989486761886715e-26,314.1855479279185,12015239.267278453,0.5472972972972973,439.19764676709605,108,raw,1.4530763423779168e-13,-1.1930700871687414e-10,"[2, 5, 11, 17, 22, 25, 29, 38, 44, 52, 55, 60, 65, 74, 78, 84, 89, 95, 98, 101, 105]","[38.000000000000114, 367.99999999999994, 461.0000000000003, 192.99999999999977, 951.0000000000002, 154.0, 881.0000000000003, 243.00000000000006, 490.9999999999998, 186.00000000000023, 320.99999999999955, 943.0000000000002, 810.0000000000005, 205.0, 478.00000000000045, 276.0, 346.99999999999966, 78.99999999999989, 1008.0, 114.0, 892.9999999999999]",21,6.094429339722429,415355.9642385152,0.9484250569412326,4.36592371825129e-06,1.0,0.4907407407407407,67631.0,0.12910941990473745,0.15147910127183992,188156.12126451553,82872438.25058056,8,12069.579557418137,0.027777777777777776,"[0.0, 0.009259259259259259, 0.018518518518518517, 0.027777777777777776, 0.037037037037037035, 0.046296296296296294, 0.05555555555555555, 0.06481481481481481, 0.07407407407407407, 0.08333333333333333, 0.09259259259259259, 0.10185185185185185, 0.1111111111111111, 0.12037037037037036, 0.12962962962962962, 0.1388888888888889, 0.14814814814814814, 0.15740740740740738, 0.16666666666666666, 0.17592592592592593, 0.18518518518518517, 0.19444444444444442, 0.2037037037037037, 0.21296296296296297, 0.2222222222222222, 0.23148148148148145, 0.24074074074074073]","[67631.0, 1786.6346316370013, 1155.983184086937, 12069.579557418137, 1906.5778542068451, 950.5914327635992, 9083.877197385176, 2481.2296367744843, 778.631612602945, 8965.162396385995, 2042.6423114779168, 1606.7171021541467, 6927.9398362983275, 1790.941198917792, 2115.064375989649, 4469.1464533967255, 811.3124818658836, 852.4454942250569, 2613.518509595831, 1125.8336361545953, 622.5282936168363, 1595.9028958466988, 1672.08363223564, 807.7671822537591, 3024.6344394117614, 842.7313814743657, 842.8235732269197]",3.0,0.3,145.14999999999992,15,0.5,1721880.1384885092,0.14445541615564295,0.12412575453778008,16430975.452705408,84089526828.82378,"[0.046875, 0.03125]",2,1721880.1384885092,0.046875,"[0.0, 0.015625, 0.03125, 0.046875, 0.0625, 0.078125, 0.09375, 0.109375, 0.125, 0.140625, 0.15625, 0.171875, 0.1875, 0.203125, 0.21875, 0.234375]","[154749.38571156532, 876106.9067082778, 1710291.376891533, 1721880.1384885092, 1236443.397559303, 1200279.693855528, 1385236.6101427828, 1437054.047422282, 1048940.2936461228, 664501.8455342912, 393060.2971508253, 165807.08106897463, 58528.06662853268, 51528.95639390755, 141871.9518112762, 339557.7347245399]",3.0,0.3,flattop,64,32,145.14999999999992,15,21,449.52380952380963,38.000000000000114,1008.0,"[2, 5, 11, 17, 22, 25, 29, 38, 44, 52, 55, 60, 65, 74, 78, 84, 89, 95, 98, 101, 105]","[38.000000000000114, 367.99999999999994, 461.0000000000003, 192.99999999999977, 951.0000000000002, 154.0, 881.0000000000003, 243.00000000000006, 490.9999999999998, 186.00000000000023, 320.99999999999955, 943.0000000000002, 810.0000000000005, 205.0, 478.00000000000045, 276.0, 346.99999999999966, 78.99999999999989, 1008.0, 114.0, 892.9999999999999]","[1, 1, 1, 15, 1, 24, 27, 35, 35, 49, 35, 35, 63, 73, 73, 73, 35, 92, 35, 99, 99]","[3, 8, 18, 18, 35, 27, 35, 39, 49, 53, 56, 73, 73, 75, 81, 85, 92, 97, 106, 102, 106]",0.05,30,52684909.00000001,1016.0,-1016.0,DWT,uc1.l0082987033,4.656612873077393e-10,0.0,1.1368683772161603e-13,0.0,0.0,0.0,7.450580596923828e-09,0.0,1.0,84,0.0,7.275957614183426e-12,1.0,84,,0.0,0.0,1.0,84,0.0,0.0,7.450580596923828e-09,0.0001220703125,0.0,0.0,0.0,0.0,1.1368683772161603e-13,1.8189894035458565e-12,1.8677123339979776e-13,0.0,0.0,0.0,8.526512829121202e-14,0.0,0.0,0.0,8.526512829121202e-14,1.1368683772161603e-13,0.0,4.656612873077393e-10,0.0,0.0,0.0,0.0,0.0,2.7755575615628914e-17,0.8847063776537635,0.8330560954439483,0.2800145043042762,0.32122905027932935,0.8858053733991337,3.135877575339459e-05,1.5679387876697293e-05,3.135877575339459e-05,311,1.5701728959377554,0.8877712636448463,17,0,0,3.135877575339459e-05,3.135877575339459e-05,352,0,0,0.6409622802160903,0.8718248865856905,17,182.34651079743753,0.7644101927681686,174.25,32.335408205373234,0.7696404969008801,76,coif,217.80246913580248,181.0,166.32516494453617,81,0.48186386976947454,0.5930495234160287,0.4847804341365592,1,57.25
sym12,1,periodic,1.49225495576604e-22,278.35659281327605,10638378.756505009,0.5769230769230769,426.73480502183935,108,raw,9.880030949750142e-12,-9.64912594272383e-11,"[2, 5, 11, 17, 22, 25, 29, 38, 44, 52, 55, 60, 65, 74, 78, 84, 89, 95, 98, 101, 105]","[38.00000000000432, 368.0000000000268, 461.00000000002007, 193.0000000000104, 951.0000000000326, 154.0000000000125, 881.0000000000473, 243.00000000001262, 491.00000000002353, 186.00000000001046, 321.00000000002353, 943.0000000000231, 810.0000000000447, 205.00000000000907, 478.0000000000247, 276.000000000011, 347.0000000000173, 79.00000000000455, 1008.0000000000291, 114.00000000000648, 893.0000000000566]",21,5.888593730557305,101756.93211056707,0.8254079573416176,4.365923718250932e-06,1.0,0.4907407407407407,67631.0,0.1291094199047397,0.1514791012718399,188156.12126452048,82872438.25058058,8,12069.579557418207,0.027777777777777776,"[0.0, 0.009259259259259259, 0.018518518518518517, 0.027777777777777776, 0.037037037037037035, 0.046296296296296294, 0.05555555555555555, 0.06481481481481481, 0.07407407407407407, 0.08333333333333333, 0.09259259259259259, 0.10185185185185185, 0.1111111111111111, 0.12037037037037036, 0.12962962962962962, 0.1388888888888889, 0.14814814814814814, 0.15740740740740738, 0.16666666666666666, 0.17592592592592593, 0.18518518518518517, 0.19444444444444442, 0.2037037037037037, 0.21296296296296297, 0.2222222222222222, 0.23148148148148145, 0.24074074074074073]","[67631.0, 1786.6346316370027, 1155.9831840869424, 12069.579557418207, 1906.5778542068633, 950.5914327636182, 9083.87719738538, 2481.2296367745553, 778.6316126029731, 8965.16239638637, 2042.642311478017, 1606.7171021542365, 6927.9398362987295, 1790.9411989179052, 2115.064375989785, 4469.146453397028, 811.3124818659402, 852.4454942251134, 2613.5185095960046, 1125.833636154667, 622.5282936168771, 1595.902895846792, 1672.0836322357359, 807.7671822537997, 3024.6344394119074, 842.731381474405, 842.8235732269577]",3.0,0.3,145.14999999998875,15,0.5,1721880.1384885549,0.1444554161556451,0.12412575453777962,16430975.45270663,84089526828.83345,"[0.046875, 0.03125]",2,1721880.1384885549,0.046875,"[0.0, 0.015625, 0.03125, 0.046875, 0.0625, 0.078125, 0.09375, 0.109375, 0.125, 0.140625, 0.15625, 0.171875, 0.1875, 0.203125, 0.21875, 0.234375]","[154749.38571156614, 876106.9067082929, 1710291.3768915734, 1721880.1384885549, 1236443.3975593615, 1200279.69385562, 1385236.6101429146, 1437054.0474224328, 1048940.2936462455, 664501.8455343752, 393060.29715087684, 165807.08106899651, 58528.06662854009, 51528.95639391248, 141871.95181128866, 339557.7347245706]",3.0,0.3,flattop,64,32,145.14999999998875,15,21,449.523809523831,38.00000000000432,1008.0000000000291,"[2, 5, 11, 17, 22, 25, 29, 38, 44, 52, 55, 60, 65, 74, 78, 84, 89, 95, 98, 101, 105]","[38.00000000000432, 368.0000000000268, 461.00000000002007, 193.0000000000104, 951.0000000000326, 154.0000000000125, 881.0000000000473, 243.00000000001262, 491.00000000002353, 186.00000000001046, 321.00000000002353, 943.0000000000231, 810.0000000000447, 205.00000000000907, 478.0000000000247, 276.000000000011, 347.0000000000173, 79.00000000000455, 1008.0000000000291, 114.00000000000648, 893.0000000000566]","[1, 1, 1, 15, 1, 24, 27, 35, 35, 49, 35, 35, 63, 73, 73, 73, 35, 92, 35, 99, 99]","[3, 8, 18, 18, 35, 27, 35, 39, 49, 53, 56, 73, 73, 75, 81, 85, 92, 97, 106, 102, 106]",0.05,30,52684909.00000067,1016.0000000000081,-1016.0000000000081,DWT,uc1.l0082987033,4.6100467443466187e-08,0.0,2.148681232938543e-11,1.4901161193847656e-08,0.0,2.9103830456733704e-11,1.2293457984924316e-06,8.071765478234738e-12,1.0,84,0.0,7.639755494892597e-11,1.0,84,,0.0,0.0,1.0,84,0.0,0.0,6.705522537231445e-07,0.009796142578125,0.0,0.0,0.0,0.0,2.148681232938543e-11,4.511093720793724e-10,2.146380427889415e-11,0.0,8.071765478234738e-12,0.0,1.1254996934439987e-11,0.0,0.0,0.0,1.1254996934439987e-11,4.320099833421409e-12,2.248201624865942e-15,4.6100467443466187e-08,2.7755575615628914e-17,4.579669976578771e-16,4.94765117764473e-09,0.0,0.0,2.192690473634684e-15,0.5168622481088861,0.5693099810811182,0.14645412447204045,0.6519123334765788,0.03692333927538294,0.002822289817805513,0.0014111449089027565,0.002822289817805513,195,0.9435336707426958,0.5334712383163625,379,0,0,0.002822289817805513,0.002822289817805513,195,0,0,0.3842924052828013,0.522707330825253,301,89.56747921725459,0.8842797426133662,267.5,246.65182754089997,0.7693362537356236,77,sym,445.72514619883043,505.0,280.45746329325993,171,0.986117580085908,1.0,0.009717693939864401,6,59.25
coif6,1,reflect,4.198633281948313e-26,313.8639436714213,11631769.216739848,0.5492957746478874,420.2588451238493,108,raw,1.4875343755125805e-13,-1.1973422253674988e-10,"[2, 5, 11, 17, 22, 25, 29, 38, 44, 52, 55, 60, 65, 74, 78, 84, 89, 95, 98, 101, 105]","[38.000000000000085, 368.00000000000034, 461.00000000000017, 193.0000000000001, 950.9999999999999, 153.9999999999999, 881.0000000000003, 243.0, 491.0000000000002, 185.9999999999999, 321.0000000000001, 943.0000000000001, 810.0000000000005, 205.00000000000014, 478.0, 276.00000000000034, 347.0, 79.00000000000034, 1008.0000000000001, 113.99999999999977, 893.0000000000003]",21,6.0439924246089305,91571.92768073815,0.7517952950144234,4.365923718251289e-06,0.9999999999999997,0.4907407407407407,67631.0,0.12910941990473737,0.1514791012718399,188156.12126451562,82872438.25058058,8,12069.579557418134,0.027777777777777776,"[0.0, 0.009259259259259259, 0.018518518518518517, 0.027777777777777776, 0.037037037037037035, 0.046296296296296294, 0.05555555555555555, 0.06481481481481481, 0.07407407407407407, 0.08333333333333333, 0.09259259259259259, 0.10185185185185185, 0.1111111111111111, 0.12037037037037036, 0.12962962962962962, 0.1388888888888889, 0.14814814814814814, 0.15740740740740738, 0.16666666666666666, 0.17592592592592593, 0.18518518518518517, 0.19444444444444442, 0.2037037037037037, 0.21296296296296297, 0.2222222222222222, 0.23148148148148145, 0.24074074074074073]","[67631.0, 1786.6346316369986, 1155.9831840869417, 12069.579557418134, 1906.5778542068456, 950.5914327636, 9083.87719738518, 2481.2296367744852, 778.6316126029488, 8965.162396385991, 2042.642311477916, 1606.7171021541496, 6927.939836298325, 1790.9411989177922, 2115.064375989649, 4469.146453396728, 811.3124818658857, 852.4454942250569, 2613.5185095958336, 1125.833636154595, 622.5282936168377, 1595.9028958466972, 1672.0836322356429, 807.767182253757, 3024.634439411759, 842.7313814743633, 842.8235732269203]",3.0,0.3,145.14999999999995,15,0.5,1721880.1384885097,0.14445541615564295,0.12412575453778006,16430975.452705411,84089526828.82384,"[0.046875, 0.03125]",2,1721880.1384885097,0.046875,"[0.0, 0.015625, 0.03125, 0.046875, 0.0625, 0.078125, 0.09375, 0.109375, 0.125, 0.140625, 0.15625, 0.171875, 0.1875, 0.203125, 0.21875, 0.234375]","[154749.3857115651, 876106.9067082775, 1710291.376891533, 1721880.1384885097, 1236443.3975593033, 1200279.6938555283, 1385236.6101427833, 1437054.0474222826, 1048940.2936461235, 664501.8455342916, 393060.2971508256, 165807.08106897474, 58528.06662853269, 51528.95639390754, 141871.95181127623, 339557.7347245399]",3.0,0.3,flattop,64,32,145.14999999999995,15,21,449.52380952380963,38.000000000000085,1008.0000000000001,"[2, 5, 11, 17, 22, 25, 29, 38, 44, 52, 55, 60, 65, 74, 78, 84, 89, 95, 98, 101, 105]","[38.000000000000085, 368.00000000000034, 461.00000000000017, 193.0000000000001, 950.9999999999999, 153.9999999999999, 881.0000000000003, 243.0, 491.0000000000002, 185.9999999999999, 321.0000000000001, 943.0000000000001, 810.0000000000005, 205.00000000000014, 478.0, 276.00000000000034, 347.0, 79.00000000000034, 1008.0000000000001, 113.99999999999977, 893.0000000000003]","[1, 1, 1, 15, 1, 24, 27, 35, 35, 49, 35, 35, 63, 73, 73, 73, 35, 92, 35, 99, 99]","[3, 8, 18, 18, 35, 27, 35, 39, 49, 53, 56, 73, 73, 75, 81, 85, 92, 97, 106, 102, 106]",0.05,30,52684909.00000001,1016.0000000000001,-1016.0000000000001,DWT,uc1.l0082987033,9.313225746154785e-10,0.0,1.1368683772161603e-13,1.4901161193847656e-08,0.0,1.1368683772161603e-13,1.1175870895385742e-08,1.1368683772161603e-13,1.0,84,0.0,3.637978807091713e-12,1.0,84,,0.0,0.0,1.0,84,0.0,0.0,7.450580596923828e-09,0.00018310546875,0.0,0.0,0.0,0.0,1.1368683772161603e-13,1.8189894035458565e-12,1.8135757446067315e-13,0.0,1.1368683772161603e-13,0.0,5.684341886080802e-14,0.0,0.0,0.0,5.684341886080802e-14,8.526512829121202e-14,8.326672684688674e-17,9.313225746154785e-10,2.7755575615628914e-17,1.3877787807814457e-17,8.731149137020111e-11,0.0,0.0,2.7755575615628914e-17,0.8814045722449645,0.7684290834532215,0.24281654183569454,0.3435360767959721,0.009353524345517103,3.135877575339459e-05,1.5679387876697293e-05,3.135877575339459e-05,341,1.1756213964480324,0.6646929745079245,130,0,0,3.135877575339459e-05,3.135877575339459e-05,345,0,0,0.4491079597350739,0.6108682338198731,155,116.21926116899327,0.8498459158023343,242.75,200.2500859261199,0.768107712423131,78,coif,217.80246913580248,181.0,166.32516494453617,81,0.48186386976947454,0.5930495234160287,0.4847804341365592,1,58.75
sym12,1,symmetric,1.5268037490302355e-22,278.2571909350388,10629689.24873335,0.5769230769230769,426.73480502183935,108,raw,9.890096971840079e-12,-9.640410691982194e-11,"[2, 5, 11, 17, 22, 25, 29, 38, 44, 52, 55, 60, 65, 74, 78, 84, 89, 95, 98, 101, 105]","[38.000000000004775, 368.00000000002694, 461.00000000002, 193.00000000001052, 951.0000000000249, 154.0000000000125, 881.0000000000473, 243.00000000001262, 491.00000000002353, 186.00000000001046, 321.00000000002353, 943.0000000000231, 810.0000000000447, 205.00000000000907, 478.0000000000247, 276.000000000011, 347.00000000001717, 79.00000000000455, 1008.0000000000367, 114.00000000000693, 893.0000000000566]",21,5.886033283288841,101843.55633309021,0.8102538748743005,4.365923718250927e-06,1.0,0.4907407407407407,67630.99999999999,0.12910941990473976,0.15147910127183986,188156.1212645205,82872438.25058053,8,12069.579557418203,0.027777777777777776,"[0.0, 0.009259259259259259, 0.018518518518518517, 0.027777777777777776, 0.037037037037037035, 0.046296296296296294, 0.05555555555555555, 0.06481481481481481, 0.07407407407407407, 0.08333333333333333, 0.09259259259259259, 0.10185185185185185, 0.1111111111111111, 0.12037037037037036, 0.12962962962962962, 0.1388888888888889, 0.14814814814814814, 0.15740740740740738, 0.16666666666666666, 0.17592592592592593, 0.18518518518518517, 0.19444444444444442, 0.2037037037037037, 0.21296296296296297, 0.2222222222222222, 0.23148148148148145, 0.24074074074074073]","[67630.99999999999, 1786.6346316370007, 1155.9831840869383, 12069.579557418203, 1906.5778542068708, 950.5914327636201, 9083.877197385376, 2481.2296367745444, 778.631612602982, 8965.162396386359, 2042.642311478027, 1606.7171021542417, 6927.939836298721, 1790.941198917896, 2115.0643759897666, 4469.146453397035, 811.3124818659198, 852.4454942251299, 2613.518509596016, 1125.833636154652, 622.5282936168544, 1595.9028958468155, 1672.083632235759, 807.7671822537749, 3024.6344394119146, 842.7313814744155, 842.8235732269782]",3.0,0.3,145.14999999998815,15,0.5,1721880.1384885553,0.14445541615564506,0.12412575453777962,16430975.452706635,84089526828.83353,"[0.046875, 0.03125]",2,1721880.1384885553,0.046875,"[0.0, 0.015625, 0.03125, 0.046875, 0.0625, 0.078125, 0.09375, 0.109375, 0.125, 0.140625, 0.15625, 0.171875, 0.1875, 0.203125, 0.21875, 0.234375]","[154749.3857115668, 876106.9067082943, 1710291.3768915746, 1721880.1384885553, 1236443.3975593615, 1200279.69385562, 1385236.6101429148, 1437054.0474224328, 1048940.2936462455, 664501.8455343752, 393060.29715087684, 165807.08106899663, 58528.066628540066, 51528.956393912486, 141871.95181128866, 339557.7347245706]",3.0,0.3,flattop,64,32,145.14999999998815,15,21,449.523809523831,38.000000000004775,1008.0000000000367,"[2, 5, 11, 17, 22, 25, 29, 38, 44, 52, 55, 60, 65, 74, 78, 84, 89, 95, 98, 101, 105]","[38.000000000004775, 368.00000000002694, 461.00000000002, 193.00000000001052, 951.0000000000249, 154.0000000000125, 881.0000000000473, 243.00000000001262, 491.00000000002353, 186.00000000001046, 321.00000000002353, 943.0000000000231, 810.0000000000447, 205.00000000000907, 478.0000000000247, 276.000000000011, 347.00000000001717, 79.00000000000455, 1008.0000000000367, 114.00000000000693, 893.0000000000566]","[1, 1, 1, 15, 1, 24, 27, 35, 35, 49, 35, 35, 63, 73, 73, 73, 35, 92, 35, 99, 99]","[3, 8, 18, 18, 35, 27, 35, 39, 49, 53, 56, 73, 73, 75, 81, 85, 92, 97, 106, 102, 106]",0.05,30,52684909.00000067,1016.000000000008,-1016.000000000008,DWT,uc1.l0082987033,4.6566128730773926e-08,0.0,2.148681232938543e-11,2.9802322387695312e-08,0.0,3.672084858408198e-11,1.2349337339401245e-06,7.958078640513122e-12,1.0,84,0.0,7.275957614183426e-11,1.0,84,,0.0,0.0,1.0,84,0.0,0.0,6.705522537231445e-07,0.0098724365234375,1.4551915228366852e-11,0.0,0.0,0.0,2.148681232938543e-11,4.511093720793724e-10,2.150711355040715e-11,0.0,7.958078640513122e-12,0.0,1.1851852832478471e-11,0.0,0.0,0.0,1.1851852832478471e-11,4.774847184307873e-12,2.3037127760972e-15,4.6566128730773926e-08,5.551115123125783e-17,4.579669976578771e-16,4.976755008101463e-09,0.0,0.0,2.1371793224034263e-15,0.5158417216308376,0.5660291686851127,0.1456112112288637,0.6519123334765788,0.037157822608194474,0.002822289817805513,0.0014111449089027565,0.002822289817805513,196,0.9409532853694001,0.5320122958078859,383,0,0,0.002822289817805513,0.002822289817805513,197,0,0,0.3833104515259175,0.5213716957198004,304,90.79280441385944,0.8826966351242126,270.0,248.77752759869307,0.7669297129109436,79,sym,445.72514619883043,505.0,280.45746329325993,171,0.986117580085908,1.0,0.009717693939864401,6,60.75
rbio6.8,1,antireflect,2.345109880247028e-21,266.3933911476332,10176080.717817876,0.5645161290322581,458.98894324952647,108,raw,3.782072597489248e-11,3.2698288518381166e-11,"[2, 5, 11, 17, 22, 25, 29, 38, 44, 52, 55, 60, 65, 74, 78, 84, 89, 95, 98, 101, 105]","[37.99999999997394, 367.9999999998836, 460.9999999999313, 192.99999999994043, 950.9999999999118, 153.9999999999245, 880.9999999997785, 242.9999999999402, 490.99999999991843, 185.9999999999559, 320.99999999990723, 942.9999999999285, 809.9999999997983, 204.9999999999527, 477.9999999998962, 275.999999999956, 346.99999999993213, 79.00000000000671, 1007.9999999999143, 113.99999999995111, 892.9999999997333]",21,5.852494138135707,252313.66676569622,0.889640751099723,4.365923718252778e-06,1.0,0.4907407407407407,67630.99999999985,0.129109419904727,0.15147910127184003,188156.12126449606,82872438.25058031,8,12069.579557418105,0.027777777777777776,"[0.0, 0.009259259259259259, 0.018518518518518517, 0.027777777777777776, 0.037037037037037035, 0.046296296296296294, 0.05555555555555555, 0.06481481481481481, 0.07407407407407407, 0.08333333333333333, 0.09259259259259259, 0.10185185185185185, 0.1111111111111111, 0.12037037037037036, 0.12962962962962962, 0.1388888888888889, 0.14814814814814814, 0.15740740740740738, 0.16666666666666666, 0.17592592592592593, 0.18518518518518517, 0.19444444444444442, 0.2037037037037037, 0.21296296296296297, 0.2222222222222222, 0.23148148148148145, 0.24074074074074073]","[67630.99999999985, 1786.6346316369031, 1155.983184086895, 12069.579557418105, 1906.5778542068454, 950.5914327634099, 9083.877197384772, 2481.229636774294, 778.6316126030248, 8965.162396384814, 2042.64231147746, 1606.7171021540182, 6927.939836296898, 1790.941198917475, 2115.0643759889967, 4469.146453395664, 811.3124818656382, 852.4454942249231, 2613.518509595052, 1125.833636154206, 622.5282936166342, 1595.9028958463016, 1672.0836322352432, 807.7671822535127, 3024.634439411024, 842.7313814741034, 842.8235732266849]",3.0,0.3,145.15000000005205,15,0.5,1721880.1384883914,0.14445541615563162,0.12412575453778252,16430975.452700602,84089526828.79175,"[0.046875, 0.03125]",2,1721880.1384883914,0.046875,"[0.0, 0.015625, 0.03125, 0.046875, 0.0625, 0.078125, 0.09375, 0.109375, 0.125, 0.140625, 0.15625, 0.171875, 0.1875, 0.203125, 0.21875, 0.234375]","[154749.3857115642, 876106.9067082407, 1710291.376891429, 1721880.1384883914, 1236443.3975591273, 1200279.693855211, 1385236.610142303, 1437054.0474217164, 1048940.2936456483, 664501.8455339575, 393060.2971506186, 165807.0810688855, 58528.066628501314, 51528.95639388021, 141871.95181120036, 339557.7347243581]",3.0,0.3,flattop,64,32,145.15000000005205,15,21,449.5238095237207,37.99999999997394,1007.9999999999143,"[2, 5, 11, 17, 22, 25, 29, 38, 44, 52, 55, 60, 65, 74, 78, 84, 89, 95, 98, 101, 105]","[37.99999999997394, 367.9999999998836, 460.9999999999313, 192.99999999994043, 950.9999999999118, 153.9999999999245, 880.9999999997785, 242.9999999999402, 490.99999999991843, 185.9999999999559, 320.99999999990723, 942.9999999999285, 809.9999999997983, 204.9999999999527, 477.9999999998962, 275.999999999956, 346.99999999993213, 79.00000000000671, 1007.9999999999143, 113.99999999995111, 892.9999999997333]","[1, 1, 1, 15, 1, 24, 27, 35, 35, 49, 35, 35, 63, 73, 73, 73, 35, 92, 35, 99, 99]","[3, 8, 18, 18, 35, 27, 35, 39, 49, 53, 56, 73, 73, 75, 81, 85, 92, 97, 106, 102, 106]",0.05,30,52684908.99999742,1015.9999999999702,-1015.9999999999702,DWT,uc1.l0082987033,1.1734664440155029e-07,0.0,8.884626367944293e-11,2.5331974029541016e-07,0.0,8.571987564209849e-11,4.798173904418945e-06,2.97859514830634e-11,1.0,84,0.0,2.546585164964199e-11,1.0,84,,0.0,0.0,1.0,84,0.0,0.0,2.5779008865356445e-06,0.0319061279296875,1.4551915228366852e-10,0.0,0.0,0.0,8.884626367944293e-11,1.8662831280380487e-09,8.944582640695096e-11,0.0,2.97859514830634e-11,0.0,5.204014996706974e-11,0.0,0.0,0.0,5.204014996706974e-11,2.6062707547680475e-11,1.04638520070921e-14,1.1734664440155029e-07,1.1102230246251565e-16,2.4424906541753444e-15,1.9470462575554848e-08,0.0,0.0,1.1296519275560968e-14,0.39403998077824354,0.5230540039453051,0.10160956602939455,0.5134258424941438,0.44446575513632075,0.010850136410674527,0.005425068205337264,0.010850136410674527,152,0.9319124125064817,0.5269006121539835,399,0,0,0.010850136410674527,0.010850136410674527,156,0,0,0.3953190296766816,0.537705538767188,270,116.77435506137466,0.8491287402307821,244.25,208.34230565395666,0.7667801323892929,80,rbio,366.5925925925926,360.0,210.3588723315502,135,0.8110455588331695,0.7500562468954116,0.20725123474815782,3,60.75
bior2.6,1,antireflect,1.4724614703220334e-26,318.41458371692613,10315991.271127405,0.575,385.59453508471347,108,raw,8.847243925124019e-14,-1.1851253312045236e-10,"[2, 5, 11, 17, 22, 25, 29, 38, 44, 52, 55, 60, 65, 74, 78, 84, 89, 95, 98, 101, 105]","[38.00000000000006, 368.0, 461.0000000000002, 192.9999999999999, 951.0000000000003, 154.0000000000001, 881.0, 243.00000000000003, 491.00000000000006, 186.0, 321.0, 943.0000000000001, 810.0, 205.0, 478.00000000000017, 276.0, 346.9999999999999, 79.0, 1008.0000000000001, 114.00000000000011, 893.0000000000003]",21,5.681540137144053,227084.3559781191,0.9286356489808848,4.36592371825129e-06,1.0,0.4907407407407407,67631.0,0.1291094199047374,0.15147910127183992,188156.12126451556,82872438.25058056,8,12069.579557418136,0.027777777777777776,"[0.0, 0.009259259259259259, 0.018518518518518517, 0.027777777777777776, 0.037037037037037035, 0.046296296296296294, 0.05555555555555555, 0.06481481481481481, 0.07407407407407407, 0.08333333333333333, 0.09259259259259259, 0.10185185185185185, 0.1111111111111111, 0.12037037037037036, 0.12962962962962962, 0.1388888888888889, 0.14814814814814814, 0.15740740740740738, 0.16666666666666666, 0.17592592592592593, 0.18518518518518517, 0.19444444444444442, 0.2037037037037037, 0.21296296296296297, 0.2222222222222222, 0.23148148148148145, 0.24074074074074073]","[67631.0, 1786.634631637001, 1155.9831840869383, 12069.579557418136, 1906.5778542068422, 950.5914327636004, 9083.877197385176, 2481.229636774485, 778.631612602943, 8965.162396385991, 2042.6423114779177, 1606.7171021541487, 6927.9398362983275, 1790.941198917794, 2115.0643759896493, 4469.146453396725, 811.3124818658857, 852.4454942250586, 2613.518509595827, 1125.8336361545942, 622.528293616838, 1595.9028958466988, 1672.0836322356429, 807.7671822537568, 3024.6344394117596, 842.7313814743658, 842.82357322692]",3.0,0.3,145.14999999999998,15,0.5,1721880.1384885088,0.14445541615564295,0.12412575453778009,16430975.452705404,84089526828.82372,"[0.046875, 0.03125]",2,1721880.1384885088,0.046875,"[0.0, 0.015625, 0.03125, 0.046875, 0.0625, 0.078125, 0.09375, 0.109375, 0.125, 0.140625, 0.15625, 0.171875, 0.1875, 0.203125, 0.21875, 0.234375]","[154749.38571156538, 876106.9067082778, 1710291.3768915331, 1721880.1384885088, 1236443.3975593024, 1200279.6938555273, 1385236.6101427819, 1437054.047422281, 1048940.2936461223, 664501.8455342909, 393060.29715082515, 165807.08106897448, 58528.06662853261, 51528.95639390756, 141871.95181127614, 339557.7347245398]",3.0,0.3,flattop,64,32,145.14999999999998,15,21,449.52380952380963,38.00000000000006,1008.0000000000001,"[2, 5, 11, 17, 22, 25, 29, 38, 44, 52, 55, 60, 65, 74, 78, 84, 89, 95, 98, 101, 105]","[38.00000000000006, 368.0, 461.0000000000002, 192.9999999999999, 951.0000000000003, 154.0000000000001, 881.0, 243.00000000000003, 491.00000000000006, 186.0, 321.0, 943.0000000000001, 810.0, 205.0, 478.00000000000017, 276.0, 346.9999999999999, 79.0, 1008.0000000000001, 114.00000000000011, 893.0000000000003]","[1, 1, 1, 15, 1, 24, 27, 35, 35, 49, 35, 35, 63, 73, 73, 73, 35, 92, 35, 99, 99]","[3, 8, 18, 18, 35, 27, 35, 39, 49, 53, 56, 73, 73, 75, 81, 85, 92, 97, 106, 102, 106]",0.05,30,52684909.00000001,1016.0000000000001,-1016.0000000000001,DWT,uc1.l0082987033,0.0,0.0,1.1368683772161603e-13,0.0,0.0,1.1368683772161603e-13,3.725290298461914e-09,1.1368683772161603e-13,1.0,84,0.0,5.4569682106375694e-12,1.0,84,,0.0,0.0,1.0,84,0.0,0.0,7.450580596923828e-09,6.103515625e-05,0.0,0.0,0.0,0.0,1.1368683772161603e-13,1.8189894035458565e-12,9.067878723033658e-14,0.0,1.1368683772161603e-13,0.0,2.842170943040401e-14,0.0,0.0,0.0,2.842170943040401e-14,5.684341886080802e-14,5.551115123125783e-17,0.0,0.0,1.3877787807814457e-17,2.9103830456733704e-11,0.0,0.0,2.7755575615628914e-17,0.9281245008907959,0.3040032105514478,0.11518138866236541,0.6304469273743012,0.37617246827387674,3.135877575339459e-05,1.5679387876697293e-05,3.135877575339459e-05,345,1.1691147584006552,0.661014139969165,132,0,0,3.135877575339459e-05,3.135877575339459e-05,347,0,0,0.47078569915055746,0.6403538888898821,126,125.31161159286079,0.8380986930324796,237.5,187.85815788322876,0.7656255739064207,81,bior,385.74074074074076,410.0,199.97417605530825,135,0.8534087184529663,0.7130285416801533,0.18870533457887761,4,61.75
bior3.1,1,reflect,2.4932679336274172e-26,316.1273335965642,9898960.146754926,0.5909090909090909,384.09161773877634,108,raw,1.3651631265761183e-13,-9.540612744274379e-11,"[2, 5, 11, 17, 22, 25, 29, 38, 44, 52, 55, 60, 65, 74, 78, 84, 89, 95, 98, 101, 105]","[37.99999999999997, 368.0000000000001, 460.9999999999999, 193.0, 950.9999999999998, 154.0, 880.9999999999998, 242.99999999999994, 490.9999999999999, 185.9999999999999, 321.0, 942.9999999999998, 809.9999999999998, 204.99999999999997, 477.99999999999983, 276.0000000000001, 346.9999999999999, 79.0, 1007.9999999999998, 114.0, 892.9999999999998]",21,5.460760329732265,119335.8247933884,0.9014410073584409,4.365923718251293e-06,1.0,0.4907407407407407,67630.99999999999,0.12910941990473743,0.15147910127183992,188156.1212645155,82872438.25058052,8,12069.579557418128,0.027777777777777776,"[0.0, 0.009259259259259259, 0.018518518518518517, 0.027777777777777776, 0.037037037037037035, 0.046296296296296294, 0.05555555555555555, 0.06481481481481481, 0.07407407407407407, 0.08333333333333333, 0.09259259259259259, 0.10185185185185185, 0.1111111111111111, 0.12037037037037036, 0.12962962962962962, 0.1388888888888889, 0.14814814814814814, 0.15740740740740738, 0.16666666666666666, 0.17592592592592593, 0.18518518518518517, 0.19444444444444442, 0.2037037037037037, 0.21296296296296297, 0.2222222222222222, 0.23148148148148145, 0.24074074074074073]","[67630.99999999999, 1786.634631637, 1155.9831840869376, 12069.579557418128, 1906.5778542068429, 950.5914327636006, 9083.877197385174, 2481.2296367744834, 778.631612602945, 8965.162396385987, 2042.642311477916, 1606.7171021541499, 6927.939836298321, 1790.941198917793, 2115.064375989648, 4469.146453396725, 811.3124818658861, 852.4454942250561, 2613.518509595828, 1125.8336361545942, 622.5282936168375, 1595.9028958466974, 1672.0836322356427, 807.7671822537567, 3024.6344394117596, 842.7313814743657, 842.8235732269209]",3.0,0.3,145.14999999999998,15,0.5,1721880.138488508,0.14445541615564292,0.12412575453778009,16430975.452705396,84089526828.82362,"[0.046875, 0.03125]",2,1721880.138488508,0.046875,"[0.0, 0.015625, 0.03125, 0.046875, 0.0625, 0.078125, 0.09375, 0.109375, 0.125, 0.140625, 0.15625, 0.171875, 0.1875, 0.203125, 0.21875, 0.234375]","[154749.38571156573, 876106.906708278, 1710291.376891532, 1721880.138488508, 1236443.3975593017, 1200279.6938555264, 1385236.610142781, 1437054.04742228, 1048940.2936461219, 664501.8455342907, 393060.29715082527, 165807.0810689746, 58528.06662853263, 51528.95639390745, 141871.95181127609, 339557.7347245397]",3.0,0.3,flattop,64,32,145.14999999999998,15,21,449.52380952380946,37.99999999999997,1007.9999999999998,"[2, 5, 11, 17, 22, 25, 29, 38, 44, 52, 55, 60, 65, 74, 78, 84, 89, 95, 98, 101, 105]","[37.99999999999997, 368.0000000000001, 460.9999999999999, 193.0, 950.9999999999998, 154.0, 880.9999999999998, 242.99999999999994, 490.9999999999999, 185.9999999999999, 321.0, 942.9999999999998, 809.9999999999998, 204.99999999999997, 477.99999999999983, 276.0000000000001, 346.9999999999999, 79.0, 1007.9999999999998, 114.0, 892.9999999999998]","[1, 1, 1, 15, 1, 24, 27, 35, 35, 49, 35, 35, 63, 73, 73, 73, 35, 92, 35, 99, 99]","[3, 8, 18, 18, 35, 27, 35, 39, 49, 53, 56, 73, 73, 75, 81, 85, 92, 97, 106, 102, 106]",0.05,30,52684908.99999999,1015.9999999999998,-1015.9999999999998,DWT,uc1.l0082987033,6.984919309616089e-10,0.0,5.684341886080802e-14,4.470348358154297e-08,0.0,2.2737367544323206e-13,3.725290298461914e-09,2.2737367544323206e-13,1.0,84,0.0,1.8189894035458565e-12,1.0,84,,0.0,0.0,1.0,84,0.0,0.0,7.450580596923828e-09,3.0517578125e-05,1.4551915228366852e-11,0.0,0.0,0.0,5.684341886080802e-14,1.8189894035458565e-12,1.1098000825205375e-13,0.0,2.2737367544323206e-13,0.0,2.842170943040401e-14,0.0,0.0,0.0,2.842170943040401e-14,2.842170943040401e-14,2.7755575615628914e-17,6.984919309616089e-10,0.0,1.3877787807814457e-17,2.9103830456733704e-11,0.0,0.0,0.0,0.9046420541690351,0.021108445302543855,0.07472788234329461,0.8080243778567804,0.08450768951071198,3.135877575339459e-05,1.5679387876697293e-05,3.135877575339459e-05,344,0.9477162232713373,0.5358360415512288,375,0,0,3.135877575339459e-05,3.135877575339459e-05,255,0,0,0.3786020898364732,0.5149674703502196,324,50.86255990411808,0.9342860983150929,324.5,317.9237849527029,0.7575177261601305,82,bior,385.74074074074076,410.0,199.97417605530825,135,0.8534087184529663,0.7130285416801533,0.18870533457887761,4,62.5
bior3.1,1,antireflect,2.4934081755661232e-26,316.12708932042193,9900034.368624017,0.5909090909090909,384.09161773877634,108,raw,1.365821036516637e-13,-9.54297751931683e-11,"[2, 5, 11, 17, 22, 25, 29, 38, 44, 52, 55, 60, 65, 74, 78, 84, 89, 95, 98, 101, 105]","[37.99999999999997, 368.0000000000001, 460.9999999999999, 193.0, 950.9999999999998, 154.0, 880.9999999999998, 242.99999999999994, 490.9999999999999, 185.9999999999999, 321.0, 942.9999999999998, 809.9999999999998, 204.99999999999997, 477.99999999999983, 276.0000000000001, 346.9999999999999, 79.0, 1007.9999999999998, 114.0, 892.9999999999998]",21,5.466073637734372,106170.45239669419,0.8902581441792781,4.365923718251293e-06,1.0,0.4907407407407407,67630.99999999999,0.12910941990473743,0.15147910127183992,188156.1212645155,82872438.25058052,8,12069.579557418128,0.027777777777777776,"[0.0, 0.009259259259259259, 0.018518518518518517, 0.027777777777777776, 0.037037037037037035, 0.046296296296296294, 0.05555555555555555, 0.06481481481481481, 0.07407407407407407, 0.08333333333333333, 0.09259259259259259, 0.10185185185185185, 0.1111111111111111, 0.12037037037037036, 0.12962962962962962, 0.1388888888888889, 0.14814814814814814, 0.15740740740740738, 0.16666666666666666, 0.17592592592592593, 0.18518518518518517, 0.19444444444444442, 0.2037037037037037, 0.21296296296296297, 0.2222222222222222, 0.23148148148148145, 0.24074074074074073]","[67630.99999999999, 1786.634631637, 1155.9831840869376, 12069.579557418128, 1906.5778542068429, 950.5914327636006, 9083.877197385174, 2481.2296367744834, 778.631612602945, 8965.162396385987, 2042.6423114779166, 1606.7171021541499, 6927.939836298321, 1790.941198917793, 2115.064375989648, 4469.146453396725, 811.312481865886, 852.4454942250561, 2613.518509595828, 1125.8336361545942, 622.5282936168373, 1595.9028958466974, 1672.0836322356427, 807.7671822537567, 3024.6344394117596, 842.7313814743657, 842.8235732269209]",3.0,0.3,145.14999999999998,15,0.5,1721880.138488508,0.14445541615564292,0.12412575453778009,16430975.452705396,84089526828.82362,"[0.046875, 0.03125]",2,1721880.138488508,0.046875,"[0.0, 0.015625, 0.03125, 0.046875, 0.0625, 0.078125, 0.09375, 0.109375, 0.125, 0.140625, 0.15625, 0.171875, 0.1875, 0.203125, 0.21875, 0.234375]","[154749.38571156573, 876106.906708278, 1710291.376891532, 1721880.138488508, 1236443.3975593017, 1200279.6938555264, 1385236.610142781, 1437054.04742228, 1048940.2936461219, 664501.8455342907, 393060.29715082527, 165807.0810689746, 58528.06662853263, 51528.95639390745, 141871.95181127609, 339557.7347245397]",3.0,0.3,flattop,64,32,145.14999999999998,15,21,449.52380952380946,37.99999999999997,1007.9999999999998,"[2, 5, 11, 17, 22, 25, 29, 38, 44, 52, 55, 60, 65, 74, 78, 84, 89, 95, 98, 101, 105]","[37.99999999999997, 368.0000000000001, 460.9999999999999, 193.0, 950.9999999999998, 154.0, 880.9999999999998, 242.99999999999994, 490.9999999999999, 185.9999999999999, 321.0, 942.9999999999998, 809.9999999999998, 204.99999999999997, 477.99999999999983, 276.0000000000001, 346.9999999999999, 79.0, 1007.9999999999998, 114.0, 892.9999999999998]","[1, 1, 1, 15, 1, 24, 27, 35, 35, 49, 35, 35, 63, 73, 73, 73, 35, 92, 35, 99, 99]","[3, 8, 18, 18, 35, 27, 35, 39, 49, 53, 56, 73, 73, 75, 81, 85, 92, 97, 106, 102, 106]",0.05,30,52684908.99999999,1015.9999999999998,-1015.9999999999998,DWT,uc1.l0082987033,6.984919309616089e-10,0.0,5.684341886080802e-14,4.470348358154297e-08,0.0,2.2737367544323206e-13,3.725290298461914e-09,2.2737367544323206e-13,1.0,84,0.0,1.8189894035458565e-12,1.0,84,,0.0,0.0,1.0,84,0.0,0.0,7.450580596923828e-09,3.0517578125e-05,1.4551915228366852e-11,0.0,0.0,0.0,5.684341886080802e-14,1.8189894035458565e-12,1.1098000825205375e-13,0.0,2.2737367544323206e-13,0.0,2.842170943040401e-14,0.0,0.0,0.0,2.842170943040401e-14,2.842170943040401e-14,2.7755575615628914e-17,6.984919309616089e-10,0.0,1.3877787807814457e-17,2.9103830456733704e-11,0.0,0.0,0.0,0.9046395462660098,0.027916617832323964,0.0748320856955857,0.8080243778567804,0.04887030879474498,3.135877575339459e-05,1.5679387876697293e-05,3.135877575339459e-05,299,0.936915954184171,0.5297296003051571,388,0,0,3.135877575339459e-05,3.135877575339459e-05,319,0,0,0.37285658728908905,0.5071525454141341,357,39.634791114205036,0.9487922595423708,340.75,337.3330383368094,0.7542733907530975,83,bior,385.74074074074076,410.0,199.97417605530825,135,0.8534087184529663,0.7130285416801533,0.18870533457887761,4,63.25
rbio6.8,1,antisymmetric,2.3334245873201557e-21,266.41508541461127,10245452.082568757,0.5645161290322581,434.85686588272875,108,raw,3.8250571434530316e-11,-5.520262025565509e-11,"[2, 5, 11, 17, 22, 25, 29, 38, 44, 52, 55, 60, 65, 74, 78, 84, 89, 95, 98, 101, 105]","[37.99999999998232, 367.99999999988415, 460.9999999999313, 192.99999999994043, 950.9999999999241, 153.9999999999245, 880.9999999997785, 242.9999999999402, 490.99999999991843, 185.9999999999559, 320.99999999990723, 942.9999999999285, 809.9999999997983, 204.9999999999527, 477.9999999998962, 275.999999999956, 346.99999999993213, 79.00000000000693, 1007.999999999919, 113.99999999994475, 892.9999999997592]",21,5.819056205019496,253203.9876589637,0.9047335678888909,4.365923718252713e-06,1.0,0.4907407407407407,67630.99999999994,0.1291094199047276,0.15147910127184053,188156.12126449624,82872438.25058043,8,12069.57955741803,0.027777777777777776,"[0.0, 0.009259259259259259, 0.018518518518518517, 0.027777777777777776, 0.037037037037037035, 0.046296296296296294, 0.05555555555555555, 0.06481481481481481, 0.07407407407407407, 0.08333333333333333, 0.09259259259259259, 0.10185185185185185, 0.1111111111111111, 0.12037037037037036, 0.12962962962962962, 0.1388888888888889, 0.14814814814814814, 0.15740740740740738, 0.16666666666666666, 0.17592592592592593, 0.18518518518518517, 0.19444444444444442, 0.2037037037037037, 0.21296296296296297, 0.2222222222222222, 0.23148148148148145, 0.24074074074074073]","[67630.99999999994, 1786.6346316369616, 1155.9831840869201, 12069.57955741803, 1906.5778542068103, 950.5914327634858, 9083.8771973847, 2481.229636774302, 778.631612602932, 8965.162396384792, 2042.6423114774866, 1606.7171021539286, 6927.939836296858, 1790.9411989174387, 2115.064375989065, 4469.146453395593, 811.312481865673, 852.4454942248624, 2613.5185095950737, 1125.8336361542597, 622.5282936166693, 1595.9028958462814, 1672.0836322352116, 807.7671822535433, 3024.6344394109688, 842.7313814741382, 842.8235732266921]",3.0,0.3,145.15000000004753,15,0.5,1721880.1384883914,0.14445541615563162,0.12412575453778252,16430975.452700602,84089526828.79175,"[0.046875, 0.03125]",2,1721880.1384883914,0.046875,"[0.0, 0.015625, 0.03125, 0.046875, 0.0625, 0.078125, 0.09375, 0.109375, 0.125, 0.140625, 0.15625, 0.171875, 0.1875, 0.203125, 0.21875, 0.234375]","[154749.3857115642, 876106.9067082407, 1710291.376891429, 1721880.1384883914, 1236443.3975591273, 1200279.693855211, 1385236.610142303, 1437054.0474217164, 1048940.2936456483, 664501.8455339575, 393060.2971506186, 165807.0810688855, 58528.066628501314, 51528.95639388021, 141871.95181120036, 339557.7347243581]",3.0,0.3,flattop,64,32,145.15000000004753,15,21,449.523809523723,37.99999999998232,1007.999999999919,"[2, 5, 11, 17, 22, 25, 29, 38, 44, 52, 55, 60, 65, 74, 78, 84, 89, 95, 98, 101, 105]","[37.99999999998232, 367.99999999988415, 460.9999999999313, 192.99999999994043, 950.9999999999241, 153.9999999999245, 880.9999999997785, 242.9999999999402, 490.99999999991843, 185.9999999999559, 320.99999999990723, 942.9999999999285, 809.9999999997983, 204.9999999999527, 477.9999999998962, 275.999999999956, 346.99999999993213, 79.00000000000693, 1007.999999999919, 113.99999999994475, 892.9999999997592]","[1, 1, 1, 15, 1, 24, 27, 35, 35, 49, 35, 35, 63, 73, 73, 73, 35, 92, 35, 99, 99]","[3, 8, 18, 18, 35, 27, 35, 39, 49, 53, 56, 73, 73, 75, 81, 85, 92, 97, 106, 102, 106]",0.05,30,52684908.99999746,1015.9999999999702,-1015.9999999999702,DWT,uc1.l0082987033,1.1734664440155029e-07,0.0,8.65156835061498e-11,1.341104507446289e-07,0.0,8.094502845779061e-11,4.798173904418945e-06,2.97859514830634e-11,1.0,84,0.0,1.000444171950221e-10,1.0,84,,0.0,0.0,1.0,84,0.0,0.0,2.5406479835510254e-06,0.0319061279296875,5.820766091346741e-11,0.0,0.0,0.0,8.65156835061498e-11,1.8171704141423106e-09,8.728712990497504e-11,0.0,2.97859514830634e-11,0.0,4.75210981676355e-11,0.0,0.0,0.0,4.75210981676355e-11,1.7678303265711293e-11,9.853229343548264e-15,1.1734664440155029e-07,6.106226635438361e-16,2.4424906541753444e-15,1.9295839592814445e-08,0.0,0.0,1.1296519275560968e-14,0.39426270870115154,0.4802085265884205,0.10833883580880269,0.5134258424941438,0.44687576707344756,0.010693342531907554,0.005346671265953777,0.010693342531907554,162,0.914951950246339,0.5173112153100805,426,0,0,0.010693342531907554,0.010693342531907554,162,0,0,0.38862233613319325,0.528596821656592,284,125.60652849274993,0.8377176634460595,258.5,219.60859188544157,0.7518691676403424,84,rbio,366.5925925925926,360.0,210.3588723315502,135,0.8110455588331695,0.7500562468954116,0.20725123474815782,3,63.75
rbio3.5,1,antireflect,6.781077558350381e-27,321.78203599547805,9706804.806641413,0.5338983050847458,537.8048440015049,108,raw,4.7846500424215964e-14,-1.1064027471974277e-10,"[2, 5, 11, 17, 22, 25, 29, 38, 44, 52, 55, 60, 65, 74, 78, 84, 89, 95, 98, 101, 105]","[38.0, 368.0, 461.00000000000006, 192.99999999999994, 951.0, 154.0, 881.0, 242.99999999999997, 491.0000000000001, 185.9999999999999, 321.0, 943.0, 810.0000000000002, 205.0, 478.0, 276.0, 346.9999999999998, 78.99999999999989, 1008.0000000000001, 114.0, 893.0]",21,5.9110070971861335,201512.36991854268,0.7868851864151627,4.365923718251291e-06,1.0,0.4907407407407407,67631.0,0.1291094199047374,0.15147910127183992,188156.12126451553,82872438.25058056,8,12069.579557418134,0.027777777777777776,"[0.0, 0.009259259259259259, 0.018518518518518517, 0.027777777777777776, 0.037037037037037035, 0.046296296296296294, 0.05555555555555555, 0.06481481481481481, 0.07407407407407407, 0.08333333333333333, 0.09259259259259259, 0.10185185185185185, 0.1111111111111111, 0.12037037037037036, 0.12962962962962962, 0.1388888888888889, 0.14814814814814814, 0.15740740740740738, 0.16666666666666666, 0.17592592592592593, 0.18518518518518517, 0.19444444444444442, 0.2037037037037037, 0.21296296296296297, 0.2222222222222222, 0.23148148148148145, 0.24074074074074073]","[67631.0, 1786.6346316370007, 1155.9831840869383, 12069.579557418134, 1906.5778542068435, 950.5914327636019, 9083.877197385176, 2481.2296367744843, 778.6316126029437, 8965.162396385991, 2042.642311477917, 1606.7171021541506, 6927.939836298323, 1790.9411989177927, 2115.0643759896493, 4469.146453396725, 811.3124818658862, 852.4454942250587, 2613.518509595828, 1125.8336361545946, 622.5282936168355, 1595.9028958466974, 1672.0836322356424, 807.7671822537563, 3024.63443941176, 842.7313814743658, 842.823573226921]",3.0,0.3,145.15000000000003,15,0.5,1721880.1384885088,0.14445541615564292,0.12412575453778006,16430975.452705404,84089526828.82368,"[0.046875, 0.03125]",2,1721880.1384885088,0.046875,"[0.0, 0.015625, 0.03125, 0.046875, 0.0625, 0.078125, 0.09375, 0.109375, 0.125, 0.140625, 0.15625, 0.171875, 0.1875, 0.203125, 0.21875, 0.234375]","[154749.3857115655, 876106.906708278, 1710291.3768915324, 1721880.1384885088, 1236443.3975593026, 1200279.6938555269, 1385236.6101427816, 1437054.047422281, 1048940.2936461219, 664501.8455342908, 393060.2971508254, 165807.08106897466, 58528.06662853263, 51528.956393907494, 141871.95181127614, 339557.73472454003]",3.0,0.3,flattop,64,32,145.15000000000003,15,21,449.5238095238095,38.0,1008.0000000000001,"[2, 5, 11, 17, 22, 25, 29, 38, 44, 52, 55, 60, 65, 74, 78, 84, 89, 95, 98, 101, 105]","[38.0, 368.0, 461.00000000000006, 192.99999999999994, 951.0, 154.0, 881.0, 242.99999999999997, 491.0000000000001, 185.9999999999999, 321.0, 943.0, 810.0000000000002, 205.0, 478.0, 276.0, 346.9999999999998, 78.99999999999989, 1008.0000000000001, 114.0, 893.0]","[1, 1, 1, 15, 1, 24, 27, 35, 35, 49, 35, 35, 63, 73, 73, 73, 35, 92, 35, 99, 99]","[3, 8, 18, 18, 35, 27, 35, 39, 49, 53, 56, 73, 73, 75, 81, 85, 92, 97, 106, 102, 106]",0.05,30,52684909.0,1016.0,-1016.0,DWT,uc1.l0082987033,0.0,0.0,0.0,0.0,0.0,1.1368683772161603e-13,3.725290298461914e-09,0.0,1.0,84,0.0,3.637978807091713e-12,1.0,84,,0.0,0.0,1.0,84,0.0,0.0,0.0,3.0517578125e-05,0.0,0.0,0.0,0.0,0.0,0.0,5.007634518690231e-14,0.0,0.0,0.0,2.842170943040401e-14,0.0,0.0,0.0,2.842170943040401e-14,0.0,5.551115123125783e-17,0.0,0.0,1.3877787807814457e-17,0.0,0.0,0.0,0.0,0.9626970288426819,0.5980292021241638,0.05608812907014971,0.17166934949341967,0.3069515928281236,0.0,0.0,0.0,379,1.0961252598313833,0.6197460862756596,171,0,0,0.0,0.0,361,0,0,0.4190870604717078,0.5700343690148165,211,104.88565202161828,0.8644888216774957,280.5,250.06415334589977,0.751042860451151,85,rbio,366.5925925925926,360.0,210.3588723315502,135,0.8110455588331695,0.7500562468954116,0.20725123474815782,3,64.5
coif7,1,constant,3.7046551569397927e-26,314.40754522728525,9348302.872809665,0.6081081081081081,218.1133922325298,108,raw,1.3580083559729786e-13,-1.1929934817800423e-10,"[2, 5, 11, 17, 22, 25, 29, 38, 44, 52, 55, 60, 65, 74, 78, 84, 89, 95, 98, 101, 105]","[38.000000000000114, 368.00000000000045, 461.0, 193.00000000000006, 951.0, 154.0000000000001, 881.0000000000003, 243.00000000000003, 490.9999999999998, 186.00000000000023, 320.99999999999955, 943.0000000000002, 810.0000000000005, 205.0, 478.00000000000045, 275.9999999999999, 346.9999999999993, 78.99999999999977, 1008.0, 113.99999999999989, 893.0]",21,5.642095813285049,138578.75253378385,0.8853307418557568,4.36592371825129e-06,1.0,0.4907407407407407,67631.0,0.1291094199047374,0.15147910127183992,188156.12126451553,82872438.25058056,8,12069.57955741813,0.027777777777777776,"[0.0, 0.009259259259259259, 0.018518518518518517, 0.027777777777777776, 0.037037037037037035, 0.046296296296296294, 0.05555555555555555, 0.06481481481481481, 0.07407407407407407, 0.08333333333333333, 0.09259259259259259, 0.10185185185185185, 0.1111111111111111, 0.12037037037037036, 0.12962962962962962, 0.1388888888888889, 0.14814814814814814, 0.15740740740740738, 0.16666666666666666, 0.17592592592592593, 0.18518518518518517, 0.19444444444444442, 0.2037037037037037, 0.21296296296296297, 0.2222222222222222, 0.23148148148148145, 0.24074074074074073]","[67631.0, 1786.6346316370016, 1155.983184086937, 12069.57955741813, 1906.5778542068442, 950.5914327636, 9083.877197385178, 2481.2296367744852, 778.631612602945, 8965.162396385993, 2042.6423114779168, 1606.7171021541478, 6927.939836298327, 1790.9411989177913, 2115.0643759896484, 4469.146453396722, 811.3124818658865, 852.4454942250547, 2613.518509595831, 1125.8336361545958, 622.5282936168361, 1595.9028958466986, 1672.0836322356415, 807.7671822537582, 3024.6344394117614, 842.7313814743649, 842.8235732269196]",3.0,0.3,145.14999999999995,15,0.5,1721880.1384885092,0.14445541615564297,0.12412575453778009,16430975.452705408,84089526828.82375,"[0.046875, 0.03125]",2,1721880.1384885092,0.046875,"[0.0, 0.015625, 0.03125, 0.046875, 0.0625, 0.078125, 0.09375, 0.109375, 0.125, 0.140625, 0.15625, 0.171875, 0.1875, 0.203125, 0.21875, 0.234375]","[154749.38571156535, 876106.9067082778, 1710291.376891533, 1721880.1384885092, 1236443.3975593029, 1200279.6938555276, 1385236.6101427826, 1437054.047422282, 1048940.2936461233, 664501.8455342912, 393060.2971508254, 165807.0810689747, 58528.06662853269, 51528.95639390756, 141871.9518112763, 339557.73472454003]",3.0,0.3,flattop,64,32,145.14999999999995,15,21,449.5238095238095,38.000000000000114,1008.0,"[2, 5, 11, 17, 22, 25, 29, 38, 44, 52, 55, 60, 65, 74, 78, 84, 89, 95, 98, 101, 105]","[38.000000000000114, 368.00000000000045, 461.0, 193.00000000000006, 951.0, 154.0000000000001, 881.0000000000003, 243.00000000000003, 490.9999999999998, 186.00000000000023, 320.99999999999955, 943.0000000000002, 810.0000000000005, 205.0, 478.00000000000045, 275.9999999999999, 346.9999999999993, 78.99999999999977, 1008.0, 113.99999999999989, 893.0]","[1, 1, 1, 15, 1, 24, 27, 35, 35, 49, 35, 35, 63, 73, 73, 73, 35, 92, 35, 99, 99]","[3, 8, 18, 18, 35, 27, 35, 39, 49, 53, 56, 73, 73, 75, 81, 85, 92, 97, 106, 102, 106]",0.05,30,52684909.0,1016.0,-1016.0,DWT,uc1.l0082987033,4.656612873077393e-10,0.0,0.0,0.0,0.0,0.0,7.450580596923828e-09,0.0,1.0,84,0.0,0.0,1.0,84,,0.0,0.0,1.0,84,0.0,0.0,0.0,9.1552734375e-05,0.0,0.0,0.0,0.0,0.0,0.0,2.0436562495195263e-13,0.0,0.0,0.0,5.684341886080802e-14,0.0,0.0,0.0,5.684341886080802e-14,1.1368683772161603e-13,5.551115123125783e-17,4.656612873077393e-10,0.0,1.3877787807814457e-17,0.0,0.0,0.0,5.551115123125783e-17,0.8869855511067875,0.2534614836185947,0.02131216296573876,1.0,0.13659642056297677,0.0,0.0,0.0,361,1.1242167221814299,0.6356289187284758,150,0,0,0.0,0.0,392,0,0,0.45967112365081964,0.6252360515013228,140,134.3164795051846,0.8264644967633274,260.75,209.088804724169,0.7447890959268834,86,coif,217.80246913580248,181.0,166.32516494453617,81,0.48186386976947454,0.5930495234160287,0.4847804341365592,1,64.75
db16,1,periodization,2.6630673217691837e-26,315.8412016573318,9330211.367301213,0.5740740740740741,470.82235337907423,108,raw,1.2358838232642108e-13,-1.1497891527767547e-10,"[2, 5, 11, 17, 22, 25, 29, 38, 44, 52, 55, 60, 65, 74, 78, 84, 89, 95, 98, 101, 105]","[38.000000000000114, 368.00000000000006, 461.0000000000002, 192.99999999999955, 951.0000000000002, 154.00000000000023, 881.0000000000003, 243.0000000000001, 490.9999999999999, 186.00000000000023, 320.9999999999999, 943.0000000000001, 810.0000000000005, 205.00000000000014, 478.00000000000006, 276.00000000000045, 347.0, 78.99999999999989, 1007.9999999999999, 113.99999999999977, 893.0000000000002]",21,5.646700479331074,95467.34242112483,0.7791527481955447,4.36592371825129e-06,1.0,0.4907407407407407,67631.0,0.1291094199047374,0.15147910127183994,188156.12126451553,82872438.25058056,8,12069.579557418136,0.027777777777777776,"[0.0, 0.009259259259259259, 0.018518518518518517, 0.027777777777777776, 0.037037037037037035, 0.046296296296296294, 0.05555555555555555, 0.06481481481481481, 0.07407407407407407, 0.08333333333333333, 0.09259259259259259, 0.10185185185185185, 0.1111111111111111, 0.12037037037037036, 0.12962962962962962, 0.1388888888888889, 0.14814814814814814, 0.15740740740740738, 0.16666666666666666, 0.17592592592592593, 0.18518518518518517, 0.19444444444444442, 0.2037037037037037, 0.21296296296296297, 0.2222222222222222, 0.23148148148148145, 0.24074074074074073]","[67631.0, 1786.6346316369995, 1155.9831840869354, 12069.579557418136, 1906.5778542068426, 950.5914327635992, 9083.877197385178, 2481.229636774483, 778.6316126029418, 8965.162396385991, 2042.6423114779175, 1606.7171021541494, 6927.939836298322, 1790.9411989177927, 2115.0643759896498, 4469.146453396726, 811.3124818658861, 852.4454942250578, 2613.518509595828, 1125.8336361545935, 622.5282936168383, 1595.9028958466988, 1672.0836322356436, 807.7671822537565, 3024.6344394117623, 842.7313814743638, 842.8235732269183]",3.0,0.3,145.14999999999995,15,0.5,1721880.1384885088,0.14445541615564297,0.1241257545377801,16430975.452705408,84089526828.82368,"[0.046875, 0.03125]",2,1721880.1384885088,0.046875,"[0.0, 0.015625, 0.03125, 0.046875, 0.0625, 0.078125, 0.09375, 0.109375, 0.125, 0.140625, 0.15625, 0.171875, 0.1875, 0.203125, 0.21875, 0.234375]","[154749.38571156564, 876106.9067082785, 1710291.3768915331, 1721880.1384885088, 1236443.3975593029, 1200279.6938555269, 1385236.610142782, 1437054.047422281, 1048940.2936461223, 664501.8455342907, 393060.29715082527, 165807.08106897474, 58528.0666285327, 51528.95639390756, 141871.9518112763, 339557.73472454003]",3.0,0.3,flattop,64,32,145.14999999999995,15,21,449.52380952380963,38.000000000000114,1007.9999999999999,"[2, 5, 11, 17, 22, 25, 29, 38, 44, 52, 55, 60, 65, 74, 78, 84, 89, 95, 98, 101, 105]","[38.000000000000114, 368.00000000000006, 461.0000000000002, 192.99999999999955, 951.0000000000002, 154.00000000000023, 881.0000000000003, 243.0000000000001, 490.9999999999999, 186.00000000000023, 320.9999999999999, 943.0000000000001, 810.0000000000005, 205.00000000000014, 478.00000000000006, 276.00000000000045, 347.0, 78.99999999999989, 1007.9999999999999, 113.99999999999977, 893.0000000000002]","[1, 1, 1, 15, 1, 24, 27, 35, 35, 49, 35, 35, 63, 73, 73, 73, 35, 92, 35, 99, 99]","[3, 8, 18, 18, 35, 27, 35, 39, 49, 53, 56, 73, 73, 75, 81, 85, 92, 97, 106, 102, 106]",0.05,30,52684909.00000001,1016.0,-1016.0,DWT,uc1.l0082987033,0.0,0.0,1.1368683772161603e-13,0.0,0.0,1.1368683772161603e-13,7.450580596923828e-09,0.0,1.0,84,0.0,5.4569682106375694e-12,1.0,84,,0.0,0.0,1.0,84,0.0,0.0,7.450580596923828e-09,3.0517578125e-05,0.0,0.0,0.0,0.0,1.1368683772161603e-13,1.8189894035458565e-12,1.9624513654326575e-13,0.0,0.0,0.0,5.684341886080802e-14,0.0,0.0,0.0,5.684341886080802e-14,1.1368683772161603e-13,5.551115123125783e-17,0.0,2.7755575615628914e-17,2.7755575615628914e-17,0.0,0.0,0.0,5.551115123125783e-17,0.901704431405961,0.2593616424030901,0.019557222411819775,0.6201117318435755,0.01989803261818912,3.135877575339459e-05,1.5679387876697293e-05,3.135877575339459e-05,268,0.9364859970357374,0.5294865037633907,389,0,0,3.135877575339459e-05,3.135877575339459e-05,257,0,0,0.36412661213652714,0.49527819674776286,382,71.21329463894598,0.9079931593812067,324.0,312.23438119316415,0.744694254109208,87,db,413.2962962962963,398.0,188.41229481502944,243,0.9143723369387087,0.671803462110104,0.15839832550987273,5,66.5
coif5,1,symmetric,2.719110776097788e-26,315.75075410152795,10910762.762685228,0.5588235294117647,439.86619684319726,108,raw,1.1830043117950275e-13,-1.0973422170934614e-10,"[2, 5, 11, 17, 22, 25, 29, 38, 44, 52, 55, 60, 65, 74, 78, 84, 89, 95, 98, 101, 105]","[37.99999999999994, 367.9999999999998, 460.9999999999997, 193.0000000000001, 951.0, 154.0, 881.0000000000005, 242.99999999999986, 491.00000000000006, 185.9999999999999, 320.9999999999999, 943.0000000000001, 810.0000000000002, 204.99999999999994, 478.0000000000001, 275.9999999999998, 347.0000000000002, 79.0, 1008.0, 114.00000000000023, 893.0000000000001]",21,5.965172848701215,97601.91502611736,0.7771645824134595,4.36592371825129e-06,1.0,0.4907407407407407,67631.0,0.1291094199047374,0.15147910127183992,188156.1212645156,82872438.25058056,8,12069.57955741813,0.027777777777777776,"[0.0, 0.009259259259259259, 0.018518518518518517, 0.027777777777777776, 0.037037037037037035, 0.046296296296296294, 0.05555555555555555, 0.06481481481481481, 0.07407407407407407, 0.08333333333333333, 0.09259259259259259, 0.10185185185185185, 0.1111111111111111, 0.12037037037037036, 0.12962962962962962, 0.1388888888888889, 0.14814814814814814, 0.15740740740740738, 0.16666666666666666, 0.17592592592592593, 0.18518518518518517, 0.19444444444444442, 0.2037037037037037, 0.21296296296296297, 0.2222222222222222, 0.23148148148148145, 0.24074074074074073]","[67631.0, 1786.6346316370032, 1155.983184086939, 12069.57955741813, 1906.5778542068433, 950.591432763603, 9083.877197385176, 2481.2296367744852, 778.631612602949, 8965.162396385991, 2042.6423114779159, 1606.7171021541478, 6927.939836298324, 1790.9411989177945, 2115.064375989648, 4469.146453396727, 811.3124818658844, 852.4454942250576, 2613.518509595828, 1125.8336361545944, 622.5282936168355, 1595.9028958466963, 1672.0836322356445, 807.7671822537559, 3024.63443941176, 842.7313814743655, 842.8235732269202]",3.0,0.3,145.15000000000006,15,0.5,1721880.1384885088,0.14445541615564297,0.12412575453778012,16430975.452705408,84089526828.82368,"[0.046875, 0.03125]",2,1721880.1384885088,0.046875,"[0.0, 0.015625, 0.03125, 0.046875, 0.0625, 0.078125, 0.09375, 0.109375, 0.125, 0.140625, 0.15625, 0.171875, 0.1875, 0.203125, 0.21875, 0.234375]","[154749.38571156535, 876106.906708278, 1710291.376891533, 1721880.1384885088, 1236443.3975593026, 1200279.6938555262, 1385236.6101427814, 1437054.047422281, 1048940.2936461226, 664501.8455342911, 393060.2971508254, 165807.0810689747, 58528.06662853269, 51528.95639390753, 141871.9518112763, 339557.73472454003]",3.0,0.3,flattop,64,32,145.15000000000006,15,21,449.5238095238095,37.99999999999994,1008.0,"[2, 5, 11, 17, 22, 25, 29, 38, 44, 52, 55, 60, 65, 74, 78, 84, 89, 95, 98, 101, 105]","[37.99999999999994, 367.9999999999998, 460.9999999999997, 193.0000000000001, 951.0, 154.0, 881.0000000000005, 242.99999999999986, 491.00000000000006, 185.9999999999999, 320.9999999999999, 943.0000000000001, 810.0000000000002, 204.99999999999994, 478.0000000000001, 275.9999999999998, 347.0000000000002, 79.0, 1008.0, 114.00000000000023, 893.0000000000001]","[1, 1, 1, 15, 1, 24, 27, 35, 35, 49, 35, 35, 63, 73, 73, 73, 35, 92, 35, 99, 99]","[3, 8, 18, 18, 35, 27, 35, 39, 49, 53, 56, 73, 73, 75, 81, 85, 92, 97, 106, 102, 106]",0.05,30,52684909.0,1015.9999999999999,-1015.9999999999999,DWT,uc1.l0082987033,0.0,0.0,0.0,0.0,0.0,0.0,7.450580596923828e-09,1.1368683772161603e-13,1.0,84,0.0,0.0,1.0,84,,0.0,0.0,1.0,84,0.0,0.0,0.0,3.0517578125e-05,0.0,0.0,0.0,0.0,0.0,0.0,1.3669488821289548e-13,0.0,1.1368683772161603e-13,0.0,5.684341886080802e-14,0.0,0.0,0.0,5.684341886080802e-14,5.684341886080802e-14,5.551115123125783e-17,0.0,0.0,4.163336342344337e-17,5.820766091346741e-11,0.0,0.0,5.551115123125783e-17,0.9007758360191385,0.667434134300816,0.17287634447254,0.4498849819257315,0.02567611274367751,0.0,0.0,0.0,381,1.1508451788659249,0.6506845719631392,141,0,0,0.0,0.0,374,0,0,0.4433294818923807,0.6030084565048249,168,129.25169244539896,0.8330081492953502,266.0,218.06626397967048,0.7446694493246777,88,coif,217.80246913580248,181.0,166.32516494453617,81,0.48186386976947454,0.5930495234160287,0.4847804341365592,1,66.25
sym11,1,symmetric,4.609224000145158e-23,283.4587449659988,10472727.464467553,0.5703125,501.0084624841379,108,raw,5.311833277759165e-12,-1.0659684246411165e-10,"[2, 5, 11, 17, 22, 25, 29, 38, 44, 52, 55, 60, 65, 74, 78, 84, 89, 95, 98, 101, 105]","[38.000000000003126, 368.0000000000152, 461.0000000000089, 193.00000000000944, 951.0000000000111, 154.00000000001194, 881.0000000000318, 243.00000000000858, 491.00000000001063, 186.0000000000058, 321.0000000000124, 943.000000000008, 810.0000000000298, 205.00000000000767, 478.0000000000143, 276.0000000000067, 347.0000000000099, 78.99999999999648, 1008.0000000000182, 114.00000000000944, 893.0000000000327]",21,5.872792381086435,103317.79614776246,0.8056645906190116,4.365923718251085e-06,1.0,0.4907407407407407,67631.0,0.1291094199047388,0.15147910127183983,188156.1212645183,82872438.25058058,8,12069.579557418163,0.027777777777777776,"[0.0, 0.009259259259259259, 0.018518518518518517, 0.027777777777777776, 0.037037037037037035, 0.046296296296296294, 0.05555555555555555, 0.06481481481481481, 0.07407407407407407, 0.08333333333333333, 0.09259259259259259, 0.10185185185185185, 0.1111111111111111, 0.12037037037037036, 0.12962962962962962, 0.1388888888888889, 0.14814814814814814, 0.15740740740740738, 0.16666666666666666, 0.17592592592592593, 0.18518518518518517, 0.19444444444444442, 0.2037037037037037, 0.21296296296296297, 0.2222222222222222, 0.23148148148148145, 0.24074074074074073]","[67631.0, 1786.6346316370013, 1155.9831840869376, 12069.579557418163, 1906.5778542068558, 950.5914327636083, 9083.877197385267, 2481.22963677451, 778.63161260296, 8965.162396386157, 2042.6423114779652, 1606.7171021541883, 6927.939836298499, 1790.9411989178404, 2115.0643759897057, 4469.146453396866, 811.3124818659097, 852.4454942250891, 2613.518509595922, 1125.8336361546321, 622.5282936168571, 1595.902895846762, 1672.0836322357127, 807.7671822537895, 3024.634439411887, 842.7313814744016, 842.8235732269567]",3.0,0.3,145.14999999999336,15,0.5,1721880.13848853,0.1444554161556446,0.12412575453777984,16430975.452706061,84089526828.82791,"[0.046875, 0.03125]",2,1721880.13848853,0.046875,"[0.0, 0.015625, 0.03125, 0.046875, 0.0625, 0.078125, 0.09375, 0.109375, 0.125, 0.140625, 0.15625, 0.171875, 0.1875, 0.203125, 0.21875, 0.234375]","[154749.38571156602, 876106.9067082854, 1710291.376891551, 1721880.13848853, 1236443.3975593292, 1200279.693855569, 1385236.6101428412, 1437054.0474223488, 1048940.293646178, 664501.8455343298, 393060.29715084995, 165807.0810689855, 58528.06662853687, 51528.95639391197, 141871.95181128863, 339557.73472456925]",3.0,0.3,flattop,64,32,145.14999999999336,15,21,449.5238095238219,38.000000000003126,1008.0000000000182,"[2, 5, 11, 17, 22, 25, 29, 38, 44, 52, 55, 60, 65, 74, 78, 84, 89, 95, 98, 101, 105]","[38.000000000003126, 368.0000000000152, 461.0000000000089, 193.00000000000944, 951.0000000000111, 154.00000000001194, 881.0000000000318, 243.00000000000858, 491.00000000001063, 186.0000000000058, 321.0000000000124, 943.000000000008, 810.0000000000298, 205.00000000000767, 478.0000000000143, 276.0000000000067, 347.0000000000099, 78.99999999999648, 1008.0000000000182, 114.00000000000944, 893.0000000000327]","[1, 1, 1, 15, 1, 24, 27, 35, 35, 49, 35, 35, 63, 73, 73, 73, 35, 92, 35, 99, 99]","[3, 8, 18, 18, 35, 27, 35, 39, 49, 53, 56, 73, 73, 75, 81, 85, 92, 97, 106, 102, 106]",0.05,30,52684909.00000036,1016.0000000000048,-1016.0000000000048,DWT,uc1.l0082987033,2.1187588572502136e-08,0.0,1.2391865311656147e-11,1.4901161193847656e-08,0.0,1.8189894035458565e-11,6.612390279769897e-07,4.774847184307873e-12,1.0,84,0.0,3.2741809263825417e-11,1.0,84,,0.0,0.0,1.0,84,0.0,0.0,3.5762786865234375e-07,0.0042572021484375,0.0,0.0,0.0,0.0,1.2391865311656147e-11,2.601154847070575e-10,1.2819544367846988e-11,0.0,4.774847184307873e-12,0.0,6.650680006714538e-12,0.0,0.0,0.0,6.650680006714538e-12,3.126388037344441e-12,1.3322676295501878e-15,2.1187588572502136e-08,8.326672684688674e-17,2.3592239273284576e-16,2.764863893389702e-09,0.0,0.0,1.6930901125533637e-15,0.5692443706524715,0.5490630250683333,0.13038535838345908,0.5781250000000001,0.04114844618943886,0.0015052212361629403,0.0007526106180814701,0.0015052212361629403,205,0.9289801925931546,0.5252427434030494,405,0,0,0.0015052212361629403,0.0015052212361629403,201,0,0,0.37359324005874056,0.5081545267119071,354,104.02043068551485,0.8656066787008851,291.25,264.07577142046773,0.7446573445184013,89,sym,445.72514619883043,505.0,280.45746329325993,171,0.986117580085908,1.0,0.009717693939864401,6,68.25
coif5,1,periodic,2.87878864056951e-26,315.5029253084854,11287650.994158844,0.5588235294117647,428.3344964864249,108,raw,1.2465748597976392e-13,-1.0983802756214861e-10,"[2, 5, 11, 17, 22, 25, 29, 38, 44, 52, 55, 60, 65, 74, 78, 84, 89, 95, 98, 101, 105]","[37.999999999999915, 367.9999999999998, 460.99999999999966, 193.00000000000023, 951.0000000000001, 153.99999999999977, 881.0000000000005, 242.99999999999986, 491.00000000000006, 185.9999999999999, 320.9999999999999, 943.0000000000001, 810.0000000000002, 204.99999999999994, 478.0000000000001, 276.0, 347.0000000000002, 78.99999999999989, 1007.9999999999999, 114.00000000000011, 892.9999999999999]",21,5.959940515539617,101452.35135221103,0.7650777670222721,4.36592371825129e-06,1.0,0.4907407407407407,67631.0,0.12910941990473743,0.15147910127183992,188156.12126451556,82872438.25058056,8,12069.579557418134,0.027777777777777776,"[0.0, 0.009259259259259259, 0.018518518518518517, 0.027777777777777776, 0.037037037037037035, 0.046296296296296294, 0.05555555555555555, 0.06481481481481481, 0.07407407407407407, 0.08333333333333333, 0.09259259259259259, 0.10185185185185185, 0.1111111111111111, 0.12037037037037036, 0.12962962962962962, 0.1388888888888889, 0.14814814814814814, 0.15740740740740738, 0.16666666666666666, 0.17592592592592593, 0.18518518518518517, 0.19444444444444442, 0.2037037037037037, 0.21296296296296297, 0.2222222222222222, 0.23148148148148145, 0.24074074074074073]","[67631.0, 1786.6346316370027, 1155.9831840869392, 12069.579557418134, 1906.5778542068435, 950.5914327636035, 9083.877197385176, 2481.2296367744843, 778.6316126029486, 8965.162396385993, 2042.6423114779159, 1606.7171021541485, 6927.939836298324, 1790.9411989177934, 2115.064375989649, 4469.1464533967255, 811.3124818658845, 852.4454942250575, 2613.518509595829, 1125.8336361545955, 622.5282936168351, 1595.9028958466963, 1672.0836322356445, 807.7671822537565, 3024.634439411761, 842.7313814743651, 842.8235732269203]",3.0,0.3,145.15000000000006,15,0.5,1721880.1384885088,0.144455416155643,0.12412575453778012,16430975.452705404,84089526828.82367,"[0.046875, 0.03125]",2,1721880.1384885088,0.046875,"[0.0, 0.015625, 0.03125, 0.046875, 0.0625, 0.078125, 0.09375, 0.109375, 0.125, 0.140625, 0.15625, 0.171875, 0.1875, 0.203125, 0.21875, 0.234375]","[154749.3857115653, 876106.9067082779, 1710291.376891533, 1721880.1384885088, 1236443.3975593026, 1200279.6938555262, 1385236.6101427807, 1437054.047422281, 1048940.2936461223, 664501.845534291, 393060.29715082544, 165807.08106897463, 58528.0666285327, 51528.95639390753, 141871.9518112763, 339557.73472454003]",3.0,0.3,flattop,64,32,145.15000000000006,15,21,449.5238095238095,37.999999999999915,1007.9999999999999,"[2, 5, 11, 17, 22, 25, 29, 38, 44, 52, 55, 60, 65, 74, 78, 84, 89, 95, 98, 101, 105]","[37.999999999999915, 367.9999999999998, 460.99999999999966, 193.00000000000023, 951.0000000000001, 153.99999999999977, 881.0000000000005, 242.99999999999986, 491.00000000000006, 185.9999999999999, 320.9999999999999, 943.0000000000001, 810.0000000000002, 204.99999999999994, 478.0000000000001, 276.0, 347.0000000000002, 78.99999999999989, 1007.9999999999999, 114.00000000000011, 892.9999999999999]","[1, 1, 1, 15, 1, 24, 27, 35, 35, 49, 35, 35, 63, 73, 73, 73, 35, 92, 35, 99, 99]","[3, 8, 18, 18, 35, 27, 35, 39, 49, 53, 56, 73, 73, 75, 81, 85, 92, 97, 106, 102, 106]",0.05,30,52684909.0,1015.9999999999999,-1015.9999999999999,DWT,uc1.l0082987033,0.0,0.0,0.0,0.0,0.0,1.1368683772161603e-13,3.725290298461914e-09,1.1368683772161603e-13,1.0,84,0.0,3.637978807091713e-12,1.0,84,,0.0,0.0,1.0,84,0.0,0.0,0.0,1.52587890625e-05,0.0,0.0,0.0,0.0,0.0,0.0,1.5699610923461264e-13,0.0,1.1368683772161603e-13,0.0,5.684341886080802e-14,0.0,0.0,0.0,5.684341886080802e-14,8.526512829121202e-14,2.7755575615628914e-17,0.0,0.0,4.163336342344337e-17,2.9103830456733704e-11,0.0,0.0,8.326672684688674e-17,0.898231459093794,0.6607297183544176,0.20943584701912613,0.4498849819257315,0.036098868829942475,0.0,0.0,0.0,382,1.168415198445318,0.6606186107716151,133,0,0,0.0,0.0,373,0,0,0.4508761750446023,0.6132733271604187,151,136.21398606604242,0.82401293789917,259.75,205.76047283803507,0.744209311326846,90,coif,217.80246913580248,181.0,166.32516494453617,81,0.48186386976947454,0.5930495234160287,0.4847804341365592,1,67.75
bior6.8,1,antireflect,2.3452575325478626e-21,266.39311771668906,10216815.090480674,0.5645161290322581,425.3307314726349,108,raw,3.7810701072173836e-11,3.496136713177609e-11,"[2, 5, 11, 17, 22, 25, 29, 38, 44, 52, 55, 60, 65, 74, 78, 84, 89, 95, 98, 101, 105]","[37.99999999997391, 367.9999999998836, 460.9999999999313, 192.99999999994037, 950.9999999999119, 153.99999999992428, 880.9999999997787, 242.9999999999401, 490.99999999991866, 185.99999999995555, 320.99999999990723, 942.9999999999283, 809.9999999997983, 204.99999999995268, 477.9999999998963, 275.9999999999559, 346.9999999999319, 79.00000000000648, 1007.9999999999145, 113.999999999951, 892.9999999997336]",21,5.808889284599433,250445.72950193987,0.9087185505005914,4.365923718252779e-06,1.0,0.4907407407407407,67630.99999999985,0.12910941990472702,0.15147910127184006,188156.12126449603,82872438.25058033,8,12069.579557418105,0.027777777777777776,"[0.0, 0.009259259259259259, 0.018518518518518517, 0.027777777777777776, 0.037037037037037035, 0.046296296296296294, 0.05555555555555555, 0.06481481481481481, 0.07407407407407407, 0.08333333333333333, 0.09259259259259259, 0.10185185185185185, 0.1111111111111111, 0.12037037037037036, 0.12962962962962962, 0.1388888888888889, 0.14814814814814814, 0.15740740740740738, 0.16666666666666666, 0.17592592592592593, 0.18518518518518517, 0.19444444444444442, 0.2037037037037037, 0.21296296296296297, 0.2222222222222222, 0.23148148148148145, 0.24074074074074073]","[67630.99999999985, 1786.6346316369024, 1155.9831840868965, 12069.579557418105, 1906.5778542068417, 950.5914327634075, 9083.877197384776, 2481.2296367742924, 778.6316126030251, 8965.162396384816, 2042.642311477462, 1606.717102154021, 6927.939836296898, 1790.9411989174764, 2115.0643759889954, 4469.146453395662, 811.3124818656394, 852.4454942249251, 2613.518509595051, 1125.833636154207, 622.5282936166316, 1595.9028958463005, 1672.0836322352443, 807.7671822535134, 3024.634439411021, 842.7313814741035, 842.8235732266858]",3.0,0.3,145.15000000005207,15,0.5,1721880.1384883912,0.14445541615563157,0.12412575453778249,16430975.452700602,84089526828.7917,"[0.046875, 0.03125]",2,1721880.1384883912,0.046875,"[0.0, 0.015625, 0.03125, 0.046875, 0.0625, 0.078125, 0.09375, 0.109375, 0.125, 0.140625, 0.15625, 0.171875, 0.1875, 0.203125, 0.21875, 0.234375]","[154749.38571156433, 876106.9067082405, 1710291.3768914281, 1721880.1384883912, 1236443.3975591268, 1200279.6938552116, 1385236.6101423032, 1437054.0474217164, 1048940.2936456478, 664501.8455339572, 393060.2971506184, 165807.08106888563, 58528.06662850137, 51528.95639388031, 141871.95181120033, 339557.7347243579]",3.0,0.3,flattop,64,32,145.15000000005207,15,21,449.52380952372073,37.99999999997391,1007.9999999999145,"[2, 5, 11, 17, 22, 25, 29, 38, 44, 52, 55, 60, 65, 74, 78, 84, 89, 95, 98, 101, 105]","[37.99999999997391, 367.9999999998836, 460.9999999999313, 192.99999999994037, 950.9999999999119, 153.99999999992428, 880.9999999997787, 242.9999999999401, 490.99999999991866, 185.99999999995555, 320.99999999990723, 942.9999999999283, 809.9999999997983, 204.99999999995268, 477.9999999998963, 275.9999999999559, 346.9999999999319, 79.00000000000648, 1007.9999999999145, 113.999999999951, 892.9999999997336]","[1, 1, 1, 15, 1, 24, 27, 35, 35, 49, 35, 35, 63, 73, 73, 73, 35, 92, 35, 99, 99]","[3, 8, 18, 18, 35, 27, 35, 39, 49, 53, 56, 73, 73, 75, 81, 85, 92, 97, 106, 102, 106]",0.05,30,52684908.999997415,1015.9999999999704,-1015.9999999999704,DWT,uc1.l0082987033,1.1757947504520416e-07,0.0,8.878942026058212e-11,2.384185791015625e-07,0.0,8.549250196665525e-11,4.798173904418945e-06,2.955857780762017e-11,1.0,84,0.0,2.546585164964199e-11,1.0,84,,0.0,0.0,1.0,84,0.0,0.0,2.5853514671325684e-06,0.031951904296875,1.4551915228366852e-10,0.0,0.0,0.0,8.878942026058212e-11,1.864464138634503e-09,8.945124006589008e-11,0.0,2.955857780762017e-11,0.0,5.206857167650014e-11,0.0,0.0,0.0,5.206857167650014e-11,2.609112925711088e-11,1.0436096431476471e-14,1.1757947504520416e-07,1.3877787807814457e-16,2.4147350785597155e-15,1.949956640601158e-08,0.0,0.0,1.1352030426792226e-14,0.3940371735524305,0.46718120946528474,0.10556094544837062,0.5134258424941438,0.43940943090817036,0.010881495186427923,0.005440747593213962,0.010881495186427923,151,0.9039274909492115,0.5110780175606271,440,0,0,0.010881495186427923,0.010881495186427923,151,0,0,0.38392292037368003,0.5222047643733221,303,139.0500509408992,0.820348771394187,261.25,212.5614188837826,0.7414082358262924,91,bior,385.74074074074076,410.0,199.97417605530825,135,0.8534087184529663,0.7130285416801533,0.18870533457887761,4,69.25
sym11,1,reflect,4.9191420426419313e-23,283.176129479752,10625088.090465905,0.5703125,470.2570811011655,108,raw,5.400914283705385e-12,-9.160905367628805e-11,"[2, 5, 11, 17, 22, 25, 29, 38, 44, 52, 55, 60, 65, 74, 78, 84, 89, 95, 98, 101, 105]","[38.00000000000233, 368.00000000001523, 461.000000000009, 193.00000000000955, 951.0000000000109, 154.00000000001194, 881.0000000000318, 243.00000000000858, 491.00000000001063, 186.0000000000058, 321.0000000000124, 943.000000000008, 810.0000000000298, 205.00000000000767, 478.0000000000143, 276.0000000000067, 347.0000000000098, 78.99999999999648, 1008.000000000018, 114.00000000000921, 893.0000000000312]",21,5.871329504546191,97488.5762744055,0.817072287574362,4.365923718251092e-06,1.0,0.4907407407407407,67630.99999999999,0.1291094199047388,0.1514791012718398,188156.12126451827,82872438.25058053,8,12069.579557418176,0.027777777777777776,"[0.0, 0.009259259259259259, 0.018518518518518517, 0.027777777777777776, 0.037037037037037035, 0.046296296296296294, 0.05555555555555555, 0.06481481481481481, 0.07407407407407407, 0.08333333333333333, 0.09259259259259259, 0.10185185185185185, 0.1111111111111111, 0.12037037037037036, 0.12962962962962962, 0.1388888888888889, 0.14814814814814814, 0.15740740740740738, 0.16666666666666666, 0.17592592592592593, 0.18518518518518517, 0.19444444444444442, 0.2037037037037037, 0.21296296296296297, 0.2222222222222222, 0.23148148148148145, 0.24074074074074073]","[67630.99999999999, 1786.6346316369911, 1155.9831840869333, 12069.579557418176, 1906.5778542068601, 950.5914327635959, 9083.877197385276, 2481.229636774511, 778.6316126029706, 8965.16239638616, 2042.6423114779593, 1606.7171021541985, 6927.939836298507, 1790.9411989178477, 2115.064375989699, 4469.146453396877, 811.3124818659081, 852.4454942250967, 2613.518509595917, 1125.8336361546226, 622.5282936168503, 1595.9028958467652, 1672.0836322357197, 807.7671822537827, 3024.634439411897, 842.7313814743966, 842.8235732269565]",3.0,0.3,145.14999999999344,15,0.5,1721880.13848853,0.14445541615564458,0.12412575453777983,16430975.452706061,84089526828.82791,"[0.046875, 0.03125]",2,1721880.13848853,0.046875,"[0.0, 0.015625, 0.03125, 0.046875, 0.0625, 0.078125, 0.09375, 0.109375, 0.125, 0.140625, 0.15625, 0.171875, 0.1875, 0.203125, 0.21875, 0.234375]","[154749.38571156602, 876106.9067082854, 1710291.376891551, 1721880.13848853, 1236443.3975593292, 1200279.693855569, 1385236.610142841, 1437054.0474223488, 1048940.293646178, 664501.8455343298, 393060.29715084995, 165807.0810689855, 58528.06662853687, 51528.95639391197, 141871.9518112886, 339557.73472456925]",3.0,0.3,flattop,64,32,145.14999999999344,15,21,449.5238095238218,38.00000000000233,1008.000000000018,"[2, 5, 11, 17, 22, 25, 29, 38, 44, 52, 55, 60, 65, 74, 78, 84, 89, 95, 98, 101, 105]","[38.00000000000233, 368.00000000001523, 461.000000000009, 193.00000000000955, 951.0000000000109, 154.00000000001194, 881.0000000000318, 243.00000000000858, 491.00000000001063, 186.0000000000058, 321.0000000000124, 943.000000000008, 810.0000000000298, 205.00000000000767, 478.0000000000143, 276.0000000000067, 347.0000000000098, 78.99999999999648, 1008.000000000018, 114.00000000000921, 893.0000000000312]","[1, 1, 1, 15, 1, 24, 27, 35, 35, 49, 35, 35, 63, 73, 73, 73, 35, 92, 35, 99, 99]","[3, 8, 18, 18, 35, 27, 35, 39, 49, 53, 56, 73, 73, 75, 81, 85, 92, 97, 106, 102, 106]",0.05,30,52684909.00000036,1016.0000000000048,-1016.0000000000048,DWT,uc1.l0082987033,2.1187588572502136e-08,0.0,1.2278178473934531e-11,2.9802322387695312e-08,0.0,1.7962520360015333e-11,6.612390279769897e-07,4.774847184307873e-12,1.0,84,0.0,4.547473508864641e-11,1.0,84,,0.0,0.0,1.0,84,0.0,0.0,3.5762786865234375e-07,0.0042572021484375,1.4551915228366852e-11,0.0,0.0,0.0,1.2278178473934531e-11,2.582964953035116e-10,1.2678789235429747e-11,0.0,4.774847184307873e-12,0.0,6.565414878423326e-12,0.0,0.0,0.0,6.565414878423326e-12,2.3305801732931286e-12,1.3322676295501878e-15,2.1187588572502136e-08,1.1102230246251565e-16,2.498001805406602e-16,2.735760062932968e-09,0.0,0.0,1.6653345369377348e-15,0.5663428501587333,0.5471885777613448,0.14516488246784576,0.5781250000000001,0.025369315782458053,0.0015052212361629403,0.0007526106180814701,0.0015052212361629403,202,0.9273801665228185,0.5243380932399994,411,0,0,0.0015052212361629403,0.0015052212361629403,207,0,0,0.3724381252340765,0.5065833611658367,360,106.57391800998967,0.8623075994702976,295.0,266.8039688624888,0.7405853242829524,92,sym,445.72514619883043,505.0,280.45746329325993,171,0.986117580085908,1.0,0.009717693939864401,6,70.5
db11,1,constant,1.856581218730595e-26,317.4078835838741,9372685.789680496,0.59375,302.4039209691988,108,raw,9.694302973541738e-14,-1.1178169501135992e-10,"[2, 5, 11, 17, 22, 25, 29, 38, 44, 52, 55, 60, 65, 74, 78, 84, 89, 95, 98, 101, 105]","[38.00000000000003, 368.0, 461.0, 192.99999999999966, 950.9999999999999, 154.00000000000023, 880.9999999999999, 242.99999999999991, 490.99999999999994, 185.9999999999999, 320.9999999999998, 942.9999999999999, 810.0000000000002, 205.0000000000001, 478.0, 275.9999999999999, 346.99999999999966, 79.00000000000045, 1007.9999999999999, 114.00000000000045, 893.0000000000001]",21,5.625259795925191,125408.2067271634,0.8757639273546833,4.365923718251291e-06,1.0,0.4907407407407407,67631.0,0.1291094199047374,0.15147910127183992,188156.12126451553,82872438.25058056,8,12069.57955741813,0.027777777777777776,"[0.0, 0.009259259259259259, 0.018518518518518517, 0.027777777777777776, 0.037037037037037035, 0.046296296296296294, 0.05555555555555555, 0.06481481481481481, 0.07407407407407407, 0.08333333333333333, 0.09259259259259259, 0.10185185185185185, 0.1111111111111111, 0.12037037037037036, 0.12962962962962962, 0.1388888888888889, 0.14814814814814814, 0.15740740740740738, 0.16666666666666666, 0.17592592592592593, 0.18518518518518517, 0.19444444444444442, 0.2037037037037037, 0.21296296296296297, 0.2222222222222222, 0.23148148148148145, 0.24074074074074073]","[67631.0, 1786.6346316370023, 1155.983184086938, 12069.57955741813, 1906.5778542068433, 950.5914327636023, 9083.877197385176, 2481.229636774481, 778.6316126029432, 8965.162396385991, 2042.642311477917, 1606.7171021541496, 6927.939836298323, 1790.9411989177959, 2115.064375989648, 4469.146453396724, 811.3124818658856, 852.4454942250586, 2613.5185095958273, 1125.833636154593, 622.528293616839, 1595.9028958466954, 1672.0836322356424, 807.7671822537565, 3024.6344394117614, 842.7313814743663, 842.8235732269211]",3.0,0.3,145.14999999999998,15,0.5,1721880.1384885088,0.14445541615564297,0.12412575453778012,16430975.452705402,84089526828.82365,"[0.046875, 0.03125]",2,1721880.1384885088,0.046875,"[0.0, 0.015625, 0.03125, 0.046875, 0.0625, 0.078125, 0.09375, 0.109375, 0.125, 0.140625, 0.15625, 0.171875, 0.1875, 0.203125, 0.21875, 0.234375]","[154749.38571156567, 876106.906708278, 1710291.3768915327, 1721880.1384885088, 1236443.3975593029, 1200279.6938555269, 1385236.6101427812, 1437054.04742228, 1048940.2936461216, 664501.84553429, 393060.29715082474, 165807.0810689742, 58528.06662853252, 51528.956393907574, 141871.95181127626, 339557.7347245401]",3.0,0.3,flattop,64,32,145.14999999999998,15,21,449.5238095238095,38.00000000000003,1007.9999999999999,"[2, 5, 11, 17, 22, 25, 29, 38, 44, 52, 55, 60, 65, 74, 78, 84, 89, 95, 98, 101, 105]","[38.00000000000003, 368.0, 461.0, 192.99999999999966, 950.9999999999999, 154.00000000000023, 880.9999999999999, 242.99999999999991, 490.99999999999994, 185.9999999999999, 320.9999999999998, 942.9999999999999, 810.0000000000002, 205.0000000000001, 478.0, 275.9999999999999, 346.99999999999966, 79.00000000000045, 1007.9999999999999, 114.00000000000045, 893.0000000000001]","[1, 1, 1, 15, 1, 24, 27, 35, 35, 49, 35, 35, 63, 73, 73, 73, 35, 92, 35, 99, 99]","[3, 8, 18, 18, 35, 27, 35, 39, 49, 53, 56, 73, 73, 75, 81, 85, 92, 97, 106, 102, 106]",0.05,30,52684909.0,1016.0,-1016.0,DWT,uc1.l0082987033,0.0,0.0,0.0,0.0,0.0,1.1368683772161603e-13,1.862645149230957e-09,0.0,1.0,84,0.0,0.0,1.0,84,,0.0,0.0,1.0,84,0.0,0.0,0.0,0.0,0.0,0.0,0.0,0.0,0.0,0.0,1.597029387041749e-13,0.0,0.0,0.0,2.842170943040401e-14,0.0,0.0,0.0,2.842170943040401e-14,2.842170943040401e-14,5.551115123125783e-17,0.0,0.0,4.163336342344337e-17,0.0,0.0,0.0,5.551115123125783e-17,0.9177890408426208,0.23188876265929004,0.023677392858821093,0.8397346368715084,0.10094503593025103,0.0,0.0,0.0,364,1.054728371385332,0.5963404039703573,224,0,0,0.0,0.0,411,0,0,0.42280697383249827,0.5750941254840839,202,102.95104014368512,0.866988320227797,300.25,274.0641413760678,0.7395342117934851,93,db,413.2962962962963,398.0,188.41229481502944,243,0.9143723369387087,0.671803462110104,0.15839832550987273,5,71.0
bior2.6,1,periodic,1.4721897515657905e-26,318.4153852105354,10239750.16460789,0.5583333333333333,347.43497225425506,108,raw,8.835730501164943e-14,-1.1875866956501175e-10,"[2, 5, 11, 17, 22, 25, 29, 38, 44, 52, 55, 60, 65, 74, 78, 84, 89, 95, 98, 101, 105]","[38.00000000000006, 368.0000000000001, 461.0000000000002, 192.9999999999999, 951.0000000000003, 154.0000000000001, 881.0, 243.00000000000003, 491.00000000000006, 186.0, 321.0, 943.0000000000001, 810.0, 205.0, 478.00000000000017, 276.0, 346.9999999999999, 79.0, 1008.0000000000001, 114.0, 893.0000000000003]",21,5.651177161926107,111396.547266056,0.8532585621810392,4.36592371825129e-06,1.0,0.4907407407407407,67631.0,0.1291094199047374,0.15147910127183992,188156.12126451556,82872438.25058056,8,12069.579557418136,0.027777777777777776,"[0.0, 0.009259259259259259, 0.018518518518518517, 0.027777777777777776, 0.037037037037037035, 0.046296296296296294, 0.05555555555555555, 0.06481481481481481, 0.07407407407407407, 0.08333333333333333, 0.09259259259259259, 0.10185185185185185, 0.1111111111111111, 0.12037037037037036, 0.12962962962962962, 0.1388888888888889, 0.14814814814814814, 0.15740740740740738, 0.16666666666666666, 0.17592592592592593, 0.18518518518518517, 0.19444444444444442, 0.2037037037037037, 0.21296296296296297, 0.2222222222222222, 0.23148148148148145, 0.24074074074074073]","[67631.0, 1786.6346316370007, 1155.9831840869388, 12069.579557418136, 1906.577854206842, 950.5914327636004, 9083.877197385176, 2481.2296367744852, 778.631612602943, 8965.162396385991, 2042.6423114779172, 1606.717102154149, 6927.9398362983275, 1790.941198917794, 2115.0643759896493, 4469.146453396725, 811.3124818658858, 852.4454942250585, 2613.518509595827, 1125.8336361545942, 622.5282936168384, 1595.9028958466984, 1672.083632235643, 807.7671822537568, 3024.634439411759, 842.7313814743657, 842.8235732269202]",3.0,0.3,145.14999999999998,15,0.5,1721880.1384885088,0.14445541615564295,0.12412575453778009,16430975.452705404,84089526828.82372,"[0.046875, 0.03125]",2,1721880.1384885088,0.046875,"[0.0, 0.015625, 0.03125, 0.046875, 0.0625, 0.078125, 0.09375, 0.109375, 0.125, 0.140625, 0.15625, 0.171875, 0.1875, 0.203125, 0.21875, 0.234375]","[154749.38571156538, 876106.9067082778, 1710291.3768915331, 1721880.1384885088, 1236443.3975593024, 1200279.6938555273, 1385236.6101427819, 1437054.047422281, 1048940.2936461223, 664501.8455342909, 393060.29715082515, 165807.08106897448, 58528.06662853261, 51528.95639390756, 141871.95181127614, 339557.7347245398]",3.0,0.3,flattop,64,32,145.14999999999998,15,21,449.52380952380963,38.00000000000006,1008.0000000000001,"[2, 5, 11, 17, 22, 25, 29, 38, 44, 52, 55, 60, 65, 74, 78, 84, 89, 95, 98, 101, 105]","[38.00000000000006, 368.0000000000001, 461.0000000000002, 192.9999999999999, 951.0000000000003, 154.0000000000001, 881.0, 243.00000000000003, 491.00000000000006, 186.0, 321.0, 943.0000000000001, 810.0, 205.0, 478.00000000000017, 276.0, 346.9999999999999, 79.0, 1008.0000000000001, 114.0, 893.0000000000003]","[1, 1, 1, 15, 1, 24, 27, 35, 35, 49, 35, 35, 63, 73, 73, 73, 35, 92, 35, 99, 99]","[3, 8, 18, 18, 35, 27, 35, 39, 49, 53, 56, 73, 73, 75, 81, 85, 92, 97, 106, 102, 106]",0.05,30,52684909.00000001,1016.0000000000001,-1016.0000000000001,DWT,uc1.l0082987033,0.0,0.0,1.1368683772161603e-13,0.0,0.0,1.1368683772161603e-13,3.725290298461914e-09,1.1368683772161603e-13,1.0,84,0.0,5.4569682106375694e-12,1.0,84,,0.0,0.0,1.0,84,0.0,0.0,7.450580596923828e-09,6.103515625e-05,0.0,0.0,0.0,0.0,1.1368683772161603e-13,1.8189894035458565e-12,9.067878723033658e-14,0.0,1.1368683772161603e-13,0.0,2.842170943040401e-14,0.0,0.0,0.0,2.842170943040401e-14,5.684341886080802e-14,5.551115123125783e-17,0.0,0.0,1.3877787807814457e-17,2.9103830456733704e-11,0.0,0.0,2.7755575615628914e-17,0.9281327295627765,0.26509781042797415,0.10778572943189173,0.4444134078212294,0.06301683856278817,3.135877575339459e-05,1.5679387876697293e-05,3.135877575339459e-05,350,0.946293506221206,0.535031641400983,377,0,0,3.135877575339459e-05,3.135877575339459e-05,256,0,0,0.3616893031613321,0.4919630147371189,389,60.249481325568276,0.9221582928610229,343.0,333.7057812866992,0.7395029190403306,94,bior,385.74074074074076,410.0,199.97417605530825,135,0.8534087184529663,0.7130285416801533,0.18870533457887761,4,71.5
sym12,1,reflect,1.5719124564214558e-22,278.1307395570748,10854240.235934857,0.5692307692307692,431.02104648782307,108,raw,9.951940506248828e-12,-7.006717428507832e-11,"[2, 5, 11, 17, 22, 25, 29, 38, 44, 52, 55, 60, 65, 74, 78, 84, 89, 95, 98, 101, 105]","[38.00000000000264, 368.00000000002694, 461.00000000002007, 193.00000000001046, 951.0000000000239, 154.0000000000125, 881.0000000000473, 243.00000000001262, 491.00000000002353, 186.00000000001046, 321.00000000002353, 943.0000000000231, 810.0000000000447, 205.00000000000907, 478.0000000000247, 276.000000000011, 347.0000000000173, 79.00000000000455, 1008.0000000000355, 114.00000000000637, 893.0000000000466]",21,5.903810411203341,97412.81323818248,0.8210631724859847,4.365923718250945e-06,1.0,0.4907407407407407,67630.99999999996,0.12910941990473965,0.15147910127183978,188156.1212645204,82872438.25058053,8,12069.579557418227,0.027777777777777776,"[0.0, 0.009259259259259259, 0.018518518518518517, 0.027777777777777776, 0.037037037037037035, 0.046296296296296294, 0.05555555555555555, 0.06481481481481481, 0.07407407407407407, 0.08333333333333333, 0.09259259259259259, 0.10185185185185185, 0.1111111111111111, 0.12037037037037036, 0.12962962962962962, 0.1388888888888889, 0.14814814814814814, 0.15740740740740738, 0.16666666666666666, 0.17592592592592593, 0.18518518518518517, 0.19444444444444442, 0.2037037037037037, 0.21296296296296297, 0.2222222222222222, 0.23148148148148145, 0.24074074074074073]","[67630.99999999996, 1786.6346316369838, 1155.9831840869315, 12069.579557418227, 1906.5778542068783, 950.5914327635996, 9083.877197385395, 2481.2296367745444, 778.6316126030016, 8965.162396386364, 2042.6423114780202, 1606.7171021542588, 6927.93983629873, 1790.9411989179032, 2115.064375989755, 4469.146453397048, 811.3124818659126, 852.4454942251407, 2613.5185095960132, 1125.8336361546444, 622.528293616849, 1595.9028958468193, 1672.0836322357627, 807.7671822537734, 3024.6344394119183, 842.7313814744124, 842.8235732269742]",3.0,0.3,145.14999999998847,15,0.5,1721880.1384885549,0.14445541615564506,0.12412575453777962,16430975.452706635,84089526828.83351,"[0.046875, 0.03125]",2,1721880.1384885549,0.046875,"[0.0, 0.015625, 0.03125, 0.046875, 0.0625, 0.078125, 0.09375, 0.109375, 0.125, 0.140625, 0.15625, 0.171875, 0.1875, 0.203125, 0.21875, 0.234375]","[154749.3857115668, 876106.9067082943, 1710291.3768915746, 1721880.1384885549, 1236443.3975593615, 1200279.69385562, 1385236.6101429148, 1437054.0474224328, 1048940.2936462455, 664501.8455343752, 393060.29715087684, 165807.08106899657, 58528.06662854006, 51528.95639391248, 141871.95181128866, 339557.7347245706]",3.0,0.3,flattop,64,32,145.14999999998847,15,21,449.5238095238303,38.00000000000264,1008.0000000000355,"[2, 5, 11, 17, 22, 25, 29, 38, 44, 52, 55, 60, 65, 74, 78, 84, 89, 95, 98, 101, 105]","[38.00000000000264, 368.00000000002694, 461.00000000002007, 193.00000000001046, 951.0000000000239, 154.0000000000125, 881.0000000000473, 243.00000000001262, 491.00000000002353, 186.00000000001046, 321.00000000002353, 943.0000000000231, 810.0000000000447, 205.00000000000907, 478.0000000000247, 276.000000000011, 347.0000000000173, 79.00000000000455, 1008.0000000000355, 114.00000000000637, 893.0000000000466]","[1, 1, 1, 15, 1, 24, 27, 35, 35, 49, 35, 35, 63, 73, 73, 73, 35, 92, 35, 99, 99]","[3, 8, 18, 18, 35, 27, 35, 39, 49, 53, 56, 73, 73, 75, 81, 85, 92, 97, 106, 102, 106]",0.05,30,52684909.00000065,1016.000000000008,-1016.000000000008,DWT,uc1.l0082987033,4.6100467443466187e-08,0.0,2.0804691303055733e-11,2.9802322387695312e-08,0.0,3.54702933691442e-11,1.2349337339401245e-06,7.958078640513122e-12,1.0,84,0.0,9.640643838793039e-11,1.0,84,,0.0,0.0,1.0,84,0.0,0.0,6.48200511932373e-07,0.009857177734375,4.3655745685100555e-11,0.0,0.0,0.0,2.0804691303055733e-11,4.3655745685100555e-10,2.0799277644116607e-11,0.0,7.958078640513122e-12,0.0,1.1539214028744027e-11,0.0,0.0,0.0,1.1539214028744027e-11,2.6432189770275727e-12,2.192690473634684e-15,4.6100467443466187e-08,1.3877787807814457e-16,4.579669976578771e-16,4.8603396862745285e-09,0.0,0.0,2.1371793224034263e-15,0.5145434868118736,0.5888077755111993,0.16739345780189496,0.5660507090674687,0.025164232623036367,0.0027282134905453293,0.0013641067452726647,0.0027282134905453293,198,0.9233126854198734,0.5220383510600425,416,0,0,0.0027282134905453293,0.0027282134905453293,198,0,0,0.37239193236309465,0.5065205304880451,361,112.2538046868197,0.8549692445906723,293.25,261.8668334074566,0.7380466377992121,95,sym,445.72514619883043,505.0,280.45746329325993,171,0.986117580085908,1.0,0.009717693939864401,6,72.75
rbio3.9,1,smooth,8.722727199734365e-27,320.6885002090297,9293335.279725095,0.5793650793650794,444.72965042761746,108,raw,5.3800585385909395e-14,-1.1122758269976947e-10,"[2, 5, 11, 17, 22, 25, 29, 38, 44, 52, 55, 60, 65, 74, 78, 84, 89, 95, 98, 101, 105]","[37.999999999999886, 368.0, 461.0000000000001, 193.0, 951.0000000000002, 154.0, 881.0, 242.99999999999997, 491.0, 185.9999999999999, 321.0, 943.0, 810.0000000000003, 204.99999999999994, 478.0, 275.9999999999999, 346.99999999999966, 78.99999999999989, 1008.0000000000003, 113.99999999999989, 893.0000000000001]",21,5.864226861656856,121421.31390779483,0.6864532272747819,4.365923718251291e-06,1.0,0.4907407407407407,67631.0,0.12910941990473743,0.15147910127183992,188156.12126451556,82872438.25058056,8,12069.57955741813,0.027777777777777776,"[0.0, 0.009259259259259259, 0.018518518518518517, 0.027777777777777776, 0.037037037037037035, 0.046296296296296294, 0.05555555555555555, 0.06481481481481481, 0.07407407407407407, 0.08333333333333333, 0.09259259259259259, 0.10185185185185185, 0.1111111111111111, 0.12037037037037036, 0.12962962962962962, 0.1388888888888889, 0.14814814814814814, 0.15740740740740738, 0.16666666666666666, 0.17592592592592593, 0.18518518518518517, 0.19444444444444442, 0.2037037037037037, 0.21296296296296297, 0.2222222222222222, 0.23148148148148145, 0.24074074074074073]","[67631.0, 1786.6346316370004, 1155.9831840869385, 12069.57955741813, 1906.577854206843, 950.5914327636019, 9083.877197385176, 2481.229636774485, 778.6316126029436, 8965.162396385991, 2042.6423114779172, 1606.7171021541506, 6927.939836298323, 1790.9411989177927, 2115.0643759896498, 4469.1464533967255, 811.312481865886, 852.4454942250594, 2613.518509595828, 1125.8336361545942, 622.5282936168353, 1595.9028958466968, 1672.0836322356429, 807.7671822537563, 3024.6344394117605, 842.7313814743659, 842.8235732269214]",3.0,0.3,145.15000000000012,15,0.5,1721880.1384885085,0.14445541615564295,0.12412575453778009,16430975.452705404,84089526828.82368,"[0.046875, 0.03125]",2,1721880.1384885085,0.046875,"[0.0, 0.015625, 0.03125, 0.046875, 0.0625, 0.078125, 0.09375, 0.109375, 0.125, 0.140625, 0.15625, 0.171875, 0.1875, 0.203125, 0.21875, 0.234375]","[154749.3857115655, 876106.9067082778, 1710291.3768915324, 1721880.1384885085, 1236443.3975593026, 1200279.6938555269, 1385236.6101427816, 1437054.047422281, 1048940.293646122, 664501.8455342908, 393060.2971508254, 165807.08106897463, 58528.06662853266, 51528.956393907516, 141871.95181127614, 339557.7347245399]",3.0,0.3,flattop,64,32,145.15000000000012,15,21,449.5238095238095,37.999999999999886,1008.0000000000003,"[2, 5, 11, 17, 22, 25, 29, 38, 44, 52, 55, 60, 65, 74, 78, 84, 89, 95, 98, 101, 105]","[37.999999999999886, 368.0, 461.0000000000001, 193.0, 951.0000000000002, 154.0, 881.0, 242.99999999999997, 491.0, 185.9999999999999, 321.0, 943.0, 810.0000000000003, 204.99999999999994, 478.0, 275.9999999999999, 346.99999999999966, 78.99999999999989, 1008.0000000000003, 113.99999999999989, 893.0000000000001]","[1, 1, 1, 15, 1, 24, 27, 35, 35, 49, 35, 35, 63, 73, 73, 73, 35, 92, 35, 99, 99]","[3, 8, 18, 18, 35, 27, 35, 39, 49, 53, 56, 73, 73, 75, 81, 85, 92, 97, 106, 102, 106]",0.05,30,52684909.0,1016.0000000000001,-1016.0000000000001,DWT,uc1.l0082987033,2.3283064365386963e-10,0.0,0.0,0.0,0.0,3.410605131648481e-13,3.725290298461914e-09,1.1368683772161603e-13,1.0,84,0.0,0.0,1.0,84,,0.0,0.0,1.0,84,0.0,0.0,0.0,3.0517578125e-05,0.0,0.0,0.0,0.0,0.0,0.0,1.0150610510858575e-13,0.0,1.1368683772161603e-13,0.0,1.1368683772161603e-13,0.0,0.0,0.0,1.1368683772161603e-13,1.1368683772161603e-13,2.7755575615628914e-17,2.3283064365386963e-10,0.0,1.3877787807814457e-17,2.9103830456733704e-11,0.0,0.0,2.7755575615628914e-17,0.9514700556249261,0.5380876526523848,0.01598011040602456,0.6791699920191547,0.09015290540811939,0.0,0.0,0.0,396,1.15564507387507,0.6533984188704803,137,0,0,0.0,0.0,378,0,0,0.45497214322212187,0.618844586346873,147,141.70038814343454,0.8169245631221775,264.5,207.54696456106336,0.7375966484861534,96,rbio,366.5925925925926,360.0,210.3588723315502,135,0.8110455588331695,0.7500562468954116,0.20725123474815782,3,72.75
rbio1.5,1,zero,1.682833143502139e-26,317.8346125429631,9461495.398152852,0.5689655172413793,317.79125852700145,108,raw,1.091472591320376e-13,-1.22208576591732e-10,"[2, 5, 11, 17, 22, 25, 29, 38, 44, 52, 55, 60, 65, 74, 78, 84, 89, 95, 98, 101, 105]","[38.0, 367.9999999999999, 461.00000000000006, 193.0, 951.0000000000001, 154.0, 881.0000000000002, 243.00000000000006, 491.00000000000017, 186.0, 321.0000000000001, 943.0000000000001, 810.0000000000002, 205.00000000000003, 478.0, 276.0, 347.0, 78.99999999999989, 1008.0000000000002, 114.0, 893.0000000000002]",21,5.606426589398046,117182.05392225634,0.8504800153693161,4.365923718251291e-06,1.0,0.4907407407407407,67631.00000000001,0.12910941990473737,0.15147910127183992,188156.1212645156,82872438.2505806,8,12069.579557418136,0.027777777777777776,"[0.0, 0.009259259259259259, 0.018518518518518517, 0.027777777777777776, 0.037037037037037035, 0.046296296296296294, 0.05555555555555555, 0.06481481481481481, 0.07407407407407407, 0.08333333333333333, 0.09259259259259259, 0.10185185185185185, 0.1111111111111111, 0.12037037037037036, 0.12962962962962962, 0.1388888888888889, 0.14814814814814814, 0.15740740740740738, 0.16666666666666666, 0.17592592592592593, 0.18518518518518517, 0.19444444444444442, 0.2037037037037037, 0.21296296296296297, 0.2222222222222222, 0.23148148148148145, 0.24074074074074073]","[67631.00000000001, 1786.634631637001, 1155.9831840869394, 12069.579557418136, 1906.5778542068424, 950.5914327636012, 9083.87719738518, 2481.229636774485, 778.6316126029441, 8965.162396385995, 2042.6423114779186, 1606.7171021541496, 6927.939836298324, 1790.941198917794, 2115.064375989648, 4469.146453396728, 811.3124818658861, 852.4454942250575, 2613.5185095958295, 1125.8336361545935, 622.528293616836, 1595.9028958466968, 1672.0836322356429, 807.7671822537576, 3024.6344394117605, 842.7313814743653, 842.8235732269203]",3.0,0.3,145.15000000000006,15,0.5,1721880.1384885092,0.14445541615564292,0.12412575453778008,16430975.452705408,84089526828.82373,"[0.046875, 0.03125]",2,1721880.1384885092,0.046875,"[0.0, 0.015625, 0.03125, 0.046875, 0.0625, 0.078125, 0.09375, 0.109375, 0.125, 0.140625, 0.15625, 0.171875, 0.1875, 0.203125, 0.21875, 0.234375]","[154749.3857115653, 876106.906708278, 1710291.3768915331, 1721880.1384885092, 1236443.3975593029, 1200279.6938555273, 1385236.610142782, 1437054.0474222815, 1048940.2936461228, 664501.8455342911, 393060.29715082544, 165807.0810689747, 58528.06662853267, 51528.956393907596, 141871.95181127626, 339557.73472454003]",3.0,0.3,flattop,64,32,145.15000000000006,15,21,449.52380952380963,38.0,1008.0000000000002,"[2, 5, 11, 17, 22, 25, 29, 38, 44, 52, 55, 60, 65, 74, 78, 84, 89, 95, 98, 101, 105]","[38.0, 367.9999999999999, 461.00000000000006, 193.0, 951.0000000000001, 154.0, 881.0000000000002, 243.00000000000006, 491.00000000000017, 186.0, 321.0000000000001, 943.0000000000001, 810.0000000000002, 205.00000000000003, 478.0, 276.0, 347.0, 78.99999999999989, 1008.0000000000002, 114.0, 893.0000000000002]","[1, 1, 1, 15, 1, 24, 27, 35, 35, 49, 35, 35, 63, 73, 73, 73, 35, 92, 35, 99, 99]","[3, 8, 18, 18, 35, 27, 35, 39, 49, 53, 56, 73, 73, 75, 81, 85, 92, 97, 106, 102, 106]",0.05,30,52684909.00000001,1016.0000000000002,-1016.0000000000002,DWT,uc1.l0082987033,4.656612873077393e-10,0.0,1.1368683772161603e-13,2.9802322387695312e-08,0.0,2.2737367544323206e-13,7.450580596923828e-09,2.2737367544323206e-13,1.0,84,0.0,5.4569682106375694e-12,1.0,84,,0.0,0.0,1.0,84,0.0,0.0,7.450580596923828e-09,7.62939453125e-05,1.4551915228366852e-11,0.0,0.0,0.0,1.1368683772161603e-13,1.8189894035458565e-12,8.526512829121202e-14,0.0,2.2737367544323206e-13,0.0,5.684341886080802e-14,0.0,0.0,0.0,5.684341886080802e-14,0.0,8.326672684688674e-17,4.656612873077393e-10,0.0,0.0,5.820766091346741e-11,0.0,0.0,0.0,0.9221701270899153,0.20775695639566844,0.03229224160167375,0.5630899633981896,0.07867764154877464,3.135877575339459e-05,1.5679387876697293e-05,3.135877575339459e-05,246,0.930033717231406,0.5258384032197493,403,0,0,3.135877575339459e-05,3.135877575339459e-05,258,0,0,0.36079738600684436,0.4907498457316153,392,84.2669369721403,0.8911279884080875,324.75,308.3227178641716,0.7357771724986173,97,rbio,366.5925925925926,360.0,210.3588723315502,135,0.8110455588331695,0.7500562468954116,0.20725123474815782,3,73.5
bior6.8,1,antisymmetric,2.333625783291978e-21,266.4147109669689,10307846.631198484,0.5645161290322581,399.9925458546472,108,raw,3.824074390479383e-11,-5.2176929446645696e-11,"[2, 5, 11, 17, 22, 25, 29, 38, 44, 52, 55, 60, 65, 74, 78, 84, 89, 95, 98, 101, 105]","[37.999999999982435, 367.99999999988455, 460.99999999993116, 192.99999999994037, 950.9999999999242, 153.99999999992428, 880.9999999997787, 242.9999999999401, 490.99999999991866, 185.99999999995555, 320.99999999990723, 942.9999999999283, 809.9999999997983, 204.99999999995268, 477.9999999998963, 275.9999999999559, 346.9999999999319, 79.00000000000671, 1007.999999999919, 113.99999999994475, 892.9999999997594]",21,5.7790367213249825,253047.0924554782,0.9229803513796937,4.365923718252714e-06,1.0,0.4907407407407407,67630.99999999994,0.12910941990472757,0.15147910127184053,188156.1212644962,82872438.25058043,8,12069.579557418028,0.027777777777777776,"[0.0, 0.009259259259259259, 0.018518518518518517, 0.027777777777777776, 0.037037037037037035, 0.046296296296296294, 0.05555555555555555, 0.06481481481481481, 0.07407407407407407, 0.08333333333333333, 0.09259259259259259, 0.10185185185185185, 0.1111111111111111, 0.12037037037037036, 0.12962962962962962, 0.1388888888888889, 0.14814814814814814, 0.15740740740740738, 0.16666666666666666, 0.17592592592592593, 0.18518518518518517, 0.19444444444444442, 0.2037037037037037, 0.21296296296296297, 0.2222222222222222, 0.23148148148148145, 0.24074074074074073]","[67630.99999999994, 1786.6346316369606, 1155.9831840869215, 12069.579557418028, 1906.5778542068065, 950.5914327634845, 9083.8771973847, 2481.2296367742993, 778.6316126029332, 8965.162396384792, 2042.6423114774886, 1606.7171021539316, 6927.939836296858, 1790.9411989174419, 2115.0643759890645, 4469.1464533955905, 811.3124818656737, 852.4454942248634, 2613.5185095950733, 1125.8336361542615, 622.5282936166666, 1595.9028958462795, 1672.0836322352125, 807.7671822535438, 3024.6344394109665, 842.7313814741375, 842.8235732266934]",3.0,0.3,145.15000000004744,15,0.5,1721880.1384883912,0.1444554161556316,0.12412575453778248,16430975.4527006,84089526828.7917,"[0.046875, 0.03125]",2,1721880.1384883912,0.046875,"[0.0, 0.015625, 0.03125, 0.046875, 0.0625, 0.078125, 0.09375, 0.109375, 0.125, 0.140625, 0.15625, 0.171875, 0.1875, 0.203125, 0.21875, 0.234375]","[154749.38571156433, 876106.9067082405, 1710291.3768914281, 1721880.1384883912, 1236443.3975591268, 1200279.6938552114, 1385236.6101423032, 1437054.0474217164, 1048940.2936456478, 664501.8455339572, 393060.2971506184, 165807.08106888563, 58528.06662850137, 51528.95639388031, 141871.95181120033, 339557.7347243579]",3.0,0.3,flattop,64,32,145.15000000004744,15,21,449.5238095237229,37.999999999982435,1007.999999999919,"[2, 5, 11, 17, 22, 25, 29, 38, 44, 52, 55, 60, 65, 74, 78, 84, 89, 95, 98, 101, 105]","[37.999999999982435, 367.99999999988455, 460.99999999993116, 192.99999999994037, 950.9999999999242, 153.99999999992428, 880.9999999997787, 242.9999999999401, 490.99999999991866, 185.99999999995555, 320.99999999990723, 942.9999999999283, 809.9999999997983, 204.99999999995268, 477.9999999998963, 275.9999999999559, 346.9999999999319, 79.00000000000671, 1007.999999999919, 113.99999999994475, 892.9999999997594]","[1, 1, 1, 15, 1, 24, 27, 35, 35, 49, 35, 35, 63, 73, 73, 73, 35, 92, 35, 99, 99]","[3, 8, 18, 18, 35, 27, 35, 39, 49, 53, 56, 73, 73, 75, 81, 85, 92, 97, 106, 102, 106]",0.05,30,52684908.99999745,1015.9999999999703,-1015.9999999999703,DWT,uc1.l0082987033,1.1757947504520416e-07,0.0,8.662937034387141e-11,1.341104507446289e-07,0.0,8.094502845779061e-11,4.800036549568176e-06,2.9672264645341784e-11,1.0,84,0.0,1.0186340659856796e-10,1.0,84,,0.0,0.0,1.0,84,0.0,0.0,2.5480985641479492e-06,0.031951904296875,5.820766091346741e-11,0.0,0.0,0.0,8.662937034387141e-11,1.8189894035458565e-09,8.728306966077068e-11,0.0,2.9672264645341784e-11,0.0,4.743583303934429e-11,0.0,0.0,0.0,4.743583303934429e-11,1.7564616427989677e-11,9.880984919163893e-15,1.1757947504520416e-07,6.106226635438361e-16,2.400857290751901e-15,1.932494342327118e-08,0.0,0.0,1.1324274851176597e-14,0.394258864370034,0.4289298223542697,0.11439132954309245,0.5134258424941438,0.446451067039856,0.010724701307660948,0.005362350653830474,0.010724701307660948,161,0.8921666583843014,0.504428476472077,449,0,0,0.010724701307660948,0.010724701307660948,161,0,0,0.3794913851602792,0.516177073190744,320,139.3709080116794,0.8199342273750911,272.75,225.0410901600072,0.7337720232482691,98,bior,385.74074074074076,410.0,199.97417605530825,135,0.8534087184529663,0.7130285416801533,0.18870533457887761,4,74.5
rbio3.5,1,antisymmetric,7.149124996241829e-27,321.5524942078765,9670645.622254567,0.5254237288135594,557.8464720424207,108,raw,4.8981395071610563e-14,-1.108401148641753e-10,"[2, 5, 11, 17, 22, 25, 29, 38, 44, 52, 55, 60, 65, 74, 78, 84, 89, 95, 98, 101, 105]","[38.0, 368.0, 461.00000000000006, 192.99999999999994, 951.0, 154.0, 881.0, 242.99999999999997, 491.0000000000001, 185.9999999999999, 321.0, 943.0, 810.0000000000002, 205.0, 478.0, 276.0, 346.9999999999998, 78.99999999999989, 1008.0000000000001, 114.0, 893.0]",21,5.926411932650869,192507.84654073868,0.7405234855388858,4.365923718251291e-06,1.0,0.4907407407407407,67631.0,0.12910941990473743,0.15147910127183992,188156.12126451553,82872438.25058056,8,12069.57955741813,0.027777777777777776,"[0.0, 0.009259259259259259, 0.018518518518518517, 0.027777777777777776, 0.037037037037037035, 0.046296296296296294, 0.05555555555555555, 0.06481481481481481, 0.07407407407407407, 0.08333333333333333, 0.09259259259259259, 0.10185185185185185, 0.1111111111111111, 0.12037037037037036, 0.12962962962962962, 0.1388888888888889, 0.14814814814814814, 0.15740740740740738, 0.16666666666666666, 0.17592592592592593, 0.18518518518518517, 0.19444444444444442, 0.2037037037037037, 0.21296296296296297, 0.2222222222222222, 0.23148148148148145, 0.24074074074074073]","[67631.0, 1786.634631637001, 1155.9831840869383, 12069.57955741813, 1906.5778542068433, 950.591432763602, 9083.877197385176, 2481.2296367744843, 778.6316126029436, 8965.162396385991, 2042.642311477917, 1606.7171021541508, 6927.939836298324, 1790.9411989177927, 2115.0643759896493, 4469.146453396725, 811.3124818658863, 852.4454942250588, 2613.518509595828, 1125.8336361545946, 622.5282936168352, 1595.9028958466981, 1672.0836322356422, 807.7671822537562, 3024.6344394117596, 842.7313814743657, 842.823573226921]",3.0,0.3,145.15000000000003,15,0.5,1721880.1384885088,0.14445541615564292,0.12412575453778006,16430975.452705404,84089526828.82368,"[0.046875, 0.03125]",2,1721880.1384885088,0.046875,"[0.0, 0.015625, 0.03125, 0.046875, 0.0625, 0.078125, 0.09375, 0.109375, 0.125, 0.140625, 0.15625, 0.171875, 0.1875, 0.203125, 0.21875, 0.234375]","[154749.3857115655, 876106.906708278, 1710291.3768915324, 1721880.1384885088, 1236443.3975593026, 1200279.6938555269, 1385236.6101427816, 1437054.047422281, 1048940.2936461219, 664501.8455342908, 393060.2971508254, 165807.08106897466, 58528.06662853263, 51528.956393907494, 141871.95181127614, 339557.73472454003]",3.0,0.3,flattop,64,32,145.15000000000003,15,21,449.5238095238095,38.0,1008.0000000000001,"[2, 5, 11, 17, 22, 25, 29, 38, 44, 52, 55, 60, 65, 74, 78, 84, 89, 95, 98, 101, 105]","[38.0, 368.0, 461.00000000000006, 192.99999999999994, 951.0, 154.0, 881.0, 242.99999999999997, 491.0000000000001, 185.9999999999999, 321.0, 943.0, 810.0000000000002, 205.0, 478.0, 276.0, 346.9999999999998, 78.99999999999989, 1008.0000000000001, 114.0, 893.0]","[1, 1, 1, 15, 1, 24, 27, 35, 35, 49, 35, 35, 63, 73, 73, 73, 35, 92, 35, 99, 99]","[3, 8, 18, 18, 35, 27, 35, 39, 49, 53, 56, 73, 73, 75, 81, 85, 92, 97, 106, 102, 106]",0.05,30,52684909.0,1016.0,-1016.0,DWT,uc1.l0082987033,0.0,0.0,0.0,0.0,0.0,1.1368683772161603e-13,3.725290298461914e-09,0.0,1.0,84,0.0,0.0,1.0,84,,0.0,0.0,1.0,84,0.0,0.0,0.0,3.0517578125e-05,0.0,0.0,0.0,0.0,0.0,0.0,5.007634518690231e-14,0.0,0.0,0.0,2.842170943040401e-14,0.0,0.0,0.0,2.842170943040401e-14,0.0,2.7755575615628914e-17,0.0,0.0,1.3877787807814457e-17,0.0,0.0,0.0,0.0,0.9603403986036952,0.6177680875031433,0.05258055923040026,0.07707603446643385,0.2825772251223379,0.0,0.0,0.0,390,1.0552398663644975,0.5966296017683683,223,0,0,0.0,0.0,410,0,0,0.39806846098520215,0.5414452637287224,265,92.04708939812636,0.8810761118887256,322.0,301.6359953777597,0.7325277200270501,99,rbio,366.5925925925926,360.0,210.3588723315502,135,0.8110455588331695,0.7500562468954116,0.20725123474815782,3,75.0
rbio1.5,1,constant,1.6805892724828436e-26,317.84040724149236,9460285.43196289,0.5689655172413793,317.79125852700145,108,raw,1.0888409515583014e-13,-1.221679424290307e-10,"[2, 5, 11, 17, 22, 25, 29, 38, 44, 52, 55, 60, 65, 74, 78, 84, 89, 95, 98, 101, 105]","[37.99999999999997, 367.9999999999999, 461.00000000000006, 193.0, 951.0000000000001, 154.0, 881.0000000000002, 243.00000000000006, 491.00000000000017, 186.0, 321.0000000000001, 943.0000000000001, 810.0000000000002, 205.00000000000003, 478.0, 276.0, 347.0, 78.99999999999989, 1008.0000000000002, 114.0, 893.0000000000002]",21,5.608028157765515,114800.65059243658,0.8474217234252841,4.365923718251291e-06,1.0,0.4907407407407407,67631.00000000001,0.12910941990473737,0.15147910127183992,188156.1212645156,82872438.2505806,8,12069.579557418136,0.027777777777777776,"[0.0, 0.009259259259259259, 0.018518518518518517, 0.027777777777777776, 0.037037037037037035, 0.046296296296296294, 0.05555555555555555, 0.06481481481481481, 0.07407407407407407, 0.08333333333333333, 0.09259259259259259, 0.10185185185185185, 0.1111111111111111, 0.12037037037037036, 0.12962962962962962, 0.1388888888888889, 0.14814814814814814, 0.15740740740740738, 0.16666666666666666, 0.17592592592592593, 0.18518518518518517, 0.19444444444444442, 0.2037037037037037, 0.21296296296296297, 0.2222222222222222, 0.23148148148148145, 0.24074074074074073]","[67631.00000000001, 1786.634631637001, 1155.9831840869394, 12069.579557418136, 1906.5778542068424, 950.5914327636012, 9083.87719738518, 2481.229636774485, 778.6316126029441, 8965.162396385995, 2042.6423114779186, 1606.7171021541496, 6927.939836298324, 1790.941198917794, 2115.064375989648, 4469.146453396727, 811.3124818658861, 852.4454942250575, 2613.5185095958295, 1125.8336361545935, 622.528293616836, 1595.9028958466968, 1672.0836322356429, 807.7671822537576, 3024.6344394117605, 842.7313814743653, 842.8235732269203]",3.0,0.3,145.15000000000006,15,0.5,1721880.1384885092,0.14445541615564292,0.12412575453778008,16430975.452705408,84089526828.82373,"[0.046875, 0.03125]",2,1721880.1384885092,0.046875,"[0.0, 0.015625, 0.03125, 0.046875, 0.0625, 0.078125, 0.09375, 0.109375, 0.125, 0.140625, 0.15625, 0.171875, 0.1875, 0.203125, 0.21875, 0.234375]","[154749.3857115653, 876106.906708278, 1710291.3768915331, 1721880.1384885092, 1236443.3975593029, 1200279.6938555273, 1385236.610142782, 1437054.0474222815, 1048940.2936461228, 664501.8455342911, 393060.29715082544, 165807.0810689747, 58528.06662853267, 51528.956393907596, 141871.95181127626, 339557.73472454003]",3.0,0.3,flattop,64,32,145.15000000000006,15,21,449.52380952380963,37.99999999999997,1008.0000000000002,"[2, 5, 11, 17, 22, 25, 29, 38, 44, 52, 55, 60, 65, 74, 78, 84, 89, 95, 98, 101, 105]","[37.99999999999997, 367.9999999999999, 461.00000000000006, 193.0, 951.0000000000001, 154.0, 881.0000000000002, 243.00000000000006, 491.00000000000017, 186.0, 321.0000000000001, 943.0000000000001, 810.0000000000002, 205.00000000000003, 478.0, 276.0, 347.0, 78.99999999999989, 1008.0000000000002, 114.0, 893.0000000000002]","[1, 1, 1, 15, 1, 24, 27, 35, 35, 49, 35, 35, 63, 73, 73, 73, 35, 92, 35, 99, 99]","[3, 8, 18, 18, 35, 27, 35, 39, 49, 53, 56, 73, 73, 75, 81, 85, 92, 97, 106, 102, 106]",0.05,30,52684909.00000001,1016.0000000000002,-1016.0000000000002,DWT,uc1.l0082987033,4.656612873077393e-10,0.0,1.1368683772161603e-13,2.9802322387695312e-08,0.0,2.2737367544323206e-13,7.450580596923828e-09,2.2737367544323206e-13,1.0,84,0.0,5.4569682106375694e-12,1.0,84,,0.0,0.0,1.0,84,0.0,0.0,7.450580596923828e-09,7.62939453125e-05,1.4551915228366852e-11,0.0,0.0,0.0,1.1368683772161603e-13,1.8189894035458565e-12,8.661854302599316e-14,0.0,2.2737367544323206e-13,0.0,5.684341886080802e-14,0.0,0.0,0.0,5.684341886080802e-14,2.842170943040401e-14,8.326672684688674e-17,4.656612873077393e-10,0.0,0.0,5.820766091346741e-11,0.0,0.0,0.0,0.9222296193589377,0.20980911557026316,0.0321748705661542,0.5630899633981896,0.07223141469351545,3.135877575339459e-05,1.5679387876697293e-05,3.135877575339459e-05,245,0.9284583159202533,0.5249476758250986,408,0,0,3.135877575339459e-05,3.135877575339459e-05,259,0,0,0.35990699671741205,0.48953875489953896,397,87.19470549675977,0.8873453417354525,327.25,309.7771413601249,0.7322708620821965,100,rbio,366.5925925925926,360.0,210.3588723315502,135,0.8110455588331695,0.7500562468954116,0.20725123474815782,3,75.75
coif4,1,symmetric,2.384043567458691e-26,316.3218812348041,10703823.015376212,0.5615384615384615,438.39669302790094,108,raw,1.1154040654067402e-13,-1.1113143738583693e-10,"[2, 5, 11, 17, 22, 25, 29, 38, 44, 52, 55, 60, 65, 74, 78, 84, 89, 95, 98, 101, 105]","[37.99999999999994, 368.00000000000057, 460.99999999999966, 193.0, 951.0000000000002, 154.00000000000034, 880.9999999999999, 243.00000000000014, 491.00000000000057, 185.99999999999966, 320.9999999999999, 942.9999999999998, 810.0, 205.00000000000006, 478.0000000000002, 276.0000000000002, 347.0000000000001, 79.0, 1008.0, 114.00000000000011, 893.0000000000005]",21,5.891782246021765,101209.15272189994,0.7808512419125079,4.365923718251291e-06,0.9999999999999998,0.4907407407407407,67631.0,0.1291094199047374,0.15147910127183992,188156.12126451556,82872438.25058056,8,12069.579557418128,0.027777777777777776,"[0.0, 0.009259259259259259, 0.018518518518518517, 0.027777777777777776, 0.037037037037037035, 0.046296296296296294, 0.05555555555555555, 0.06481481481481481, 0.07407407407407407, 0.08333333333333333, 0.09259259259259259, 0.10185185185185185, 0.1111111111111111, 0.12037037037037036, 0.12962962962962962, 0.1388888888888889, 0.14814814814814814, 0.15740740740740738, 0.16666666666666666, 0.17592592592592593, 0.18518518518518517, 0.19444444444444442, 0.2037037037037037, 0.21296296296296297, 0.2222222222222222, 0.23148148148148145, 0.24074074074074073]","[67631.0, 1786.6346316370016, 1155.9831840869408, 12069.579557418128, 1906.5778542068424, 950.5914327636027, 9083.877197385178, 2481.2296367744843, 778.631612602946, 8965.162396385991, 2042.6423114779172, 1606.7171021541506, 6927.939836298324, 1790.9411989177956, 2115.064375989651, 4469.146453396724, 811.3124818658862, 852.4454942250591, 2613.518509595828, 1125.8336361545958, 622.5282936168371, 1595.9028958466997, 1672.0836322356424, 807.7671822537574, 3024.634439411759, 842.7313814743645, 842.8235732269217]",3.0,0.3,145.15,15,0.5,1721880.1384885085,0.14445541615564295,0.12412575453778009,16430975.452705398,84089526828.82365,"[0.046875, 0.03125]",2,1721880.1384885085,0.046875,"[0.0, 0.015625, 0.03125, 0.046875, 0.0625, 0.078125, 0.09375, 0.109375, 0.125, 0.140625, 0.15625, 0.171875, 0.1875, 0.203125, 0.21875, 0.234375]","[154749.38571156556, 876106.9067082778, 1710291.3768915324, 1721880.1384885085, 1236443.3975593022, 1200279.6938555269, 1385236.6101427814, 1437054.0474222803, 1048940.2936461219, 664501.8455342904, 393060.2971508249, 165807.08106897437, 58528.06662853258, 51528.95639390746, 141871.95181127609, 339557.7347245395]",3.0,0.3,flattop,64,32,145.15,15,21,449.5238095238095,37.99999999999994,1008.0,"[2, 5, 11, 17, 22, 25, 29, 38, 44, 52, 55, 60, 65, 74, 78, 84, 89, 95, 98, 101, 105]","[37.99999999999994, 368.00000000000057, 460.99999999999966, 193.0, 951.0000000000002, 154.00000000000034, 880.9999999999999, 243.00000000000014, 491.00000000000057, 185.99999999999966, 320.9999999999999, 942.9999999999998, 810.0, 205.00000000000006, 478.0000000000002, 276.0000000000002, 347.0000000000001, 79.0, 1008.0, 114.00000000000011, 893.0000000000005]","[1, 1, 1, 15, 1, 24, 27, 35, 35, 49, 35, 35, 63, 73, 73, 73, 35, 92, 35, 99, 99]","[3, 8, 18, 18, 35, 27, 35, 39, 49, 53, 56, 73, 73, 75, 81, 85, 92, 97, 106, 102, 106]",0.05,30,52684909.0,1015.9999999999999,-1015.9999999999999,DWT,uc1.l0082987033,2.3283064365386963e-10,0.0,0.0,0.0,0.0,0.0,1.862645149230957e-09,1.1368683772161603e-13,1.0,84,0.0,1.8189894035458565e-12,1.0,84,,0.0,0.0,1.0,84,0.0,0.0,0.0,0.0,0.0,0.0,0.0,0.0,0.0,0.0,2.0165879548239033e-13,0.0,1.1368683772161603e-13,0.0,0.0,0.0,0.0,0.0,0.0,5.684341886080802e-14,5.551115123125783e-17,2.3283064365386963e-10,0.0,1.3877787807814457e-17,2.9103830456733704e-11,0.0,0.0,2.7755575615628914e-17,0.9066394109553099,0.5733955645608093,0.1528024509759119,0.4801890846583586,0.03544055382624579,0.0,0.0,0.0,437,1.1133345097353882,0.6294761469417075,164,0,0,0.0,0.0,356,0,0,0.4296934129953271,0.584460931031656,186,132.39429746027582,0.8289479360978349,285.75,241.38229970669332,0.7298809447931035,101,coif,217.80246913580248,181.0,166.32516494453617,81,0.48186386976947454,0.5930495234160287,0.4847804341365592,1,76.0
coif5,1,reflect,3.1844598240876626e-26,315.06466537089574,11048409.86303654,0.5441176470588235,415.7448144697338,108,raw,1.284486920120023e-13,-1.1167688995783525e-10,"[2, 5, 11, 17, 22, 25, 29, 38, 44, 52, 55, 60, 65, 74, 78, 84, 89, 95, 98, 101, 105]","[37.999999999999915, 368.0000000000001, 460.9999999999996, 193.00000000000023, 951.0000000000001, 154.0, 881.0000000000006, 242.99999999999986, 491.00000000000006, 185.9999999999999, 320.9999999999999, 943.0000000000001, 810.0000000000002, 204.99999999999994, 478.0000000000001, 276.0, 347.00000000000045, 78.99999999999989, 1007.9999999999999, 114.0, 893.0000000000001]",21,5.975131171034638,92889.72144685996,0.7501799300522847,4.365923718251289e-06,1.0,0.4907407407407407,67631.0,0.12910941990473743,0.15147910127183992,188156.12126451556,82872438.25058056,8,12069.579557418134,0.027777777777777776,"[0.0, 0.009259259259259259, 0.018518518518518517, 0.027777777777777776, 0.037037037037037035, 0.046296296296296294, 0.05555555555555555, 0.06481481481481481, 0.07407407407407407, 0.08333333333333333, 0.09259259259259259, 0.10185185185185185, 0.1111111111111111, 0.12037037037037036, 0.12962962962962962, 0.1388888888888889, 0.14814814814814814, 0.15740740740740738, 0.16666666666666666, 0.17592592592592593, 0.18518518518518517, 0.19444444444444442, 0.2037037037037037, 0.21296296296296297, 0.2222222222222222, 0.23148148148148145, 0.24074074074074073]","[67631.0, 1786.6346316370048, 1155.98318408694, 12069.579557418134, 1906.5778542068433, 950.5914327636035, 9083.877197385176, 2481.229636774485, 778.6316126029484, 8965.162396385991, 2042.6423114779152, 1606.7171021541485, 6927.939836298324, 1790.9411989177947, 2115.064375989648, 4469.146453396728, 811.3124818658849, 852.4454942250577, 2613.518509595829, 1125.8336361545953, 622.5282936168351, 1595.902895846696, 1672.0836322356447, 807.7671822537559, 3024.634439411759, 842.7313814743662, 842.823573226921]",3.0,0.3,145.1500000000001,15,0.5,1721880.1384885088,0.14445541615564297,0.12412575453778012,16430975.452705408,84089526828.82368,"[0.046875, 0.03125]",2,1721880.1384885088,0.046875,"[0.0, 0.015625, 0.03125, 0.046875, 0.0625, 0.078125, 0.09375, 0.109375, 0.125, 0.140625, 0.15625, 0.171875, 0.1875, 0.203125, 0.21875, 0.234375]","[154749.3857115654, 876106.9067082779, 1710291.376891533, 1721880.1384885088, 1236443.3975593026, 1200279.6938555262, 1385236.6101427814, 1437054.047422281, 1048940.2936461226, 664501.8455342911, 393060.2971508255, 165807.0810689747, 58528.0666285327, 51528.95639390752, 141871.95181127626, 339557.73472454003]",3.0,0.3,flattop,64,32,145.1500000000001,15,21,449.52380952380963,37.999999999999915,1007.9999999999999,"[2, 5, 11, 17, 22, 25, 29, 38, 44, 52, 55, 60, 65, 74, 78, 84, 89, 95, 98, 101, 105]","[37.999999999999915, 368.0000000000001, 460.9999999999996, 193.00000000000023, 951.0000000000001, 154.0, 881.0000000000006, 242.99999999999986, 491.00000000000006, 185.9999999999999, 320.9999999999999, 943.0000000000001, 810.0000000000002, 204.99999999999994, 478.0000000000001, 276.0, 347.00000000000045, 78.99999999999989, 1007.9999999999999, 114.0, 893.0000000000001]","[1, 1, 1, 15, 1, 24, 27, 35, 35, 49, 35, 35, 63, 73, 73, 73, 35, 92, 35, 99, 99]","[3, 8, 18, 18, 35, 27, 35, 39, 49, 53, 56, 73, 73, 75, 81, 85, 92, 97, 106, 102, 106]",0.05,30,52684909.0,1015.9999999999999,-1015.9999999999999,DWT,uc1.l0082987033,0.0,0.0,1.1368683772161603e-13,0.0,0.0,1.1368683772161603e-13,7.450580596923828e-09,1.1368683772161603e-13,1.0,84,0.0,3.637978807091713e-12,1.0,84,,0.0,0.0,1.0,84,0.0,0.0,0.0,3.0517578125e-05,0.0,0.0,0.0,0.0,1.1368683772161603e-13,1.8189894035458565e-12,1.5428927976505038e-13,0.0,1.1368683772161603e-13,0.0,8.526512829121202e-14,0.0,0.0,0.0,8.526512829121202e-14,8.526512829121202e-14,2.7755575615628914e-17,0.0,0.0,4.163336342344337e-17,2.9103830456733704e-11,0.0,0.0,5.551115123125783e-17,0.8937319880726262,0.680194165627106,0.18622860409642866,0.28573775879066676,0.012920663711829511,0.0,0.0,0.0,385,1.0889139467063416,0.6156688304638189,178,0,0,0.0,0.0,422,0,0,0.4117626360597315,0.5600718241360073,230,118.09141938910436,0.8474271067324233,303.75,267.8653738776643,0.7274926231336535,102,coif,217.80246913580248,181.0,166.32516494453617,81,0.48186386976947454,0.5930495234160287,0.4847804341365592,1,76.75
rbio3.7,1,smooth,8.312519529019439e-27,320.89769632559813,9270315.754763113,0.5737704918032787,462.0691481924381,108,raw,5.560983772233561e-14,-1.1097200935950074e-10,"[2, 5, 11, 17, 22, 25, 29, 38, 44, 52, 55, 60, 65, 74, 78, 84, 89, 95, 98, 101, 105]","[37.999999999999915, 367.9999999999999, 461.0000000000001, 193.0, 951.0000000000002, 154.0, 881.0000000000002, 242.99999999999994, 491.0000000000001, 185.9999999999999, 321.0, 943.0, 810.0000000000001, 204.99999999999997, 478.0, 275.9999999999999, 346.99999999999966, 78.99999999999989, 1008.0000000000001, 113.99999999999966, 893.0]",21,5.847117584776961,120941.16070716587,0.6747596193380757,4.365923718251291e-06,1.0,0.4907407407407407,67631.0,0.12910941990473745,0.15147910127183992,188156.12126451553,82872438.25058056,8,12069.57955741813,0.027777777777777776,"[0.0, 0.009259259259259259, 0.018518518518518517, 0.027777777777777776, 0.037037037037037035, 0.046296296296296294, 0.05555555555555555, 0.06481481481481481, 0.07407407407407407, 0.08333333333333333, 0.09259259259259259, 0.10185185185185185, 0.1111111111111111, 0.12037037037037036, 0.12962962962962962, 0.1388888888888889, 0.14814814814814814, 0.15740740740740738, 0.16666666666666666, 0.17592592592592593, 0.18518518518518517, 0.19444444444444442, 0.2037037037037037, 0.21296296296296297, 0.2222222222222222, 0.23148148148148145, 0.24074074074074073]","[67631.0, 1786.6346316370007, 1155.9831840869383, 12069.57955741813, 1906.5778542068429, 950.5914327636024, 9083.877197385176, 2481.229636774485, 778.6316126029435, 8965.162396385991, 2042.6423114779182, 1606.7171021541508, 6927.939836298324, 1790.9411989177934, 2115.0643759896493, 4469.146453396725, 811.3124818658862, 852.4454942250586, 2613.518509595828, 1125.8336361545942, 622.5282936168354, 1595.9028958466972, 1672.0836322356422, 807.7671822537562, 3024.63443941176, 842.7313814743659, 842.8235732269212]",3.0,0.3,145.1500000000001,15,0.5,1721880.1384885088,0.14445541615564292,0.12412575453778008,16430975.452705402,84089526828.82368,"[0.046875, 0.03125]",2,1721880.1384885088,0.046875,"[0.0, 0.015625, 0.03125, 0.046875, 0.0625, 0.078125, 0.09375, 0.109375, 0.125, 0.140625, 0.15625, 0.171875, 0.1875, 0.203125, 0.21875, 0.234375]","[154749.3857115655, 876106.9067082778, 1710291.376891533, 1721880.1384885088, 1236443.3975593026, 1200279.6938555266, 1385236.6101427814, 1437054.047422281, 1048940.2936461219, 664501.8455342908, 393060.29715082527, 165807.08106897457, 58528.066628532615, 51528.956393907465, 141871.95181127617, 339557.7347245399]",3.0,0.3,flattop,64,32,145.1500000000001,15,21,449.5238095238095,37.999999999999915,1008.0000000000001,"[2, 5, 11, 17, 22, 25, 29, 38, 44, 52, 55, 60, 65, 74, 78, 84, 89, 95, 98, 101, 105]","[37.999999999999915, 367.9999999999999, 461.0000000000001, 193.0, 951.0000000000002, 154.0, 881.0000000000002, 242.99999999999994, 491.0000000000001, 185.9999999999999, 321.0, 943.0, 810.0000000000001, 204.99999999999997, 478.0, 275.9999999999999, 346.99999999999966, 78.99999999999989, 1008.0000000000001, 113.99999999999966, 893.0]","[1, 1, 1, 15, 1, 24, 27, 35, 35, 49, 35, 35, 63, 73, 73, 73, 35, 92, 35, 99, 99]","[3, 8, 18, 18, 35, 27, 35, 39, 49, 53, 56, 73, 73, 75, 81, 85, 92, 97, 106, 102, 106]",0.05,30,52684909.0,1016.0,-1016.0,DWT,uc1.l0082987033,0.0,0.0,0.0,0.0,0.0,1.1368683772161603e-13,1.862645149230957e-09,0.0,1.0,84,0.0,0.0,1.0,84,,0.0,0.0,1.0,84,0.0,0.0,0.0,3.0517578125e-05,0.0,0.0,0.0,0.0,0.0,0.0,1.055663493129292e-13,0.0,0.0,0.0,8.526512829121202e-14,0.0,0.0,0.0,8.526512829121202e-14,8.526512829121202e-14,0.0,0.0,0.0,0.0,0.0,0.0,0.0,0.0,0.9536178035332047,0.5161647923905823,0.013747134390354784,0.6167231431449764,0.08885317746293031,0.0,0.0,0.0,435,1.1193571737535541,0.6328813439488322,160,0,0,0.0,0.0,367,0,0,0.4378212101844097,0.5955162085125313,174,138.041056694497,0.8216523815316576,284.0,235.00695778179016,0.7273636584660872,103,rbio,366.5925925925926,360.0,210.3588723315502,135,0.8110455588331695,0.7500562468954116,0.20725123474815782,3,78.0
rbio3.7,1,constant,8.395379141138208e-27,320.8546199722537,9256647.285823496,0.5655737704918032,421.9516592776676,108,raw,5.5379569243154095e-14,-1.1085199425053875e-10,"[2, 5, 11, 17, 22, 25, 29, 38, 44, 52, 55, 60, 65, 74, 78, 84, 89, 95, 98, 101, 105]","[37.999999999999886, 367.9999999999999, 461.0000000000001, 193.0, 951.0000000000002, 154.0, 881.0000000000002, 242.99999999999994, 491.0000000000001, 185.9999999999999, 321.0, 943.0, 810.0000000000001, 204.99999999999997, 478.0, 275.9999999999999, 346.99999999999966, 78.99999999999989, 1008.0000000000002, 113.99999999999977, 893.0]",21,5.8205043319191745,130262.68074068733,0.6981953730755065,4.365923718251291e-06,1.0,0.4907407407407407,67631.0,0.12910941990473745,0.15147910127183992,188156.12126451553,82872438.25058056,8,12069.57955741813,0.027777777777777776,"[0.0, 0.009259259259259259, 0.018518518518518517, 0.027777777777777776, 0.037037037037037035, 0.046296296296296294, 0.05555555555555555, 0.06481481481481481, 0.07407407407407407, 0.08333333333333333, 0.09259259259259259, 0.10185185185185185, 0.1111111111111111, 0.12037037037037036, 0.12962962962962962, 0.1388888888888889, 0.14814814814814814, 0.15740740740740738, 0.16666666666666666, 0.17592592592592593, 0.18518518518518517, 0.19444444444444442, 0.2037037037037037, 0.21296296296296297, 0.2222222222222222, 0.23148148148148145, 0.24074074074074073]","[67631.0, 1786.6346316370007, 1155.983184086938, 12069.57955741813, 1906.577854206843, 950.5914327636025, 9083.877197385176, 2481.229636774485, 778.6316126029435, 8965.162396385991, 2042.6423114779182, 1606.7171021541508, 6927.939836298323, 1790.9411989177931, 2115.0643759896493, 4469.146453396725, 811.3124818658862, 852.4454942250586, 2613.518509595828, 1125.8336361545942, 622.5282936168354, 1595.9028958466972, 1672.0836322356422, 807.7671822537559, 3024.6344394117605, 842.7313814743661, 842.8235732269214]",3.0,0.3,145.15000000000012,15,0.5,1721880.1384885088,0.14445541615564292,0.12412575453778008,16430975.452705402,84089526828.82368,"[0.046875, 0.03125]",2,1721880.1384885088,0.046875,"[0.0, 0.015625, 0.03125, 0.046875, 0.0625, 0.078125, 0.09375, 0.109375, 0.125, 0.140625, 0.15625, 0.171875, 0.1875, 0.203125, 0.21875, 0.234375]","[154749.3857115655, 876106.9067082778, 1710291.376891533, 1721880.1384885088, 1236443.3975593026, 1200279.6938555266, 1385236.6101427814, 1437054.047422281, 1048940.2936461219, 664501.8455342908, 393060.29715082527, 165807.08106897457, 58528.066628532615, 51528.956393907465, 141871.95181127617, 339557.7347245399]",3.0,0.3,flattop,64,32,145.15000000000012,15,21,449.5238095238095,37.999999999999886,1008.0000000000002,"[2, 5, 11, 17, 22, 25, 29, 38, 44, 52, 55, 60, 65, 74, 78, 84, 89, 95, 98, 101, 105]","[37.999999999999886, 367.9999999999999, 461.0000000000001, 193.0, 951.0000000000002, 154.0, 881.0000000000002, 242.99999999999994, 491.0000000000001, 185.9999999999999, 321.0, 943.0, 810.0000000000001, 204.99999999999997, 478.0, 275.9999999999999, 346.99999999999966, 78.99999999999989, 1008.0000000000002, 113.99999999999977, 893.0]","[1, 1, 1, 15, 1, 24, 27, 35, 35, 49, 35, 35, 63, 73, 73, 73, 35, 92, 35, 99, 99]","[3, 8, 18, 18, 35, 27, 35, 39, 49, 53, 56, 73, 73, 75, 81, 85, 92, 97, 106, 102, 106]",0.05,30,52684909.0,1016.0,-1016.0,DWT,uc1.l0082987033,0.0,0.0,0.0,0.0,0.0,2.2737367544323206e-13,1.862645149230957e-09,0.0,1.0,84,0.0,0.0,1.0,84,,0.0,0.0,1.0,84,0.0,0.0,0.0,3.0517578125e-05,0.0,0.0,0.0,0.0,0.0,0.0,1.0691976404771034e-13,0.0,0.0,0.0,1.1368683772161603e-13,0.0,0.0,0.0,1.1368683772161603e-13,1.1368683772161603e-13,0.0,0.0,0.0,0.0,0.0,0.0,0.0,0.0,0.953175552743327,0.48206407453973743,0.012421244157454651,0.5252312482828094,0.11408562423895399,0.0,0.0,0.0,402,1.0748747400032976,0.6077311031552037,192,0,0,0.0,0.0,432,0,0,0.41739554879245655,0.5677336065153066,216,123.97177098033245,0.8398297532553844,310.5,273.21769911504424,0.719333481278855,104,rbio,366.5925925925926,360.0,210.3588723315502,135,0.8110455588331695,0.7500562468954116,0.20725123474815782,3,78.75
sym14,1,periodic,4.740164507849174e-21,263.3370889701607,11051804.994302846,0.5746268656716418,424.48564077605266,108,raw,5.4797088677315965e-11,-8.970957311070052e-11,"[2, 5, 11, 17, 22, 25, 29, 38, 44, 52, 55, 60, 65, 74, 78, 84, 89, 95, 98, 101, 105]","[37.99999999996956, 367.99999999984874, 460.9999999998989, 192.99999999991905, 950.999999999847, 153.9999999998987, 880.9999999996957, 242.99999999991866, 490.99999999988034, 185.99999999994338, 320.999999999873, 942.9999999998968, 809.9999999997183, 204.99999999993437, 477.99999999985675, 275.9999999999354, 346.9999999999011, 79.00000000001137, 1007.9999999998297, 113.99999999992838, 892.9999999996649]",21,5.93706224292419,101274.51433222924,0.8181406815548424,4.365923718253378e-06,0.9999999999999994,0.4907407407407407,67630.99999999997,0.12910941990472355,0.15147910127184047,188156.12126448745,82872438.2505803,8,12069.579557417706,0.027777777777777776,"[0.0, 0.009259259259259259, 0.018518518518518517, 0.027777777777777776, 0.037037037037037035, 0.046296296296296294, 0.05555555555555555, 0.06481481481481481, 0.07407407407407407, 0.08333333333333333, 0.09259259259259259, 0.10185185185185185, 0.1111111111111111, 0.12037037037037036, 0.12962962962962962, 0.1388888888888889, 0.14814814814814814, 0.15740740740740738, 0.16666666666666666, 0.17592592592592593, 0.18518518518518517, 0.19444444444444442, 0.2037037037037037, 0.21296296296296297, 0.2222222222222222, 0.23148148148148145, 0.24074074074074073]","[67630.99999999997, 1786.6346316369925, 1155.9831840869213, 12069.579557417706, 1906.577854206729, 950.5914327635164, 9083.877197384083, 2481.2296367741046, 778.6316126028031, 8965.16239638406, 2042.6423114774186, 1606.7171021537192, 6927.9398362963175, 1790.9411989172406, 2115.0643759889654, 4469.1464533952285, 811.3124818656064, 852.4454942247588, 2613.5185095948964, 1125.8336361541865, 622.52829361661, 1595.9028958461095, 1672.0836322350249, 807.7671822534578, 3024.6344394106322, 842.7313814740528, 842.8235732266055]",3.0,0.3,145.15000000007308,15,0.5,1721880.1384882543,0.14445541615562815,0.1241257545377826,16430975.452698497,84089526828.77415,"[0.046875, 0.03125]",2,1721880.1384882543,0.046875,"[0.0, 0.015625, 0.03125, 0.046875, 0.0625, 0.078125, 0.09375, 0.109375, 0.125, 0.140625, 0.15625, 0.171875, 0.1875, 0.203125, 0.21875, 0.234375]","[154749.38571156043, 876106.9067081925, 1710291.3768913061, 1721880.1384882543, 1236443.3975589897, 1200279.6938550472, 1385236.6101421088, 1437054.0474215185, 1048940.2936455072, 664501.8455338682, 393060.29715056357, 165807.08106886048, 58528.06662849094, 51528.9563938693, 141871.9518111701, 339557.73472428607]",3.0,0.3,flattop,64,32,145.15000000007308,15,21,449.5238095236843,37.99999999996956,1007.9999999998297,"[2, 5, 11, 17, 22, 25, 29, 38, 44, 52, 55, 60, 65, 74, 78, 84, 89, 95, 98, 101, 105]","[37.99999999996956, 367.99999999984874, 460.9999999998989, 192.99999999991905, 950.999999999847, 153.9999999998987, 880.9999999996957, 242.99999999991866, 490.99999999988034, 185.99999999994338, 320.999999999873, 942.9999999998968, 809.9999999997183, 204.99999999993437, 477.99999999985675, 275.9999999999354, 346.9999999999011, 79.00000000001137, 1007.9999999998297, 113.99999999992838, 892.9999999996649]","[1, 1, 1, 15, 1, 24, 27, 35, 35, 49, 35, 35, 63, 73, 73, 73, 35, 92, 35, 99, 99]","[3, 8, 18, 18, 35, 27, 35, 39, 49, 53, 56, 73, 73, 75, 81, 85, 92, 97, 106, 102, 106]",0.05,30,52684908.99999617,1015.9999999999515,-1015.9999999999515,DWT,uc1.l0082987033,2.544838935136795e-07,0.0,1.2522605175036006e-10,2.682209014892578e-07,0.0,1.703028829069808e-10,6.902962923049927e-06,4.8544279707130045e-11,1.0,84,0.0,4.2382453102618456e-10,1.0,84,,0.0,0.0,1.0,84,0.0,0.0,3.829598426818848e-06,0.04949951171875,2.9103830456733704e-11,0.0,0.0,0.0,1.2522605175036006e-10,2.6302586775273085e-09,1.2632231768553278e-10,0.0,4.8544279707130045e-11,0.0,7.30722149455687e-11,0.0,0.0,0.0,7.30722149455687e-11,3.043965079996269e-11,1.3905543383430086e-14,2.544838935136795e-07,5.551115123125783e-16,2.525757381022231e-15,2.8085196390748024e-08,0.0,0.0,1.4765966227514582e-14,0.36266192885065507,0.6314147930597775,0.18655794393729136,0.6262819978320687,0.03561748133891523,0.01611841073724482,0.00805920536862241,0.01611841073724482,142,0.891343317477321,0.5039629618785622,452,0,0,0.01611841073724482,0.01611841073724482,142,0,0,0.36850682900374154,0.5012360856771901,373,159.46864895646416,0.7939681538030179,277.25,210.77190310382926,0.7178820097180464,105,sym,445.72514619883043,505.0,280.45746329325993,171,0.986117580085908,1.0,0.009717693939864401,6,80.25
coif3,1,symmetric,2.1903752935198764e-26,316.68983779017225,10134197.872269705,0.5645161290322581,431.58677079184395,108,raw,1.0520802336318236e-13,-1.1599432525599758e-10,"[2, 5, 11, 17, 22, 25, 29, 38, 44, 52, 55, 60, 65, 74, 78, 84, 89, 95, 98, 101, 105]","[38.0, 367.99999999999983, 461.0000000000002, 193.0, 951.0000000000003, 154.0, 881.0000000000001, 243.0000000000001, 491.0, 186.0000000000001, 321.0, 943.0000000000001, 810.0000000000002, 205.0, 478.0, 276.00000000000034, 347.0000000000001, 79.00000000000011, 1008.0000000000001, 114.00000000000011, 893.0000000000003]",21,5.816266094632209,103519.22814345438,0.7767829457222919,4.365923718251288e-06,1.0,0.4907407407407407,67631.0,0.12910941990473743,0.15147910127183994,188156.12126451556,82872438.25058056,8,12069.579557418134,0.027777777777777776,"[0.0, 0.009259259259259259, 0.018518518518518517, 0.027777777777777776, 0.037037037037037035, 0.046296296296296294, 0.05555555555555555, 0.06481481481481481, 0.07407407407407407, 0.08333333333333333, 0.09259259259259259, 0.10185185185185185, 0.1111111111111111, 0.12037037037037036, 0.12962962962962962, 0.1388888888888889, 0.14814814814814814, 0.15740740740740738, 0.16666666666666666, 0.17592592592592593, 0.18518518518518517, 0.19444444444444442, 0.2037037037037037, 0.21296296296296297, 0.2222222222222222, 0.23148148148148145, 0.24074074074074073]","[67631.0, 1786.6346316370013, 1155.9831840869358, 12069.579557418134, 1906.5778542068456, 950.5914327635994, 9083.877197385174, 2481.2296367744843, 778.6316126029438, 8965.162396385993, 2042.6423114779182, 1606.7171021541508, 6927.939836298324, 1790.9411989177936, 2115.0643759896493, 4469.146453396727, 811.3124818658853, 852.4454942250567, 2613.5185095958277, 1125.8336361545944, 622.5282936168358, 1595.9028958466993, 1672.083632235643, 807.7671822537576, 3024.6344394117605, 842.7313814743663, 842.8235732269208]",3.0,0.3,145.15,15,0.5,1721880.1384885085,0.14445541615564297,0.1241257545377801,16430975.452705408,84089526828.82372,"[0.046875, 0.03125]",2,1721880.1384885085,0.046875,"[0.0, 0.015625, 0.03125, 0.046875, 0.0625, 0.078125, 0.09375, 0.109375, 0.125, 0.140625, 0.15625, 0.171875, 0.1875, 0.203125, 0.21875, 0.234375]","[154749.38571156547, 876106.9067082779, 1710291.3768915324, 1721880.1384885085, 1236443.3975593022, 1200279.6938555273, 1385236.6101427823, 1437054.0474222817, 1048940.293646123, 664501.8455342911, 393060.2971508255, 165807.08106897457, 58528.06662853267, 51528.956393907625, 141871.95181127635, 339557.73472454003]",3.0,0.3,flattop,64,32,145.15,15,21,449.52380952380963,38.0,1008.0000000000001,"[2, 5, 11, 17, 22, 25, 29, 38, 44, 52, 55, 60, 65, 74, 78, 84, 89, 95, 98, 101, 105]","[38.0, 367.99999999999983, 461.0000000000002, 193.0, 951.0000000000003, 154.0, 881.0000000000001, 243.0000000000001, 491.0, 186.0000000000001, 321.0, 943.0000000000001, 810.0000000000002, 205.0, 478.0, 276.00000000000034, 347.0000000000001, 79.00000000000011, 1008.0000000000001, 114.00000000000011, 893.0000000000003]","[1, 1, 1, 15, 1, 24, 27, 35, 35, 49, 35, 35, 63, 73, 73, 73, 35, 92, 35, 99, 99]","[3, 8, 18, 18, 35, 27, 35, 39, 49, 53, 56, 73, 73, 75, 81, 85, 92, 97, 106, 102, 106]",0.05,30,52684909.0,1016.0000000000001,-1016.0000000000001,DWT,uc1.l0082987033,2.3283064365386963e-10,0.0,1.1368683772161603e-13,0.0,0.0,1.1368683772161603e-13,7.450580596923828e-09,1.1368683772161603e-13,1.0,84,0.0,3.637978807091713e-12,1.0,84,,0.0,0.0,1.0,84,0.0,0.0,0.0,6.103515625e-05,0.0,0.0,0.0,0.0,1.1368683772161603e-13,1.8189894035458565e-12,1.2180732613030286e-13,0.0,1.1368683772161603e-13,0.0,0.0,0.0,0.0,0.0,0.0,0.0,2.7755575615628914e-17,2.3283064365386963e-10,2.7755575615628914e-17,2.7755575615628914e-17,2.9103830456733704e-11,0.0,0.0,5.551115123125783e-17,0.9104171002121315,0.4766334368540686,0.09754678064474703,0.5134258424941438,0.04169370298146492,0.0,0.0,0.0,438,1.0553881870669302,0.5967134618692298,222,0,0,0.0,0.0,404,0,0,0.4079433726373112,0.5548769335740075,236,111.86301146193648,0.8554741453980149,325.0,296.2931097696609,0.7177887522855708,106,coif,217.80246913580248,181.0,166.32516494453617,81,0.48186386976947454,0.5930495234160287,0.4847804341365592,1,79.75
coif9,1,periodic,4.601034881835372e-26,313.4664678538706,12712460.715681132,0.5625,444.87256221930943,108,raw,1.5501180586044114e-13,-1.0858636212418626e-10,"[2, 5, 11, 17, 22, 25, 29, 38, 44, 52, 55, 60, 65, 74, 78, 84, 89, 95, 98, 101, 105]","[38.000000000000085, 367.99999999999943, 460.99999999999983, 193.00000000000045, 951.0000000000005, 153.99999999999932, 881.0000000000007, 243.00000000000006, 491.0000000000001, 185.9999999999999, 321.0000000000001, 942.9999999999998, 810.0000000000005, 204.9999999999999, 477.99999999999966, 275.9999999999999, 346.9999999999998, 79.00000000000011, 1008.0, 114.0, 892.9999999999995]",21,6.216496102188782,95423.81917242428,0.7506741563840305,4.365923718251291e-06,1.0,0.4907407407407407,67631.0,0.1291094199047374,0.15147910127183992,188156.1212645155,82872438.25058056,8,12069.579557418128,0.027777777777777776,"[0.0, 0.009259259259259259, 0.018518518518518517, 0.027777777777777776, 0.037037037037037035, 0.046296296296296294, 0.05555555555555555, 0.06481481481481481, 0.07407407407407407, 0.08333333333333333, 0.09259259259259259, 0.10185185185185185, 0.1111111111111111, 0.12037037037037036, 0.12962962962962962, 0.1388888888888889, 0.14814814814814814, 0.15740740740740738, 0.16666666666666666, 0.17592592592592593, 0.18518518518518517, 0.19444444444444442, 0.2037037037037037, 0.21296296296296297, 0.2222222222222222, 0.23148148148148145, 0.24074074074074073]","[67631.0, 1786.634631637003, 1155.9831840869388, 12069.579557418128, 1906.5778542068438, 950.5914327635991, 9083.877197385178, 2481.2296367744825, 778.6316126029448, 8965.16239638599, 2042.6423114779177, 1606.7171021541492, 6927.939836298324, 1790.9411989177922, 2115.0643759896493, 4469.146453396724, 811.3124818658853, 852.4454942250567, 2613.518509595827, 1125.8336361545912, 622.5282936168378, 1595.9028958466965, 1672.083632235639, 807.7671822537563, 3024.6344394117577, 842.7313814743634, 842.823573226921]",3.0,0.3,145.14999999999998,15,0.5,1721880.1384885088,0.14445541615564297,0.12412575453778012,16430975.452705408,84089526828.82372,"[0.046875, 0.03125]",2,1721880.1384885088,0.046875,"[0.0, 0.015625, 0.03125, 0.046875, 0.0625, 0.078125, 0.09375, 0.109375, 0.125, 0.140625, 0.15625, 0.171875, 0.1875, 0.203125, 0.21875, 0.234375]","[154749.38571156544, 876106.906708278, 1710291.3768915324, 1721880.1384885088, 1236443.3975593029, 1200279.6938555273, 1385236.6101427819, 1437054.0474222817, 1048940.2936461223, 664501.8455342909, 393060.29715082503, 165807.0810689744, 58528.06662853264, 51528.95639390754, 141871.95181127614, 339557.7347245398]",3.0,0.3,flattop,64,32,145.14999999999998,15,21,449.5238095238095,38.000000000000085,1008.0,"[2, 5, 11, 17, 22, 25, 29, 38, 44, 52, 55, 60, 65, 74, 78, 84, 89, 95, 98, 101, 105]","[38.000000000000085, 367.99999999999943, 460.99999999999983, 193.00000000000045, 951.0000000000005, 153.99999999999932, 881.0000000000007, 243.00000000000006, 491.0000000000001, 185.9999999999999, 321.0000000000001, 942.9999999999998, 810.0000000000005, 204.9999999999999, 477.99999999999966, 275.9999999999999, 346.9999999999998, 79.00000000000011, 1008.0, 114.0, 892.9999999999995]","[1, 1, 1, 15, 1, 24, 27, 35, 35, 49, 35, 35, 63, 73, 73, 73, 35, 92, 35, 99, 99]","[3, 8, 18, 18, 35, 27, 35, 39, 49, 53, 56, 73, 73, 75, 81, 85, 92, 97, 106, 102, 106]",0.05,30,52684909.0,1016.0,-1016.0,DWT,uc1.l0082987033,0.0,0.0,0.0,0.0,0.0,0.0,7.450580596923828e-09,0.0,1.0,84,0.0,1.8189894035458565e-12,1.0,84,,0.0,0.0,1.0,84,0.0,0.0,0.0,6.103515625e-05,0.0,0.0,0.0,0.0,0.0,0.0,2.639158732823229e-13,0.0,0.0,0.0,2.842170943040401e-14,0.0,0.0,0.0,2.842170943040401e-14,8.526512829121202e-14,5.551115123125783e-17,0.0,0.0,4.163336342344337e-17,2.9103830456733704e-11,0.0,0.0,5.551115123125783e-17,0.8773238184062259,0.989465544828988,0.3476474712949069,0.49092178770949735,0.019780219423301687,0.0,0.0,0.0,357,1.3992316019588025,0.7911215450327144,44,0,0,0.0,0.0,454,0,0,0.5450277683325839,0.7413365606356919,52,210.19257043641352,0.7284333715291815,226.75,85.17560069861389,0.7177373575992161,107,coif,217.80246913580248,181.0,166.32516494453617,81,0.48186386976947454,0.5930495234160287,0.4847804341365592,1,80.5
bior2.8,1,symmetric,1.4379940921779878e-26,318.5174520937698,10593561.77601892,0.5806451612903226,394.3068870476497,108,raw,8.269927952318937e-14,-1.1685119538640332e-10,"[2, 5, 11, 17, 22, 25, 29, 38, 44, 52, 55, 60, 65, 74, 78, 84, 89, 95, 98, 101, 105]","[38.00000000000006, 368.0, 461.0000000000001, 193.0, 951.0, 154.0, 881.0, 243.00000000000003, 491.0, 186.0, 321.0, 943.0000000000002, 810.0, 205.00000000000006, 478.00000000000006, 276.0, 346.9999999999999, 79.0, 1008.0000000000001, 114.0, 892.9999999999999]",21,5.724944568160324,111024.42902280067,0.8569623390201222,4.365923718251291e-06,1.0,0.4907407407407407,67631.0,0.1291094199047374,0.15147910127183992,188156.12126451556,82872438.25058058,8,12069.579557418134,0.027777777777777776,"[0.0, 0.009259259259259259, 0.018518518518518517, 0.027777777777777776, 0.037037037037037035, 0.046296296296296294, 0.05555555555555555, 0.06481481481481481, 0.07407407407407407, 0.08333333333333333, 0.09259259259259259, 0.10185185185185185, 0.1111111111111111, 0.12037037037037036, 0.12962962962962962, 0.1388888888888889, 0.14814814814814814, 0.15740740740740738, 0.16666666666666666, 0.17592592592592593, 0.18518518518518517, 0.19444444444444442, 0.2037037037037037, 0.21296296296296297, 0.2222222222222222, 0.23148148148148145, 0.24074074074074073]","[67631.0, 1786.6346316370007, 1155.9831840869376, 12069.579557418134, 1906.5778542068429, 950.5914327635982, 9083.87719738518, 2481.2296367744843, 778.6316126029456, 8965.16239638599, 2042.642311477917, 1606.71710215415, 6927.939836298325, 1790.9411989177922, 2115.064375989648, 4469.146453396726, 811.312481865887, 852.445494225058, 2613.518509595829, 1125.8336361545958, 622.5282936168383, 1595.9028958466968, 1672.0836322356429, 807.7671822537559, 3024.6344394117596, 842.7313814743646, 842.8235732269197]",3.0,0.3,145.14999999999998,15,0.5,1721880.1384885092,0.14445541615564295,0.12412575453778009,16430975.452705404,84089526828.82372,"[0.046875, 0.03125]",2,1721880.1384885092,0.046875,"[0.0, 0.015625, 0.03125, 0.046875, 0.0625, 0.078125, 0.09375, 0.109375, 0.125, 0.140625, 0.15625, 0.171875, 0.1875, 0.203125, 0.21875, 0.234375]","[154749.3857115655, 876106.9067082782, 1710291.3768915334, 1721880.1384885092, 1236443.3975593026, 1200279.6938555264, 1385236.6101427814, 1437054.047422281, 1048940.293646123, 664501.8455342911, 393060.29715082527, 165807.08106897463, 58528.0666285326, 51528.95639390746, 141871.9518112761, 339557.7347245399]",3.0,0.3,flattop,64,32,145.14999999999998,15,21,449.5238095238095,38.00000000000006,1008.0000000000001,"[2, 5, 11, 17, 22, 25, 29, 38, 44, 52, 55, 60, 65, 74, 78, 84, 89, 95, 98, 101, 105]","[38.00000000000006, 368.0, 461.0000000000001, 193.0, 951.0, 154.0, 881.0, 243.00000000000003, 491.0, 186.0, 321.0, 943.0000000000002, 810.0, 205.00000000000006, 478.00000000000006, 276.0, 346.9999999999999, 79.0, 1008.0000000000001, 114.0, 892.9999999999999]","[1, 1, 1, 15, 1, 24, 27, 35, 35, 49, 35, 35, 63, 73, 73, 73, 35, 92, 35, 99, 99]","[3, 8, 18, 18, 35, 27, 35, 39, 49, 53, 56, 73, 73, 75, 81, 85, 92, 97, 106, 102, 106]",0.05,30,52684909.0,1016.0000000000001,-1016.0000000000001,DWT,uc1.l0082987033,4.656612873077393e-10,0.0,0.0,1.4901161193847656e-08,0.0,1.1368683772161603e-13,3.725290298461914e-09,1.1368683772161603e-13,1.0,84,0.0,3.637978807091713e-12,1.0,84,,0.0,0.0,1.0,84,0.0,0.0,0.0,6.103515625e-05,0.0,0.0,0.0,0.0,0.0,0.0,4.1955856778215455e-14,0.0,1.1368683772161603e-13,0.0,2.842170943040401e-14,0.0,0.0,0.0,2.842170943040401e-14,5.684341886080802e-14,5.551115123125783e-17,4.656612873077393e-10,0.0,1.3877787807814457e-17,2.9103830456733704e-11,0.0,0.0,2.7755575615628914e-17,0.9291806167729554,0.35961919494357275,0.1421067175344317,0.6934582807713107,0.0620095507241565,0.0,0.0,0.0,463,1.1105584589009623,0.6279065757412386,166,0,0,0.0,0.0,366,0,0,0.43727487214928545,0.5947730897515504,175,146.3796433934719,0.8108790137035247,292.5,240.52265933489608,0.7164860184796693,108,bior,385.74074074074076,410.0,199.97417605530825,135,0.8534087184529663,0.7130285416801533,0.18870533457887761,4,82.0
rbio3.7,1,zero,8.401339423533212e-27,320.8515378013483,9257447.95255672,0.5655737704918032,421.06864414764664,108,raw,5.547825573423188e-14,-1.1086365159229731e-10,"[2, 5, 11, 17, 22, 25, 29, 38, 44, 52, 55, 60, 65, 74, 78, 84, 89, 95, 98, 101, 105]","[37.999999999999886, 367.9999999999999, 461.0000000000001, 193.0, 951.0000000000002, 154.0, 881.0000000000002, 242.99999999999994, 491.0000000000001, 185.9999999999999, 321.0, 943.0, 810.0000000000001, 204.99999999999997, 478.0, 275.9999999999999, 346.99999999999966, 78.99999999999989, 1008.0000000000002, 113.99999999999977, 893.0]",21,5.817108527160573,133932.6524991046,0.7070829546239599,4.365923718251291e-06,1.0,0.4907407407407407,67631.0,0.12910941990473745,0.15147910127183992,188156.12126451553,82872438.25058056,8,12069.57955741813,0.027777777777777776,"[0.0, 0.009259259259259259, 0.018518518518518517, 0.027777777777777776, 0.037037037037037035, 0.046296296296296294, 0.05555555555555555, 0.06481481481481481, 0.07407407407407407, 0.08333333333333333, 0.09259259259259259, 0.10185185185185185, 0.1111111111111111, 0.12037037037037036, 0.12962962962962962, 0.1388888888888889, 0.14814814814814814, 0.15740740740740738, 0.16666666666666666, 0.17592592592592593, 0.18518518518518517, 0.19444444444444442, 0.2037037037037037, 0.21296296296296297, 0.2222222222222222, 0.23148148148148145, 0.24074074074074073]","[67631.0, 1786.6346316370007, 1155.983184086938, 12069.57955741813, 1906.577854206843, 950.5914327636025, 9083.877197385176, 2481.229636774485, 778.6316126029436, 8965.162396385991, 2042.6423114779186, 1606.7171021541508, 6927.939836298323, 1790.9411989177931, 2115.0643759896493, 4469.146453396725, 811.3124818658862, 852.4454942250585, 2613.518509595828, 1125.8336361545942, 622.5282936168354, 1595.9028958466972, 1672.0836322356422, 807.7671822537559, 3024.6344394117605, 842.7313814743661, 842.8235732269214]",3.0,0.3,145.15000000000012,15,0.5,1721880.1384885088,0.14445541615564292,0.12412575453778008,16430975.452705402,84089526828.82368,"[0.046875, 0.03125]",2,1721880.1384885088,0.046875,"[0.0, 0.015625, 0.03125, 0.046875, 0.0625, 0.078125, 0.09375, 0.109375, 0.125, 0.140625, 0.15625, 0.171875, 0.1875, 0.203125, 0.21875, 0.234375]","[154749.3857115655, 876106.9067082778, 1710291.376891533, 1721880.1384885088, 1236443.3975593026, 1200279.6938555266, 1385236.6101427814, 1437054.047422281, 1048940.2936461219, 664501.8455342908, 393060.29715082527, 165807.08106897457, 58528.066628532615, 51528.956393907465, 141871.95181127617, 339557.7347245399]",3.0,0.3,flattop,64,32,145.15000000000012,15,21,449.5238095238095,37.999999999999886,1008.0000000000002,"[2, 5, 11, 17, 22, 25, 29, 38, 44, 52, 55, 60, 65, 74, 78, 84, 89, 95, 98, 101, 105]","[37.999999999999886, 367.9999999999999, 461.0000000000001, 193.0, 951.0000000000002, 154.0, 881.0000000000002, 242.99999999999994, 491.0000000000001, 185.9999999999999, 321.0, 943.0, 810.0000000000001, 204.99999999999997, 478.0, 275.9999999999999, 346.99999999999966, 78.99999999999989, 1008.0000000000002, 113.99999999999977, 893.0]","[1, 1, 1, 15, 1, 24, 27, 35, 35, 49, 35, 35, 63, 73, 73, 73, 35, 92, 35, 99, 99]","[3, 8, 18, 18, 35, 27, 35, 39, 49, 53, 56, 73, 73, 75, 81, 85, 92, 97, 106, 102, 106]",0.05,30,52684909.0,1016.0,-1016.0,DWT,uc1.l0082987033,0.0,0.0,0.0,0.0,0.0,2.2737367544323206e-13,1.862645149230957e-09,0.0,1.0,84,0.0,0.0,1.0,84,,0.0,0.0,1.0,84,0.0,0.0,0.0,3.0517578125e-05,0.0,0.0,0.0,0.0,0.0,0.0,1.0691976404771034e-13,0.0,0.0,0.0,1.1368683772161603e-13,0.0,0.0,0.0,1.1368683772161603e-13,1.1368683772161603e-13,0.0,0.0,0.0,0.0,0.0,0.0,0.0,0.0,0.9531439091056549,0.4777128822759274,0.01249891168598908,0.5252312482828094,0.12401988031851643,0.0,0.0,0.0,412,1.0766926938848815,0.6087589690793178,190,0,0,0.0,0.0,431,0,0,0.4185213663337795,0.569264922445394,212,127.85766826175633,0.8348092141320977,311.25,271.6005789406613,0.7163387155931806,109,rbio,366.5925925925926,360.0,210.3588723315502,135,0.8110455588331695,0.7500562468954116,0.20725123474815782,3,82.5
sym15,1,periodic,1.1831984944814271e-20,259.3644470279528,11170202.14142293,0.5735294117647058,509.67832873351637,108,raw,8.655489493860473e-11,-1.6166701312745728e-10,"[2, 5, 11, 17, 22, 25, 29, 38, 44, 52, 55, 60, 65, 74, 78, 84, 89, 95, 98, 101, 105]","[37.99999999995103, 367.99999999975853, 460.9999999998422, 192.999999999863, 950.9999999997729, 153.9999999998247, 880.9999999995106, 242.9999999998658, 490.99999999981816, 185.99999999990848, 320.99999999979605, 942.9999999998478, 809.9999999995442, 204.9999999998876, 477.9999999997701, 275.9999999998922, 346.9999999998422, 79.00000000002899, 1007.9999999997292, 113.99999999987324, 892.9999999994707]",21,5.974368990910157,99935.60834379698,0.8108903513194018,4.3659237182545925e-06,1.0,0.4907407407407407,67631.00000000006,0.12910941990471503,0.15147910127184092,188156.12126447118,82872438.2505805,8,12069.579557417497,0.027777777777777776,"[0.0, 0.009259259259259259, 0.018518518518518517, 0.027777777777777776, 0.037037037037037035, 0.046296296296296294, 0.05555555555555555, 0.06481481481481481, 0.07407407407407407, 0.08333333333333333, 0.09259259259259259, 0.10185185185185185, 0.1111111111111111, 0.12037037037037036, 0.12962962962962962, 0.1388888888888889, 0.14814814814814814, 0.15740740740740738, 0.16666666666666666, 0.17592592592592593, 0.18518518518518517, 0.19444444444444442, 0.2037037037037037, 0.21296296296296297, 0.2222222222222222, 0.23148148148148145, 0.24074074074074073]","[67631.00000000006, 1786.634631636994, 1155.9831840869101, 12069.579557417497, 1906.5778542066719, 950.591432763474, 9083.877197383532, 2481.229636773913, 778.6316126027306, 8965.162396383104, 2042.6423114771744, 1606.7171021535014, 6927.9398362952825, 1790.9411989169512, 2115.0643759885897, 4469.146453394378, 811.3124818654409, 852.4454942245737, 2613.5185095942975, 1125.8336361539255, 622.5282936164622, 1595.9028958457245, 1672.0836322346136, 807.7671822532557, 3024.6344394098887, 842.7313814738428, 842.8235732263961]",3.0,0.3,145.15000000011622,15,0.5,1721880.138488128,0.14445541615561833,0.12412575453778411,16430975.452694617,84089526828.74962,"[0.046875, 0.03125]",2,1721880.138488128,0.046875,"[0.0, 0.015625, 0.03125, 0.046875, 0.0625, 0.078125, 0.09375, 0.109375, 0.125, 0.140625, 0.15625, 0.171875, 0.1875, 0.203125, 0.21875, 0.234375]","[154749.38571155796, 876106.9067081504, 1710291.3768911946, 1721880.138488128, 1236443.397558834, 1200279.6938548067, 1385236.6101417677, 1437054.047421121, 1048940.293645176, 664501.8455336309, 393060.2971504111, 165807.08106879133, 58528.06662846405, 51528.95639384366, 141871.9518110998, 339557.73472411884]",3.0,0.3,flattop,64,32,145.15000000011622,15,21,449.5238095236094,37.99999999995103,1007.9999999997292,"[2, 5, 11, 17, 22, 25, 29, 38, 44, 52, 55, 60, 65, 74, 78, 84, 89, 95, 98, 101, 105]","[37.99999999995103, 367.99999999975853, 460.9999999998422, 192.999999999863, 950.9999999997729, 153.9999999998247, 880.9999999995106, 242.9999999998658, 490.99999999981816, 185.99999999990848, 320.99999999979605, 942.9999999998478, 809.9999999995442, 204.9999999998876, 477.9999999997701, 275.9999999998922, 346.9999999998422, 79.00000000002899, 1007.9999999997292, 113.99999999987324, 892.9999999994707]","[1, 1, 1, 15, 1, 24, 27, 35, 35, 49, 35, 35, 63, 73, 73, 73, 35, 92, 35, 99, 99]","[3, 8, 18, 18, 35, 27, 35, 39, 49, 53, 56, 73, 73, 75, 81, 85, 92, 97, 106, 102, 106]",0.05,30,52684908.99999413,1015.9999999999233,-1015.9999999999233,DWT,uc1.l0082987033,3.8067810237407684e-07,0.0,2.0014567780890502e-10,5.960464477539063e-08,0.0,2.708020474528894e-10,1.078285276889801e-05,7.673861546209082e-11,1.0,84,0.0,6.330083124339581e-10,1.0,84,,0.0,0.0,1.0,84,0.0,0.0,5.8710575103759766e-06,0.07403564453125,5.820766091346741e-11,0.0,0.0,0.0,2.0014567780890502e-10,4.203684511594474e-09,2.0287416191422378e-10,0.0,7.673861546209082e-11,0.0,1.1621636986092199e-10,0.0,0.0,0.0,1.1621636986092199e-10,4.8970605348586105e-11,2.2426505097428162e-14,3.8067810237407684e-07,9.992007221626409e-16,4.038436252074007e-15,4.4354237616062164e-08,0.0,0.0,2.4591439995447217e-14,0.321876117136382,0.6792175510991731,0.19804288944678847,0.6140322050607949,0.03199319324322643,0.02471071529367494,0.01235535764683747,0.02471071529367494,119,0.8901660498764185,0.5032973381447648,462,0,0,0.02471071529367494,0.02471071529367494,120,0,0,0.369032391197273,0.5019509455276244,370,175.2567164666355,0.7735701337640368,267.75,185.15175890602976,0.7138199506029487,110,sym,445.72514619883043,505.0,280.45746329325993,171,0.986117580085908,1.0,0.009717693939864401,6,84.0
coif9,1,reflect,5.48393385037284e-26,312.7041010368439,12986403.621175138,0.55,430.1117299924085,108,raw,1.705549282051934e-13,-1.112607783682058e-10,"[2, 5, 11, 17, 22, 25, 29, 38, 44, 52, 55, 60, 65, 74, 78, 84, 89, 95, 98, 101, 105]","[37.999999999999886, 367.9999999999993, 460.9999999999998, 192.99999999999955, 951.0000000000005, 153.99999999999943, 881.0000000000007, 243.0, 490.9999999999999, 185.9999999999999, 321.0000000000001, 942.9999999999997, 810.0000000000005, 204.99999999999991, 477.9999999999998, 276.0000000000002, 347.0, 78.99999999999989, 1008.0000000000002, 114.0, 892.9999999999995]",21,6.223489772799809,89551.19765845731,0.7544453265950186,4.36592371825129e-06,0.9999999999999997,0.4907407407407407,67631.0,0.12910941990473745,0.15147910127183994,188156.1212645155,82872438.25058056,8,12069.579557418134,0.027777777777777776,"[0.0, 0.009259259259259259, 0.018518518518518517, 0.027777777777777776, 0.037037037037037035, 0.046296296296296294, 0.05555555555555555, 0.06481481481481481, 0.07407407407407407, 0.08333333333333333, 0.09259259259259259, 0.10185185185185185, 0.1111111111111111, 0.12037037037037036, 0.12962962962962962, 0.1388888888888889, 0.14814814814814814, 0.15740740740740738, 0.16666666666666666, 0.17592592592592593, 0.18518518518518517, 0.19444444444444442, 0.2037037037037037, 0.21296296296296297, 0.2222222222222222, 0.23148148148148145, 0.24074074074074073]","[67631.0, 1786.6346316370034, 1155.9831840869394, 12069.579557418134, 1906.5778542068426, 950.5914327635993, 9083.877197385178, 2481.229636774481, 778.6316126029468, 8965.16239638599, 2042.6423114779154, 1606.7171021541517, 6927.939836298324, 1790.9411989177922, 2115.0643759896484, 4469.146453396724, 811.3124818658839, 852.4454942250582, 2613.518509595828, 1125.8336361545919, 622.5282936168387, 1595.9028958466972, 1672.083632235639, 807.7671822537568, 3024.6344394117573, 842.7313814743626, 842.8235732269197]",3.0,0.3,145.15000000000012,15,0.5,1721880.1384885088,0.144455416155643,0.12412575453778012,16430975.452705404,84089526828.82372,"[0.046875, 0.03125]",2,1721880.1384885088,0.046875,"[0.0, 0.015625, 0.03125, 0.046875, 0.0625, 0.078125, 0.09375, 0.109375, 0.125, 0.140625, 0.15625, 0.171875, 0.1875, 0.203125, 0.21875, 0.234375]","[154749.38571156532, 876106.9067082778, 1710291.3768915324, 1721880.1384885088, 1236443.3975593029, 1200279.6938555273, 1385236.6101427819, 1437054.0474222808, 1048940.293646122, 664501.8455342904, 393060.2971508249, 165807.08106897445, 58528.06662853262, 51528.95639390757, 141871.95181127614, 339557.7347245398]",3.0,0.3,flattop,64,32,145.15000000000012,15,21,449.5238095238095,37.999999999999886,1008.0000000000002,"[2, 5, 11, 17, 22, 25, 29, 38, 44, 52, 55, 60, 65, 74, 78, 84, 89, 95, 98, 101, 105]","[37.999999999999886, 367.9999999999993, 460.9999999999998, 192.99999999999955, 951.0000000000005, 153.99999999999943, 881.0000000000007, 243.0, 490.9999999999999, 185.9999999999999, 321.0000000000001, 942.9999999999997, 810.0000000000005, 204.99999999999991, 477.9999999999998, 276.0000000000002, 347.0, 78.99999999999989, 1008.0000000000002, 114.0, 892.9999999999995]","[1, 1, 1, 15, 1, 24, 27, 35, 35, 49, 35, 35, 63, 73, 73, 73, 35, 92, 35, 99, 99]","[3, 8, 18, 18, 35, 27, 35, 39, 49, 53, 56, 73, 73, 75, 81, 85, 92, 97, 106, 102, 106]",0.05,30,52684909.0,1016.0000000000002,-1016.0000000000002,DWT,uc1.l0082987033,0.0,0.0,0.0,0.0,0.0,2.2737367544323206e-13,3.725290298461914e-09,2.2737367544323206e-13,1.0,84,0.0,3.637978807091713e-12,1.0,84,,0.0,0.0,1.0,84,0.0,0.0,0.0,6.103515625e-05,0.0,0.0,0.0,0.0,0.0,0.0,2.6932953222144745e-13,0.0,2.2737367544323206e-13,0.0,1.1368683772161603e-13,0.0,0.0,0.0,1.1368683772161603e-13,1.1368683772161603e-13,0.0,0.0,2.7755575615628914e-17,4.163336342344337e-17,2.9103830456733704e-11,0.0,0.0,8.326672684688674e-17,0.8694968483674462,0.9984268390203739,0.37422091008833464,0.35139664804469345,0.003883605002689451,0.0,0.0,0.0,358,1.3501340847937753,0.7633619492785226,58,0,0,0.0,0.0,467,0,0,0.5194849701047076,0.7065937249721146,64,207.77451720555146,0.731557471310657,236.75,105.81729795850582,0.7128394591695404,111,coif,217.80246913580248,181.0,166.32516494453617,81,0.48186386976947454,0.5930495234160287,0.4847804341365592,1,83.5
coif9,1,symmetric,4.718487505501611e-26,313.35699501802503,12861518.806186004,0.55,443.4920030586277,108,raw,1.6244618818830156e-13,-1.115578740495955e-10,"[2, 5, 11, 17, 22, 25, 29, 38, 44, 52, 55, 60, 65, 74, 78, 84, 89, 95, 98, 101, 105]","[37.9999999999998, 367.9999999999999, 460.9999999999999, 193.00000000000057, 951.0000000000003, 153.99999999999955, 881.0000000000007, 242.99999999999991, 491.0000000000001, 185.9999999999999, 321.0000000000001, 942.9999999999998, 810.0000000000003, 204.9999999999999, 477.9999999999997, 276.0, 346.99999999999955, 79.0, 1008.0, 114.0, 892.9999999999992]",21,6.224717516189843,92097.65526279084,0.772666788956673,4.36592371825129e-06,1.0,0.4907407407407407,67631.0,0.12910941990473743,0.15147910127183994,188156.12126451553,82872438.25058056,8,12069.579557418137,0.027777777777777776,"[0.0, 0.009259259259259259, 0.018518518518518517, 0.027777777777777776, 0.037037037037037035, 0.046296296296296294, 0.05555555555555555, 0.06481481481481481, 0.07407407407407407, 0.08333333333333333, 0.09259259259259259, 0.10185185185185185, 0.1111111111111111, 0.12037037037037036, 0.12962962962962962, 0.1388888888888889, 0.14814814814814814, 0.15740740740740738, 0.16666666666666666, 0.17592592592592593, 0.18518518518518517, 0.19444444444444442, 0.2037037037037037, 0.21296296296296297, 0.2222222222222222, 0.23148148148148145, 0.24074074074074073]","[67631.0, 1786.6346316370011, 1155.9831840869379, 12069.579557418137, 1906.5778542068426, 950.5914327635986, 9083.877197385178, 2481.2296367744816, 778.6316126029453, 8965.162396385987, 2042.642311477918, 1606.717102154151, 6927.939836298324, 1790.9411989177918, 2115.064375989646, 4469.146453396725, 811.3124818658869, 852.4454942250555, 2613.5185095958277, 1125.833636154592, 622.5282936168385, 1595.9028958466984, 1672.0836322356388, 807.7671822537567, 3024.634439411757, 842.7313814743637, 842.8235732269211]",3.0,0.3,145.15000000000015,15,0.5,1721880.1384885088,0.144455416155643,0.1241257545377801,16430975.452705406,84089526828.82372,"[0.046875, 0.03125]",2,1721880.1384885088,0.046875,"[0.0, 0.015625, 0.03125, 0.046875, 0.0625, 0.078125, 0.09375, 0.109375, 0.125, 0.140625, 0.15625, 0.171875, 0.1875, 0.203125, 0.21875, 0.234375]","[154749.38571156515, 876106.9067082775, 1710291.3768915324, 1721880.1384885088, 1236443.397559303, 1200279.6938555276, 1385236.6101427819, 1437054.047422281, 1048940.2936461228, 664501.8455342904, 393060.2971508249, 165807.08106897445, 58528.0666285326, 51528.956393907574, 141871.95181127614, 339557.7347245399]",3.0,0.3,flattop,64,32,145.15000000000015,15,21,449.5238095238095,37.9999999999998,1008.0,"[2, 5, 11, 17, 22, 25, 29, 38, 44, 52, 55, 60, 65, 74, 78, 84, 89, 95, 98, 101, 105]","[37.9999999999998, 367.9999999999999, 460.9999999999999, 193.00000000000057, 951.0000000000003, 153.99999999999955, 881.0000000000007, 242.99999999999991, 491.0000000000001, 185.9999999999999, 321.0000000000001, 942.9999999999998, 810.0000000000003, 204.9999999999999, 477.9999999999997, 276.0, 346.99999999999955, 79.0, 1008.0, 114.0, 892.9999999999992]","[1, 1, 1, 15, 1, 24, 27, 35, 35, 49, 35, 35, 63, 73, 73, 73, 35, 92, 35, 99, 99]","[3, 8, 18, 18, 35, 27, 35, 39, 49, 53, 56, 73, 73, 75, 81, 85, 92, 97, 106, 102, 106]",0.05,30,52684909.0,1016.0,-1016.0,DWT,uc1.l0082987033,0.0,0.0,0.0,0.0,0.0,0.0,5.587935447692871e-09,0.0,1.0,84,0.0,7.275957614183426e-12,1.0,84,,0.0,0.0,1.0,84,0.0,0.0,0.0,6.103515625e-05,0.0,0.0,0.0,0.0,0.0,0.0,2.436146522606057e-13,0.0,0.0,0.0,1.4210854715202004e-13,0.0,0.0,0.0,1.4210854715202004e-13,1.9895196601282805e-13,2.7755575615628914e-17,0.0,2.7755575615628914e-17,2.7755575615628914e-17,0.0,0.0,0.0,8.326672684688674e-17,0.8761998967098891,1.0,0.3621066376586187,0.35139664804469345,0.010776617702086398,0.0,0.0,0.0,362,1.3516425631539546,0.7642148386281362,57,0,0,0.0,0.0,466,0,0,0.5200959600230576,0.7074247820135536,63,208.75983010786982,0.7302844572249744,237.0,104.36989113035155,0.7120414534186887,112,coif,217.80246913580248,181.0,166.32516494453617,81,0.48186386976947454,0.5930495234160287,0.4847804341365592,1,84.25
db27,1,periodization,5.550261713539882e-26,312.6518884912844,9367360.314924669,0.5740740740740741,502.3798689578901,108,raw,1.8451084281844455e-13,-1.0654466198190058e-10,"[2, 5, 11, 17, 22, 25, 29, 38, 44, 52, 55, 60, 65, 74, 78, 84, 89, 95, 98, 101, 105]","[37.99999999999997, 368.0000000000002, 460.99999999999994, 193.00000000000028, 950.9999999999997, 154.0, 880.9999999999998, 242.9999999999999, 491.00000000000045, 186.00000000000045, 320.99999999999943, 942.9999999999998, 810.0, 204.9999999999999, 478.0000000000005, 276.00000000000045, 346.99999999999955, 78.99999999999989, 1008.0000000000001, 114.00000000000011, 893.0000000000002]",21,5.624306872882758,95467.34242112482,0.7907431028152225,4.36592371825129e-06,1.0,0.4907407407407407,67631.0,0.12910941990473743,0.15147910127183992,188156.12126451553,82872438.25058056,8,12069.57955741813,0.027777777777777776,"[0.0, 0.009259259259259259, 0.018518518518518517, 0.027777777777777776, 0.037037037037037035, 0.046296296296296294, 0.05555555555555555, 0.06481481481481481, 0.07407407407407407, 0.08333333333333333, 0.09259259259259259, 0.10185185185185185, 0.1111111111111111, 0.12037037037037036, 0.12962962962962962, 0.1388888888888889, 0.14814814814814814, 0.15740740740740738, 0.16666666666666666, 0.17592592592592593, 0.18518518518518517, 0.19444444444444442, 0.2037037037037037, 0.21296296296296297, 0.2222222222222222, 0.23148148148148145, 0.24074074074074073]","[67631.0, 1786.634631637001, 1155.9831840869435, 12069.57955741813, 1906.5778542068429, 950.5914327636024, 9083.877197385176, 2481.229636774482, 778.6316126029465, 8965.162396385993, 2042.6423114779177, 1606.7171021541508, 6927.939836298322, 1790.9411989177925, 2115.064375989653, 4469.146453396724, 811.3124818658874, 852.44549422506, 2613.518509595828, 1125.833636154597, 622.5282936168378, 1595.9028958466984, 1672.0836322356404, 807.767182253757, 3024.6344394117596, 842.7313814743632, 842.8235732269214]",3.0,0.3,145.1499999999999,15,0.5,1721880.1384885078,0.14445541615564303,0.12412575453778013,16430975.452705396,84089526828.82361,"[0.046875, 0.03125]",2,1721880.1384885078,0.046875,"[0.0, 0.015625, 0.03125, 0.046875, 0.0625, 0.078125, 0.09375, 0.109375, 0.125, 0.140625, 0.15625, 0.171875, 0.1875, 0.203125, 0.21875, 0.234375]","[154749.38571156556, 876106.9067082776, 1710291.376891532, 1721880.1384885078, 1236443.3975593022, 1200279.6938555269, 1385236.6101427812, 1437054.0474222803, 1048940.2936461219, 664501.8455342902, 393060.2971508247, 165807.08106897413, 58528.0666285324, 51528.95639390734, 141871.95181127603, 339557.7347245398]",3.0,0.3,flattop,64,32,145.1499999999999,15,21,449.5238095238095,37.99999999999997,1008.0000000000001,"[2, 5, 11, 17, 22, 25, 29, 38, 44, 52, 55, 60, 65, 74, 78, 84, 89, 95, 98, 101, 105]","[37.99999999999997, 368.0000000000002, 460.99999999999994, 193.00000000000028, 950.9999999999997, 154.0, 880.9999999999998, 242.9999999999999, 491.00000000000045, 186.00000000000045, 320.99999999999943, 942.9999999999998, 810.0, 204.9999999999999, 478.0000000000005, 276.00000000000045, 346.99999999999955, 78.99999999999989, 1008.0000000000001, 114.00000000000011, 893.0000000000002]","[1, 1, 1, 15, 1, 24, 27, 35, 35, 49, 35, 35, 63, 73, 73, 73, 35, 92, 35, 99, 99]","[3, 8, 18, 18, 35, 27, 35, 39, 49, 53, 56, 73, 73, 75, 81, 85, 92, 97, 106, 102, 106]",0.05,30,52684908.99999999,1016.0,-1016.0,DWT,uc1.l0082987033,9.313225746154785e-10,0.0,0.0,0.0,0.0,1.1368683772161603e-13,3.725290298461914e-09,0.0,1.0,84,0.0,0.0,1.0,84,,0.0,0.0,1.0,84,0.0,0.0,7.450580596923828e-09,4.57763671875e-05,0.0,0.0,0.0,0.0,0.0,0.0,2.422612375258247e-13,0.0,0.0,0.0,1.1368683772161603e-13,0.0,0.0,0.0,1.1368683772161603e-13,2.842170943040401e-14,2.7755575615628914e-17,9.313225746154785e-10,0.0,5.551115123125783e-17,0.0,0.0,0.0,1.1102230246251565e-16,0.868960799288951,0.2306677409383739,0.023160802815305553,0.6201117318435755,0.019898032618189086,3.135877575339459e-05,1.5679387876697293e-05,3.135877575339459e-05,247,0.9042946572349162,0.5112856123282294,439,0,0,3.135877575339459e-05,3.135877575339459e-05,263,0,0,0.35255982150087906,0.47954526480255605,427,103.09219175087898,0.8668059538102338,344.0,320.7521235073549,0.7111807546828948,113,db,413.2962962962963,398.0,188.41229481502944,243,0.9143723369387087,0.671803462110104,0.15839832550987273,5,86.0
bior3.7,1,periodic,8.254530948218054e-27,320.92809911037847,10896308.276411496,0.5737704918032787,373.7010251359713,108,raw,6.500972599749529e-14,-1.1063827631829852e-10,"[2, 5, 11, 17, 22, 25, 29, 38, 44, 52, 55, 60, 65, 74, 78, 84, 89, 95, 98, 101, 105]","[37.99999999999997, 367.9999999999999, 460.9999999999998, 193.0, 950.9999999999999, 154.0, 880.9999999999999, 242.99999999999997, 491.0, 186.0000000000001, 320.9999999999999, 943.0, 810.0, 204.99999999999994, 478.0000000000001, 276.0, 347.0000000000001, 79.0, 1008.0, 114.00000000000011, 893.0]",21,5.629424295253026,124104.70703284665,0.9057494114284671,4.365923718251291e-06,1.0,0.4907407407407407,67631.0,0.12910941990473743,0.15147910127183992,188156.12126451553,82872438.25058056,8,12069.57955741813,0.027777777777777776,"[0.0, 0.009259259259259259, 0.018518518518518517, 0.027777777777777776, 0.037037037037037035, 0.046296296296296294, 0.05555555555555555, 0.06481481481481481, 0.07407407407407407, 0.08333333333333333, 0.09259259259259259, 0.10185185185185185, 0.1111111111111111, 0.12037037037037036, 0.12962962962962962, 0.1388888888888889, 0.14814814814814814, 0.15740740740740738, 0.16666666666666666, 0.17592592592592593, 0.18518518518518517, 0.19444444444444442, 0.2037037037037037, 0.21296296296296297, 0.2222222222222222, 0.23148148148148145, 0.24074074074074073]","[67631.0, 1786.6346316370016, 1155.9831840869379, 12069.57955741813, 1906.5778542068435, 950.5914327636017, 9083.877197385176, 2481.229636774482, 778.6316126029443, 8965.162396385991, 2042.642311477918, 1606.717102154149, 6927.939836298323, 1790.941198917794, 2115.0643759896484, 4469.146453396725, 811.3124818658847, 852.4454942250571, 2613.5185095958273, 1125.8336361545946, 622.528293616837, 1595.9028958466977, 1672.0836322356406, 807.767182253756, 3024.6344394117596, 842.7313814743658, 842.8235732269203]",3.0,0.3,145.15000000000003,15,0.5,1721880.138488509,0.14445541615564292,0.12412575453778009,16430975.4527054,84089526828.82367,"[0.046875, 0.03125]",2,1721880.138488509,0.046875,"[0.0, 0.015625, 0.03125, 0.046875, 0.0625, 0.078125, 0.09375, 0.109375, 0.125, 0.140625, 0.15625, 0.171875, 0.1875, 0.203125, 0.21875, 0.234375]","[154749.3857115657, 876106.9067082785, 1710291.3768915327, 1721880.138488509, 1236443.3975593024, 1200279.6938555269, 1385236.6101427814, 1437054.0474222803, 1048940.2936461219, 664501.8455342905, 393060.29715082503, 165807.0810689744, 58528.0666285325, 51528.95639390742, 141871.9518112762, 339557.7347245399]",3.0,0.3,flattop,64,32,145.15000000000003,15,21,449.5238095238095,37.99999999999997,1008.0,"[2, 5, 11, 17, 22, 25, 29, 38, 44, 52, 55, 60, 65, 74, 78, 84, 89, 95, 98, 101, 105]","[37.99999999999997, 367.9999999999999, 460.9999999999998, 193.0, 950.9999999999999, 154.0, 880.9999999999999, 242.99999999999997, 491.0, 186.0000000000001, 320.9999999999999, 943.0, 810.0, 204.99999999999994, 478.0000000000001, 276.0, 347.0000000000001, 79.0, 1008.0, 114.00000000000011, 893.0]","[1, 1, 1, 15, 1, 24, 27, 35, 35, 49, 35, 35, 63, 73, 73, 73, 35, 92, 35, 99, 99]","[3, 8, 18, 18, 35, 27, 35, 39, 49, 53, 56, 73, 73, 75, 81, 85, 92, 97, 106, 102, 106]",0.05,30,52684909.0,1016.0,-1016.0,DWT,uc1.l0082987033,2.3283064365386963e-10,0.0,0.0,0.0,0.0,0.0,0.0,0.0,1.0,84,0.0,0.0,1.0,84,,0.0,0.0,1.0,84,0.0,0.0,0.0,1.52587890625e-05,0.0,0.0,0.0,0.0,0.0,0.0,5.95502483303703e-14,0.0,0.0,0.0,2.842170943040401e-14,0.0,0.0,0.0,2.842170943040401e-14,2.842170943040401e-14,2.7755575615628914e-17,2.3283064365386963e-10,0.0,1.3877787807814457e-17,0.0,0.0,0.0,0.0,0.9539299389518202,0.2372249166922972,0.17147420775506306,0.6167231431449764,0.097416589224013,0.0,0.0,0.0,445,1.062363418542368,0.600657237791732,212,0,0,0.0,0.0,418,0,0,0.415353759153634,0.5649564024968451,218,125.50531197257483,0.8378484341439602,323.25,286.86846812430815,0.7101063876146156,114,bior,385.74074074074076,410.0,199.97417605530825,135,0.8534087184529663,0.7130285416801533,0.18870533457887761,4,86.5
coif6,1,periodization,5.010894138983825e-26,313.0958708332294,9375429.267512463,0.5740740740740741,415.63792167980085,108,raw,1.652340815612492e-13,-1.1841205793672383e-10,"[2, 5, 11, 17, 22, 25, 29, 38, 44, 52, 55, 60, 65, 74, 78, 84, 89, 95, 98, 101, 105]","[38.00000000000003, 368.0000000000005, 460.99999999999994, 193.00000000000028, 950.9999999999999, 153.9999999999999, 881.0000000000002, 242.99999999999997, 491.00000000000006, 185.9999999999999, 320.99999999999966, 942.9999999999995, 810.0000000000002, 204.99999999999991, 478.0000000000003, 276.0, 347.00000000000045, 78.99999999999977, 1008.0000000000001, 113.99999999999989, 893.0000000000002]",21,5.6194663195383106,95467.34242112483,0.8283496742715428,4.36592371825129e-06,1.0,0.4907407407407407,67631.0,0.1291094199047374,0.15147910127183994,188156.12126451556,82872438.25058056,8,12069.57955741813,0.027777777777777776,"[0.0, 0.009259259259259259, 0.018518518518518517, 0.027777777777777776, 0.037037037037037035, 0.046296296296296294, 0.05555555555555555, 0.06481481481481481, 0.07407407407407407, 0.08333333333333333, 0.09259259259259259, 0.10185185185185185, 0.1111111111111111, 0.12037037037037036, 0.12962962962962962, 0.1388888888888889, 0.14814814814814814, 0.15740740740740738, 0.16666666666666666, 0.17592592592592593, 0.18518518518518517, 0.19444444444444442, 0.2037037037037037, 0.21296296296296297, 0.2222222222222222, 0.23148148148148145, 0.24074074074074073]","[67631.0, 1786.6346316370007, 1155.98318408694, 12069.57955741813, 1906.577854206841, 950.5914327635975, 9083.877197385178, 2481.2296367744834, 778.6316126029426, 8965.162396385993, 2042.642311477919, 1606.7171021541494, 6927.939836298322, 1790.9411989177945, 2115.0643759896457, 4469.146453396725, 811.3124818658889, 852.4454942250559, 2613.5185095958263, 1125.833636154594, 622.5282936168384, 1595.9028958466988, 1672.0836322356447, 807.767182253758, 3024.6344394117577, 842.7313814743634, 842.8235732269167]",3.0,0.3,145.14999999999998,15,0.5,1721880.1384885092,0.14445541615564295,0.12412575453778008,16430975.452705406,84089526828.82375,"[0.046875, 0.03125]",2,1721880.1384885092,0.046875,"[0.0, 0.015625, 0.03125, 0.046875, 0.0625, 0.078125, 0.09375, 0.109375, 0.125, 0.140625, 0.15625, 0.171875, 0.1875, 0.203125, 0.21875, 0.234375]","[154749.3857115652, 876106.9067082773, 1710291.3768915324, 1721880.1384885092, 1236443.397559303, 1200279.6938555278, 1385236.6101427826, 1437054.0474222812, 1048940.2936461223, 664501.8455342903, 393060.2971508246, 165807.08106897422, 58528.066628532564, 51528.95639390761, 141871.95181127635, 339557.73472454003]",3.0,0.3,flattop,64,32,145.14999999999998,15,21,449.5238095238095,38.00000000000003,1008.0000000000001,"[2, 5, 11, 17, 22, 25, 29, 38, 44, 52, 55, 60, 65, 74, 78, 84, 89, 95, 98, 101, 105]","[38.00000000000003, 368.0000000000005, 460.99999999999994, 193.00000000000028, 950.9999999999999, 153.9999999999999, 881.0000000000002, 242.99999999999997, 491.00000000000006, 185.9999999999999, 320.99999999999966, 942.9999999999995, 810.0000000000002, 204.99999999999991, 478.0000000000003, 276.0, 347.00000000000045, 78.99999999999977, 1008.0000000000001, 113.99999999999989, 893.0000000000002]","[1, 1, 1, 15, 1, 24, 27, 35, 35, 49, 35, 35, 63, 73, 73, 73, 35, 92, 35, 99, 99]","[3, 8, 18, 18, 35, 27, 35, 39, 49, 53, 56, 73, 73, 75, 81, 85, 92, 97, 106, 102, 106]",0.05,30,52684909.00000001,1016.0000000000001,-1016.0000000000001,DWT,uc1.l0082987033,4.656612873077393e-10,0.0,0.0,0.0,0.0,1.1368683772161603e-13,5.587935447692871e-09,1.1368683772161603e-13,1.0,84,0.0,0.0,1.0,84,,0.0,0.0,1.0,84,0.0,0.0,7.450580596923828e-09,9.1552734375e-05,0.0,0.0,0.0,0.0,0.0,0.0,1.9353830707370347e-13,0.0,1.1368683772161603e-13,0.0,2.842170943040401e-14,0.0,0.0,0.0,2.842170943040401e-14,2.842170943040401e-14,5.551115123125783e-17,4.656612873077393e-10,2.7755575615628914e-17,0.0,2.9103830456733704e-11,0.0,0.0,2.7755575615628914e-17,0.8735190203585717,0.22446532950362638,0.023943519992566123,0.6201117318435755,0.01989803261818912,3.135877575339459e-05,1.5679387876697293e-05,3.135877575339459e-05,329,0.9043197427479451,0.5112997956055352,438,0,0,3.135877575339459e-05,3.135877575339459e-05,262,0,0,0.3523875268633058,0.47931091286407546,429,84.3188393342002,0.8910609310927646,364.5,348.7232176196596,0.7100653492673126,115,coif,217.80246913580248,181.0,166.32516494453617,81,0.48186386976947454,0.5930495234160287,0.4847804341365592,1,86.5
sym14,1,symmetric,4.7707638581226306e-21,263.30914390672615,11026953.208435819,0.5746268656716418,413.0573883088035,108,raw,5.4592873431778993e-11,-9.125333822678867e-11,"[2, 5, 11, 17, 22, 25, 29, 38, 44, 52, 55, 60, 65, 74, 78, 84, 89, 95, 98, 101, 105]","[37.99999999996919, 367.99999999984834, 460.99999999989905, 192.99999999991905, 950.9999999998715, 153.9999999998986, 880.9999999996957, 242.99999999991866, 490.99999999988034, 185.99999999994338, 320.999999999873, 942.9999999998968, 809.9999999997183, 204.99999999993437, 477.99999999985675, 275.9999999999353, 346.9999999999011, 79.00000000001125, 1007.999999999805, 113.99999999992781, 892.9999999996704]",21,5.929628322983996,100448.645324143,0.8114403701346297,4.365923718253388e-06,0.9999999999999992,0.4907407407407407,67630.99999999997,0.12910941990472335,0.15147910127184044,188156.1212644874,82872438.25058033,8,12069.579557417715,0.027777777777777776,"[0.0, 0.009259259259259259, 0.018518518518518517, 0.027777777777777776, 0.037037037037037035, 0.046296296296296294, 0.05555555555555555, 0.06481481481481481, 0.07407407407407407, 0.08333333333333333, 0.09259259259259259, 0.10185185185185185, 0.1111111111111111, 0.12037037037037036, 0.12962962962962962, 0.1388888888888889, 0.14814814814814814, 0.15740740740740738, 0.16666666666666666, 0.17592592592592593, 0.18518518518518517, 0.19444444444444442, 0.2037037037037037, 0.21296296296296297, 0.2222222222222222, 0.23148148148148145, 0.24074074074074073]","[67630.99999999997, 1786.6346316370002, 1155.983184086941, 12069.579557417715, 1906.5778542066912, 950.5914327635023, 9083.8771973841, 2481.229636774161, 778.6316126027609, 8965.162396384108, 2042.6423114773715, 1606.7171021536965, 6927.939836296349, 1790.941198917277, 2115.0643759890377, 4469.146453395198, 811.3124818656803, 852.4454942247015, 2613.518509594856, 1125.8336361542322, 622.5282936166761, 1595.9028958460437, 1672.0836322349626, 807.7671822535183, 3024.634439410612, 842.7313814740286, 842.8235732265591]",3.0,0.3,145.15000000006813,15,0.5,1721880.1384882547,0.14445541615562826,0.12412575453778259,16430975.452698488,84089526828.77412,"[0.046875, 0.03125]",2,1721880.1384882547,0.046875,"[0.0, 0.015625, 0.03125, 0.046875, 0.0625, 0.078125, 0.09375, 0.109375, 0.125, 0.140625, 0.15625, 0.171875, 0.1875, 0.203125, 0.21875, 0.234375]","[154749.38571155764, 876106.9067081881, 1710291.3768913038, 1721880.1384882547, 1236443.3975589897, 1200279.6938550472, 1385236.610142109, 1437054.0474215187, 1048940.2936455077, 664501.8455338683, 393060.2971505637, 165807.08106886054, 58528.06662849095, 51528.95639386931, 141871.95181117015, 339557.73472428607]",3.0,0.3,flattop,64,32,145.15000000006813,15,21,449.52380952368446,37.99999999996919,1007.999999999805,"[2, 5, 11, 17, 22, 25, 29, 38, 44, 52, 55, 60, 65, 74, 78, 84, 89, 95, 98, 101, 105]","[37.99999999996919, 367.99999999984834, 460.99999999989905, 192.99999999991905, 950.9999999998715, 153.9999999998986, 880.9999999996957, 242.99999999991866, 490.99999999988034, 185.99999999994338, 320.999999999873, 942.9999999998968, 809.9999999997183, 204.99999999993437, 477.99999999985675, 275.9999999999353, 346.9999999999011, 79.00000000001125, 1007.999999999805, 113.99999999992781, 892.9999999996704]","[1, 1, 1, 15, 1, 24, 27, 35, 35, 49, 35, 35, 63, 73, 73, 73, 35, 92, 35, 99, 99]","[3, 8, 18, 18, 35, 27, 35, 39, 49, 53, 56, 73, 73, 75, 81, 85, 92, 97, 106, 102, 106]",0.05,30,52684908.999996185,1015.9999999999513,-1015.9999999999513,DWT,uc1.l0082987033,2.5401823222637177e-07,0.0,1.2505552149377763e-10,2.384185791015625e-07,0.0,1.949729266925715e-10,6.9122761487960815e-06,4.865796654485166e-11,1.0,84,0.0,4.147295840084553e-10,1.0,84,,0.0,0.0,1.0,84,0.0,0.0,3.814697265625e-06,0.049530029296875,2.9103830456733704e-11,0.0,0.0,0.0,1.2505552149377763e-10,2.6266206987202168e-09,1.2612336571951995e-10,0.0,4.865796654485166e-11,0.0,6.81268375046784e-11,0.0,0.0,0.0,6.81268375046784e-11,3.0809133022557944e-11,1.4099832412739488e-14,2.5401823222637177e-07,5.273559366969494e-16,2.5118795932144167e-15,2.814340405166149e-08,0.0,0.0,1.4654943925052066e-14,0.36237502605091454,0.6218893882638675,0.18414723207945394,0.6262819978320687,0.03338193437709304,0.01605569318573803,0.008027846592869014,0.01605569318573803,143,0.884308898685874,0.4999857216169028,470,0,0,0.01605569318573803,0.01605569318573803,143,0,0,0.36561511572067956,0.4973028314392124,379,166.71607600948386,0.7846045529593232,283.75,213.30835079668472,0.7090012428879303,116,sym,445.72514619883043,505.0,280.45746329325993,171,0.986117580085908,1.0,0.009717693939864401,6,88.5
rbio3.9,1,antireflect,8.636595275712455e-27,320.7315974282232,10215124.431179088,0.5634920634920635,640.7978971506183,108,raw,5.350452591267603e-14,-1.1109568820444398e-10,"[2, 5, 11, 17, 22, 25, 29, 38, 44, 52, 55, 60, 65, 74, 78, 84, 89, 95, 98, 101, 105]","[37.999999999999915, 368.0, 461.0000000000001, 193.0, 951.0000000000002, 154.0, 881.0, 242.99999999999997, 491.0, 185.9999999999999, 321.0, 943.0, 810.0000000000003, 204.99999999999994, 478.0, 275.9999999999999, 346.99999999999966, 78.99999999999989, 1008.0000000000005, 113.99999999999989, 893.0000000000001]",21,6.029567420174167,277576.4580284144,0.8260454299114501,4.365923718251291e-06,0.9999999999999998,0.4907407407407407,67631.0,0.12910941990473743,0.15147910127183992,188156.12126451556,82872438.25058056,8,12069.57955741813,0.027777777777777776,"[0.0, 0.009259259259259259, 0.018518518518518517, 0.027777777777777776, 0.037037037037037035, 0.046296296296296294, 0.05555555555555555, 0.06481481481481481, 0.07407407407407407, 0.08333333333333333, 0.09259259259259259, 0.10185185185185185, 0.1111111111111111, 0.12037037037037036, 0.12962962962962962, 0.1388888888888889, 0.14814814814814814, 0.15740740740740738, 0.16666666666666666, 0.17592592592592593, 0.18518518518518517, 0.19444444444444442, 0.2037037037037037, 0.21296296296296297, 0.2222222222222222, 0.23148148148148145, 0.24074074074074073]","[67631.0, 1786.6346316370002, 1155.9831840869385, 12069.57955741813, 1906.5778542068435, 950.5914327636019, 9083.877197385176, 2481.2296367744843, 778.6316126029437, 8965.162396385991, 2042.6423114779172, 1606.7171021541506, 6927.939836298322, 1790.9411989177925, 2115.0643759896498, 4469.1464533967255, 811.3124818658862, 852.4454942250593, 2613.518509595828, 1125.8336361545942, 622.5282936168352, 1595.9028958466968, 1672.0836322356429, 807.7671822537562, 3024.63443941176, 842.7313814743659, 842.8235732269212]",3.0,0.3,145.1500000000001,15,0.5,1721880.1384885085,0.14445541615564295,0.12412575453778009,16430975.452705404,84089526828.82368,"[0.046875, 0.03125]",2,1721880.1384885085,0.046875,"[0.0, 0.015625, 0.03125, 0.046875, 0.0625, 0.078125, 0.09375, 0.109375, 0.125, 0.140625, 0.15625, 0.171875, 0.1875, 0.203125, 0.21875, 0.234375]","[154749.3857115655, 876106.9067082778, 1710291.3768915324, 1721880.1384885085, 1236443.3975593026, 1200279.6938555269, 1385236.6101427816, 1437054.047422281, 1048940.293646122, 664501.8455342908, 393060.2971508254, 165807.08106897463, 58528.06662853266, 51528.956393907516, 141871.95181127614, 339557.7347245399]",3.0,0.3,flattop,64,32,145.1500000000001,15,21,449.5238095238095,37.999999999999915,1008.0000000000005,"[2, 5, 11, 17, 22, 25, 29, 38, 44, 52, 55, 60, 65, 74, 78, 84, 89, 95, 98, 101, 105]","[37.999999999999915, 368.0, 461.0000000000001, 193.0, 951.0000000000002, 154.0, 881.0, 242.99999999999997, 491.0, 185.9999999999999, 321.0, 943.0, 810.0000000000003, 204.99999999999994, 478.0, 275.9999999999999, 346.99999999999966, 78.99999999999989, 1008.0000000000005, 113.99999999999989, 893.0000000000001]","[1, 1, 1, 15, 1, 24, 27, 35, 35, 49, 35, 35, 63, 73, 73, 73, 35, 92, 35, 99, 99]","[3, 8, 18, 18, 35, 27, 35, 39, 49, 53, 56, 73, 73, 75, 81, 85, 92, 97, 106, 102, 106]",0.05,30,52684909.0,1016.0000000000001,-1016.0000000000001,DWT,uc1.l0082987033,2.3283064365386963e-10,0.0,0.0,0.0,0.0,4.547473508864641e-13,3.725290298461914e-09,1.1368683772161603e-13,1.0,84,0.0,0.0,1.0,84,,0.0,0.0,1.0,84,0.0,0.0,0.0,3.0517578125e-05,0.0,0.0,0.0,0.0,0.0,0.0,1.0556634931292917e-13,0.0,1.1368683772161603e-13,0.0,8.526512829121202e-14,0.0,0.0,0.0,8.526512829121202e-14,8.526512829121202e-14,2.7755575615628914e-17,2.3283064365386963e-10,0.0,1.3877787807814457e-17,2.9103830456733704e-11,0.0,0.0,2.7755575615628914e-17,0.951912520637632,0.7499456981693686,0.10539694546673128,0.5019952114924183,0.5128496703838344,0.0,0.0,0.0,392,1.4047567869511304,0.7942454688217446,41,0,0,0.0,0.0,451,0,0,0.564420009229997,0.7677135234350156,42,220.71172752408663,0.7148427292970456,231.5,75.51717509699925,0.7078735610309518,117,rbio,366.5925925925926,360.0,210.3588723315502,135,0.8110455588331695,0.7500562468954116,0.20725123474815782,3,88.5
coif5,1,antireflect,2.7714473145986174e-26,315.667956841426,10686300.894128302,0.5588235294117647,446.83257983311677,108,raw,1.1900768436556027e-13,-1.1022349699629845e-10,"[2, 5, 11, 17, 22, 25, 29, 38, 44, 52, 55, 60, 65, 74, 78, 84, 89, 95, 98, 101, 105]","[37.99999999999997, 367.9999999999999, 460.99999999999955, 193.00000000000028, 951.0, 153.9999999999999, 881.0000000000005, 242.99999999999986, 491.00000000000006, 185.9999999999999, 320.9999999999999, 943.0000000000001, 810.0000000000002, 204.99999999999994, 478.00000000000006, 275.9999999999999, 347.00000000000034, 79.0, 1007.9999999999999, 114.00000000000023, 892.9999999999999]",21,5.96898822599263,322359.12281496386,0.9287932176073698,4.36592371825129e-06,1.0,0.4907407407407407,67631.0,0.12910941990473737,0.15147910127183992,188156.1212645156,82872438.25058056,8,12069.579557418134,0.027777777777777776,"[0.0, 0.009259259259259259, 0.018518518518518517, 0.027777777777777776, 0.037037037037037035, 0.046296296296296294, 0.05555555555555555, 0.06481481481481481, 0.07407407407407407, 0.08333333333333333, 0.09259259259259259, 0.10185185185185185, 0.1111111111111111, 0.12037037037037036, 0.12962962962962962, 0.1388888888888889, 0.14814814814814814, 0.15740740740740738, 0.16666666666666666, 0.17592592592592593, 0.18518518518518517, 0.19444444444444442, 0.2037037037037037, 0.21296296296296297, 0.2222222222222222, 0.23148148148148145, 0.24074074074074073]","[67631.0, 1786.6346316370034, 1155.983184086939, 12069.579557418134, 1906.5778542068442, 950.5914327636026, 9083.877197385174, 2481.2296367744843, 778.6316126029492, 8965.162396385991, 2042.642311477915, 1606.7171021541485, 6927.939836298324, 1790.9411989177936, 2115.0643759896475, 4469.146453396727, 811.3124818658853, 852.4454942250563, 2613.518509595829, 1125.8336361545942, 622.5282936168353, 1595.902895846696, 1672.0836322356438, 807.7671822537568, 3024.6344394117577, 842.7313814743654, 842.8235732269201]",3.0,0.3,145.15000000000006,15,0.5,1721880.1384885088,0.14445541615564297,0.12412575453778012,16430975.452705408,84089526828.82368,"[0.046875, 0.03125]",2,1721880.1384885088,0.046875,"[0.0, 0.015625, 0.03125, 0.046875, 0.0625, 0.078125, 0.09375, 0.109375, 0.125, 0.140625, 0.15625, 0.171875, 0.1875, 0.203125, 0.21875, 0.234375]","[154749.3857115654, 876106.906708278, 1710291.376891533, 1721880.1384885088, 1236443.3975593026, 1200279.6938555262, 1385236.6101427814, 1437054.0474222808, 1048940.2936461223, 664501.8455342911, 393060.2971508255, 165807.0810689747, 58528.0666285327, 51528.95639390752, 141871.9518112763, 339557.73472454003]",3.0,0.3,flattop,64,32,145.15000000000006,15,21,449.5238095238095,37.99999999999997,1007.9999999999999,"[2, 5, 11, 17, 22, 25, 29, 38, 44, 52, 55, 60, 65, 74, 78, 84, 89, 95, 98, 101, 105]","[37.99999999999997, 367.9999999999999, 460.99999999999955, 193.00000000000028, 951.0, 153.9999999999999, 881.0000000000005, 242.99999999999986, 491.00000000000006, 185.9999999999999, 320.9999999999999, 943.0000000000001, 810.0000000000002, 204.99999999999994, 478.00000000000006, 275.9999999999999, 347.00000000000034, 79.0, 1007.9999999999999, 114.00000000000023, 892.9999999999999]","[1, 1, 1, 15, 1, 24, 27, 35, 35, 49, 35, 35, 63, 73, 73, 73, 35, 92, 35, 99, 99]","[3, 8, 18, 18, 35, 27, 35, 39, 49, 53, 56, 73, 73, 75, 81, 85, 92, 97, 106, 102, 106]",0.05,30,52684909.0,1015.9999999999998,-1015.9999999999998,DWT,uc1.l0082987033,0.0,0.0,0.0,0.0,0.0,1.1368683772161603e-13,7.450580596923828e-09,2.2737367544323206e-13,1.0,84,0.0,3.637978807091713e-12,1.0,84,,0.0,0.0,1.0,84,0.0,0.0,0.0,3.0517578125e-05,0.0,0.0,0.0,0.0,0.0,0.0,1.5428927976505038e-13,0.0,2.2737367544323206e-13,0.0,5.684341886080802e-14,0.0,0.0,0.0,5.684341886080802e-14,2.842170943040401e-14,8.326672684688674e-17,0.0,0.0,4.163336342344337e-17,5.820766091346741e-11,0.0,0.0,5.551115123125783e-17,0.8999257837088369,0.6723229430910955,0.15110274272585636,0.4498849819257315,0.6340719819437056,0.0,0.0,0.0,387,1.385251098681553,0.7832170084731133,46,0,0,0.0,0.0,456,0,0,0.5614616866790453,0.7636896685186267,43,219.47968774657335,0.7164345119553316,233.0,80.36662261096838,0.7077004601120327,118,coif,217.80246913580248,181.0,166.32516494453617,81,0.48186386976947454,0.5930495234160287,0.4847804341365592,1,88.75
coif5,1,antisymmetric,2.709843121314969e-26,315.7655816182765,10920350.093989687,0.5514705882352942,424.120495570834,108,raw,1.2260974128989968e-13,-1.1082645912097241e-10,"[2, 5, 11, 17, 22, 25, 29, 38, 44, 52, 55, 60, 65, 74, 78, 84, 89, 95, 98, 101, 105]","[37.99999999999997, 368.00000000000006, 460.99999999999966, 193.00000000000034, 951.0, 153.9999999999999, 881.0000000000005, 242.99999999999986, 491.00000000000006, 185.9999999999999, 320.9999999999999, 943.0000000000001, 810.0000000000002, 204.99999999999994, 478.0000000000001, 275.9999999999999, 347.0000000000002, 79.0, 1007.9999999999999, 114.00000000000011, 892.9999999999998]",21,5.959935829018089,335952.22508633346,0.9343626155233452,4.36592371825129e-06,1.0,0.4907407407407407,67631.0,0.1291094199047374,0.15147910127183992,188156.12126451556,82872438.25058056,8,12069.579557418134,0.027777777777777776,"[0.0, 0.009259259259259259, 0.018518518518518517, 0.027777777777777776, 0.037037037037037035, 0.046296296296296294, 0.05555555555555555, 0.06481481481481481, 0.07407407407407407, 0.08333333333333333, 0.09259259259259259, 0.10185185185185185, 0.1111111111111111, 0.12037037037037036, 0.12962962962962962, 0.1388888888888889, 0.14814814814814814, 0.15740740740740738, 0.16666666666666666, 0.17592592592592593, 0.18518518518518517, 0.19444444444444442, 0.2037037037037037, 0.21296296296296297, 0.2222222222222222, 0.23148148148148145, 0.24074074074074073]","[67631.0, 1786.634631637004, 1155.9831840869397, 12069.579557418134, 1906.5778542068435, 950.5914327636026, 9083.877197385176, 2481.229636774485, 778.6316126029495, 8965.162396385991, 2042.642311477915, 1606.7171021541476, 6927.939836298323, 1790.941198917794, 2115.064375989648, 4469.146453396726, 811.3124818658852, 852.4454942250564, 2613.518509595828, 1125.8336361545953, 622.5282936168353, 1595.9028958466954, 1672.0836322356442, 807.7671822537565, 3024.634439411759, 842.731381474366, 842.8235732269202]",3.0,0.3,145.15000000000006,15,0.5,1721880.1384885088,0.14445541615564297,0.12412575453778012,16430975.452705408,84089526828.82367,"[0.046875, 0.03125]",2,1721880.1384885088,0.046875,"[0.0, 0.015625, 0.03125, 0.046875, 0.0625, 0.078125, 0.09375, 0.109375, 0.125, 0.140625, 0.15625, 0.171875, 0.1875, 0.203125, 0.21875, 0.234375]","[154749.38571156535, 876106.906708278, 1710291.3768915324, 1721880.1384885088, 1236443.3975593026, 1200279.6938555264, 1385236.6101427807, 1437054.047422281, 1048940.2936461223, 664501.8455342911, 393060.2971508254, 165807.0810689747, 58528.0666285327, 51528.95639390752, 141871.9518112763, 339557.73472454003]",3.0,0.3,flattop,64,32,145.15000000000006,15,21,449.5238095238095,37.99999999999997,1007.9999999999999,"[2, 5, 11, 17, 22, 25, 29, 38, 44, 52, 55, 60, 65, 74, 78, 84, 89, 95, 98, 101, 105]","[37.99999999999997, 368.00000000000006, 460.99999999999966, 193.00000000000034, 951.0, 153.9999999999999, 881.0000000000005, 242.99999999999986, 491.00000000000006, 185.9999999999999, 320.9999999999999, 943.0000000000001, 810.0000000000002, 204.99999999999994, 478.0000000000001, 275.9999999999999, 347.0000000000002, 79.0, 1007.9999999999999, 114.00000000000011, 892.9999999999998]","[1, 1, 1, 15, 1, 24, 27, 35, 35, 49, 35, 35, 63, 73, 73, 73, 35, 92, 35, 99, 99]","[3, 8, 18, 18, 35, 27, 35, 39, 49, 53, 56, 73, 73, 75, 81, 85, 92, 97, 106, 102, 106]",0.05,30,52684909.0,1016.0,-1016.0,DWT,uc1.l0082987033,0.0,0.0,0.0,0.0,0.0,1.1368683772161603e-13,7.450580596923828e-09,0.0,1.0,84,0.0,3.637978807091713e-12,1.0,84,,0.0,0.0,1.0,84,0.0,0.0,0.0,1.52587890625e-05,0.0,0.0,0.0,0.0,0.0,0.0,1.4616879135636348e-13,0.0,0.0,0.0,5.684341886080802e-14,0.0,0.0,0.0,5.684341886080802e-14,2.842170943040401e-14,5.551115123125783e-17,0.0,0.0,4.163336342344337e-17,2.9103830456733704e-11,0.0,0.0,5.551115123125783e-17,0.9009280652698723,0.6607237133106452,0.17380634980029952,0.3678113703581998,0.6708671857677548,0.0,0.0,0.0,386,1.3732932931677777,0.776456099442746,49,0,0,0.0,0.0,458,0,0,0.5548273369013544,0.7546657502304006,45,218.49866513703617,0.717701983027085,234.5,84.380236864452,0.7073652033998474,119,coif,217.80246913580248,181.0,166.32516494453617,81,0.48186386976947454,0.5930495234160287,0.4847804341365592,1,89.5
coif9,1,antisymmetric,5.38922963784753e-26,312.7797562168039,12871967.083250966,0.54375,441.23268552749767,108,raw,1.7247931478121034e-13,-1.1157197388200823e-10,"[2, 5, 11, 17, 22, 25, 29, 38, 44, 52, 55, 60, 65, 74, 78, 84, 89, 95, 98, 101, 105]","[37.99999999999997, 368.00000000000006, 460.99999999999966, 193.00000000000034, 951.0000000000005, 153.99999999999943, 881.0000000000003, 242.99999999999994, 490.9999999999999, 185.9999999999999, 321.0000000000001, 942.9999999999998, 810.0000000000005, 204.9999999999999, 477.9999999999996, 276.0000000000001, 346.9999999999999, 79.00000000000011, 1008.0000000000001, 114.00000000000023, 892.9999999999992]",21,6.219664863954205,457542.4199964227,0.953825147385041,4.365923718251291e-06,0.9999999999999998,0.4907407407407407,67631.0,0.12910941990473737,0.15147910127183994,188156.12126451556,82872438.25058056,8,12069.579557418134,0.027777777777777776,"[0.0, 0.009259259259259259, 0.018518518518518517, 0.027777777777777776, 0.037037037037037035, 0.046296296296296294, 0.05555555555555555, 0.06481481481481481, 0.07407407407407407, 0.08333333333333333, 0.09259259259259259, 0.10185185185185185, 0.1111111111111111, 0.12037037037037036, 0.12962962962962962, 0.1388888888888889, 0.14814814814814814, 0.15740740740740738, 0.16666666666666666, 0.17592592592592593, 0.18518518518518517, 0.19444444444444442, 0.2037037037037037, 0.21296296296296297, 0.2222222222222222, 0.23148148148148145, 0.24074074074074073]","[67631.0, 1786.6346316370023, 1155.9831840869385, 12069.579557418134, 1906.577854206843, 950.5914327636009, 9083.877197385176, 2481.2296367744834, 778.6316126029459, 8965.16239638599, 2042.642311477917, 1606.7171021541533, 6927.939836298324, 1790.9411989177918, 2115.064375989649, 4469.146453396723, 811.3124818658848, 852.4454942250569, 2613.51850959583, 1125.8336361545905, 622.5282936168377, 1595.9028958466977, 1672.08363223564, 807.7671822537567, 3024.6344394117586, 842.7313814743636, 842.8235732269213]",3.0,0.3,145.15000000000003,15,0.5,1721880.1384885088,0.144455416155643,0.12412575453778012,16430975.452705406,84089526828.82375,"[0.046875, 0.03125]",2,1721880.1384885088,0.046875,"[0.0, 0.015625, 0.03125, 0.046875, 0.0625, 0.078125, 0.09375, 0.109375, 0.125, 0.140625, 0.15625, 0.171875, 0.1875, 0.203125, 0.21875, 0.234375]","[154749.38571156518, 876106.9067082774, 1710291.376891533, 1721880.1384885088, 1236443.3975593029, 1200279.6938555273, 1385236.610142782, 1437054.0474222815, 1048940.2936461226, 664501.8455342907, 393060.29715082486, 165807.08106897445, 58528.06662853267, 51528.956393907574, 141871.95181127626, 339557.73472454003]",3.0,0.3,flattop,64,32,145.15000000000003,15,21,449.5238095238095,37.99999999999997,1008.0000000000001,"[2, 5, 11, 17, 22, 25, 29, 38, 44, 52, 55, 60, 65, 74, 78, 84, 89, 95, 98, 101, 105]","[37.99999999999997, 368.00000000000006, 460.99999999999966, 193.00000000000034, 951.0000000000005, 153.99999999999943, 881.0000000000003, 242.99999999999994, 490.9999999999999, 185.9999999999999, 321.0000000000001, 942.9999999999998, 810.0000000000005, 204.9999999999999, 477.9999999999996, 276.0000000000001, 346.9999999999999, 79.00000000000011, 1008.0000000000001, 114.00000000000023, 892.9999999999992]","[1, 1, 1, 15, 1, 24, 27, 35, 35, 49, 35, 35, 63, 73, 73, 73, 35, 92, 35, 99, 99]","[3, 8, 18, 18, 35, 27, 35, 39, 49, 53, 56, 73, 73, 75, 81, 85, 92, 97, 106, 102, 106]",0.05,30,52684909.0,1016.0,-1016.0,DWT,uc1.l0082987033,0.0,0.0,0.0,0.0,0.0,1.1368683772161603e-13,5.587935447692871e-09,0.0,1.0,84,0.0,3.637978807091713e-12,1.0,84,,0.0,0.0,1.0,84,0.0,0.0,0.0,9.1552734375e-05,0.0,0.0,0.0,0.0,0.0,0.0,2.4767489646494914e-13,0.0,0.0,0.0,2.842170943040401e-14,0.0,0.0,0.0,2.842170943040401e-14,2.842170943040401e-14,8.326672684688674e-17,0.0,2.7755575615628914e-17,4.163336342344337e-17,2.9103830456733704e-11,0.0,0.0,8.326672684688674e-17,0.8702735752836764,0.9935258170353454,0.3631201577955314,0.28163407821229025,1.0,0.0,0.0,0.0,359,1.7131407638705602,0.9686048871927253,4,0,0,0.0,0.0,475,0,0,0.7017107256653687,0.954453784102435,5,242.8200636960079,0.686278987472858,210.75,8.793319603842969,0.7069960828837158,120,coif,217.80246913580248,181.0,166.32516494453617,81,0.48186386976947454,0.5930495234160287,0.4847804341365592,1,90.25
bior1.5,1,antireflect,2.5181199738489355e-26,316.0842589329764,9825044.401352528,0.5431034482758621,317.1278454206206,108,raw,1.1839089379632416e-13,-1.2118972492203346e-10,"[2, 5, 11, 17, 22, 25, 29, 38, 44, 52, 55, 60, 65, 74, 78, 84, 89, 95, 98, 101, 105]","[38.0, 368.00000000000006, 460.9999999999999, 193.0, 951.0000000000003, 154.0000000000001, 881.0000000000002, 243.00000000000006, 491.0, 186.0, 321.0, 943.0, 810.0, 205.0, 478.0, 276.0, 346.9999999999999, 79.00000000000023, 1008.0000000000001, 114.00000000000023, 893.0]",21,5.660280417094342,169640.50440830228,0.886722966256682,4.36592371825129e-06,1.0,0.4907407407407407,67631.00000000003,0.1291094199047374,0.15147910127183992,188156.1212645156,82872438.25058065,8,12069.579557418137,0.027777777777777776,"[0.0, 0.009259259259259259, 0.018518518518518517, 0.027777777777777776, 0.037037037037037035, 0.046296296296296294, 0.05555555555555555, 0.06481481481481481, 0.07407407407407407, 0.08333333333333333, 0.09259259259259259, 0.10185185185185185, 0.1111111111111111, 0.12037037037037036, 0.12962962962962962, 0.1388888888888889, 0.14814814814814814, 0.15740740740740738, 0.16666666666666666, 0.17592592592592593, 0.18518518518518517, 0.19444444444444442, 0.2037037037037037, 0.21296296296296297, 0.2222222222222222, 0.23148148148148145, 0.24074074074074073]","[67631.00000000003, 1786.6346316369982, 1155.9831840869385, 12069.579557418137, 1906.5778542068433, 950.5914327635998, 9083.87719738518, 2481.2296367744834, 778.6316126029446, 8965.162396385995, 2042.6423114779182, 1606.7171021541506, 6927.939836298324, 1790.941198917794, 2115.0643759896493, 4469.146453396722, 811.3124818658853, 852.4454942250561, 2613.5185095958273, 1125.8336361545937, 622.5282936168372, 1595.9028958466993, 1672.083632235641, 807.7671822537571, 3024.6344394117605, 842.7313814743675, 842.8235732269208]",3.0,0.3,145.15000000000003,15,0.5,1721880.1384885097,0.14445541615564295,0.1241257545377801,16430975.452705406,84089526828.82378,"[0.046875, 0.03125]",2,1721880.1384885097,0.046875,"[0.0, 0.015625, 0.03125, 0.046875, 0.0625, 0.078125, 0.09375, 0.109375, 0.125, 0.140625, 0.15625, 0.171875, 0.1875, 0.203125, 0.21875, 0.234375]","[154749.38571156553, 876106.9067082782, 1710291.3768915334, 1721880.1384885097, 1236443.3975593033, 1200279.6938555276, 1385236.6101427823, 1437054.047422281, 1048940.2936461223, 664501.8455342907, 393060.2971508252, 165807.08106897445, 58528.0666285326, 51528.95639390751, 141871.9518112762, 339557.7347245397]",3.0,0.3,flattop,64,32,145.15000000000003,15,21,449.52380952380963,38.0,1008.0000000000001,"[2, 5, 11, 17, 22, 25, 29, 38, 44, 52, 55, 60, 65, 74, 78, 84, 89, 95, 98, 101, 105]","[38.0, 368.00000000000006, 460.9999999999999, 193.0, 951.0000000000003, 154.0000000000001, 881.0000000000002, 243.00000000000006, 491.0, 186.0, 321.0, 943.0, 810.0, 205.0, 478.0, 276.0, 346.9999999999999, 79.00000000000023, 1008.0000000000001, 114.00000000000023, 893.0]","[1, 1, 1, 15, 1, 24, 27, 35, 35, 49, 35, 35, 63, 73, 73, 73, 35, 92, 35, 99, 99]","[3, 8, 18, 18, 35, 27, 35, 39, 49, 53, 56, 73, 73, 75, 81, 85, 92, 97, 106, 102, 106]",0.05,30,52684909.00000001,1016.0000000000001,-1016.0000000000001,DWT,uc1.l0082987033,9.313225746154785e-10,0.0,1.1368683772161603e-13,8.940696716308594e-08,0.0,1.1368683772161603e-13,5.587935447692871e-09,1.1368683772161603e-13,1.0,84,0.0,7.275957614183426e-12,1.0,84,,0.0,0.0,1.0,84,0.0,0.0,7.450580596923828e-09,0.0001220703125,2.9103830456733704e-11,0.0,0.0,0.0,1.1368683772161603e-13,1.8189894035458565e-12,7.579122514774403e-14,0.0,1.1368683772161603e-13,0.0,2.842170943040401e-14,0.0,0.0,0.0,2.842170943040401e-14,0.0,5.551115123125783e-17,9.313225746154785e-10,0.0,2.7755575615628914e-17,5.820766091346741e-11,0.0,0.0,2.7755575615628914e-17,0.9041998207273344,0.2767622070229744,0.06755779143409903,0.27441726064342187,0.22067755734381483,3.135877575339459e-05,1.5679387876697293e-05,3.135877575339459e-05,336,0.912717818859832,0.5160480438152221,428,0,0,3.135877575339459e-05,3.135877575339459e-05,261,0,0,0.3487229274343289,0.4743263933686807,449,86.85812186165053,0.887780204313113,368.5,351.7649925580818,0.7058410065493214,121,bior,385.74074074074076,410.0,199.97417605530825,135,0.8534087184529663,0.7130285416801533,0.18870533457887761,4,91.75
coif9,1,antireflect,4.585383297134376e-26,313.48126666514514,12260560.823537964,0.55,441.16667615311604,108,raw,1.6624561809479644e-13,-1.0969680719341633e-10,"[2, 5, 11, 17, 22, 25, 29, 38, 44, 52, 55, 60, 65, 74, 78, 84, 89, 95, 98, 101, 105]","[38.00000000000014, 368.0, 460.99999999999983, 193.0000000000001, 951.0000000000003, 153.99999999999932, 881.0000000000007, 243.0, 491.0000000000001, 185.9999999999999, 321.0000000000001, 942.9999999999998, 810.0000000000005, 204.9999999999999, 477.9999999999997, 276.0000000000002, 346.99999999999955, 78.99999999999989, 1008.0000000000001, 114.00000000000023, 892.9999999999995]",21,6.221107064092437,426505.518006528,0.9481636444531192,4.365923718251289e-06,1.0,0.4907407407407407,67631.0,0.12910941990473743,0.15147910127183992,188156.12126451553,82872438.25058056,8,12069.579557418134,0.027777777777777776,"[0.0, 0.009259259259259259, 0.018518518518518517, 0.027777777777777776, 0.037037037037037035, 0.046296296296296294, 0.05555555555555555, 0.06481481481481481, 0.07407407407407407, 0.08333333333333333, 0.09259259259259259, 0.10185185185185185, 0.1111111111111111, 0.12037037037037036, 0.12962962962962962, 0.1388888888888889, 0.14814814814814814, 0.15740740740740738, 0.16666666666666666, 0.17592592592592593, 0.18518518518518517, 0.19444444444444442, 0.2037037037037037, 0.21296296296296297, 0.2222222222222222, 0.23148148148148145, 0.24074074074074073]","[67631.0, 1786.6346316370013, 1155.9831840869383, 12069.579557418134, 1906.5778542068435, 950.5914327636009, 9083.877197385178, 2481.2296367744825, 778.6316126029465, 8965.16239638599, 2042.6423114779168, 1606.7171021541521, 6927.939836298322, 1790.9411989177931, 2115.0643759896507, 4469.146453396721, 811.3124818658855, 852.4454942250558, 2613.518509595829, 1125.833636154591, 622.5282936168378, 1595.9028958466968, 1672.0836322356402, 807.7671822537559, 3024.6344394117586, 842.7313814743621, 842.8235732269206]",3.0,0.3,145.14999999999986,15,0.5,1721880.1384885097,0.144455416155643,0.12412575453778012,16430975.452705408,84089526828.82372,"[0.046875, 0.03125]",2,1721880.1384885097,0.046875,"[0.0, 0.015625, 0.03125, 0.046875, 0.0625, 0.078125, 0.09375, 0.109375, 0.125, 0.140625, 0.15625, 0.171875, 0.1875, 0.203125, 0.21875, 0.234375]","[154749.3857115652, 876106.9067082778, 1710291.376891533, 1721880.1384885097, 1236443.3975593026, 1200279.693855527, 1385236.6101427814, 1437054.0474222805, 1048940.293646122, 664501.8455342905, 393060.29715082503, 165807.08106897442, 58528.066628532615, 51528.95639390757, 141871.9518112762, 339557.7347245401]",3.0,0.3,flattop,64,32,145.14999999999986,15,21,449.5238095238095,38.00000000000014,1008.0000000000001,"[2, 5, 11, 17, 22, 25, 29, 38, 44, 52, 55, 60, 65, 74, 78, 84, 89, 95, 98, 101, 105]","[38.00000000000014, 368.0, 460.99999999999983, 193.0000000000001, 951.0000000000003, 153.99999999999932, 881.0000000000007, 243.0, 491.0000000000001, 185.9999999999999, 321.0000000000001, 942.9999999999998, 810.0000000000005, 204.9999999999999, 477.9999999999997, 276.0000000000002, 346.99999999999955, 78.99999999999989, 1008.0000000000001, 114.00000000000023, 892.9999999999995]","[1, 1, 1, 15, 1, 24, 27, 35, 35, 49, 35, 35, 63, 73, 73, 73, 35, 92, 35, 99, 99]","[3, 8, 18, 18, 35, 27, 35, 39, 49, 53, 56, 73, 73, 75, 81, 85, 92, 97, 106, 102, 106]",0.05,30,52684909.0,1016.0000000000001,-1016.0000000000001,DWT,uc1.l0082987033,9.313225746154785e-10,0.0,0.0,0.0,0.0,1.1368683772161603e-13,7.450580596923828e-09,1.1368683772161603e-13,1.0,84,0.0,3.637978807091713e-12,1.0,84,,0.0,0.0,1.0,84,0.0,0.0,0.0,6.103515625e-05,0.0,0.0,0.0,0.0,0.0,0.0,2.4496806699538686e-13,0.0,1.1368683772161603e-13,0.0,1.4210854715202004e-13,0.0,0.0,0.0,1.4210854715202004e-13,1.4210854715202004e-13,2.7755575615628914e-17,9.313225746154785e-10,0.0,4.163336342344337e-17,0.0,0.0,0.0,8.326672684688674e-17,0.8774757529472742,0.9953737707695658,0.3038115701498569,0.35139664804469345,0.9159861294363566,0.0,0.0,0.0,360,1.6830312332204955,0.9515810446960702,7,0,0,0.0,0.0,478,0,0,0.6888087742695495,0.9369047915024303,8,242.4147616517333,0.6868026335248925,213.25,14.666682901289434,0.7056429188296297,122,coif,217.80246913580248,181.0,166.32516494453617,81,0.48186386976947454,0.5930495234160287,0.4847804341365592,1,91.75
bior3.9,1,symmetric,1.0056895509957042e-26,320.0703837330234,10988260.65459636,0.5634920634920635,402.0447230373817,108,raw,6.699167969330755e-14,-1.0889877888331578e-10,"[2, 5, 11, 17, 22, 25, 29, 38, 44, 52, 55, 60, 65, 74, 78, 84, 89, 95, 98, 101, 105]","[38.00000000000003, 367.9999999999999, 460.9999999999999, 192.9999999999999, 950.9999999999998, 153.99999999999977, 881.0, 242.99999999999991, 491.00000000000006, 186.0, 321.0, 943.0000000000001, 809.9999999999998, 205.00000000000003, 478.0000000000001, 276.0, 346.9999999999999, 79.0, 1008.0, 114.0, 892.9999999999998]",21,5.699385011245742,124990.05139785958,0.8959169821547194,4.365923718251291e-06,1.0,0.4907407407407407,67631.0,0.1291094199047374,0.15147910127183992,188156.12126451553,82872438.25058056,8,12069.57955741813,0.027777777777777776,"[0.0, 0.009259259259259259, 0.018518518518518517, 0.027777777777777776, 0.037037037037037035, 0.046296296296296294, 0.05555555555555555, 0.06481481481481481, 0.07407407407407407, 0.08333333333333333, 0.09259259259259259, 0.10185185185185185, 0.1111111111111111, 0.12037037037037036, 0.12962962962962962, 0.1388888888888889, 0.14814814814814814, 0.15740740740740738, 0.16666666666666666, 0.17592592592592593, 0.18518518518518517, 0.19444444444444442, 0.2037037037037037, 0.21296296296296297, 0.2222222222222222, 0.23148148148148145, 0.24074074074074073]","[67631.0, 1786.6346316370018, 1155.9831840869392, 12069.57955741813, 1906.577854206845, 950.5914327636003, 9083.877197385176, 2481.229636774482, 778.6316126029456, 8965.162396385991, 2042.6423114779166, 1606.7171021541487, 6927.939836298324, 1790.9411989177922, 2115.0643759896493, 4469.1464533967255, 811.3124818658847, 852.4454942250571, 2613.518509595828, 1125.8336361545935, 622.5282936168376, 1595.902895846698, 1672.0836322356406, 807.7671822537561, 3024.634439411759, 842.7313814743649, 842.82357322692]",3.0,0.3,145.14999999999998,15,0.5,1721880.1384885085,0.14445541615564295,0.12412575453778009,16430975.4527054,84089526828.82368,"[0.046875, 0.03125]",2,1721880.1384885085,0.046875,"[0.0, 0.015625, 0.03125, 0.046875, 0.0625, 0.078125, 0.09375, 0.109375, 0.125, 0.140625, 0.15625, 0.171875, 0.1875, 0.203125, 0.21875, 0.234375]","[154749.38571156547, 876106.9067082775, 1710291.376891532, 1721880.1384885085, 1236443.3975593026, 1200279.693855527, 1385236.6101427816, 1437054.047422281, 1048940.2936461226, 664501.8455342909, 393060.2971508254, 165807.08106897448, 58528.06662853254, 51528.95639390747, 141871.9518112762, 339557.7347245398]",3.0,0.3,flattop,64,32,145.14999999999998,15,21,449.5238095238095,38.00000000000003,1008.0,"[2, 5, 11, 17, 22, 25, 29, 38, 44, 52, 55, 60, 65, 74, 78, 84, 89, 95, 98, 101, 105]","[38.00000000000003, 367.9999999999999, 460.9999999999999, 192.9999999999999, 950.9999999999998, 153.99999999999977, 881.0, 242.99999999999991, 491.00000000000006, 186.0, 321.0, 943.0000000000001, 809.9999999999998, 205.00000000000003, 478.0000000000001, 276.0, 346.9999999999999, 79.0, 1008.0, 114.0, 892.9999999999998]","[1, 1, 1, 15, 1, 24, 27, 35, 35, 49, 35, 35, 63, 73, 73, 73, 35, 92, 35, 99, 99]","[3, 8, 18, 18, 35, 27, 35, 39, 49, 53, 56, 73, 73, 75, 81, 85, 92, 97, 106, 102, 106]",0.05,30,52684909.0,1016.0,-1016.0,DWT,uc1.l0082987033,2.3283064365386963e-10,0.0,0.0,0.0,0.0,0.0,0.0,0.0,1.0,84,0.0,0.0,1.0,84,,0.0,0.0,1.0,84,0.0,0.0,0.0,3.0517578125e-05,0.0,0.0,0.0,0.0,0.0,0.0,8.5265128291212e-14,0.0,0.0,0.0,2.842170943040401e-14,0.0,0.0,0.0,2.842170943040401e-14,2.842170943040401e-14,5.551115123125783e-17,2.3283064365386963e-10,0.0,1.3877787807814457e-17,0.0,0.0,0.0,2.7755575615628914e-17,0.9451240565203927,0.32686862351232543,0.1803939163680648,0.5019952114924183,0.09981313018388926,0.0,0.0,0.0,476,1.0614290405229538,0.6001289431324855,215,0,0,0.0,0.0,397,0,0,0.41083898761541815,0.5588154948244961,233,127.06789523715264,0.8358295927168571,330.25,294.9256499164347,0.7045750030767748,123,bior,385.74074074074076,410.0,199.97417605530825,135,0.8534087184529663,0.7130285416801533,0.18870533457887761,4,93.25
bior3.9,1,reflect,1.0685646868488752e-26,319.8070149334717,11182541.716787426,0.5634920634920635,397.90242227852923,108,raw,7.041281138400433e-14,-1.0860456978179011e-10,"[2, 5, 11, 17, 22, 25, 29, 38, 44, 52, 55, 60, 65, 74, 78, 84, 89, 95, 98, 101, 105]","[38.00000000000003, 367.9999999999999, 460.9999999999999, 192.9999999999999, 950.9999999999998, 153.99999999999977, 881.0, 242.99999999999991, 491.00000000000006, 186.0, 321.0, 943.0000000000001, 809.9999999999998, 205.00000000000003, 478.0000000000001, 276.0, 346.9999999999999, 79.0, 1008.0, 114.00000000000011, 892.9999999999998]",21,5.71753478472672,123026.78467406702,0.8931195017441083,4.365923718251291e-06,1.0,0.4907407407407407,67631.0,0.1291094199047374,0.15147910127183992,188156.12126451553,82872438.25058056,8,12069.57955741813,0.027777777777777776,"[0.0, 0.009259259259259259, 0.018518518518518517, 0.027777777777777776, 0.037037037037037035, 0.046296296296296294, 0.05555555555555555, 0.06481481481481481, 0.07407407407407407, 0.08333333333333333, 0.09259259259259259, 0.10185185185185185, 0.1111111111111111, 0.12037037037037036, 0.12962962962962962, 0.1388888888888889, 0.14814814814814814, 0.15740740740740738, 0.16666666666666666, 0.17592592592592593, 0.18518518518518517, 0.19444444444444442, 0.2037037037037037, 0.21296296296296297, 0.2222222222222222, 0.23148148148148145, 0.24074074074074073]","[67631.0, 1786.6346316370011, 1155.9831840869392, 12069.57955741813, 1906.577854206845, 950.5914327636004, 9083.877197385176, 2481.229636774482, 778.6316126029454, 8965.162396385991, 2042.6423114779172, 1606.7171021541487, 6927.939836298323, 1790.941198917792, 2115.0643759896493, 4469.1464533967255, 811.3124818658849, 852.4454942250569, 2613.518509595828, 1125.8336361545935, 622.5282936168378, 1595.902895846698, 1672.0836322356406, 807.767182253756, 3024.634439411759, 842.7313814743651, 842.8235732269202]",3.0,0.3,145.14999999999998,15,0.5,1721880.1384885085,0.14445541615564295,0.12412575453778009,16430975.4527054,84089526828.82368,"[0.046875, 0.03125]",2,1721880.1384885085,0.046875,"[0.0, 0.015625, 0.03125, 0.046875, 0.0625, 0.078125, 0.09375, 0.109375, 0.125, 0.140625, 0.15625, 0.171875, 0.1875, 0.203125, 0.21875, 0.234375]","[154749.38571156547, 876106.9067082775, 1710291.376891532, 1721880.1384885085, 1236443.3975593026, 1200279.693855527, 1385236.6101427816, 1437054.047422281, 1048940.2936461226, 664501.8455342909, 393060.2971508254, 165807.08106897448, 58528.06662853254, 51528.95639390747, 141871.9518112762, 339557.7347245398]",3.0,0.3,flattop,64,32,145.14999999999998,15,21,449.5238095238095,38.00000000000003,1008.0,"[2, 5, 11, 17, 22, 25, 29, 38, 44, 52, 55, 60, 65, 74, 78, 84, 89, 95, 98, 101, 105]","[38.00000000000003, 367.9999999999999, 460.9999999999999, 192.9999999999999, 950.9999999999998, 153.99999999999977, 881.0, 242.99999999999991, 491.00000000000006, 186.0, 321.0, 943.0000000000001, 809.9999999999998, 205.00000000000003, 478.0000000000001, 276.0, 346.9999999999999, 79.0, 1008.0, 114.00000000000011, 892.9999999999998]","[1, 1, 1, 15, 1, 24, 27, 35, 35, 49, 35, 35, 63, 73, 73, 73, 35, 92, 35, 99, 99]","[3, 8, 18, 18, 35, 27, 35, 39, 49, 53, 56, 73, 73, 75, 81, 85, 92, 97, 106, 102, 106]",0.05,30,52684909.0,1016.0,-1016.0,DWT,uc1.l0082987033,2.3283064365386963e-10,0.0,0.0,0.0,0.0,0.0,0.0,0.0,1.0,84,0.0,0.0,1.0,84,,0.0,0.0,1.0,84,0.0,0.0,0.0,3.0517578125e-05,0.0,0.0,0.0,0.0,0.0,0.0,9.067878723033656e-14,0.0,0.0,0.0,2.842170943040401e-14,0.0,0.0,0.0,2.842170943040401e-14,2.842170943040401e-14,5.551115123125783e-17,2.3283064365386963e-10,0.0,1.3877787807814457e-17,0.0,0.0,0.0,2.7755575615628914e-17,0.9424201354456533,0.3501247173028482,0.19923987226367879,0.5019952114924183,0.09449875839290575,0.0,0.0,0.0,480,1.0787319640047852,0.609911966571469,187,0,0,0.0,0.0,393,0,0,0.4176557389795009,0.5680875123336555,215,140.9926120995943,0.8178390024553045,318.75,273.474000278278,0.703008648514474,124,bior,385.74074074074076,410.0,199.97417605530825,135,0.8534087184529663,0.7130285416801533,0.18870533457887761,4,94.0
bior3.7,1,symmetric,8.58094406055617e-27,320.75967240380436,10920726.932405496,0.5737704918032787,391.6541304345766,108,raw,6.747688827444008e-14,-1.1044687386885316e-10,"[2, 5, 11, 17, 22, 25, 29, 38, 44, 52, 55, 60, 65, 74, 78, 84, 89, 95, 98, 101, 105]","[38.00000000000003, 367.9999999999999, 460.9999999999998, 193.0, 950.9999999999999, 154.0, 880.9999999999999, 242.99999999999997, 491.0, 186.0000000000001, 320.9999999999999, 943.0, 810.0, 204.99999999999994, 478.0000000000001, 276.0, 347.0000000000001, 79.0, 1007.9999999999999, 114.00000000000011, 893.0]",21,5.635770073341713,125611.84746343043,0.9084101297604276,4.365923718251291e-06,1.0,0.4907407407407407,67631.0,0.12910941990473743,0.15147910127183992,188156.12126451553,82872438.25058056,8,12069.57955741813,0.027777777777777776,"[0.0, 0.009259259259259259, 0.018518518518518517, 0.027777777777777776, 0.037037037037037035, 0.046296296296296294, 0.05555555555555555, 0.06481481481481481, 0.07407407407407407, 0.08333333333333333, 0.09259259259259259, 0.10185185185185185, 0.1111111111111111, 0.12037037037037036, 0.12962962962962962, 0.1388888888888889, 0.14814814814814814, 0.15740740740740738, 0.16666666666666666, 0.17592592592592593, 0.18518518518518517, 0.19444444444444442, 0.2037037037037037, 0.21296296296296297, 0.2222222222222222, 0.23148148148148145, 0.24074074074074073]","[67631.0, 1786.6346316370016, 1155.9831840869379, 12069.57955741813, 1906.5778542068438, 950.5914327636013, 9083.877197385176, 2481.229636774482, 778.6316126029441, 8965.162396385991, 2042.642311477918, 1606.7171021541487, 6927.939836298322, 1790.9411989177936, 2115.0643759896484, 4469.1464533967255, 811.3124818658846, 852.445494225057, 2613.5185095958273, 1125.8336361545946, 622.528293616837, 1595.9028958466965, 1672.0836322356408, 807.7671822537561, 3024.634439411759, 842.7313814743657, 842.82357322692]",3.0,0.3,145.14999999999998,15,0.5,1721880.138488509,0.14445541615564292,0.12412575453778009,16430975.4527054,84089526828.82367,"[0.046875, 0.03125]",2,1721880.138488509,0.046875,"[0.0, 0.015625, 0.03125, 0.046875, 0.0625, 0.078125, 0.09375, 0.109375, 0.125, 0.140625, 0.15625, 0.171875, 0.1875, 0.203125, 0.21875, 0.234375]","[154749.3857115657, 876106.9067082785, 1710291.3768915327, 1721880.138488509, 1236443.3975593024, 1200279.6938555269, 1385236.6101427814, 1437054.0474222803, 1048940.2936461219, 664501.8455342905, 393060.29715082503, 165807.0810689744, 58528.0666285325, 51528.95639390742, 141871.9518112762, 339557.7347245399]",3.0,0.3,flattop,64,32,145.14999999999998,15,21,449.5238095238095,38.00000000000003,1007.9999999999999,"[2, 5, 11, 17, 22, 25, 29, 38, 44, 52, 55, 60, 65, 74, 78, 84, 89, 95, 98, 101, 105]","[38.00000000000003, 367.9999999999999, 460.9999999999998, 193.0, 950.9999999999999, 154.0, 880.9999999999999, 242.99999999999997, 491.0, 186.0000000000001, 320.9999999999999, 943.0, 810.0, 204.99999999999994, 478.0000000000001, 276.0, 347.0000000000001, 79.0, 1007.9999999999999, 114.00000000000011, 893.0]","[1, 1, 1, 15, 1, 24, 27, 35, 35, 49, 35, 35, 63, 73, 73, 73, 35, 92, 35, 99, 99]","[3, 8, 18, 18, 35, 27, 35, 39, 49, 53, 56, 73, 73, 75, 81, 85, 92, 97, 106, 102, 106]",0.05,30,52684909.0,1016.0,-1016.0,DWT,uc1.l0082987033,2.3283064365386963e-10,0.0,0.0,0.0,0.0,1.1368683772161603e-13,0.0,0.0,1.0,84,0.0,0.0,1.0,84,,0.0,0.0,1.0,84,0.0,0.0,0.0,1.52587890625e-05,0.0,0.0,0.0,0.0,0.0,0.0,6.496390726949488e-14,0.0,0.0,0.0,2.842170943040401e-14,0.0,0.0,0.0,2.842170943040401e-14,2.842170943040401e-14,2.7755575615628914e-17,2.3283064365386963e-10,0.0,1.3877787807814457e-17,0.0,0.0,0.0,0.0,0.9522007572027675,0.24535603802882658,0.17384290447054898,0.6167231431449764,0.10149627156787341,0.0,0.0,0.0,444,1.0682076914564882,0.603961572978944,201,0,0,0.0,0.0,440,0,0,0.4179238228829986,0.5684521550372534,214,135.50246000226957,0.82493222221929,324.75,282.2267473177054,0.7026792894042186,125,bior,385.74074074074076,410.0,199.97417605530825,135,0.8534087184529663,0.7130285416801533,0.18870533457887761,4,94.75
bior3.3,1,periodic,4.299584104160152e-27,323.7607586258002,10033449.32381284,0.5789473684210527,358.4887860036302,108,raw,3.750086660956088e-14,-1.0898881797061288e-10,"[2, 5, 11, 17, 22, 25, 29, 38, 44, 52, 55, 60, 65, 74, 78, 84, 89, 95, 98, 101, 105]","[38.00000000000003, 367.9999999999999, 461.0, 193.0, 951.0, 153.9999999999999, 881.0, 242.99999999999997, 490.9999999999999, 186.0000000000001, 320.9999999999999, 943.0, 810.0, 205.0, 478.0, 275.9999999999999, 347.0, 78.99999999999989, 1008.0, 113.99999999999989, 893.0]",21,5.505015768033183,122349.61762288038,0.8999037813147177,4.365923718251291e-06,1.0,0.4907407407407407,67631.0,0.12910941990473743,0.15147910127183992,188156.12126451553,82872438.25058056,8,12069.57955741813,0.027777777777777776,"[0.0, 0.009259259259259259, 0.018518518518518517, 0.027777777777777776, 0.037037037037037035, 0.046296296296296294, 0.05555555555555555, 0.06481481481481481, 0.07407407407407407, 0.08333333333333333, 0.09259259259259259, 0.10185185185185185, 0.1111111111111111, 0.12037037037037036, 0.12962962962962962, 0.1388888888888889, 0.14814814814814814, 0.15740740740740738, 0.16666666666666666, 0.17592592592592593, 0.18518518518518517, 0.19444444444444442, 0.2037037037037037, 0.21296296296296297, 0.2222222222222222, 0.23148148148148145, 0.24074074074074073]","[67631.0, 1786.634631637001, 1155.9831840869392, 12069.57955741813, 1906.5778542068433, 950.591432763601, 9083.877197385176, 2481.2296367744843, 778.6316126029446, 8965.162396385991, 2042.6423114779172, 1606.717102154149, 6927.939836298324, 1790.9411989177922, 2115.064375989647, 4469.146453396725, 811.3124818658858, 852.4454942250578, 2613.518509595828, 1125.8336361545933, 622.5282936168377, 1595.9028958466977, 1672.0836322356424, 807.7671822537566, 3024.6344394117596, 842.7313814743649, 842.8235732269193]",3.0,0.3,145.14999999999998,15,0.5,1721880.1384885083,0.14445541615564295,0.12412575453778009,16430975.452705398,84089526828.82367,"[0.046875, 0.03125]",2,1721880.1384885083,0.046875,"[0.0, 0.015625, 0.03125, 0.046875, 0.0625, 0.078125, 0.09375, 0.109375, 0.125, 0.140625, 0.15625, 0.171875, 0.1875, 0.203125, 0.21875, 0.234375]","[154749.38571156544, 876106.9067082776, 1710291.3768915322, 1721880.1384885083, 1236443.3975593017, 1200279.693855527, 1385236.610142782, 1437054.0474222808, 1048940.293646122, 664501.8455342907, 393060.2971508249, 165807.0810689744, 58528.06662853257, 51528.95639390755, 141871.9518112762, 339557.7347245398]",3.0,0.3,flattop,64,32,145.14999999999998,15,21,449.5238095238095,38.00000000000003,1008.0,"[2, 5, 11, 17, 22, 25, 29, 38, 44, 52, 55, 60, 65, 74, 78, 84, 89, 95, 98, 101, 105]","[38.00000000000003, 367.9999999999999, 461.0, 193.0, 951.0, 153.9999999999999, 881.0, 242.99999999999997, 490.9999999999999, 186.0000000000001, 320.9999999999999, 943.0, 810.0, 205.0, 478.0, 275.9999999999999, 347.0, 78.99999999999989, 1008.0, 113.99999999999989, 893.0]","[1, 1, 1, 15, 1, 24, 27, 35, 35, 49, 35, 35, 63, 73, 73, 73, 35, 92, 35, 99, 99]","[3, 8, 18, 18, 35, 27, 35, 39, 49, 53, 56, 73, 73, 75, 81, 85, 92, 97, 106, 102, 106]",0.05,30,52684909.0,1016.0,-1016.0,DWT,uc1.l0082987033,4.656612873077393e-10,0.0,0.0,0.0,0.0,0.0,1.862645149230957e-09,0.0,1.0,84,0.0,0.0,1.0,84,,0.0,0.0,1.0,84,0.0,0.0,0.0,1.52587890625e-05,0.0,0.0,0.0,0.0,0.0,0.0,4.601610098255887e-14,0.0,0.0,0.0,2.842170943040401e-14,0.0,0.0,0.0,2.842170943040401e-14,2.842170943040401e-14,2.7755575615628914e-17,4.656612873077393e-10,0.0,1.3877787807814457e-17,0.0,0.0,0.0,2.7755575615628914e-17,0.9830119250274197,0.07781486232452514,0.08777381214564586,0.6745074977947666,0.09266573314422333,0.0,0.0,0.0,454,0.9794707846271333,0.5537899797030439,319,0,0,0.0,0.0,445,0,0,0.3831547660873162,0.5211599353026259,305,79.67590601932305,0.897059552946611,380.75,368.21159536314724,0.7025672441735639,126,bior,385.74074074074076,410.0,199.97417605530825,135,0.8534087184529663,0.7130285416801533,0.18870533457887761,4,95.5
bior3.1,1,antisymmetric,2.490463094853298e-26,316.13222200696947,9899056.430970099,0.5818181818181818,361.0277744354584,108,raw,1.3612156669330066e-13,-9.545120249754355e-11,"[2, 5, 11, 17, 22, 25, 29, 38, 44, 52, 55, 60, 65, 74, 78, 84, 89, 95, 98, 101, 105]","[37.99999999999997, 368.0000000000001, 460.9999999999999, 193.0, 950.9999999999998, 154.0, 880.9999999999998, 242.99999999999994, 490.9999999999999, 185.9999999999999, 321.0, 942.9999999999998, 809.9999999999998, 204.99999999999997, 477.99999999999983, 276.0000000000001, 346.9999999999999, 79.0, 1007.9999999999998, 114.0, 892.9999999999998]",21,5.4475789625552515,112949.52583677683,0.8987313115644373,4.365923718251293e-06,1.0,0.4907407407407407,67630.99999999999,0.12910941990473743,0.15147910127183992,188156.1212645155,82872438.25058052,8,12069.579557418128,0.027777777777777776,"[0.0, 0.009259259259259259, 0.018518518518518517, 0.027777777777777776, 0.037037037037037035, 0.046296296296296294, 0.05555555555555555, 0.06481481481481481, 0.07407407407407407, 0.08333333333333333, 0.09259259259259259, 0.10185185185185185, 0.1111111111111111, 0.12037037037037036, 0.12962962962962962, 0.1388888888888889, 0.14814814814814814, 0.15740740740740738, 0.16666666666666666, 0.17592592592592593, 0.18518518518518517, 0.19444444444444442, 0.2037037037037037, 0.21296296296296297, 0.2222222222222222, 0.23148148148148145, 0.24074074074074073]","[67630.99999999999, 1786.634631637, 1155.9831840869374, 12069.579557418128, 1906.5778542068429, 950.5914327636004, 9083.877197385174, 2481.2296367744834, 778.631612602945, 8965.162396385987, 2042.6423114779166, 1606.7171021541499, 6927.939836298321, 1790.9411989177931, 2115.064375989648, 4469.146453396725, 811.3124818658861, 852.4454942250561, 2613.518509595828, 1125.8336361545942, 622.5282936168375, 1595.9028958466974, 1672.0836322356424, 807.7671822537567, 3024.6344394117596, 842.7313814743655, 842.8235732269208]",3.0,0.3,145.14999999999998,15,0.5,1721880.138488508,0.14445541615564292,0.12412575453778009,16430975.452705396,84089526828.82362,"[0.046875, 0.03125]",2,1721880.138488508,0.046875,"[0.0, 0.015625, 0.03125, 0.046875, 0.0625, 0.078125, 0.09375, 0.109375, 0.125, 0.140625, 0.15625, 0.171875, 0.1875, 0.203125, 0.21875, 0.234375]","[154749.38571156573, 876106.906708278, 1710291.376891532, 1721880.138488508, 1236443.3975593017, 1200279.6938555264, 1385236.610142781, 1437054.04742228, 1048940.2936461219, 664501.8455342907, 393060.29715082527, 165807.0810689746, 58528.06662853263, 51528.95639390745, 141871.95181127609, 339557.7347245397]",3.0,0.3,flattop,64,32,145.14999999999998,15,21,449.52380952380946,37.99999999999997,1007.9999999999998,"[2, 5, 11, 17, 22, 25, 29, 38, 44, 52, 55, 60, 65, 74, 78, 84, 89, 95, 98, 101, 105]","[37.99999999999997, 368.0000000000001, 460.9999999999999, 193.0, 950.9999999999998, 154.0, 880.9999999999998, 242.99999999999994, 490.9999999999999, 185.9999999999999, 321.0, 942.9999999999998, 809.9999999999998, 204.99999999999997, 477.99999999999983, 276.0000000000001, 346.9999999999999, 79.0, 1007.9999999999998, 114.0, 892.9999999999998]","[1, 1, 1, 15, 1, 24, 27, 35, 35, 49, 35, 35, 63, 73, 73, 73, 35, 92, 35, 99, 99]","[3, 8, 18, 18, 35, 27, 35, 39, 49, 53, 56, 73, 73, 75, 81, 85, 92, 97, 106, 102, 106]",0.05,30,52684908.99999999,1015.9999999999998,-1015.9999999999998,DWT,uc1.l0082987033,6.984919309616089e-10,0.0,5.684341886080802e-14,4.470348358154297e-08,0.0,2.2737367544323206e-13,3.725290298461914e-09,2.2737367544323206e-13,1.0,84,0.0,1.8189894035458565e-12,1.0,84,,0.0,0.0,1.0,84,0.0,0.0,7.450580596923828e-09,3.0517578125e-05,1.4551915228366852e-11,0.0,0.0,0.0,5.684341886080802e-14,1.8189894035458565e-12,1.1098000825205375e-13,0.0,2.2737367544323206e-13,0.0,2.842170943040401e-14,0.0,0.0,0.0,2.842170943040401e-14,2.842170943040401e-14,2.7755575615628914e-17,6.984919309616089e-10,0.0,1.3877787807814457e-17,2.9103830456733704e-11,0.0,0.0,0.0,0.9046922418751692,0.004218586501979649,0.07473722225554402,0.7065515490096493,0.06722060028717455,3.135877575339459e-05,1.5679387876697293e-05,3.135877575339459e-05,342,0.8918021092225928,0.5042223614188953,451,0,0,3.135877575339459e-05,3.135877575339459e-05,247,0,0,0.35148403998590333,0.47808200693819547,430,93.18261640456336,0.8796090227331222,367.5,347.3598424616337,0.7024014105913674,127,bior,385.74074074074076,410.0,199.97417605530825,135,0.8534087184529663,0.7130285416801533,0.18870533457887761,4,96.25
coif8,1,periodization,6.939411437576172e-26,311.68179673616527,9369890.013023902,0.5740740740740741,413.00398331135915,108,raw,1.928745229372872e-13,-1.203754873557734e-10,"[2, 5, 11, 17, 22, 25, 29, 38, 44, 52, 55, 60, 65, 74, 78, 84, 89, 95, 98, 101, 105]","[38.0, 368.00000000000006, 461.0000000000003, 193.00000000000006, 951.0000000000001, 154.0, 881.0000000000008, 243.00000000000014, 491.0000000000007, 186.0000000000001, 321.0000000000002, 943.0000000000002, 810.0000000000005, 205.00000000000006, 478.0000000000004, 276.00000000000034, 347.0, 78.99999999999977, 1008.0000000000003, 114.00000000000045, 893.0000000000008]",21,5.622788413393259,95467.34242112486,0.8270734844986719,4.365923718251288e-06,1.0,0.4907407407407407,67631.00000000001,0.12910941990473745,0.15147910127183992,188156.1212645156,82872438.2505806,8,12069.579557418134,0.027777777777777776,"[0.0, 0.009259259259259259, 0.018518518518518517, 0.027777777777777776, 0.037037037037037035, 0.046296296296296294, 0.05555555555555555, 0.06481481481481481, 0.07407407407407407, 0.08333333333333333, 0.09259259259259259, 0.10185185185185185, 0.1111111111111111, 0.12037037037037036, 0.12962962962962962, 0.1388888888888889, 0.14814814814814814, 0.15740740740740738, 0.16666666666666666, 0.17592592592592593, 0.18518518518518517, 0.19444444444444442, 0.2037037037037037, 0.21296296296296297, 0.2222222222222222, 0.23148148148148145, 0.24074074074074073]","[67631.00000000001, 1786.634631637001, 1155.983184086938, 12069.579557418134, 1906.5778542068404, 950.591432763599, 9083.877197385182, 2481.229636774486, 778.6316126029435, 8965.162396385993, 2042.6423114779143, 1606.71710215415, 6927.93983629832, 1790.9411989177968, 2115.0643759896534, 4469.146453396725, 811.312481865888, 852.445494225061, 2613.518509595831, 1125.833636154593, 622.5282936168365, 1595.902895846695, 1672.0836322356458, 807.7671822537558, 3024.6344394117637, 842.7313814743673, 842.8235732269235]",3.0,0.3,145.15000000000003,15,0.5,1721880.1384885102,0.14445541615564295,0.12412575453778008,16430975.452705406,84089526828.82375,"[0.046875, 0.03125]",2,1721880.1384885102,0.046875,"[0.0, 0.015625, 0.03125, 0.046875, 0.0625, 0.078125, 0.09375, 0.109375, 0.125, 0.140625, 0.15625, 0.171875, 0.1875, 0.203125, 0.21875, 0.234375]","[154749.3857115658, 876106.9067082789, 1710291.3768915343, 1721880.1384885102, 1236443.3975593033, 1200279.6938555269, 1385236.6101427807, 1437054.04742228, 1048940.2936461219, 664501.8455342907, 393060.2971508254, 165807.08106897448, 58528.06662853267, 51528.956393907705, 141871.95181127664, 339557.7347245404]",3.0,0.3,flattop,64,32,145.15000000000003,15,21,449.5238095238097,38.0,1008.0000000000003,"[2, 5, 11, 17, 22, 25, 29, 38, 44, 52, 55, 60, 65, 74, 78, 84, 89, 95, 98, 101, 105]","[38.0, 368.00000000000006, 461.0000000000003, 193.00000000000006, 951.0000000000001, 154.0, 881.0000000000008, 243.00000000000014, 491.0000000000007, 186.0000000000001, 321.0000000000002, 943.0000000000002, 810.0000000000005, 205.00000000000006, 478.0000000000004, 276.00000000000034, 347.0, 78.99999999999977, 1008.0000000000003, 114.00000000000045, 893.0000000000008]","[1, 1, 1, 15, 1, 24, 27, 35, 35, 49, 35, 35, 63, 73, 73, 73, 35, 92, 35, 99, 99]","[3, 8, 18, 18, 35, 27, 35, 39, 49, 53, 56, 73, 73, 75, 81, 85, 92, 97, 106, 102, 106]",0.05,30,52684909.00000001,1016.0000000000005,-1016.0000000000005,DWT,uc1.l0082987033,1.3969838619232178e-09,0.0,1.7053025658242404e-13,2.9802322387695312e-08,0.0,3.410605131648481e-13,5.587935447692871e-09,4.547473508864641e-13,1.0,84,0.0,3.637978807091713e-12,1.0,84,,0.0,0.0,1.0,84,0.0,0.0,7.450580596923828e-09,9.1552734375e-05,1.4551915228366852e-11,0.0,0.0,0.0,1.7053025658242404e-13,3.637978807091713e-12,2.747431911605721e-13,0.0,4.547473508864641e-13,0.0,2.842170943040401e-14,0.0,0.0,0.0,2.842170943040401e-14,0.0,0.0,1.3969838619232178e-09,0.0,0.0,5.820766091346741e-11,0.0,0.0,2.7755575615628914e-17,0.8590011854487296,0.2287220727821347,0.023406192552574347,0.6201117318435755,0.019898032618189204,3.135877575339459e-05,1.5679387876697293e-05,3.135877575339459e-05,338,0.8974687497212981,0.5074262637465763,445,0,0,3.135877575339459e-05,3.135877575339459e-05,265,0,0,0.3502278430490407,0.47637335139665515,444,87.7762306474063,0.8865940172514131,373.0,356.13778382456735,0.7023409362742854,128,coif,217.80246913580248,181.0,166.32516494453617,81,0.48186386976947454,0.5930495234160287,0.4847804341365592,1,96.25
db11,1,symmetric,1.8752684570631637e-26,317.3643886254467,10319371.038743036,0.5703125,398.7826656744205,108,raw,9.835753610753243e-14,-1.1212830663964787e-10,"[2, 5, 11, 17, 22, 25, 29, 38, 44, 52, 55, 60, 65, 74, 78, 84, 89, 95, 98, 101, 105]","[37.99999999999994, 368.00000000000045, 460.99999999999994, 192.99999999999972, 950.9999999999999, 154.00000000000023, 880.9999999999999, 242.99999999999991, 490.99999999999994, 185.9999999999999, 320.9999999999998, 942.9999999999999, 810.0000000000002, 205.0000000000001, 478.0, 275.9999999999999, 346.9999999999998, 79.00000000000023, 1008.0, 113.99999999999989, 893.0000000000001]",21,5.843634435163493,100470.46805802661,0.7955729835226618,4.36592371825129e-06,1.0,0.4907407407407407,67631.0,0.12910941990473743,0.15147910127183992,188156.12126451553,82872438.25058056,8,12069.57955741813,0.027777777777777776,"[0.0, 0.009259259259259259, 0.018518518518518517, 0.027777777777777776, 0.037037037037037035, 0.046296296296296294, 0.05555555555555555, 0.06481481481481481, 0.07407407407407407, 0.08333333333333333, 0.09259259259259259, 0.10185185185185185, 0.1111111111111111, 0.12037037037037036, 0.12962962962962962, 0.1388888888888889, 0.14814814814814814, 0.15740740740740738, 0.16666666666666666, 0.17592592592592593, 0.18518518518518517, 0.19444444444444442, 0.2037037037037037, 0.21296296296296297, 0.2222222222222222, 0.23148148148148145, 0.24074074074074073]","[67631.0, 1786.6346316370023, 1155.9831840869376, 12069.57955741813, 1906.5778542068435, 950.591432763602, 9083.877197385178, 2481.2296367744807, 778.6316126029438, 8965.162396385991, 2042.642311477917, 1606.7171021541499, 6927.939836298324, 1790.9411989177963, 2115.0643759896475, 4469.146453396723, 811.312481865886, 852.4454942250579, 2613.5185095958273, 1125.8336361545935, 622.5282936168386, 1595.9028958466965, 1672.0836322356422, 807.7671822537571, 3024.6344394117614, 842.7313814743657, 842.8235732269205]",3.0,0.3,145.15,15,0.5,1721880.1384885088,0.14445541615564297,0.12412575453778013,16430975.4527054,84089526828.82365,"[0.046875, 0.03125]",2,1721880.1384885088,0.046875,"[0.0, 0.015625, 0.03125, 0.046875, 0.0625, 0.078125, 0.09375, 0.109375, 0.125, 0.140625, 0.15625, 0.171875, 0.1875, 0.203125, 0.21875, 0.234375]","[154749.38571156567, 876106.906708278, 1710291.3768915324, 1721880.1384885088, 1236443.3975593029, 1200279.6938555269, 1385236.6101427812, 1437054.04742228, 1048940.2936461216, 664501.84553429, 393060.29715082474, 165807.0810689742, 58528.06662853252, 51528.956393907574, 141871.95181127626, 339557.7347245401]",3.0,0.3,flattop,64,32,145.15,15,21,449.5238095238095,37.99999999999994,1008.0,"[2, 5, 11, 17, 22, 25, 29, 38, 44, 52, 55, 60, 65, 74, 78, 84, 89, 95, 98, 101, 105]","[37.99999999999994, 368.00000000000045, 460.99999999999994, 192.99999999999972, 950.9999999999999, 154.00000000000023, 880.9999999999999, 242.99999999999991, 490.99999999999994, 185.9999999999999, 320.9999999999998, 942.9999999999999, 810.0000000000002, 205.0000000000001, 478.0, 275.9999999999999, 346.9999999999998, 79.00000000000023, 1008.0, 113.99999999999989, 893.0000000000001]","[1, 1, 1, 15, 1, 24, 27, 35, 35, 49, 35, 35, 63, 73, 73, 73, 35, 92, 35, 99, 99]","[3, 8, 18, 18, 35, 27, 35, 39, 49, 53, 56, 73, 73, 75, 81, 85, 92, 97, 106, 102, 106]",0.05,30,52684909.0,1016.0,-1016.0,DWT,uc1.l0082987033,0.0,0.0,0.0,0.0,0.0,0.0,0.0,0.0,1.0,84,0.0,0.0,1.0,84,,0.0,0.0,1.0,84,0.0,0.0,0.0,0.0,0.0,0.0,0.0,0.0,0.0,0.0,1.4481537662158231e-13,0.0,0.0,0.0,0.0,0.0,0.0,0.0,0.0,5.684341886080802e-14,2.7755575615628914e-17,0.0,0.0,5.551115123125783e-17,0.0,0.0,0.0,5.551115123125783e-17,0.917342492371667,0.5117016813670678,0.1155092381743213,0.5781250000000001,0.033441006392091174,0.0,0.0,0.0,498,1.1086373577505313,0.6268203906463871,167,0,0,0.0,0.0,369,0,0,0.43122388366102954,0.5865426485612725,182,158.6547614581212,0.7950196880386031,304.0,246.90460823051575,0.7011274150787331,129,db,413.2962962962963,398.0,188.41229481502944,243,0.9143723369387087,0.671803462110104,0.15839832550987273,5,98.0
bior3.1,1,zero,2.490416347540396e-26,316.13230352711173,9898911.3662617,0.5818181818181818,361.0277744354584,108,raw,1.360557756992488e-13,-9.545630952345686e-11,"[2, 5, 11, 17, 22, 25, 29, 38, 44, 52, 55, 60, 65, 74, 78, 84, 89, 95, 98, 101, 105]","[37.99999999999997, 368.0000000000001, 460.9999999999999, 193.0, 950.9999999999998, 154.0, 880.9999999999998, 242.99999999999994, 490.9999999999999, 185.9999999999999, 321.0, 942.9999999999998, 809.9999999999998, 204.99999999999997, 477.99999999999983, 276.0000000000001, 346.9999999999999, 79.0, 1007.9999999999998, 114.0, 892.9999999999998]",21,5.447717292307183,112022.53543388429,0.8979791980185643,4.365923718251293e-06,1.0,0.4907407407407407,67630.99999999999,0.12910941990473743,0.15147910127183992,188156.1212645155,82872438.25058052,8,12069.579557418128,0.027777777777777776,"[0.0, 0.009259259259259259, 0.018518518518518517, 0.027777777777777776, 0.037037037037037035, 0.046296296296296294, 0.05555555555555555, 0.06481481481481481, 0.07407407407407407, 0.08333333333333333, 0.09259259259259259, 0.10185185185185185, 0.1111111111111111, 0.12037037037037036, 0.12962962962962962, 0.1388888888888889, 0.14814814814814814, 0.15740740740740738, 0.16666666666666666, 0.17592592592592593, 0.18518518518518517, 0.19444444444444442, 0.2037037037037037, 0.21296296296296297, 0.2222222222222222, 0.23148148148148145, 0.24074074074074073]","[67630.99999999999, 1786.634631637, 1155.9831840869374, 12069.579557418128, 1906.5778542068429, 950.5914327636004, 9083.877197385174, 2481.2296367744834, 778.631612602945, 8965.162396385987, 2042.6423114779166, 1606.7171021541499, 6927.939836298321, 1790.941198917793, 2115.064375989648, 4469.146453396725, 811.3124818658861, 852.4454942250561, 2613.518509595828, 1125.8336361545942, 622.5282936168375, 1595.9028958466974, 1672.0836322356424, 807.7671822537567, 3024.6344394117596, 842.7313814743655, 842.8235732269208]",3.0,0.3,145.14999999999998,15,0.5,1721880.138488508,0.14445541615564292,0.12412575453778009,16430975.452705396,84089526828.82362,"[0.046875, 0.03125]",2,1721880.138488508,0.046875,"[0.0, 0.015625, 0.03125, 0.046875, 0.0625, 0.078125, 0.09375, 0.109375, 0.125, 0.140625, 0.15625, 0.171875, 0.1875, 0.203125, 0.21875, 0.234375]","[154749.38571156573, 876106.906708278, 1710291.376891532, 1721880.138488508, 1236443.3975593017, 1200279.6938555264, 1385236.610142781, 1437054.04742228, 1048940.2936461219, 664501.8455342907, 393060.29715082527, 165807.0810689746, 58528.06662853263, 51528.95639390745, 141871.95181127609, 339557.7347245397]",3.0,0.3,flattop,64,32,145.14999999999998,15,21,449.52380952380946,37.99999999999997,1007.9999999999998,"[2, 5, 11, 17, 22, 25, 29, 38, 44, 52, 55, 60, 65, 74, 78, 84, 89, 95, 98, 101, 105]","[37.99999999999997, 368.0000000000001, 460.9999999999999, 193.0, 950.9999999999998, 154.0, 880.9999999999998, 242.99999999999994, 490.9999999999999, 185.9999999999999, 321.0, 942.9999999999998, 809.9999999999998, 204.99999999999997, 477.99999999999983, 276.0000000000001, 346.9999999999999, 79.0, 1007.9999999999998, 114.0, 892.9999999999998]","[1, 1, 1, 15, 1, 24, 27, 35, 35, 49, 35, 35, 63, 73, 73, 73, 35, 92, 35, 99, 99]","[3, 8, 18, 18, 35, 27, 35, 39, 49, 53, 56, 73, 73, 75, 81, 85, 92, 97, 106, 102, 106]",0.05,30,52684908.99999999,1015.9999999999998,-1015.9999999999998,DWT,uc1.l0082987033,6.984919309616089e-10,0.0,5.684341886080802e-14,4.470348358154297e-08,0.0,2.2737367544323206e-13,3.725290298461914e-09,2.2737367544323206e-13,1.0,84,0.0,1.8189894035458565e-12,1.0,84,,0.0,0.0,1.0,84,0.0,0.0,7.450580596923828e-09,3.0517578125e-05,1.4551915228366852e-11,0.0,0.0,0.0,5.684341886080802e-14,1.8189894035458565e-12,1.1098000825205375e-13,0.0,2.2737367544323206e-13,0.0,2.842170943040401e-14,0.0,0.0,0.0,2.842170943040401e-14,2.842170943040401e-14,2.7755575615628914e-17,6.984919309616089e-10,0.0,1.3877787807814457e-17,2.9103830456733704e-11,0.0,0.0,0.0,0.9046930788157295,0.004395834426770773,0.0747231504614862,0.7065515490096493,0.06471132755925506,3.135877575339459e-05,1.5679387876697293e-05,3.135877575339459e-05,309,0.8908804903611279,0.503701280751054,455,0,0,3.135877575339459e-05,3.135877575339459e-05,234,0,0,0.3510149880545782,0.47744401128782354,434,104.8204814591754,0.8645730213705745,358.0,333.0086529094532,0.7010203608144862,130,bior,385.74074074074076,410.0,199.97417605530825,135,0.8534087184529663,0.7130285416801533,0.18870533457887761,4,98.5
bior3.7,1,antireflect,8.242960988274813e-27,320.93419066732827,10882691.238597086,0.5655737704918032,361.3649838365608,108,raw,6.477945751831377e-14,-1.103551694470191e-10,"[2, 5, 11, 17, 22, 25, 29, 38, 44, 52, 55, 60, 65, 74, 78, 84, 89, 95, 98, 101, 105]","[37.99999999999997, 367.9999999999999, 460.9999999999998, 193.0, 950.9999999999999, 154.0, 880.9999999999999, 242.99999999999997, 491.0, 186.0000000000001, 320.9999999999999, 943.0, 810.0, 204.99999999999994, 478.0000000000001, 276.0, 347.0000000000001, 79.0, 1008.0, 114.0, 893.0]",21,5.639420907263931,262045.8005442049,0.9576020897372642,4.365923718251291e-06,1.0,0.4907407407407407,67631.0,0.12910941990473743,0.15147910127183992,188156.12126451553,82872438.25058056,8,12069.57955741813,0.027777777777777776,"[0.0, 0.009259259259259259, 0.018518518518518517, 0.027777777777777776, 0.037037037037037035, 0.046296296296296294, 0.05555555555555555, 0.06481481481481481, 0.07407407407407407, 0.08333333333333333, 0.09259259259259259, 0.10185185185185185, 0.1111111111111111, 0.12037037037037036, 0.12962962962962962, 0.1388888888888889, 0.14814814814814814, 0.15740740740740738, 0.16666666666666666, 0.17592592592592593, 0.18518518518518517, 0.19444444444444442, 0.2037037037037037, 0.21296296296296297, 0.2222222222222222, 0.23148148148148145, 0.24074074074074073]","[67631.0, 1786.6346316370011, 1155.9831840869379, 12069.57955741813, 1906.577854206844, 950.5914327636015, 9083.877197385176, 2481.2296367744816, 778.6316126029446, 8965.162396385991, 2042.642311477918, 1606.717102154149, 6927.939836298323, 1790.941198917794, 2115.0643759896484, 4469.146453396725, 811.3124818658846, 852.4454942250572, 2613.5185095958273, 1125.8336361545944, 622.528293616837, 1595.9028958466977, 1672.0836322356406, 807.7671822537562, 3024.6344394117596, 842.7313814743659, 842.8235732269203]",3.0,0.3,145.15000000000003,15,0.5,1721880.138488509,0.14445541615564292,0.12412575453778009,16430975.4527054,84089526828.82367,"[0.046875, 0.03125]",2,1721880.138488509,0.046875,"[0.0, 0.015625, 0.03125, 0.046875, 0.0625, 0.078125, 0.09375, 0.109375, 0.125, 0.140625, 0.15625, 0.171875, 0.1875, 0.203125, 0.21875, 0.234375]","[154749.3857115657, 876106.9067082785, 1710291.3768915327, 1721880.138488509, 1236443.3975593024, 1200279.6938555269, 1385236.6101427814, 1437054.0474222803, 1048940.2936461219, 664501.8455342905, 393060.29715082503, 165807.0810689744, 58528.0666285325, 51528.95639390742, 141871.9518112762, 339557.7347245399]",3.0,0.3,flattop,64,32,145.15000000000003,15,21,449.5238095238095,37.99999999999997,1008.0,"[2, 5, 11, 17, 22, 25, 29, 38, 44, 52, 55, 60, 65, 74, 78, 84, 89, 95, 98, 101, 105]","[37.99999999999997, 367.9999999999999, 460.9999999999998, 193.0, 950.9999999999999, 154.0, 880.9999999999999, 242.99999999999997, 491.0, 186.0000000000001, 320.9999999999999, 943.0, 810.0, 204.99999999999994, 478.0000000000001, 276.0, 347.0000000000001, 79.0, 1008.0, 114.0, 893.0]","[1, 1, 1, 15, 1, 24, 27, 35, 35, 49, 35, 35, 63, 73, 73, 73, 35, 92, 35, 99, 99]","[3, 8, 18, 18, 35, 27, 35, 39, 49, 53, 56, 73, 73, 75, 81, 85, 92, 97, 106, 102, 106]",0.05,30,52684909.0,1016.0,-1016.0,DWT,uc1.l0082987033,2.3283064365386963e-10,0.0,0.0,0.0,0.0,0.0,0.0,0.0,1.0,84,0.0,0.0,1.0,84,,0.0,0.0,1.0,84,0.0,0.0,0.0,1.52587890625e-05,0.0,0.0,0.0,0.0,0.0,0.0,5.413658939124573e-14,0.0,0.0,0.0,2.842170943040401e-14,0.0,0.0,0.0,2.842170943040401e-14,2.842170943040401e-14,2.7755575615628914e-17,2.3283064365386963e-10,0.0,1.3877787807814457e-17,0.0,0.0,0.0,0.0,0.9539924789688706,0.25003401024692096,0.17015330652472643,0.5252312482828094,0.4708096933245427,0.0,0.0,0.0,450,1.180905522410087,0.6676806042108243,127,0,0,0.0,0.0,429,0,0,0.474044147469574,0.6447859692538221,119,182.96151690086816,0.7636156112391884,281.25,192.02517853379834,0.7001217591079663,131,bior,385.74074074074076,410.0,199.97417605530825,135,0.8534087184529663,0.7130285416801533,0.18870533457887761,4,99.25
bior3.1,1,constant,2.490603336792004e-26,316.1319774557234,9898568.246784557,0.5818181818181818,361.0277744354584,108,raw,1.3618735768735252e-13,-9.5440988445717e-11,"[2, 5, 11, 17, 22, 25, 29, 38, 44, 52, 55, 60, 65, 74, 78, 84, 89, 95, 98, 101, 105]","[37.99999999999997, 368.0000000000001, 460.9999999999999, 193.0, 950.9999999999998, 154.0, 880.9999999999998, 242.99999999999994, 490.9999999999999, 185.9999999999999, 321.0, 942.9999999999998, 809.9999999999998, 204.99999999999997, 477.99999999999983, 276.0000000000001, 346.9999999999999, 79.0, 1007.9999999999998, 114.0, 892.9999999999998]",21,5.448303257647256,111380.08533057848,0.8973978958466011,4.365923718251293e-06,1.0,0.4907407407407407,67630.99999999999,0.12910941990473743,0.15147910127183992,188156.1212645155,82872438.25058052,8,12069.579557418128,0.027777777777777776,"[0.0, 0.009259259259259259, 0.018518518518518517, 0.027777777777777776, 0.037037037037037035, 0.046296296296296294, 0.05555555555555555, 0.06481481481481481, 0.07407407407407407, 0.08333333333333333, 0.09259259259259259, 0.10185185185185185, 0.1111111111111111, 0.12037037037037036, 0.12962962962962962, 0.1388888888888889, 0.14814814814814814, 0.15740740740740738, 0.16666666666666666, 0.17592592592592593, 0.18518518518518517, 0.19444444444444442, 0.2037037037037037, 0.21296296296296297, 0.2222222222222222, 0.23148148148148145, 0.24074074074074073]","[67630.99999999999, 1786.634631637, 1155.9831840869374, 12069.579557418128, 1906.5778542068429, 950.5914327636004, 9083.877197385174, 2481.2296367744834, 778.631612602945, 8965.162396385987, 2042.6423114779166, 1606.7171021541499, 6927.939836298321, 1790.9411989177931, 2115.064375989648, 4469.146453396725, 811.3124818658861, 852.4454942250561, 2613.518509595828, 1125.8336361545942, 622.5282936168375, 1595.9028958466974, 1672.0836322356424, 807.7671822537567, 3024.6344394117596, 842.7313814743655, 842.8235732269208]",3.0,0.3,145.14999999999998,15,0.5,1721880.138488508,0.14445541615564292,0.12412575453778009,16430975.452705396,84089526828.82362,"[0.046875, 0.03125]",2,1721880.138488508,0.046875,"[0.0, 0.015625, 0.03125, 0.046875, 0.0625, 0.078125, 0.09375, 0.109375, 0.125, 0.140625, 0.15625, 0.171875, 0.1875, 0.203125, 0.21875, 0.234375]","[154749.38571156573, 876106.906708278, 1710291.376891532, 1721880.138488508, 1236443.3975593017, 1200279.6938555264, 1385236.610142781, 1437054.04742228, 1048940.2936461219, 664501.8455342907, 393060.29715082527, 165807.0810689746, 58528.06662853263, 51528.95639390745, 141871.95181127609, 339557.7347245397]",3.0,0.3,flattop,64,32,145.14999999999998,15,21,449.52380952380946,37.99999999999997,1007.9999999999998,"[2, 5, 11, 17, 22, 25, 29, 38, 44, 52, 55, 60, 65, 74, 78, 84, 89, 95, 98, 101, 105]","[37.99999999999997, 368.0000000000001, 460.9999999999999, 193.0, 950.9999999999998, 154.0, 880.9999999999998, 242.99999999999994, 490.9999999999999, 185.9999999999999, 321.0, 942.9999999999998, 809.9999999999998, 204.99999999999997, 477.99999999999983, 276.0000000000001, 346.9999999999999, 79.0, 1007.9999999999998, 114.0, 892.9999999999998]","[1, 1, 1, 15, 1, 24, 27, 35, 35, 49, 35, 35, 63, 73, 73, 73, 35, 92, 35, 99, 99]","[3, 8, 18, 18, 35, 27, 35, 39, 49, 53, 56, 73, 73, 75, 81, 85, 92, 97, 106, 102, 106]",0.05,30,52684908.99999999,1015.9999999999998,-1015.9999999999998,DWT,uc1.l0082987033,6.984919309616089e-10,0.0,5.684341886080802e-14,4.470348358154297e-08,0.0,2.2737367544323206e-13,3.725290298461914e-09,2.2737367544323206e-13,1.0,84,0.0,1.8189894035458565e-12,1.0,84,,0.0,0.0,1.0,84,0.0,0.0,7.450580596923828e-09,3.0517578125e-05,1.4551915228366852e-11,0.0,0.0,0.0,5.684341886080802e-14,1.8189894035458565e-12,1.1098000825205375e-13,0.0,2.2737367544323206e-13,0.0,2.842170943040401e-14,0.0,0.0,0.0,2.842170943040401e-14,2.842170943040401e-14,2.7755575615628914e-17,6.984919309616089e-10,0.0,1.3877787807814457e-17,2.9103830456733704e-11,0.0,0.0,0.0,0.9046897311477436,0.0051466572908143715,0.07468986664853888,0.7065515490096493,0.06297227770691133,3.135877575339459e-05,1.5679387876697293e-05,3.135877575339459e-05,308,0.8905416313449471,0.5035096908326631,457,0,0,3.135877575339459e-05,3.135877575339459e-05,235,0,0,0.35081001636073156,0.4771652126295298,436,105.6882207249228,0.86345191120811,359.0,333.78298951098395,0.6998138109012126,132,bior,385.74074074074076,410.0,199.97417605530825,135,0.8534087184529663,0.7130285416801533,0.18870533457887761,4,100.0
bior3.1,1,smooth,2.490603336792004e-26,316.1319774557234,9898408.645317433,0.5818181818181818,361.0277744354584,108,raw,1.3618735768735252e-13,-9.547163060119668e-11,"[2, 5, 11, 17, 22, 25, 29, 38, 44, 52, 55, 60, 65, 74, 78, 84, 89, 95, 98, 101, 105]","[37.99999999999997, 368.0000000000001, 460.9999999999999, 193.0, 950.9999999999998, 154.0, 880.9999999999998, 242.99999999999994, 490.9999999999999, 185.9999999999999, 321.0, 942.9999999999998, 809.9999999999998, 204.99999999999997, 477.99999999999983, 276.0000000000001, 346.9999999999999, 79.0, 1007.9999999999998, 114.0, 892.9999999999998]",21,5.4486374775013555,111146.9295144628,0.8971681480807782,4.365923718251293e-06,1.0,0.4907407407407407,67630.99999999999,0.12910941990473743,0.15147910127183992,188156.1212645155,82872438.25058052,8,12069.579557418128,0.027777777777777776,"[0.0, 0.009259259259259259, 0.018518518518518517, 0.027777777777777776, 0.037037037037037035, 0.046296296296296294, 0.05555555555555555, 0.06481481481481481, 0.07407407407407407, 0.08333333333333333, 0.09259259259259259, 0.10185185185185185, 0.1111111111111111, 0.12037037037037036, 0.12962962962962962, 0.1388888888888889, 0.14814814814814814, 0.15740740740740738, 0.16666666666666666, 0.17592592592592593, 0.18518518518518517, 0.19444444444444442, 0.2037037037037037, 0.21296296296296297, 0.2222222222222222, 0.23148148148148145, 0.24074074074074073]","[67630.99999999999, 1786.634631637, 1155.9831840869374, 12069.579557418128, 1906.5778542068429, 950.5914327636004, 9083.877197385174, 2481.2296367744834, 778.631612602945, 8965.162396385987, 2042.6423114779166, 1606.7171021541499, 6927.939836298321, 1790.941198917793, 2115.064375989648, 4469.146453396725, 811.3124818658861, 852.4454942250561, 2613.518509595828, 1125.8336361545942, 622.5282936168373, 1595.9028958466974, 1672.0836322356424, 807.7671822537567, 3024.6344394117596, 842.7313814743657, 842.8235732269208]",3.0,0.3,145.14999999999998,15,0.5,1721880.138488508,0.14445541615564292,0.12412575453778009,16430975.452705396,84089526828.82362,"[0.046875, 0.03125]",2,1721880.138488508,0.046875,"[0.0, 0.015625, 0.03125, 0.046875, 0.0625, 0.078125, 0.09375, 0.109375, 0.125, 0.140625, 0.15625, 0.171875, 0.1875, 0.203125, 0.21875, 0.234375]","[154749.38571156573, 876106.906708278, 1710291.376891532, 1721880.138488508, 1236443.3975593017, 1200279.6938555264, 1385236.610142781, 1437054.04742228, 1048940.2936461219, 664501.8455342907, 393060.29715082527, 165807.0810689746, 58528.06662853263, 51528.95639390745, 141871.95181127609, 339557.7347245397]",3.0,0.3,flattop,64,32,145.14999999999998,15,21,449.52380952380946,37.99999999999997,1007.9999999999998,"[2, 5, 11, 17, 22, 25, 29, 38, 44, 52, 55, 60, 65, 74, 78, 84, 89, 95, 98, 101, 105]","[37.99999999999997, 368.0000000000001, 460.9999999999999, 193.0, 950.9999999999998, 154.0, 880.9999999999998, 242.99999999999994, 490.9999999999999, 185.9999999999999, 321.0, 942.9999999999998, 809.9999999999998, 204.99999999999997, 477.99999999999983, 276.0000000000001, 346.9999999999999, 79.0, 1007.9999999999998, 114.0, 892.9999999999998]","[1, 1, 1, 15, 1, 24, 27, 35, 35, 49, 35, 35, 63, 73, 73, 73, 35, 92, 35, 99, 99]","[3, 8, 18, 18, 35, 27, 35, 39, 49, 53, 56, 73, 73, 75, 81, 85, 92, 97, 106, 102, 106]",0.05,30,52684908.99999999,1015.9999999999998,-1015.9999999999998,DWT,uc1.l0082987033,6.984919309616089e-10,0.0,5.684341886080802e-14,4.470348358154297e-08,0.0,2.2737367544323206e-13,3.725290298461914e-09,2.2737367544323206e-13,1.0,84,0.0,1.8189894035458565e-12,1.0,84,,0.0,0.0,1.0,84,0.0,0.0,7.450580596923828e-09,3.0517578125e-05,1.4551915228366852e-11,0.0,0.0,0.0,5.684341886080802e-14,1.8189894035458565e-12,1.1098000825205375e-13,0.0,2.2737367544323206e-13,0.0,2.842170943040401e-14,0.0,0.0,0.0,2.842170943040401e-14,2.842170943040401e-14,2.7755575615628914e-17,6.984919309616089e-10,0.0,1.3877787807814457e-17,2.9103830456733704e-11,0.0,0.0,0.0,0.9046897311477436,0.0055749077194903185,0.07467438473704242,0.7065515490096493,0.06234114762302983,3.135877575339459e-05,1.5679387876697293e-05,3.135877575339459e-05,305,0.8904955635699842,0.5034836442444829,458,0,0,3.135877575339459e-05,3.135877575339459e-05,238,0,0,0.3507663440473911,0.4771058103670252,437,105.57935404235053,0.8635925658367565,359.5,334.669086068517,0.6995611407995153,133,bior,385.74074074074076,410.0,199.97417605530825,135,0.8534087184529663,0.7130285416801533,0.18870533457887761,4,100.75
db14,1,periodization,3.3206559289473065e-26,314.8827843284373,9437882.27370824,0.5740740740740741,405.9913224346912,108,raw,1.4278290484105157e-13,-1.119375703240173e-10,"[2, 5, 11, 17, 22, 25, 29, 38, 44, 52, 55, 60, 65, 74, 78, 84, 89, 95, 98, 101, 105]","[37.999999999999915, 367.99999999999994, 461.0, 192.99999999999966, 951.0000000000001, 153.9999999999999, 881.0000000000002, 242.99999999999997, 491.0, 186.00000000000023, 321.0000000000002, 943.0000000000006, 809.9999999999999, 205.00000000000003, 478.0000000000007, 275.9999999999999, 346.99999999999966, 79.00000000000045, 1008.0000000000002, 114.00000000000023, 892.9999999999999]",21,5.582280799027128,95467.34242112483,0.822332493499805,4.36592371825129e-06,1.0,0.4907407407407407,67631.0,0.12910941990473745,0.15147910127183992,188156.12126451553,82872438.25058056,8,12069.579557418134,0.027777777777777776,"[0.0, 0.009259259259259259, 0.018518518518518517, 0.027777777777777776, 0.037037037037037035, 0.046296296296296294, 0.05555555555555555, 0.06481481481481481, 0.07407407407407407, 0.08333333333333333, 0.09259259259259259, 0.10185185185185185, 0.1111111111111111, 0.12037037037037036, 0.12962962962962962, 0.1388888888888889, 0.14814814814814814, 0.15740740740740738, 0.16666666666666666, 0.17592592592592593, 0.18518518518518517, 0.19444444444444442, 0.2037037037037037, 0.21296296296296297, 0.2222222222222222, 0.23148148148148145, 0.24074074074074073]","[67631.0, 1786.6346316370002, 1155.983184086937, 12069.579557418134, 1906.577854206843, 950.5914327635984, 9083.87719738518, 2481.2296367744857, 778.6316126029435, 8965.162396385987, 2042.6423114779166, 1606.717102154148, 6927.939836298325, 1790.9411989177927, 2115.064375989649, 4469.1464533967255, 811.3124818658868, 852.4454942250572, 2613.51850959583, 1125.833636154595, 622.5282936168384, 1595.902895846699, 1672.0836322356436, 807.767182253757, 3024.634439411761, 842.731381474366, 842.8235732269194]",3.0,0.3,145.15,15,0.5,1721880.1384885088,0.14445541615564295,0.12412575453778009,16430975.452705404,84089526828.8237,"[0.046875, 0.03125]",2,1721880.1384885088,0.046875,"[0.0, 0.015625, 0.03125, 0.046875, 0.0625, 0.078125, 0.09375, 0.109375, 0.125, 0.140625, 0.15625, 0.171875, 0.1875, 0.203125, 0.21875, 0.234375]","[154749.38571156558, 876106.906708278, 1710291.3768915331, 1721880.1384885088, 1236443.3975593026, 1200279.6938555262, 1385236.6101427814, 1437054.047422281, 1048940.2936461228, 664501.8455342914, 393060.2971508256, 165807.08106897463, 58528.06662853267, 51528.95639390752, 141871.9518112761, 339557.7347245398]",3.0,0.3,flattop,64,32,145.15,15,21,449.52380952380963,37.999999999999915,1008.0000000000002,"[2, 5, 11, 17, 22, 25, 29, 38, 44, 52, 55, 60, 65, 74, 78, 84, 89, 95, 98, 101, 105]","[37.999999999999915, 367.99999999999994, 461.0, 192.99999999999966, 951.0000000000001, 153.9999999999999, 881.0000000000002, 242.99999999999997, 491.0, 186.00000000000023, 321.0000000000002, 943.0000000000006, 809.9999999999999, 205.00000000000003, 478.0000000000007, 275.9999999999999, 346.99999999999966, 79.00000000000045, 1008.0000000000002, 114.00000000000023, 892.9999999999999]","[1, 1, 1, 15, 1, 24, 27, 35, 35, 49, 35, 35, 63, 73, 73, 73, 35, 92, 35, 99, 99]","[3, 8, 18, 18, 35, 27, 35, 39, 49, 53, 56, 73, 73, 75, 81, 85, 92, 97, 106, 102, 106]",0.05,30,52684909.00000001,1016.0000000000001,-1016.0000000000001,DWT,uc1.l0082987033,0.0,0.0,1.1368683772161603e-13,0.0,0.0,2.2737367544323206e-13,3.725290298461914e-09,1.1368683772161603e-13,1.0,84,0.0,3.637978807091713e-12,1.0,84,,0.0,0.0,1.0,84,0.0,0.0,7.450580596923828e-09,4.57763671875e-05,0.0,0.0,0.0,0.0,1.1368683772161603e-13,1.8189894035458565e-12,2.0436562495195263e-13,0.0,1.1368683772161603e-13,0.0,0.0,0.0,0.0,0.0,0.0,8.526512829121202e-14,0.0,0.0,0.0,1.3877787807814457e-17,0.0,0.0,0.0,2.7755575615628914e-17,0.8918646750703418,0.17681790549782184,0.030001684319239406,0.6201117318435755,0.01989803261818912,3.135877575339459e-05,1.5679387876697293e-05,3.135877575339459e-05,263,0.8945325057354416,0.5057661197965455,447,0,0,3.135877575339459e-05,3.135877575339459e-05,250,0,0,0.3477388058698336,0.4729878096519237,453,111.87008834655788,0.8554650021362301,353.25,326.61264259890453,0.6995348266495105,134,db,413.2962962962963,398.0,188.41229481502944,243,0.9143723369387087,0.671803462110104,0.15839832550987273,5,101.75
coif2,1,antireflect,1.64869883996252e-26,317.9236097881663,9795493.59005962,0.576271186440678,440.264910702699,108,raw,8.952509515607004e-14,-1.1791778664616066e-10,"[2, 5, 11, 17, 22, 25, 29, 38, 44, 52, 55, 60, 65, 74, 78, 84, 89, 95, 98, 101, 105]","[37.99999999999994, 368.0000000000001, 461.0, 193.0, 951.0, 154.00000000000023, 881.0000000000001, 243.00000000000014, 491.00000000000017, 186.0, 320.9999999999999, 943.0000000000001, 810.0, 205.00000000000003, 477.9999999999999, 276.0000000000001, 347.0, 78.99999999999989, 1008.0000000000002, 114.0, 893.0]",21,5.732960616261386,189440.95914861764,0.8831277164711894,4.365923718251291e-06,1.0,0.4907407407407407,67631.0,0.1291094199047374,0.1514791012718399,188156.1212645156,82872438.25058058,8,12069.579557418132,0.027777777777777776,"[0.0, 0.009259259259259259, 0.018518518518518517, 0.027777777777777776, 0.037037037037037035, 0.046296296296296294, 0.05555555555555555, 0.06481481481481481, 0.07407407407407407, 0.08333333333333333, 0.09259259259259259, 0.10185185185185185, 0.1111111111111111, 0.12037037037037036, 0.12962962962962962, 0.1388888888888889, 0.14814814814814814, 0.15740740740740738, 0.16666666666666666, 0.17592592592592593, 0.18518518518518517, 0.19444444444444442, 0.2037037037037037, 0.21296296296296297, 0.2222222222222222, 0.23148148148148145, 0.24074074074074073]","[67631.0, 1786.634631637001, 1155.9831840869408, 12069.579557418132, 1906.577854206843, 950.5914327636009, 9083.87719738518, 2481.229636774484, 778.6316126029454, 8965.162396385991, 2042.642311477917, 1606.7171021541524, 6927.939836298324, 1790.9411989177931, 2115.064375989649, 4469.146453396726, 811.3124818658866, 852.4454942250579, 2613.5185095958295, 1125.833636154595, 622.5282936168376, 1595.902895846697, 1672.0836322356427, 807.7671822537565, 3024.634439411758, 842.7313814743652, 842.823573226921]",3.0,0.3,145.15,15,0.5,1721880.138488509,0.14445541615564295,0.12412575453778009,16430975.452705404,84089526828.82375,"[0.046875, 0.03125]",2,1721880.138488509,0.046875,"[0.0, 0.015625, 0.03125, 0.046875, 0.0625, 0.078125, 0.09375, 0.109375, 0.125, 0.140625, 0.15625, 0.171875, 0.1875, 0.203125, 0.21875, 0.234375]","[154749.38571156515, 876106.9067082778, 1710291.3768915331, 1721880.138488509, 1236443.3975593029, 1200279.6938555278, 1385236.610142782, 1437054.047422281, 1048940.2936461226, 664501.8455342909, 393060.29715082544, 165807.08106897463, 58528.066628532615, 51528.95639390751, 141871.95181127626, 339557.7347245399]",3.0,0.3,flattop,64,32,145.15,15,21,449.5238095238095,37.99999999999994,1008.0000000000002,"[2, 5, 11, 17, 22, 25, 29, 38, 44, 52, 55, 60, 65, 74, 78, 84, 89, 95, 98, 101, 105]","[37.99999999999994, 368.0000000000001, 461.0, 193.0, 951.0, 154.00000000000023, 881.0000000000001, 243.00000000000014, 491.00000000000017, 186.0, 320.9999999999999, 943.0000000000001, 810.0, 205.00000000000003, 477.9999999999999, 276.0000000000001, 347.0, 78.99999999999989, 1008.0000000000002, 114.0, 893.0]","[1, 1, 1, 15, 1, 24, 27, 35, 35, 49, 35, 35, 63, 73, 73, 73, 35, 92, 35, 99, 99]","[3, 8, 18, 18, 35, 27, 35, 39, 49, 53, 56, 73, 73, 75, 81, 85, 92, 97, 106, 102, 106]",0.05,30,52684909.0,1016.0000000000002,-1016.0000000000002,DWT,uc1.l0082987033,2.3283064365386963e-10,0.0,0.0,1.4901161193847656e-08,0.0,2.2737367544323206e-13,3.725290298461914e-09,2.2737367544323206e-13,1.0,84,0.0,1.8189894035458565e-12,1.0,84,,0.0,0.0,1.0,84,0.0,0.0,0.0,9.1552734375e-05,0.0,0.0,0.0,0.0,0.0,0.0,7.849805461730633e-14,0.0,2.2737367544323206e-13,0.0,0.0,0.0,0.0,0.0,0.0,5.684341886080802e-14,5.551115123125783e-17,2.3283064365386963e-10,2.7755575615628914e-17,1.3877787807814457e-17,5.820766091346741e-11,0.0,0.0,2.7755575615628914e-17,0.9230838326135319,0.3698905058589969,0.06469125735185234,0.6446359246283498,0.2742754596794203,0.0,0.0,0.0,495,1.1387057348966518,0.6438209650696379,146,0,0,0.0,0.0,377,0,0,0.4553153960264303,0.6193114723812361,146,174.22399375516565,0.7749044008331193,291.0,217.73030035441585,0.6994677042925286,135,coif,217.80246913580248,181.0,166.32516494453617,81,0.48186386976947454,0.5930495234160287,0.4847804341365592,1,101.5
rbio3.9,1,antisymmetric,8.999354423831866e-27,320.55290955100844,10300592.064744335,0.5634920634920635,652.7843316444744,108,raw,5.45571818175058e-14,-1.1120671050690653e-10,"[2, 5, 11, 17, 22, 25, 29, 38, 44, 52, 55, 60, 65, 74, 78, 84, 89, 95, 98, 101, 105]","[37.999999999999886, 368.0, 461.0000000000001, 193.0, 951.0000000000002, 154.0, 881.0, 242.99999999999997, 491.0, 185.9999999999999, 321.0, 943.0, 810.0000000000003, 204.99999999999994, 478.0, 275.9999999999999, 346.99999999999966, 78.99999999999989, 1008.0000000000003, 113.99999999999989, 893.0]",21,6.049277731777454,281549.0586427754,0.8118353560226014,4.365923718251291e-06,1.0,0.4907407407407407,67631.0,0.1291094199047374,0.15147910127183992,188156.12126451556,82872438.25058056,8,12069.57955741813,0.027777777777777776,"[0.0, 0.009259259259259259, 0.018518518518518517, 0.027777777777777776, 0.037037037037037035, 0.046296296296296294, 0.05555555555555555, 0.06481481481481481, 0.07407407407407407, 0.08333333333333333, 0.09259259259259259, 0.10185185185185185, 0.1111111111111111, 0.12037037037037036, 0.12962962962962962, 0.1388888888888889, 0.14814814814814814, 0.15740740740740738, 0.16666666666666666, 0.17592592592592593, 0.18518518518518517, 0.19444444444444442, 0.2037037037037037, 0.21296296296296297, 0.2222222222222222, 0.23148148148148145, 0.24074074074074073]","[67631.0, 1786.6346316370002, 1155.9831840869383, 12069.57955741813, 1906.5778542068433, 950.591432763602, 9083.877197385176, 2481.2296367744843, 778.6316126029436, 8965.162396385991, 2042.642311477917, 1606.7171021541506, 6927.939836298324, 1790.9411989177927, 2115.0643759896498, 4469.1464533967255, 811.3124818658858, 852.4454942250595, 2613.518509595828, 1125.8336361545942, 622.5282936168351, 1595.902895846698, 1672.0836322356424, 807.7671822537565, 3024.63443941176, 842.7313814743657, 842.8235732269212]",3.0,0.3,145.15000000000012,15,0.5,1721880.1384885085,0.14445541615564295,0.12412575453778009,16430975.452705404,84089526828.82368,"[0.046875, 0.03125]",2,1721880.1384885085,0.046875,"[0.0, 0.015625, 0.03125, 0.046875, 0.0625, 0.078125, 0.09375, 0.109375, 0.125, 0.140625, 0.15625, 0.171875, 0.1875, 0.203125, 0.21875, 0.234375]","[154749.3857115655, 876106.9067082778, 1710291.3768915324, 1721880.1384885085, 1236443.3975593026, 1200279.6938555269, 1385236.6101427816, 1437054.047422281, 1048940.293646122, 664501.8455342908, 393060.2971508254, 165807.08106897463, 58528.06662853266, 51528.956393907516, 141871.95181127614, 339557.7347245399]",3.0,0.3,flattop,64,32,145.15000000000012,15,21,449.5238095238095,37.999999999999886,1008.0000000000003,"[2, 5, 11, 17, 22, 25, 29, 38, 44, 52, 55, 60, 65, 74, 78, 84, 89, 95, 98, 101, 105]","[37.999999999999886, 368.0, 461.0000000000001, 193.0, 951.0000000000002, 154.0, 881.0, 242.99999999999997, 491.0, 185.9999999999999, 321.0, 943.0, 810.0000000000003, 204.99999999999994, 478.0, 275.9999999999999, 346.99999999999966, 78.99999999999989, 1008.0000000000003, 113.99999999999989, 893.0]","[1, 1, 1, 15, 1, 24, 27, 35, 35, 49, 35, 35, 63, 73, 73, 73, 35, 92, 35, 99, 99]","[3, 8, 18, 18, 35, 27, 35, 39, 49, 53, 56, 73, 73, 75, 81, 85, 92, 97, 106, 102, 106]",0.05,30,52684909.0,1016.0000000000001,-1016.0000000000001,DWT,uc1.l0082987033,2.3283064365386963e-10,0.0,0.0,0.0,0.0,3.410605131648481e-13,3.725290298461914e-09,1.1368683772161603e-13,1.0,84,0.0,0.0,1.0,84,,0.0,0.0,1.0,84,0.0,0.0,0.0,3.0517578125e-05,0.0,0.0,0.0,0.0,0.0,0.0,9.609244616946118e-14,0.0,1.1368683772161603e-13,0.0,1.1368683772161603e-13,0.0,0.0,0.0,1.1368683772161603e-13,1.1368683772161603e-13,5.551115123125783e-17,2.3283064365386963e-10,0.0,1.3877787807814457e-17,2.9103830456733704e-11,0.0,0.0,2.7755575615628914e-17,0.9500779908154819,0.7752013772976445,0.11368761072513453,0.5019952114924183,0.5236031132991307,0.0,0.0,0.0,393,1.4247306184172983,0.8055386159945335,35,0,0,0.0,0.0,472,0,0,0.572913060725962,0.7792656129819073,36,231.46634024554555,0.7009478808197086,234.0,65.56046528653765,0.6993111497121799,136,rbio,366.5925925925926,360.0,210.3588723315502,135,0.8110455588331695,0.7500562468954116,0.20725123474815782,3,102.75
bior3.1,1,symmetric,2.490603336792004e-26,316.1319774557234,9898408.645317433,0.5818181818181818,361.0277744354584,108,raw,1.3618735768735252e-13,-9.5440988445717e-11,"[2, 5, 11, 17, 22, 25, 29, 38, 44, 52, 55, 60, 65, 74, 78, 84, 89, 95, 98, 101, 105]","[37.99999999999997, 368.0000000000001, 460.9999999999999, 193.0, 950.9999999999998, 154.0, 880.9999999999998, 242.99999999999994, 490.9999999999999, 185.9999999999999, 321.0, 942.9999999999998, 809.9999999999998, 204.99999999999997, 477.99999999999983, 276.0000000000001, 346.9999999999999, 79.0, 1007.9999999999998, 114.0, 892.9999999999998]",21,5.4486374775013555,111146.9295144628,0.8971681480807782,4.365923718251293e-06,1.0,0.4907407407407407,67630.99999999999,0.12910941990473743,0.15147910127183992,188156.1212645155,82872438.25058052,8,12069.579557418128,0.027777777777777776,"[0.0, 0.009259259259259259, 0.018518518518518517, 0.027777777777777776, 0.037037037037037035, 0.046296296296296294, 0.05555555555555555, 0.06481481481481481, 0.07407407407407407, 0.08333333333333333, 0.09259259259259259, 0.10185185185185185, 0.1111111111111111, 0.12037037037037036, 0.12962962962962962, 0.1388888888888889, 0.14814814814814814, 0.15740740740740738, 0.16666666666666666, 0.17592592592592593, 0.18518518518518517, 0.19444444444444442, 0.2037037037037037, 0.21296296296296297, 0.2222222222222222, 0.23148148148148145, 0.24074074074074073]","[67630.99999999999, 1786.634631637, 1155.9831840869374, 12069.579557418128, 1906.5778542068429, 950.5914327636004, 9083.877197385174, 2481.2296367744834, 778.631612602945, 8965.162396385987, 2042.6423114779166, 1606.7171021541499, 6927.939836298321, 1790.9411989177931, 2115.064375989648, 4469.146453396725, 811.3124818658861, 852.4454942250561, 2613.518509595828, 1125.8336361545942, 622.5282936168375, 1595.9028958466974, 1672.0836322356424, 807.7671822537567, 3024.6344394117596, 842.7313814743655, 842.8235732269208]",3.0,0.3,145.14999999999998,15,0.5,1721880.138488508,0.14445541615564292,0.12412575453778009,16430975.452705396,84089526828.82362,"[0.046875, 0.03125]",2,1721880.138488508,0.046875,"[0.0, 0.015625, 0.03125, 0.046875, 0.0625, 0.078125, 0.09375, 0.109375, 0.125, 0.140625, 0.15625, 0.171875, 0.1875, 0.203125, 0.21875, 0.234375]","[154749.38571156573, 876106.906708278, 1710291.376891532, 1721880.138488508, 1236443.3975593017, 1200279.6938555264, 1385236.610142781, 1437054.04742228, 1048940.2936461219, 664501.8455342907, 393060.29715082527, 165807.0810689746, 58528.06662853263, 51528.95639390745, 141871.95181127609, 339557.7347245397]",3.0,0.3,flattop,64,32,145.14999999999998,15,21,449.52380952380946,37.99999999999997,1007.9999999999998,"[2, 5, 11, 17, 22, 25, 29, 38, 44, 52, 55, 60, 65, 74, 78, 84, 89, 95, 98, 101, 105]","[37.99999999999997, 368.0000000000001, 460.9999999999999, 193.0, 950.9999999999998, 154.0, 880.9999999999998, 242.99999999999994, 490.9999999999999, 185.9999999999999, 321.0, 942.9999999999998, 809.9999999999998, 204.99999999999997, 477.99999999999983, 276.0000000000001, 346.9999999999999, 79.0, 1007.9999999999998, 114.0, 892.9999999999998]","[1, 1, 1, 15, 1, 24, 27, 35, 35, 49, 35, 35, 63, 73, 73, 73, 35, 92, 35, 99, 99]","[3, 8, 18, 18, 35, 27, 35, 39, 49, 53, 56, 73, 73, 75, 81, 85, 92, 97, 106, 102, 106]",0.05,30,52684908.99999999,1015.9999999999998,-1015.9999999999998,DWT,uc1.l0082987033,6.984919309616089e-10,0.0,5.684341886080802e-14,4.470348358154297e-08,0.0,2.2737367544323206e-13,3.725290298461914e-09,2.2737367544323206e-13,1.0,84,0.0,1.8189894035458565e-12,1.0,84,,0.0,0.0,1.0,84,0.0,0.0,7.450580596923828e-09,3.0517578125e-05,1.4551915228366852e-11,0.0,0.0,0.0,5.684341886080802e-14,1.8189894035458565e-12,1.1098000825205375e-13,0.0,2.2737367544323206e-13,0.0,2.842170943040401e-14,0.0,0.0,0.0,2.842170943040401e-14,2.842170943040401e-14,2.7755575615628914e-17,6.984919309616089e-10,0.0,1.3877787807814457e-17,2.9103830456733704e-11,0.0,0.0,0.0,0.9046897311477436,0.0055749077194903185,0.07467438473704242,0.7065515490096493,0.06234114762302983,3.135877575339459e-05,1.5679387876697293e-05,3.135877575339459e-05,307,0.8904955635699842,0.5034836442444829,459,0,0,3.135877575339459e-05,3.135877575339459e-05,239,0,0,0.3507663440473911,0.4771058103670252,438,105.40833300392653,0.8638135232507409,360.75,336.0445500338632,0.6988641259664558,137,bior,385.74074074074076,410.0,199.97417605530825,135,0.8534087184529663,0.7130285416801533,0.18870533457887761,4,103.75
bior3.1,1,periodic,2.4902293582887882e-26,316.13262962298353,9898272.312440012,0.5818181818181818,361.0277744354584,108,raw,1.3592419371114507e-13,-9.54712975342893e-11,"[2, 5, 11, 17, 22, 25, 29, 38, 44, 52, 55, 60, 65, 74, 78, 84, 89, 95, 98, 101, 105]","[37.99999999999997, 368.0000000000001, 460.9999999999999, 193.0, 950.9999999999998, 154.0, 880.9999999999998, 242.99999999999994, 490.9999999999999, 185.9999999999999, 321.0, 942.9999999999998, 809.9999999999998, 204.99999999999997, 477.99999999999983, 276.0000000000001, 346.9999999999999, 79.0, 1007.9999999999998, 114.0, 892.9999999999998]",21,5.448545146077667,111119.61707644627,0.8972079433155835,4.365923718251293e-06,1.0,0.4907407407407407,67630.99999999999,0.12910941990473743,0.15147910127183992,188156.1212645155,82872438.25058052,8,12069.579557418128,0.027777777777777776,"[0.0, 0.009259259259259259, 0.018518518518518517, 0.027777777777777776, 0.037037037037037035, 0.046296296296296294, 0.05555555555555555, 0.06481481481481481, 0.07407407407407407, 0.08333333333333333, 0.09259259259259259, 0.10185185185185185, 0.1111111111111111, 0.12037037037037036, 0.12962962962962962, 0.1388888888888889, 0.14814814814814814, 0.15740740740740738, 0.16666666666666666, 0.17592592592592593, 0.18518518518518517, 0.19444444444444442, 0.2037037037037037, 0.21296296296296297, 0.2222222222222222, 0.23148148148148145, 0.24074074074074073]","[67630.99999999999, 1786.634631637, 1155.9831840869374, 12069.579557418128, 1906.5778542068429, 950.5914327636004, 9083.877197385174, 2481.2296367744834, 778.631612602945, 8965.162396385987, 2042.6423114779166, 1606.7171021541499, 6927.939836298321, 1790.941198917793, 2115.064375989648, 4469.146453396725, 811.3124818658861, 852.4454942250561, 2613.518509595828, 1125.8336361545942, 622.5282936168375, 1595.9028958466974, 1672.0836322356424, 807.7671822537567, 3024.6344394117596, 842.7313814743655, 842.8235732269208]",3.0,0.3,145.14999999999998,15,0.5,1721880.138488508,0.14445541615564292,0.12412575453778009,16430975.452705396,84089526828.82362,"[0.046875, 0.03125]",2,1721880.138488508,0.046875,"[0.0, 0.015625, 0.03125, 0.046875, 0.0625, 0.078125, 0.09375, 0.109375, 0.125, 0.140625, 0.15625, 0.171875, 0.1875, 0.203125, 0.21875, 0.234375]","[154749.38571156573, 876106.906708278, 1710291.376891532, 1721880.138488508, 1236443.3975593017, 1200279.6938555264, 1385236.610142781, 1437054.04742228, 1048940.2936461219, 664501.8455342907, 393060.29715082527, 165807.0810689746, 58528.06662853263, 51528.95639390745, 141871.95181127609, 339557.7347245397]",3.0,0.3,flattop,64,32,145.14999999999998,15,21,449.52380952380946,37.99999999999997,1007.9999999999998,"[2, 5, 11, 17, 22, 25, 29, 38, 44, 52, 55, 60, 65, 74, 78, 84, 89, 95, 98, 101, 105]","[37.99999999999997, 368.0000000000001, 460.9999999999999, 193.0, 950.9999999999998, 154.0, 880.9999999999998, 242.99999999999994, 490.9999999999999, 185.9999999999999, 321.0, 942.9999999999998, 809.9999999999998, 204.99999999999997, 477.99999999999983, 276.0000000000001, 346.9999999999999, 79.0, 1007.9999999999998, 114.0, 892.9999999999998]","[1, 1, 1, 15, 1, 24, 27, 35, 35, 49, 35, 35, 63, 73, 73, 73, 35, 92, 35, 99, 99]","[3, 8, 18, 18, 35, 27, 35, 39, 49, 53, 56, 73, 73, 75, 81, 85, 92, 97, 106, 102, 106]",0.05,30,52684908.99999999,1015.9999999999998,-1015.9999999999998,DWT,uc1.l0082987033,6.984919309616089e-10,0.0,5.684341886080802e-14,4.470348358154297e-08,0.0,2.2737367544323206e-13,3.725290298461914e-09,2.2737367544323206e-13,1.0,84,0.0,1.8189894035458565e-12,1.0,84,,0.0,0.0,1.0,84,0.0,0.0,7.450580596923828e-09,3.0517578125e-05,1.4551915228366852e-11,0.0,0.0,0.0,5.684341886080802e-14,1.8189894035458565e-12,1.1098000825205375e-13,0.0,2.2737367544323206e-13,0.0,2.842170943040401e-14,0.0,0.0,0.0,2.842170943040401e-14,2.842170943040401e-14,2.7755575615628914e-17,6.984919309616089e-10,0.0,1.3877787807814457e-17,2.9103830456733704e-11,0.0,0.0,0.0,0.9046964267350792,0.005456599452372146,0.07466115996172959,0.7065515490096493,0.06226721551366386,3.135877575339459e-05,1.5679387876697293e-05,3.135877575339459e-05,306,0.8904042415574236,0.5034320110398217,460,0,0,3.135877575339459e-05,3.135877575339459e-05,240,0,0,0.35072659013449886,0.4770517378394079,439,105.75246254028005,0.8633689114466666,361.25,336.5174079229961,0.6983188226483978,138,bior,385.74074074074076,410.0,199.97417605530825,135,0.8534087184529663,0.7130285416801533,0.18870533457887761,4,104.5
sym8,1,antisymmetric,6.003922950938697e-21,262.3106720092803,10166616.436497511,0.5737704918032787,391.3867278458609,108,raw,5.587321551927373e-11,2.2158175293739693e-10,"[2, 5, 11, 17, 22, 25, 29, 38, 44, 52, 55, 60, 65, 74, 78, 84, 89, 95, 98, 101, 105]","[38.00000000001975, 367.9999999999509, 460.9999999998753, 193.0000000000938, 950.9999999998613, 154.00000000015837, 881.0000000000614, 243.00000000002908, 490.99999999985687, 185.9999999999701, 320.99999999992895, 942.9999999997747, 810.0000000000637, 205.00000000007574, 477.9999999999641, 276.00000000000443, 346.9999999999667, 78.99999999978832, 1008.0000000000973, 114.00000000019281, 892.9999999999693]",21,5.751853094992948,233220.7166523548,0.9143052569490362,4.365923718251758e-06,0.9999999999999994,0.4907407407407407,67630.99999999967,0.12910941990473693,0.15147910127183833,188156.1212645069,82872438.25057918,8,12069.5795574181,0.027777777777777776,"[0.0, 0.009259259259259259, 0.018518518518518517, 0.027777777777777776, 0.037037037037037035, 0.046296296296296294, 0.05555555555555555, 0.06481481481481481, 0.07407407407407407, 0.08333333333333333, 0.09259259259259259, 0.10185185185185185, 0.1111111111111111, 0.12037037037037036, 0.12962962962962962, 0.1388888888888889, 0.14814814814814814, 0.15740740740740738, 0.16666666666666666, 0.17592592592592593, 0.18518518518518517, 0.19444444444444442, 0.2037037037037037, 0.21296296296296297, 0.2222222222222222, 0.23148148148148145, 0.24074074074074073]","[67630.99999999967, 1786.6346316367778, 1155.9831840868626, 12069.5795574181, 1906.5778542068033, 950.5914327631629, 9083.877197384407, 2481.22963677419, 778.6316126030805, 8965.16239638386, 2042.642311476951, 1606.7171021539655, 6927.939836295932, 1790.9411989174098, 2115.0643759886148, 4469.146453395278, 811.3124818656462, 852.4454942250163, 2613.518509595012, 1125.833636154259, 622.5282936167916, 1595.9028958468696, 1672.0836322360706, 807.7671822540067, 3024.6344394131265, 842.7313814747301, 842.8235732273604]",3.0,0.3,145.15000000001478,15,0.5,1721880.138488261,0.14445541615565657,0.1241257545377828,16430975.45270152,84089526828.7558,"[0.046875, 0.03125]",2,1721880.138488261,0.046875,"[0.0, 0.015625, 0.03125, 0.046875, 0.0625, 0.078125, 0.09375, 0.109375, 0.125, 0.140625, 0.15625, 0.171875, 0.1875, 0.203125, 0.21875, 0.234375]","[154749.385711554, 876106.9067081829, 1710291.3768913052, 1721880.138488261, 1236443.3975589562, 1200279.693854932, 1385236.610141911, 1437054.0474213, 1048940.2936453486, 664501.8455337957, 393060.2971505551, 165807.08106887917, 58528.06662852324, 51528.95639395509, 141871.9518114326, 339557.73472488706]",3.0,0.3,flattop,64,32,145.15000000001478,15,21,449.5238095237954,38.00000000001975,1008.0000000000973,"[2, 5, 11, 17, 22, 25, 29, 38, 44, 52, 55, 60, 65, 74, 78, 84, 89, 95, 98, 101, 105]","[38.00000000001975, 367.9999999999509, 460.9999999998753, 193.0000000000938, 950.9999999998613, 154.00000000015837, 881.0000000000614, 243.00000000002908, 490.99999999985687, 185.9999999999701, 320.99999999992895, 942.9999999997747, 810.0000000000637, 205.00000000007574, 477.9999999999641, 276.00000000000443, 346.9999999999667, 78.99999999978832, 1008.0000000000973, 114.00000000019281, 892.9999999999693]","[1, 1, 1, 15, 1, 24, 27, 35, 35, 49, 35, 35, 63, 73, 73, 73, 35, 92, 35, 99, 99]","[3, 8, 18, 18, 35, 27, 35, 39, 49, 53, 56, 73, 73, 75, 81, 85, 92, 97, 106, 102, 106]",0.05,30,52684908.99999791,1015.9999999999887,-1015.9999999999887,DWT,uc1.l0082987033,2.477318048477173e-07,0.0,1.4097167877480388e-11,1.385807991027832e-06,0.0,9.731593308970332e-11,3.8798898458480835e-06,1.1254996934439987e-11,1.0,84,0.0,3.092281986027956e-11,1.0,84,,0.0,0.0,1.0,84,0.0,0.0,2.0936131477355957e-06,0.0678558349609375,3.346940502524376e-10,0.0,0.0,0.0,1.4097167877480388e-11,2.964952727779746e-10,8.999531278927212e-11,0.0,1.1254996934439987e-11,0.0,1.4779288903810084e-11,0.0,0.0,0.0,1.4779288903810084e-11,1.9753088054130785e-11,5.273559366969494e-16,2.477318048477173e-07,1.582067810090848e-15,2.7200464103316335e-15,8.64383764564991e-09,0.0,0.0,1.3655743202889425e-14,0.352124042598682,0.3940982601748919,0.10069149698892432,0.6167231431449764,0.3927829989120482,0.008811815986703879,0.0044059079933519395,0.008811815986703879,170,0.8624717609639272,0.48763906641736754,510,0,0,0.008811815986703879,0.008811815986703879,170,0,0,0.37128398836390464,0.505013525815147,364,165.27451910886526,0.7864670295751095,303.5,242.82537606278612,0.6971740832630069,139,sym,445.72514619883043,505.0,280.45746329325993,171,0.986117580085908,1.0,0.009717693939864401,6,105.75
coif3,1,antireflect,2.1862147826715996e-26,316.6980948460817,10237704.64337181,0.5645161290322581,446.7121496835564,108,raw,1.0639226125611585e-13,-1.1515088882418983e-10,"[2, 5, 11, 17, 22, 25, 29, 38, 44, 52, 55, 60, 65, 74, 78, 84, 89, 95, 98, 101, 105]","[38.00000000000006, 367.9999999999999, 461.0000000000002, 192.99999999999994, 951.0000000000003, 154.0, 881.0000000000001, 243.0000000000001, 491.0, 186.0000000000001, 321.0, 943.0000000000001, 810.0000000000002, 205.0, 478.0, 276.00000000000034, 347.0000000000001, 79.0, 1008.0000000000002, 114.00000000000011, 893.0000000000002]",21,5.827480186840274,254690.1136391858,0.9020212339430737,4.36592371825129e-06,1.0,0.4907407407407407,67631.0,0.12910941990473743,0.15147910127183994,188156.12126451556,82872438.25058056,8,12069.579557418134,0.027777777777777776,"[0.0, 0.009259259259259259, 0.018518518518518517, 0.027777777777777776, 0.037037037037037035, 0.046296296296296294, 0.05555555555555555, 0.06481481481481481, 0.07407407407407407, 0.08333333333333333, 0.09259259259259259, 0.10185185185185185, 0.1111111111111111, 0.12037037037037036, 0.12962962962962962, 0.1388888888888889, 0.14814814814814814, 0.15740740740740738, 0.16666666666666666, 0.17592592592592593, 0.18518518518518517, 0.19444444444444442, 0.2037037037037037, 0.21296296296296297, 0.2222222222222222, 0.23148148148148145, 0.24074074074074073]","[67631.0, 1786.6346316370011, 1155.9831840869363, 12069.579557418134, 1906.5778542068444, 950.5914327635996, 9083.877197385174, 2481.2296367744843, 778.6316126029443, 8965.162396385993, 2042.6423114779186, 1606.7171021541508, 6927.939836298323, 1790.9411989177934, 2115.0643759896498, 4469.146453396726, 811.3124818658852, 852.4454942250571, 2613.51850959583, 1125.833636154594, 622.528293616835, 1595.9028958466995, 1672.0836322356436, 807.7671822537574, 3024.6344394117605, 842.7313814743659, 842.8235732269205]",3.0,0.3,145.15,15,0.5,1721880.1384885085,0.14445541615564297,0.1241257545377801,16430975.452705408,84089526828.8237,"[0.046875, 0.03125]",2,1721880.1384885085,0.046875,"[0.0, 0.015625, 0.03125, 0.046875, 0.0625, 0.078125, 0.09375, 0.109375, 0.125, 0.140625, 0.15625, 0.171875, 0.1875, 0.203125, 0.21875, 0.234375]","[154749.38571156547, 876106.9067082778, 1710291.3768915324, 1721880.1384885085, 1236443.3975593022, 1200279.6938555273, 1385236.6101427823, 1437054.0474222817, 1048940.293646123, 664501.8455342911, 393060.2971508255, 165807.0810689746, 58528.06662853267, 51528.95639390762, 141871.95181127635, 339557.7347245399]",3.0,0.3,flattop,64,32,145.15,15,21,449.52380952380963,38.00000000000006,1008.0000000000002,"[2, 5, 11, 17, 22, 25, 29, 38, 44, 52, 55, 60, 65, 74, 78, 84, 89, 95, 98, 101, 105]","[38.00000000000006, 367.9999999999999, 461.0000000000002, 192.99999999999994, 951.0000000000003, 154.0, 881.0000000000001, 243.0000000000001, 491.0, 186.0000000000001, 321.0, 943.0000000000001, 810.0000000000002, 205.0, 478.0, 276.00000000000034, 347.0000000000001, 79.0, 1008.0000000000002, 114.00000000000011, 893.0000000000002]","[1, 1, 1, 15, 1, 24, 27, 35, 35, 49, 35, 35, 63, 73, 73, 73, 35, 92, 35, 99, 99]","[3, 8, 18, 18, 35, 27, 35, 39, 49, 53, 56, 73, 73, 75, 81, 85, 92, 97, 106, 102, 106]",0.05,30,52684909.0,1016.0000000000001,-1016.0000000000001,DWT,uc1.l0082987033,2.3283064365386963e-10,0.0,1.1368683772161603e-13,0.0,0.0,2.2737367544323206e-13,7.450580596923828e-09,1.1368683772161603e-13,1.0,84,0.0,3.637978807091713e-12,1.0,84,,0.0,0.0,1.0,84,0.0,0.0,0.0,4.57763671875e-05,0.0,0.0,0.0,0.0,1.1368683772161603e-13,1.8189894035458565e-12,1.1910049666074058e-13,0.0,1.1368683772161603e-13,0.0,0.0,0.0,0.0,0.0,0.0,5.684341886080802e-14,2.7755575615628914e-17,2.3283064365386963e-10,2.7755575615628914e-17,2.7755575615628914e-17,2.9103830456733704e-11,0.0,0.0,5.551115123125783e-17,0.9105018726966735,0.49100254071311444,0.10758730657706501,0.5134258424941438,0.4508985653470735,0.0,0.0,0.0,369,1.2313258103995808,0.6961880908051823,103,0,0,0.0,0.0,502,0,0,0.494683225565614,0.6728588566540713,88,203.7621162041659,0.7367414519326022,265.5,155.19254948827276,0.6968590980593243,140,coif,217.80246913580248,181.0,166.32516494453617,81,0.48186386976947454,0.5930495234160287,0.4847804341365592,1,105.25
coif9,1,smooth,4.717660662404657e-26,313.3577561196715,13038383.801514568,0.55625,266.81931396784796,108,raw,1.5178804715190003e-13,-1.1090084406362231e-10,"[2, 5, 11, 17, 22, 25, 29, 38, 44, 52, 55, 60, 65, 74, 78, 84, 89, 95, 98, 101, 105]","[38.0, 367.99999999999983, 460.9999999999998, 192.9999999999999, 951.0000000000002, 153.9999999999992, 881.0000000000005, 243.00000000000003, 491.0000000000001, 185.9999999999999, 321.0000000000001, 942.9999999999998, 810.0000000000003, 204.9999999999999, 477.99999999999966, 276.0000000000001, 347.0, 78.99999999999989, 1008.0000000000002, 114.00000000000023, 892.9999999999994]",21,5.8908690041075396,131184.28935546876,0.8878395145719019,4.36592371825129e-06,0.9999999999999998,0.4907407407407407,67631.0,0.1291094199047374,0.15147910127183992,188156.12126451556,82872438.25058058,8,12069.579557418134,0.027777777777777776,"[0.0, 0.009259259259259259, 0.018518518518518517, 0.027777777777777776, 0.037037037037037035, 0.046296296296296294, 0.05555555555555555, 0.06481481481481481, 0.07407407407407407, 0.08333333333333333, 0.09259259259259259, 0.10185185185185185, 0.1111111111111111, 0.12037037037037036, 0.12962962962962962, 0.1388888888888889, 0.14814814814814814, 0.15740740740740738, 0.16666666666666666, 0.17592592592592593, 0.18518518518518517, 0.19444444444444442, 0.2037037037037037, 0.21296296296296297, 0.2222222222222222, 0.23148148148148145, 0.24074074074074073]","[67631.0, 1786.6346316370018, 1155.9831840869385, 12069.579557418134, 1906.5778542068447, 950.5914327636004, 9083.87719738518, 2481.229636774485, 778.6316126029456, 8965.162396385987, 2042.6423114779182, 1606.7171021541508, 6927.939836298324, 1790.941198917792, 2115.0643759896493, 4469.146453396724, 811.3124818658843, 852.4454942250574, 2613.5185095958273, 1125.8336361545919, 622.528293616838, 1595.9028958466988, 1672.083632235639, 807.7671822537559, 3024.6344394117586, 842.731381474362, 842.8235732269212]",3.0,0.3,145.15,15,0.5,1721880.1384885097,0.14445541615564297,0.1241257545377801,16430975.452705408,84089526828.82378,"[0.046875, 0.03125]",2,1721880.1384885097,0.046875,"[0.0, 0.015625, 0.03125, 0.046875, 0.0625, 0.078125, 0.09375, 0.109375, 0.125, 0.140625, 0.15625, 0.171875, 0.1875, 0.203125, 0.21875, 0.234375]","[154749.3857115651, 876106.9067082775, 1710291.3768915331, 1721880.1384885097, 1236443.3975593038, 1200279.6938555273, 1385236.6101427819, 1437054.047422281, 1048940.2936461223, 664501.8455342904, 393060.2971508248, 165807.08106897442, 58528.066628532615, 51528.95639390751, 141871.95181127626, 339557.7347245399]",3.0,0.3,flattop,64,32,145.15,15,21,449.5238095238095,38.0,1008.0000000000002,"[2, 5, 11, 17, 22, 25, 29, 38, 44, 52, 55, 60, 65, 74, 78, 84, 89, 95, 98, 101, 105]","[38.0, 367.99999999999983, 460.9999999999998, 192.9999999999999, 951.0000000000002, 153.9999999999992, 881.0000000000005, 243.00000000000003, 491.0000000000001, 185.9999999999999, 321.0000000000001, 942.9999999999998, 810.0000000000003, 204.9999999999999, 477.99999999999966, 276.0000000000001, 347.0, 78.99999999999989, 1008.0000000000002, 114.00000000000023, 892.9999999999994]","[1, 1, 1, 15, 1, 24, 27, 35, 35, 49, 35, 35, 63, 73, 73, 73, 35, 92, 35, 99, 99]","[3, 8, 18, 18, 35, 27, 35, 39, 49, 53, 56, 73, 73, 75, 81, 85, 92, 97, 106, 102, 106]",0.05,30,52684909.0,1016.0000000000002,-1016.0000000000002,DWT,uc1.l0082987033,9.313225746154785e-10,0.0,0.0,1.4901161193847656e-08,0.0,2.2737367544323206e-13,7.450580596923828e-09,2.2737367544323206e-13,1.0,84,0.0,3.637978807091713e-12,1.0,84,,0.0,0.0,1.0,84,0.0,0.0,0.0,0.0001220703125,0.0,0.0,0.0,0.0,0.0,0.0,2.2060660176932632e-13,0.0,2.2737367544323206e-13,0.0,0.0,0.0,0.0,0.0,0.0,0.0,5.551115123125783e-17,9.313225746154785e-10,0.0,2.7755575615628914e-17,2.9103830456733704e-11,0.0,0.0,5.551115123125783e-17,0.8762077106908366,0.5722253879945332,0.3792631729577827,0.4211592178770954,0.11658032899066523,0.0,0.0,0.0,363,1.2165647256377643,0.6878422157071791,108,0,0,0.0,0.0,508,0,0,0.4730871637021827,0.6434842978603214,121,194.6261373334356,0.7485450422048636,275.0,179.79914414170415,0.6966239422910623,141,coif,217.80246913580248,181.0,166.32516494453617,81,0.48186386976947454,0.5930495234160287,0.4847804341365592,1,106.0
rbio1.5,1,reflect,1.6831954351771292e-26,317.83367766512583,9764557.213358825,0.5517241379310345,358.89420512419633,108,raw,1.093775276112191e-13,-1.222014711643744e-10,"[2, 5, 11, 17, 22, 25, 29, 38, 44, 52, 55, 60, 65, 74, 78, 84, 89, 95, 98, 101, 105]","[38.0, 367.9999999999999, 461.00000000000006, 193.0, 951.0000000000001, 154.0, 881.0000000000002, 243.00000000000006, 491.00000000000017, 186.0, 321.0000000000001, 943.0000000000001, 810.0000000000002, 205.00000000000003, 478.0, 276.0, 347.0, 78.99999999999989, 1008.0000000000002, 114.0, 893.0000000000002]",21,5.692757560114803,101347.43391766817,0.8073350388337535,4.365923718251291e-06,1.0,0.4907407407407407,67631.00000000001,0.12910941990473737,0.15147910127183992,188156.1212645156,82872438.25058061,8,12069.579557418136,0.027777777777777776,"[0.0, 0.009259259259259259, 0.018518518518518517, 0.027777777777777776, 0.037037037037037035, 0.046296296296296294, 0.05555555555555555, 0.06481481481481481, 0.07407407407407407, 0.08333333333333333, 0.09259259259259259, 0.10185185185185185, 0.1111111111111111, 0.12037037037037036, 0.12962962962962962, 0.1388888888888889, 0.14814814814814814, 0.15740740740740738, 0.16666666666666666, 0.17592592592592593, 0.18518518518518517, 0.19444444444444442, 0.2037037037037037, 0.21296296296296297, 0.2222222222222222, 0.23148148148148145, 0.24074074074074073]","[67631.00000000001, 1786.634631637001, 1155.9831840869394, 12069.579557418136, 1906.5778542068424, 950.5914327636011, 9083.87719738518, 2481.229636774485, 778.6316126029438, 8965.162396385995, 2042.6423114779186, 1606.7171021541496, 6927.939836298324, 1790.941198917794, 2115.0643759896484, 4469.146453396728, 811.3124818658861, 852.4454942250575, 2613.5185095958295, 1125.8336361545935, 622.528293616836, 1595.9028958466968, 1672.083632235643, 807.7671822537574, 3024.6344394117605, 842.7313814743653, 842.8235732269203]",3.0,0.3,145.15000000000006,15,0.5,1721880.1384885092,0.14445541615564292,0.12412575453778008,16430975.452705408,84089526828.82373,"[0.046875, 0.03125]",2,1721880.1384885092,0.046875,"[0.0, 0.015625, 0.03125, 0.046875, 0.0625, 0.078125, 0.09375, 0.109375, 0.125, 0.140625, 0.15625, 0.171875, 0.1875, 0.203125, 0.21875, 0.234375]","[154749.3857115653, 876106.906708278, 1710291.3768915331, 1721880.1384885092, 1236443.3975593029, 1200279.6938555273, 1385236.610142782, 1437054.0474222815, 1048940.2936461228, 664501.8455342911, 393060.29715082544, 165807.0810689747, 58528.06662853267, 51528.956393907596, 141871.95181127626, 339557.73472454003]",3.0,0.3,flattop,64,32,145.15000000000006,15,21,449.52380952380963,38.0,1008.0000000000002,"[2, 5, 11, 17, 22, 25, 29, 38, 44, 52, 55, 60, 65, 74, 78, 84, 89, 95, 98, 101, 105]","[38.0, 367.9999999999999, 461.00000000000006, 193.0, 951.0000000000001, 154.0, 881.0000000000002, 243.00000000000006, 491.00000000000017, 186.0, 321.0000000000001, 943.0000000000001, 810.0000000000002, 205.00000000000003, 478.0, 276.0, 347.0, 78.99999999999989, 1008.0000000000002, 114.0, 893.0000000000002]","[1, 1, 1, 15, 1, 24, 27, 35, 35, 49, 35, 35, 63, 73, 73, 73, 35, 92, 35, 99, 99]","[3, 8, 18, 18, 35, 27, 35, 39, 49, 53, 56, 73, 73, 75, 81, 85, 92, 97, 106, 102, 106]",0.05,30,52684909.00000001,1016.0000000000002,-1016.0000000000002,DWT,uc1.l0082987033,4.656612873077393e-10,0.0,1.1368683772161603e-13,4.470348358154297e-08,0.0,2.2737367544323206e-13,7.450580596923828e-09,2.2737367544323206e-13,1.0,84,0.0,5.4569682106375694e-12,1.0,84,,0.0,0.0,1.0,84,0.0,0.0,7.450580596923828e-09,7.62939453125e-05,1.4551915228366852e-11,0.0,0.0,0.0,1.1368683772161603e-13,1.8189894035458565e-12,8.526512829121202e-14,0.0,2.2737367544323206e-13,0.0,5.684341886080802e-14,0.0,0.0,0.0,5.684341886080802e-14,0.0,8.326672684688674e-17,4.656612873077393e-10,0.0,0.0,5.820766091346741e-11,0.0,0.0,0.0,0.9221605290058188,0.31837658226152127,0.061690318483709365,0.3706414948950107,0.035814867554028296,3.135877575339459e-05,1.5679387876697293e-05,3.135877575339459e-05,240,0.9059123127557221,0.5122002301321436,434,0,0,3.135877575339459e-05,3.135877575339459e-05,266,0,0,0.3417367584400177,0.4648239371725369,473,117.3296637683753,0.8484112871209621,353.25,324.03415961959945,0.6960079691418765,142,rbio,366.5925925925926,360.0,210.3588723315502,135,0.8110455588331695,0.7500562468954116,0.20725123474815782,3,107.25
bior3.9,1,periodic,1.04028548425023e-26,319.92349772632673,10958098.299332991,0.5714285714285714,397.90242227852923,108,raw,6.990293118010239e-14,-1.0898326685548975e-10,"[2, 5, 11, 17, 22, 25, 29, 38, 44, 52, 55, 60, 65, 74, 78, 84, 89, 95, 98, 101, 105]","[38.00000000000003, 367.9999999999999, 460.9999999999999, 192.9999999999999, 950.9999999999998, 153.99999999999977, 881.0, 242.99999999999991, 491.00000000000006, 186.0, 321.0, 943.0000000000001, 809.9999999999998, 205.00000000000003, 478.0000000000001, 276.0, 346.9999999999999, 79.0, 1008.0, 114.0, 892.9999999999997]",21,5.691665789310692,122991.32946540993,0.8938894605948725,4.365923718251291e-06,1.0,0.4907407407407407,67631.0,0.1291094199047374,0.15147910127183992,188156.12126451553,82872438.25058056,8,12069.57955741813,0.027777777777777776,"[0.0, 0.009259259259259259, 0.018518518518518517, 0.027777777777777776, 0.037037037037037035, 0.046296296296296294, 0.05555555555555555, 0.06481481481481481, 0.07407407407407407, 0.08333333333333333, 0.09259259259259259, 0.10185185185185185, 0.1111111111111111, 0.12037037037037036, 0.12962962962962962, 0.1388888888888889, 0.14814814814814814, 0.15740740740740738, 0.16666666666666666, 0.17592592592592593, 0.18518518518518517, 0.19444444444444442, 0.2037037037037037, 0.21296296296296297, 0.2222222222222222, 0.23148148148148145, 0.24074074074074073]","[67631.0, 1786.6346316370018, 1155.9831840869392, 12069.57955741813, 1906.5778542068447, 950.5914327636003, 9083.877197385176, 2481.229636774482, 778.6316126029458, 8965.162396385991, 2042.6423114779166, 1606.7171021541487, 6927.939836298324, 1790.9411989177922, 2115.0643759896493, 4469.1464533967255, 811.3124818658848, 852.4454942250572, 2613.518509595828, 1125.8336361545935, 622.5282936168378, 1595.9028958466974, 1672.0836322356406, 807.7671822537561, 3024.634439411759, 842.7313814743649, 842.82357322692]",3.0,0.3,145.15000000000003,15,0.5,1721880.1384885085,0.14445541615564295,0.12412575453778009,16430975.4527054,84089526828.82368,"[0.046875, 0.03125]",2,1721880.1384885085,0.046875,"[0.0, 0.015625, 0.03125, 0.046875, 0.0625, 0.078125, 0.09375, 0.109375, 0.125, 0.140625, 0.15625, 0.171875, 0.1875, 0.203125, 0.21875, 0.234375]","[154749.38571156547, 876106.9067082775, 1710291.376891532, 1721880.1384885085, 1236443.3975593026, 1200279.693855527, 1385236.6101427816, 1437054.047422281, 1048940.2936461226, 664501.8455342909, 393060.2971508254, 165807.08106897448, 58528.06662853254, 51528.95639390747, 141871.9518112762, 339557.7347245398]",3.0,0.3,flattop,64,32,145.15000000000003,15,21,449.5238095238095,38.00000000000003,1008.0,"[2, 5, 11, 17, 22, 25, 29, 38, 44, 52, 55, 60, 65, 74, 78, 84, 89, 95, 98, 101, 105]","[38.00000000000003, 367.9999999999999, 460.9999999999999, 192.9999999999999, 950.9999999999998, 153.99999999999977, 881.0, 242.99999999999991, 491.00000000000006, 186.0, 321.0, 943.0000000000001, 809.9999999999998, 205.00000000000003, 478.0000000000001, 276.0, 346.9999999999999, 79.0, 1008.0, 114.0, 892.9999999999997]","[1, 1, 1, 15, 1, 24, 27, 35, 35, 49, 35, 35, 63, 73, 73, 73, 35, 92, 35, 99, 99]","[3, 8, 18, 18, 35, 27, 35, 39, 49, 53, 56, 73, 73, 75, 81, 85, 92, 97, 106, 102, 106]",0.05,30,52684909.0,1016.0,-1016.0,DWT,uc1.l0082987033,2.3283064365386963e-10,0.0,0.0,0.0,0.0,0.0,0.0,0.0,1.0,84,0.0,0.0,1.0,84,,0.0,0.0,1.0,84,0.0,0.0,0.0,3.0517578125e-05,0.0,0.0,0.0,0.0,0.0,0.0,9.067878723033655e-14,0.0,0.0,0.0,2.842170943040401e-14,0.0,0.0,0.0,2.842170943040401e-14,2.842170943040401e-14,5.551115123125783e-17,2.3283064365386963e-10,0.0,1.3877787807814457e-17,0.0,0.0,0.0,2.7755575615628914e-17,0.9436160260711994,0.3169776488674065,0.17746806033973883,0.5905826017557858,0.0944027845965554,0.0,0.0,0.0,477,1.0873866247872288,0.6148052870198892,179,0,0,0.0,0.0,423,0,0,0.42460942432613724,0.5775457848807388,198,152.7751615937617,0.8026160702922975,319.25,264.94278145437005,0.6950741850169498,143,bior,385.74074074074076,410.0,199.97417605530825,135,0.8534087184529663,0.7130285416801533,0.18870533457887761,4,108.25
bior3.5,1,antireflect,7.89854285620179e-27,321.11955332281474,10581024.31719976,0.576271186440678,353.58894784446477,108,raw,5.924479014370091e-14,-1.0893808077838753e-10,"[2, 5, 11, 17, 22, 25, 29, 38, 44, 52, 55, 60, 65, 74, 78, 84, 89, 95, 98, 101, 105]","[37.99999999999997, 367.9999999999999, 461.0000000000002, 192.9999999999999, 951.0, 154.0000000000001, 881.0, 242.99999999999994, 491.0000000000001, 186.0, 321.0, 943.0, 809.9999999999999, 204.99999999999997, 477.9999999999998, 276.0, 346.99999999999966, 79.00000000000011, 1008.0, 114.0, 893.0]",21,5.570084606210684,213970.12009124184,0.9470836204127033,4.365923718251291e-06,0.9999999999999998,0.4907407407407407,67631.0,0.1291094199047374,0.15147910127183992,188156.12126451553,82872438.25058056,8,12069.57955741813,0.027777777777777776,"[0.0, 0.009259259259259259, 0.018518518518518517, 0.027777777777777776, 0.037037037037037035, 0.046296296296296294, 0.05555555555555555, 0.06481481481481481, 0.07407407407407407, 0.08333333333333333, 0.09259259259259259, 0.10185185185185185, 0.1111111111111111, 0.12037037037037036, 0.12962962962962962, 0.1388888888888889, 0.14814814814814814, 0.15740740740740738, 0.16666666666666666, 0.17592592592592593, 0.18518518518518517, 0.19444444444444442, 0.2037037037037037, 0.21296296296296297, 0.2222222222222222, 0.23148148148148145, 0.24074074074074073]","[67631.0, 1786.6346316370011, 1155.9831840869404, 12069.57955741813, 1906.5778542068433, 950.5914327636015, 9083.877197385176, 2481.2296367744834, 778.6316126029428, 8965.162396385991, 2042.6423114779159, 1606.7171021541521, 6927.939836298323, 1790.941198917793, 2115.064375989649, 4469.146453396725, 811.3124818658853, 852.4454942250579, 2613.518509595828, 1125.8336361545933, 622.5282936168373, 1595.9028958466974, 1672.0836322356427, 807.7671822537567, 3024.6344394117596, 842.7313814743655, 842.8235732269197]",3.0,0.3,145.15000000000003,15,0.5,1721880.1384885085,0.14445541615564295,0.12412575453778009,16430975.452705398,84089526828.82368,"[0.046875, 0.03125]",2,1721880.1384885085,0.046875,"[0.0, 0.015625, 0.03125, 0.046875, 0.0625, 0.078125, 0.09375, 0.109375, 0.125, 0.140625, 0.15625, 0.171875, 0.1875, 0.203125, 0.21875, 0.234375]","[154749.38571156544, 876106.9067082775, 1710291.376891532, 1721880.1384885085, 1236443.3975593029, 1200279.693855527, 1385236.6101427814, 1437054.0474222805, 1048940.2936461219, 664501.8455342904, 393060.2971508251, 165807.08106897442, 58528.0666285326, 51528.956393907545, 141871.9518112763, 339557.73472454]",3.0,0.3,flattop,64,32,145.15000000000003,15,21,449.5238095238095,37.99999999999997,1008.0,"[2, 5, 11, 17, 22, 25, 29, 38, 44, 52, 55, 60, 65, 74, 78, 84, 89, 95, 98, 101, 105]","[37.99999999999997, 367.9999999999999, 461.0000000000002, 192.9999999999999, 951.0, 154.0000000000001, 881.0, 242.99999999999994, 491.0000000000001, 186.0, 321.0, 943.0, 809.9999999999999, 204.99999999999997, 477.9999999999998, 276.0, 346.99999999999966, 79.00000000000011, 1008.0, 114.0, 893.0]","[1, 1, 1, 15, 1, 24, 27, 35, 35, 49, 35, 35, 63, 73, 73, 73, 35, 92, 35, 99, 99]","[3, 8, 18, 18, 35, 27, 35, 39, 49, 53, 56, 73, 73, 75, 81, 85, 92, 97, 106, 102, 106]",0.05,30,52684909.0,1016.0,-1016.0,DWT,uc1.l0082987033,2.3283064365386963e-10,0.0,0.0,0.0,0.0,0.0,1.862645149230957e-09,0.0,1.0,84,0.0,0.0,1.0,84,,0.0,0.0,1.0,84,0.0,0.0,0.0,3.0517578125e-05,0.0,0.0,0.0,0.0,0.0,0.0,7.579122514774403e-14,0.0,0.0,0.0,2.842170943040401e-14,0.0,0.0,0.0,2.842170943040401e-14,2.842170943040401e-14,5.551115123125783e-17,2.3283064365386963e-10,0.0,1.3877787807814457e-17,0.0,0.0,0.0,2.7755575615628914e-17,0.955895536550075,0.1611903934341706,0.1408905393167287,0.6446359246283498,0.340673509109076,0.0,0.0,0.0,514,1.118701561800465,0.6325106628260333,161,0,0,0.0,0.0,370,0,0,0.44865718060768006,0.6102550924951092,156,173.92790652068078,0.7752869424797406,300.25,231.62001747517178,0.6936835229194569,144,bior,385.74074074074076,410.0,199.97417605530825,135,0.8534087184529663,0.7130285416801533,0.18870533457887761,4,109.0
coif3,1,antisymmetric,2.1599311059924583e-26,316.7506241223685,10140940.549059741,0.5645161290322581,418.3512840272348,108,raw,1.0793834961633458e-13,-1.1584566639300027e-10,"[2, 5, 11, 17, 22, 25, 29, 38, 44, 52, 55, 60, 65, 74, 78, 84, 89, 95, 98, 101, 105]","[38.000000000000114, 368.0, 461.0000000000002, 193.0, 951.0000000000003, 154.0, 881.0000000000001, 243.0000000000001, 491.0, 186.0000000000001, 321.0, 943.0000000000001, 810.0000000000002, 205.0, 478.0, 276.00000000000034, 347.0000000000002, 78.99999999999989, 1008.0000000000002, 114.00000000000011, 893.0000000000005]",21,5.812398879139599,243565.93780539776,0.9053235308876522,4.365923718251289e-06,1.0,0.4907407407407407,67631.0,0.12910941990473743,0.15147910127183994,188156.12126451556,82872438.25058056,8,12069.579557418134,0.027777777777777776,"[0.0, 0.009259259259259259, 0.018518518518518517, 0.027777777777777776, 0.037037037037037035, 0.046296296296296294, 0.05555555555555555, 0.06481481481481481, 0.07407407407407407, 0.08333333333333333, 0.09259259259259259, 0.10185185185185185, 0.1111111111111111, 0.12037037037037036, 0.12962962962962962, 0.1388888888888889, 0.14814814814814814, 0.15740740740740738, 0.16666666666666666, 0.17592592592592593, 0.18518518518518517, 0.19444444444444442, 0.2037037037037037, 0.21296296296296297, 0.2222222222222222, 0.23148148148148145, 0.24074074074074073]","[67631.0, 1786.6346316370013, 1155.9831840869365, 12069.579557418134, 1906.5778542068447, 950.5914327636, 9083.877197385174, 2481.2296367744843, 778.6316126029443, 8965.162396385993, 2042.6423114779182, 1606.7171021541499, 6927.939836298324, 1790.941198917794, 2115.06437598965, 4469.146453396726, 811.3124818658856, 852.4454942250568, 2613.518509595827, 1125.833636154594, 622.5282936168351, 1595.9028958466995, 1672.083632235644, 807.7671822537571, 3024.6344394117605, 842.7313814743659, 842.8235732269202]",3.0,0.3,145.14999999999998,15,0.5,1721880.1384885085,0.14445541615564297,0.1241257545377801,16430975.452705408,84089526828.82372,"[0.046875, 0.03125]",2,1721880.1384885085,0.046875,"[0.0, 0.015625, 0.03125, 0.046875, 0.0625, 0.078125, 0.09375, 0.109375, 0.125, 0.140625, 0.15625, 0.171875, 0.1875, 0.203125, 0.21875, 0.234375]","[154749.38571156547, 876106.9067082779, 1710291.3768915324, 1721880.1384885085, 1236443.3975593022, 1200279.6938555273, 1385236.6101427823, 1437054.0474222817, 1048940.293646123, 664501.8455342911, 393060.2971508255, 165807.08106897457, 58528.06662853267, 51528.956393907625, 141871.95181127635, 339557.73472454003]",3.0,0.3,flattop,64,32,145.14999999999998,15,21,449.52380952380963,38.000000000000114,1008.0000000000002,"[2, 5, 11, 17, 22, 25, 29, 38, 44, 52, 55, 60, 65, 74, 78, 84, 89, 95, 98, 101, 105]","[38.000000000000114, 368.0, 461.0000000000002, 193.0, 951.0000000000003, 154.0, 881.0000000000001, 243.0000000000001, 491.0, 186.0000000000001, 321.0, 943.0000000000001, 810.0000000000002, 205.0, 478.0, 276.00000000000034, 347.0000000000002, 78.99999999999989, 1008.0000000000002, 114.00000000000011, 893.0000000000005]","[1, 1, 1, 15, 1, 24, 27, 35, 35, 49, 35, 35, 63, 73, 73, 73, 35, 92, 35, 99, 99]","[3, 8, 18, 18, 35, 27, 35, 39, 49, 53, 56, 73, 73, 75, 81, 85, 92, 97, 106, 102, 106]",0.05,30,52684909.0,1016.0000000000002,-1016.0000000000002,DWT,uc1.l0082987033,2.3283064365386963e-10,0.0,1.1368683772161603e-13,0.0,0.0,2.2737367544323206e-13,7.450580596923828e-09,2.2737367544323206e-13,1.0,84,0.0,3.637978807091713e-12,1.0,84,,0.0,0.0,1.0,84,0.0,0.0,0.0,6.103515625e-05,0.0,0.0,0.0,0.0,1.1368683772161603e-13,1.8189894035458565e-12,1.353414734781143e-13,0.0,2.2737367544323206e-13,0.0,2.842170943040401e-14,0.0,0.0,0.0,2.842170943040401e-14,1.1368683772161603e-13,2.7755575615628914e-17,2.3283064365386963e-10,2.7755575615628914e-17,2.7755575615628914e-17,2.9103830456733704e-11,0.0,0.0,5.551115123125783e-17,0.9110411735456521,0.4716782055230242,0.09820084433973772,0.5134258424941438,0.420786504905881,0.0,0.0,0.0,368,1.2052491680187822,0.68144443179928,114,0,0,0.0,0.0,513,0,0,0.4830265141616878,0.6570036161643128,104,200.3785999884552,0.7411129199115566,274.75,173.5055055762739,0.6930693798524191,145,coif,217.80246913580248,181.0,166.32516494453617,81,0.48186386976947454,0.5930495234160287,0.4847804341365592,1,109.0
rbio3.7,1,antisymmetric,8.296157969503744e-27,320.90625298197523,10050532.696773838,0.5737704918032787,611.6287480674727,108,raw,5.5873001698543055e-14,-1.1100387276030747e-10,"[2, 5, 11, 17, 22, 25, 29, 38, 44, 52, 55, 60, 65, 74, 78, 84, 89, 95, 98, 101, 105]","[37.999999999999915, 367.9999999999999, 461.0000000000001, 193.0, 951.0000000000002, 154.0, 881.0000000000002, 242.99999999999994, 491.0000000000001, 185.9999999999999, 321.0, 943.0, 810.0000000000001, 204.99999999999997, 478.0, 275.9999999999999, 346.99999999999966, 78.99999999999989, 1008.0, 113.99999999999966, 893.0]",21,5.978995964607106,245719.93056682547,0.7996188507284484,4.365923718251291e-06,1.0,0.4907407407407407,67631.0,0.12910941990473745,0.15147910127183992,188156.12126451553,82872438.25058056,8,12069.57955741813,0.027777777777777776,"[0.0, 0.009259259259259259, 0.018518518518518517, 0.027777777777777776, 0.037037037037037035, 0.046296296296296294, 0.05555555555555555, 0.06481481481481481, 0.07407407407407407, 0.08333333333333333, 0.09259259259259259, 0.10185185185185185, 0.1111111111111111, 0.12037037037037036, 0.12962962962962962, 0.1388888888888889, 0.14814814814814814, 0.15740740740740738, 0.16666666666666666, 0.17592592592592593, 0.18518518518518517, 0.19444444444444442, 0.2037037037037037, 0.21296296296296297, 0.2222222222222222, 0.23148148148148145, 0.24074074074074073]","[67631.0, 1786.6346316370007, 1155.9831840869383, 12069.57955741813, 1906.5778542068429, 950.5914327636025, 9083.877197385176, 2481.229636774485, 778.6316126029436, 8965.162396385991, 2042.6423114779182, 1606.717102154151, 6927.939836298324, 1790.9411989177934, 2115.0643759896493, 4469.146453396725, 811.3124818658863, 852.4454942250586, 2613.518509595828, 1125.8336361545942, 622.5282936168355, 1595.9028958466972, 1672.0836322356422, 807.7671822537561, 3024.63443941176, 842.7313814743658, 842.8235732269212]",3.0,0.3,145.15000000000012,15,0.5,1721880.1384885088,0.14445541615564292,0.12412575453778008,16430975.452705402,84089526828.82368,"[0.046875, 0.03125]",2,1721880.1384885088,0.046875,"[0.0, 0.015625, 0.03125, 0.046875, 0.0625, 0.078125, 0.09375, 0.109375, 0.125, 0.140625, 0.15625, 0.171875, 0.1875, 0.203125, 0.21875, 0.234375]","[154749.3857115655, 876106.9067082778, 1710291.376891533, 1721880.1384885088, 1236443.3975593026, 1200279.6938555266, 1385236.6101427814, 1437054.047422281, 1048940.2936461219, 664501.8455342908, 393060.29715082527, 165807.08106897457, 58528.066628532615, 51528.956393907465, 141871.95181127617, 339557.7347245399]",3.0,0.3,flattop,64,32,145.15000000000012,15,21,449.5238095238095,37.999999999999915,1008.0,"[2, 5, 11, 17, 22, 25, 29, 38, 44, 52, 55, 60, 65, 74, 78, 84, 89, 95, 98, 101, 105]","[37.999999999999915, 367.9999999999999, 461.0000000000001, 193.0, 951.0000000000002, 154.0, 881.0000000000002, 242.99999999999994, 491.0000000000001, 185.9999999999999, 321.0, 943.0, 810.0000000000001, 204.99999999999997, 478.0, 275.9999999999999, 346.99999999999966, 78.99999999999989, 1008.0, 113.99999999999966, 893.0]","[1, 1, 1, 15, 1, 24, 27, 35, 35, 49, 35, 35, 63, 73, 73, 73, 35, 92, 35, 99, 99]","[3, 8, 18, 18, 35, 27, 35, 39, 49, 53, 56, 73, 73, 75, 81, 85, 92, 97, 106, 102, 106]",0.05,30,52684909.0,1016.0,-1016.0,DWT,uc1.l0082987033,0.0,0.0,0.0,0.0,0.0,0.0,1.862645149230957e-09,0.0,1.0,84,0.0,0.0,1.0,84,,0.0,0.0,1.0,84,0.0,0.0,0.0,3.0517578125e-05,0.0,0.0,0.0,0.0,0.0,0.0,1.0015269037380462e-13,0.0,0.0,0.0,1.1368683772161603e-13,0.0,0.0,0.0,1.1368683772161603e-13,8.526512829121202e-14,0.0,0.0,0.0,0.0,0.0,0.0,0.0,0.0,0.9537056519174731,0.6851462936465829,0.08943096024716625,0.6167231431449764,0.4266171535032356,0.0,0.0,0.0,432,1.3768481367566432,0.7784659978387198,48,0,0,0.0,0.0,457,0,0,0.5543246404918869,0.7539819919911118,47,229.435539240691,0.7035716547277894,246.0,85.81310373209901,0.6928710986817241,146,rbio,366.5925925925926,360.0,210.3588723315502,135,0.8110455588331695,0.7500562468954116,0.20725123474815782,3,110.25
sym12,1,zero,1.4329532499573348e-22,278.53270289393697,9357718.979967901,0.6,292.7978576789656,108,raw,9.663578579319522e-12,-1.2172796104456713e-10,"[2, 5, 11, 17, 22, 25, 29, 38, 44, 52, 55, 60, 65, 74, 78, 84, 89, 95, 98, 101, 105]","[38.00000000000438, 368.0000000000269, 461.0000000000201, 193.00000000001057, 951.0000000000224, 154.0000000000125, 881.0000000000473, 243.00000000001262, 491.00000000002353, 186.00000000001046, 321.00000000002353, 943.0000000000231, 810.0000000000447, 205.00000000000907, 478.0000000000247, 276.000000000011, 347.0000000000173, 79.00000000000455, 1008.0000000000263, 114.00000000000648, 893.0000000000566]",21,5.630101642588657,134473.3183431979,0.899344534774043,4.365923718250936e-06,0.9999999999999997,0.4907407407407407,67631.00000000001,0.12910941990473973,0.15147910127183986,188156.1212645204,82872438.25058061,8,12069.579557418183,0.027777777777777776,"[0.0, 0.009259259259259259, 0.018518518518518517, 0.027777777777777776, 0.037037037037037035, 0.046296296296296294, 0.05555555555555555, 0.06481481481481481, 0.07407407407407407, 0.08333333333333333, 0.09259259259259259, 0.10185185185185185, 0.1111111111111111, 0.12037037037037036, 0.12962962962962962, 0.1388888888888889, 0.14814814814814814, 0.15740740740740738, 0.16666666666666666, 0.17592592592592593, 0.18518518518518517, 0.19444444444444442, 0.2037037037037037, 0.21296296296296297, 0.2222222222222222, 0.23148148148148145, 0.24074074074074073]","[67631.00000000001, 1786.6346316370173, 1155.9831840869438, 12069.579557418183, 1906.577854206863, 950.5914327636408, 9083.877197385356, 2481.2296367745425, 778.6316126029612, 8965.162396386351, 2042.642311478036, 1606.7171021542229, 6927.93983629871, 1790.9411989178877, 2115.064375989779, 4469.14645339702, 811.3124818659286, 852.4454942251162, 2613.5185095960173, 1125.8336361546653, 622.5282936168675, 1595.9028958468039, 1672.0836322357468, 807.7671822537885, 3024.63443941191, 842.7313814744119, 842.8235732269679]",3.0,0.3,145.14999999998875,15,0.5,1721880.1384885553,0.144455416155645,0.12412575453777962,16430975.452706637,84089526828.83351,"[0.046875, 0.03125]",2,1721880.1384885553,0.046875,"[0.0, 0.015625, 0.03125, 0.046875, 0.0625, 0.078125, 0.09375, 0.109375, 0.125, 0.140625, 0.15625, 0.171875, 0.1875, 0.203125, 0.21875, 0.234375]","[154749.3857115672, 876106.9067082945, 1710291.3768915746, 1721880.1384885553, 1236443.3975593615, 1200279.69385562, 1385236.6101429146, 1437054.0474224328, 1048940.2936462455, 664501.8455343752, 393060.2971508768, 165807.08106899654, 58528.06662854011, 51528.95639391248, 141871.95181128866, 339557.7347245706]",3.0,0.3,flattop,64,32,145.14999999998875,15,21,449.5238095238304,38.00000000000438,1008.0000000000263,"[2, 5, 11, 17, 22, 25, 29, 38, 44, 52, 55, 60, 65, 74, 78, 84, 89, 95, 98, 101, 105]","[38.00000000000438, 368.0000000000269, 461.0000000000201, 193.00000000001057, 951.0000000000224, 154.0000000000125, 881.0000000000473, 243.00000000001262, 491.00000000002353, 186.00000000001046, 321.00000000002353, 943.0000000000231, 810.0000000000447, 205.00000000000907, 478.0000000000247, 276.000000000011, 347.0000000000173, 79.00000000000455, 1008.0000000000263, 114.00000000000648, 893.0000000000566]","[1, 1, 1, 15, 1, 24, 27, 35, 35, 49, 35, 35, 63, 73, 73, 73, 35, 92, 35, 99, 99]","[3, 8, 18, 18, 35, 27, 35, 39, 49, 53, 56, 73, 73, 75, 81, 85, 92, 97, 106, 102, 106]",0.05,30,52684909.00000067,1016.000000000008,-1016.000000000008,DWT,uc1.l0082987033,4.6566128730773926e-08,0.0,2.086153472191654e-11,4.470348358154297e-08,0.0,2.6261659513693303e-11,1.2367963790893555e-06,7.958078640513122e-12,1.0,84,0.0,5.275069270282984e-11,1.0,84,,0.0,0.0,1.0,84,0.0,0.0,6.705522537231445e-07,0.009857177734375,1.4551915228366852e-11,0.0,0.0,0.0,2.086153472191654e-11,4.383764462545514e-10,2.0860181307181754e-11,0.0,7.958078640513122e-12,0.0,1.1254996934439987e-11,0.0,0.0,0.0,1.1254996934439987e-11,4.376943252282217e-12,2.275957200481571e-15,4.6566128730773926e-08,5.551115123125783e-17,4.579669976578771e-16,4.8603396862745285e-09,0.0,0.0,2.0816681711721685e-15,0.518670312539387,0.2380928312799202,0.022225558940679315,0.9094972067039103,0.125483410095381,0.002822289817805513,0.0014111449089027565,0.002822289817805513,191,0.8553536293536486,0.48361449516741395,512,0,0,0.002822289817805513,0.002822289817805513,196,0,0,0.3627938639118556,0.49346541757855833,384,155.9644724501919,0.7984955136302431,320.75,268.5476716436034,0.6920449144378606,147,sym,445.72514619883043,505.0,280.45746329325993,171,0.986117580085908,1.0,0.009717693939864401,6,111.75
rbio3.7,1,antireflect,8.361604207566524e-27,320.87212704597357,9959305.742084548,0.5737704918032787,594.4692046270209,108,raw,5.580721070449119e-14,-1.109620173522791e-10,"[2, 5, 11, 17, 22, 25, 29, 38, 44, 52, 55, 60, 65, 74, 78, 84, 89, 95, 98, 101, 105]","[37.999999999999886, 367.9999999999999, 461.0000000000001, 193.0, 951.0000000000002, 154.0, 881.0000000000002, 242.99999999999994, 491.0000000000001, 185.9999999999999, 321.0, 943.0, 810.0000000000001, 204.99999999999997, 478.0, 275.9999999999999, 346.99999999999966, 78.99999999999989, 1008.0000000000001, 113.99999999999966, 893.0]",21,5.959144626127735,243076.67551706926,0.828755912301198,4.365923718251291e-06,1.0,0.4907407407407407,67631.0,0.12910941990473745,0.15147910127183992,188156.12126451553,82872438.25058056,8,12069.57955741813,0.027777777777777776,"[0.0, 0.009259259259259259, 0.018518518518518517, 0.027777777777777776, 0.037037037037037035, 0.046296296296296294, 0.05555555555555555, 0.06481481481481481, 0.07407407407407407, 0.08333333333333333, 0.09259259259259259, 0.10185185185185185, 0.1111111111111111, 0.12037037037037036, 0.12962962962962962, 0.1388888888888889, 0.14814814814814814, 0.15740740740740738, 0.16666666666666666, 0.17592592592592593, 0.18518518518518517, 0.19444444444444442, 0.2037037037037037, 0.21296296296296297, 0.2222222222222222, 0.23148148148148145, 0.24074074074074073]","[67631.0, 1786.6346316370007, 1155.9831840869383, 12069.57955741813, 1906.5778542068429, 950.5914327636024, 9083.877197385176, 2481.229636774485, 778.6316126029436, 8965.162396385991, 2042.6423114779182, 1606.717102154151, 6927.939836298324, 1790.9411989177934, 2115.0643759896493, 4469.146453396725, 811.3124818658862, 852.4454942250586, 2613.518509595828, 1125.8336361545942, 622.5282936168354, 1595.9028958466972, 1672.0836322356417, 807.7671822537562, 3024.63443941176, 842.7313814743659, 842.8235732269212]",3.0,0.3,145.15000000000012,15,0.5,1721880.1384885088,0.14445541615564292,0.12412575453778008,16430975.452705402,84089526828.82368,"[0.046875, 0.03125]",2,1721880.1384885088,0.046875,"[0.0, 0.015625, 0.03125, 0.046875, 0.0625, 0.078125, 0.09375, 0.109375, 0.125, 0.140625, 0.15625, 0.171875, 0.1875, 0.203125, 0.21875, 0.234375]","[154749.3857115655, 876106.9067082778, 1710291.376891533, 1721880.1384885088, 1236443.3975593026, 1200279.6938555266, 1385236.6101427814, 1437054.047422281, 1048940.2936461219, 664501.8455342908, 393060.29715082527, 165807.08106897457, 58528.066628532615, 51528.956393907465, 141871.95181127617, 339557.7347245399]",3.0,0.3,flattop,64,32,145.15000000000012,15,21,449.5238095238095,37.999999999999886,1008.0000000000001,"[2, 5, 11, 17, 22, 25, 29, 38, 44, 52, 55, 60, 65, 74, 78, 84, 89, 95, 98, 101, 105]","[37.999999999999886, 367.9999999999999, 461.0000000000001, 193.0, 951.0000000000002, 154.0, 881.0000000000002, 242.99999999999994, 491.0000000000001, 185.9999999999999, 321.0, 943.0, 810.0000000000001, 204.99999999999997, 478.0, 275.9999999999999, 346.99999999999966, 78.99999999999989, 1008.0000000000001, 113.99999999999966, 893.0]","[1, 1, 1, 15, 1, 24, 27, 35, 35, 49, 35, 35, 63, 73, 73, 73, 35, 92, 35, 99, 99]","[3, 8, 18, 18, 35, 27, 35, 39, 49, 53, 56, 73, 73, 75, 81, 85, 92, 97, 106, 102, 106]",0.05,30,52684909.0,1016.0,-1016.0,DWT,uc1.l0082987033,0.0,0.0,0.0,0.0,0.0,1.1368683772161603e-13,1.862645149230957e-09,0.0,1.0,84,0.0,0.0,1.0,84,,0.0,0.0,1.0,84,0.0,0.0,0.0,3.0517578125e-05,0.0,0.0,0.0,0.0,0.0,0.0,1.0691976404771034e-13,0.0,0.0,0.0,1.1368683772161603e-13,0.0,0.0,0.0,1.1368683772161603e-13,1.1368683772161603e-13,0.0,0.0,0.0,0.0,0.0,0.0,0.0,0.0,0.9533552921265368,0.6597099106510866,0.0805816203003075,0.6167231431449764,0.4194621195475522,0.0,0.0,0.0,431,1.3566330458286306,0.7670364432563634,55,0,0,0.0,0.0,464,0,0,0.545966417154092,0.7426132931792656,51,228.1686145521918,0.7052085083305015,250.25,94.64091254973528,0.6909440474469045,148,rbio,366.5925925925926,360.0,210.3588723315502,135,0.8110455588331695,0.7500562468954116,0.20725123474815782,3,111.75
sym12,1,constant,1.4377480002986779e-22,278.51819538953174,9354168.23044911,0.6,292.7978576789656,108,raw,9.692658198690444e-12,-1.164776053388152e-10,"[2, 5, 11, 17, 22, 25, 29, 38, 44, 52, 55, 60, 65, 74, 78, 84, 89, 95, 98, 101, 105]","[38.00000000000438, 368.00000000002683, 461.00000000002007, 193.0000000000103, 951.0000000000234, 154.0000000000125, 881.0000000000473, 243.00000000001262, 491.00000000002353, 186.00000000001046, 321.00000000002353, 943.0000000000231, 810.0000000000447, 205.00000000000907, 478.0000000000247, 276.000000000011, 347.0000000000173, 79.00000000000466, 1008.0000000000268, 114.0000000000066, 893.0000000000564]",21,5.635046130183923,129213.58135027505,0.8951963376994594,4.365923718250935e-06,0.9999999999999998,0.4907407407407407,67631.0,0.12910941990473976,0.15147910127183986,188156.1212645204,82872438.25058058,8,12069.579557418187,0.027777777777777776,"[0.0, 0.009259259259259259, 0.018518518518518517, 0.027777777777777776, 0.037037037037037035, 0.046296296296296294, 0.05555555555555555, 0.06481481481481481, 0.07407407407407407, 0.08333333333333333, 0.09259259259259259, 0.10185185185185185, 0.1111111111111111, 0.12037037037037036, 0.12962962962962962, 0.1388888888888889, 0.14814814814814814, 0.15740740740740738, 0.16666666666666666, 0.17592592592592593, 0.18518518518518517, 0.19444444444444442, 0.2037037037037037, 0.21296296296296297, 0.2222222222222222, 0.23148148148148145, 0.24074074074074073]","[67631.0, 1786.6346316370145, 1155.9831840869447, 12069.579557418187, 1906.5778542068624, 950.5914327636378, 9083.87719738536, 2481.2296367745453, 778.6316126029632, 8965.162396386351, 2042.6423114780332, 1606.717102154224, 6927.939836298712, 1790.9411989178886, 2115.0643759897803, 4469.14645339702, 811.3124818659292, 852.4454942251153, 2613.5185095960173, 1125.8336361546656, 622.5282936168679, 1595.9028958468027, 1672.0836322357463, 807.7671822537886, 3024.634439411909, 842.7313814744108, 842.8235732269671]",3.0,0.3,145.14999999998827,15,0.5,1721880.1384885553,0.144455416155645,0.12412575453777962,16430975.452706637,84089526828.83351,"[0.046875, 0.03125]",2,1721880.1384885553,0.046875,"[0.0, 0.015625, 0.03125, 0.046875, 0.0625, 0.078125, 0.09375, 0.109375, 0.125, 0.140625, 0.15625, 0.171875, 0.1875, 0.203125, 0.21875, 0.234375]","[154749.3857115672, 876106.9067082948, 1710291.3768915746, 1721880.1384885553, 1236443.3975593615, 1200279.69385562, 1385236.6101429146, 1437054.0474224328, 1048940.2936462455, 664501.8455343752, 393060.29715087684, 165807.08106899654, 58528.06662854009, 51528.95639391248, 141871.95181128863, 339557.7347245706]",3.0,0.3,flattop,64,32,145.14999999998827,15,21,449.5238095238305,38.00000000000438,1008.0000000000268,"[2, 5, 11, 17, 22, 25, 29, 38, 44, 52, 55, 60, 65, 74, 78, 84, 89, 95, 98, 101, 105]","[38.00000000000438, 368.00000000002683, 461.00000000002007, 193.0000000000103, 951.0000000000234, 154.0000000000125, 881.0000000000473, 243.00000000001262, 491.00000000002353, 186.00000000001046, 321.00000000002353, 943.0000000000231, 810.0000000000447, 205.00000000000907, 478.0000000000247, 276.000000000011, 347.0000000000173, 79.00000000000466, 1008.0000000000268, 114.0000000000066, 893.0000000000564]","[1, 1, 1, 15, 1, 24, 27, 35, 35, 49, 35, 35, 63, 73, 73, 73, 35, 92, 35, 99, 99]","[3, 8, 18, 18, 35, 27, 35, 39, 49, 53, 56, 73, 73, 75, 81, 85, 92, 97, 106, 102, 106]",0.05,30,52684909.00000067,1016.0000000000081,-1016.0000000000081,DWT,uc1.l0082987033,4.6566128730773926e-08,0.0,2.0975221559638157e-11,1.4901161193847656e-08,0.0,2.6830093702301383e-11,1.2367963790893555e-06,8.071765478234738e-12,1.0,84,0.0,5.638867150992155e-11,1.0,84,,0.0,0.0,1.0,84,0.0,0.0,6.705522537231445e-07,0.009857177734375,0.0,0.0,0.0,0.0,2.0975221559638157e-11,4.4019543565809727e-10,2.0917024726042565e-11,0.0,8.071765478234738e-12,0.0,1.1738165994756855e-11,0.0,0.0,0.0,1.1738165994756855e-11,4.376943252282217e-12,2.3037127760972e-15,4.6566128730773926e-08,5.551115123125783e-17,4.579669976578771e-16,4.8603396862745285e-09,0.0,0.0,2.0816681711721685e-15,0.5185213687504113,0.24442841818860023,0.02188112357434545,0.9094972067039103,0.11124581437574048,0.002822289817805513,0.0014111449089027565,0.002822289817805513,197,0.85256480056358,0.48203769934737806,514,0,0,0.002822289817805513,0.002822289817805513,194,0,0,0.36111478631860155,0.49118156768989757,391,156.65035376063895,0.7976093620663579,324.0,271.4836673266758,0.6895023554517836,149,sym,445.72514619883043,505.0,280.45746329325993,171,0.986117580085908,1.0,0.009717693939864401,6,113.25
rbio3.9,1,reflect,9.387006516071585e-27,320.3697519184678,10356310.34266462,0.5634920634920635,626.5425936721355,108,raw,5.577431520746522e-14,-1.1121392695656658e-10,"[2, 5, 11, 17, 22, 25, 29, 38, 44, 52, 55, 60, 65, 74, 78, 84, 89, 95, 98, 101, 105]","[37.99999999999994, 368.0, 461.0000000000001, 193.0, 951.0000000000002, 154.0, 881.0, 242.99999999999997, 491.0, 185.9999999999999, 321.0, 943.0, 810.0000000000003, 204.99999999999994, 478.0, 275.9999999999999, 346.99999999999966, 78.99999999999989, 1008.0000000000003, 113.99999999999989, 893.0000000000001]",21,6.027601172736933,107442.79868251714,0.5730826570742359,4.365923718251291e-06,0.9999999999999998,0.4907407407407407,67631.0,0.12910941990473743,0.15147910127183992,188156.12126451556,82872438.25058056,8,12069.57955741813,0.027777777777777776,"[0.0, 0.009259259259259259, 0.018518518518518517, 0.027777777777777776, 0.037037037037037035, 0.046296296296296294, 0.05555555555555555, 0.06481481481481481, 0.07407407407407407, 0.08333333333333333, 0.09259259259259259, 0.10185185185185185, 0.1111111111111111, 0.12037037037037036, 0.12962962962962962, 0.1388888888888889, 0.14814814814814814, 0.15740740740740738, 0.16666666666666666, 0.17592592592592593, 0.18518518518518517, 0.19444444444444442, 0.2037037037037037, 0.21296296296296297, 0.2222222222222222, 0.23148148148148145, 0.24074074074074073]","[67631.0, 1786.6346316370002, 1155.9831840869383, 12069.57955741813, 1906.5778542068433, 950.5914327636023, 9083.877197385176, 2481.229636774485, 778.6316126029436, 8965.162396385991, 2042.642311477917, 1606.7171021541506, 6927.939836298324, 1790.9411989177927, 2115.0643759896498, 4469.146453396726, 811.3124818658856, 852.4454942250596, 2613.518509595828, 1125.8336361545942, 622.5282936168348, 1595.902895846698, 1672.083632235643, 807.7671822537562, 3024.6344394117596, 842.7313814743659, 842.8235732269213]",3.0,0.3,145.15000000000006,15,0.5,1721880.1384885085,0.14445541615564295,0.12412575453778009,16430975.452705404,84089526828.82368,"[0.046875, 0.03125]",2,1721880.1384885085,0.046875,"[0.0, 0.015625, 0.03125, 0.046875, 0.0625, 0.078125, 0.09375, 0.109375, 0.125, 0.140625, 0.15625, 0.171875, 0.1875, 0.203125, 0.21875, 0.234375]","[154749.3857115655, 876106.9067082778, 1710291.3768915324, 1721880.1384885085, 1236443.3975593026, 1200279.6938555269, 1385236.6101427816, 1437054.047422281, 1048940.293646122, 664501.8455342908, 393060.2971508254, 165807.08106897463, 58528.06662853266, 51528.956393907516, 141871.95181127614, 339557.7347245399]",3.0,0.3,flattop,64,32,145.15000000000006,15,21,449.5238095238095,37.99999999999994,1008.0000000000003,"[2, 5, 11, 17, 22, 25, 29, 38, 44, 52, 55, 60, 65, 74, 78, 84, 89, 95, 98, 101, 105]","[37.99999999999994, 368.0, 461.0000000000001, 193.0, 951.0000000000002, 154.0, 881.0, 242.99999999999997, 491.0, 185.9999999999999, 321.0, 943.0, 810.0000000000003, 204.99999999999994, 478.0, 275.9999999999999, 346.99999999999966, 78.99999999999989, 1008.0000000000003, 113.99999999999989, 893.0000000000001]","[1, 1, 1, 15, 1, 24, 27, 35, 35, 49, 35, 35, 63, 73, 73, 73, 35, 92, 35, 99, 99]","[3, 8, 18, 18, 35, 27, 35, 39, 49, 53, 56, 73, 73, 75, 81, 85, 92, 97, 106, 102, 106]",0.05,30,52684909.0,1016.0000000000001,-1016.0000000000001,DWT,uc1.l0082987033,2.3283064365386963e-10,0.0,0.0,0.0,0.0,3.410605131648481e-13,3.725290298461914e-09,1.1368683772161603e-13,1.0,84,0.0,0.0,1.0,84,,0.0,0.0,1.0,84,0.0,0.0,0.0,3.0517578125e-05,0.0,0.0,0.0,0.0,0.0,0.0,9.879927563902346e-14,0.0,1.1368683772161603e-13,0.0,5.684341886080802e-14,0.0,0.0,0.0,5.684341886080802e-14,5.684341886080802e-14,2.7755575615628914e-17,2.3283064365386963e-10,0.0,1.3877787807814457e-17,2.9103830456733704e-11,0.0,0.0,2.7755575615628914e-17,0.9481975714815705,0.7474262598489065,0.11909248239107476,0.5019952114924183,0.05231442625866149,0.0,0.0,0.0,394,1.2239017691093648,0.6919905590972933,106,0,0,0.0,0.0,505,0,0,0.4738051902945263,0.644460944180639,120,199.57517380676384,0.7421509382341552,281.25,179.488384380125,0.6893894226054498,150,rbio,366.5925925925926,360.0,210.3588723315502,135,0.8110455588331695,0.7500562468954116,0.20725123474815782,3,113.25
bior1.5,1,smooth,2.518178407990063e-26,316.08415815409825,9493616.799429422,0.5689655172413793,293.01564560351557,108,raw,1.184237892933501e-13,-1.2116863068456558e-10,"[2, 5, 11, 17, 22, 25, 29, 38, 44, 52, 55, 60, 65, 74, 78, 84, 89, 95, 98, 101, 105]","[38.0, 368.00000000000006, 460.9999999999999, 193.0, 951.0000000000003, 154.0000000000001, 881.0000000000002, 243.00000000000006, 491.0, 186.0, 321.0, 943.0, 810.0, 205.0, 478.0, 276.0, 346.9999999999999, 79.00000000000023, 1008.0000000000001, 114.00000000000023, 893.0]",21,5.572155079726089,108917.61707223357,0.8676659563214003,4.36592371825129e-06,1.0,0.4907407407407407,67631.00000000003,0.1291094199047374,0.15147910127183992,188156.1212645156,82872438.25058065,8,12069.579557418137,0.027777777777777776,"[0.0, 0.009259259259259259, 0.018518518518518517, 0.027777777777777776, 0.037037037037037035, 0.046296296296296294, 0.05555555555555555, 0.06481481481481481, 0.07407407407407407, 0.08333333333333333, 0.09259259259259259, 0.10185185185185185, 0.1111111111111111, 0.12037037037037036, 0.12962962962962962, 0.1388888888888889, 0.14814814814814814, 0.15740740740740738, 0.16666666666666666, 0.17592592592592593, 0.18518518518518517, 0.19444444444444442, 0.2037037037037037, 0.21296296296296297, 0.2222222222222222, 0.23148148148148145, 0.24074074074074073]","[67631.00000000003, 1786.6346316369982, 1155.9831840869385, 12069.579557418137, 1906.5778542068433, 950.5914327635998, 9083.87719738518, 2481.2296367744834, 778.6316126029446, 8965.162396385995, 2042.6423114779182, 1606.7171021541506, 6927.939836298324, 1790.941198917794, 2115.0643759896493, 4469.146453396722, 811.3124818658853, 852.4454942250561, 2613.5185095958273, 1125.8336361545937, 622.5282936168372, 1595.9028958466993, 1672.083632235641, 807.7671822537571, 3024.6344394117605, 842.7313814743675, 842.8235732269208]",3.0,0.3,145.15000000000003,15,0.5,1721880.1384885097,0.14445541615564295,0.1241257545377801,16430975.452705406,84089526828.82378,"[0.046875, 0.03125]",2,1721880.1384885097,0.046875,"[0.0, 0.015625, 0.03125, 0.046875, 0.0625, 0.078125, 0.09375, 0.109375, 0.125, 0.140625, 0.15625, 0.171875, 0.1875, 0.203125, 0.21875, 0.234375]","[154749.38571156553, 876106.9067082782, 1710291.3768915334, 1721880.1384885097, 1236443.3975593033, 1200279.6938555276, 1385236.6101427823, 1437054.047422281, 1048940.2936461223, 664501.8455342907, 393060.2971508252, 165807.08106897445, 58528.0666285326, 51528.95639390751, 141871.9518112762, 339557.7347245397]",3.0,0.3,flattop,64,32,145.15000000000003,15,21,449.52380952380963,38.0,1008.0000000000001,"[2, 5, 11, 17, 22, 25, 29, 38, 44, 52, 55, 60, 65, 74, 78, 84, 89, 95, 98, 101, 105]","[38.0, 368.00000000000006, 460.9999999999999, 193.0, 951.0000000000003, 154.0000000000001, 881.0000000000002, 243.00000000000006, 491.0, 186.0, 321.0, 943.0, 810.0, 205.0, 478.0, 276.0, 346.9999999999999, 79.00000000000023, 1008.0000000000001, 114.00000000000023, 893.0]","[1, 1, 1, 15, 1, 24, 27, 35, 35, 49, 35, 35, 63, 73, 73, 73, 35, 92, 35, 99, 99]","[3, 8, 18, 18, 35, 27, 35, 39, 49, 53, 56, 73, 73, 75, 81, 85, 92, 97, 106, 102, 106]",0.05,30,52684909.00000001,1016.0000000000001,-1016.0000000000001,DWT,uc1.l0082987033,9.313225746154785e-10,0.0,1.1368683772161603e-13,8.940696716308594e-08,0.0,1.1368683772161603e-13,5.587935447692871e-09,1.1368683772161603e-13,1.0,84,0.0,7.275957614183426e-12,1.0,84,,0.0,0.0,1.0,84,0.0,0.0,7.450580596923828e-09,0.0001220703125,2.9103830456733704e-11,0.0,0.0,0.0,1.1368683772161603e-13,1.8189894035458565e-12,7.579122514774403e-14,0.0,1.1368683772161603e-13,0.0,2.842170943040401e-14,0.0,0.0,0.0,2.842170943040401e-14,0.0,5.551115123125783e-17,9.313225746154785e-10,0.0,2.7755575615628914e-17,5.820766091346741e-11,0.0,0.0,2.7755575615628914e-17,0.9041987860636498,0.16384338115963865,0.035408132079811125,0.5630899633981896,0.05630661598619484,3.135877575339459e-05,1.5679387876697293e-05,3.135877575339459e-05,332,0.8899036600116687,0.5031489836658415,463,0,0,3.135877575339459e-05,3.135877575339459e-05,244,0,0,0.34456937573749685,0.4686768101579532,464,107.50620137151779,0.861103099003207,375.75,350.0968922344123,0.6878189913620687,151,bior,385.74074074074076,410.0,199.97417605530825,135,0.8534087184529663,0.7130285416801533,0.18870533457887761,4,114.25
sym14,1,reflect,5.014023775400017e-21,263.0931592222583,11187328.02825641,0.5671641791044776,425.3306100176295,108,raw,5.526466527204255e-11,-2.4192892134932065e-10,"[2, 5, 11, 17, 22, 25, 29, 38, 44, 52, 55, 60, 65, 74, 78, 84, 89, 95, 98, 101, 105]","[37.99999999997942, 367.9999999998482, 460.99999999989905, 192.999999999919, 950.9999999998744, 153.9999999998986, 880.9999999996957, 242.99999999991866, 490.99999999988034, 185.99999999994338, 320.999999999873, 942.9999999998968, 809.9999999997183, 204.99999999993437, 477.99999999985675, 275.9999999999354, 346.999999999901, 79.00000000001125, 1007.9999999998088, 113.99999999992895, 892.9999999997005]",21,5.954462188132503,95877.8086983041,0.8161823964700825,4.3659237182533135e-06,1.0,0.4907407407407407,67631.00000000013,0.12910941990472394,0.15147910127184094,188156.12126448762,82872438.2505806,8,12069.579557417585,0.027777777777777776,"[0.0, 0.009259259259259259, 0.018518518518518517, 0.027777777777777776, 0.037037037037037035, 0.046296296296296294, 0.05555555555555555, 0.06481481481481481, 0.07407407407407407, 0.08333333333333333, 0.09259259259259259, 0.10185185185185185, 0.1111111111111111, 0.12037037037037036, 0.12962962962962962, 0.1388888888888889, 0.14814814814814814, 0.15740740740740738, 0.16666666666666666, 0.17592592592592593, 0.18518518518518517, 0.19444444444444442, 0.2037037037037037, 0.21296296296296297, 0.2222222222222222, 0.23148148148148145, 0.24074074074074073]","[67631.00000000013, 1786.6346316370991, 1155.9831840869792, 12069.579557417585, 1906.5778542066441, 950.591432763621, 9083.877197383992, 2481.229636774154, 778.6316126026521, 8965.162396384063, 2042.6423114774188, 1606.7171021535955, 6927.939836296292, 1790.9411989172215, 2115.064375989098, 4469.146453395116, 811.312481865704, 852.4454942246342, 2613.518509594895, 1125.833636154299, 622.5282936167164, 1595.9028958460215, 1672.0836322349244, 807.7671822535543, 3024.6344394105486, 842.7313814740711, 842.8235732265725]",3.0,0.3,145.1500000000669,15,0.5,1721880.1384882545,0.14445541615562818,0.1241257545377826,16430975.452698493,84089526828.77415,"[0.046875, 0.03125]",2,1721880.1384882545,0.046875,"[0.0, 0.015625, 0.03125, 0.046875, 0.0625, 0.078125, 0.09375, 0.109375, 0.125, 0.140625, 0.15625, 0.171875, 0.1875, 0.203125, 0.21875, 0.234375]","[154749.38571155941, 876106.9067081909, 1710291.3768913052, 1721880.1384882545, 1236443.3975589902, 1200279.6938550472, 1385236.610142109, 1437054.0474215187, 1048940.2936455077, 664501.8455338682, 393060.2971505637, 165807.08106886043, 58528.06662849095, 51528.9563938693, 141871.95181117012, 339557.73472428607]",3.0,0.3,flattop,64,32,145.1500000000669,15,21,449.5238095236867,37.99999999997942,1007.9999999998088,"[2, 5, 11, 17, 22, 25, 29, 38, 44, 52, 55, 60, 65, 74, 78, 84, 89, 95, 98, 101, 105]","[37.99999999997942, 367.9999999998482, 460.99999999989905, 192.999999999919, 950.9999999998744, 153.9999999998986, 880.9999999996957, 242.99999999991866, 490.99999999988034, 185.99999999994338, 320.999999999873, 942.9999999998968, 809.9999999997183, 204.99999999993437, 477.99999999985675, 275.9999999999354, 346.999999999901, 79.00000000001125, 1007.9999999998088, 113.99999999992895, 892.9999999997005]","[1, 1, 1, 15, 1, 24, 27, 35, 35, 49, 35, 35, 63, 73, 73, 73, 35, 92, 35, 99, 99]","[3, 8, 18, 18, 35, 27, 35, 39, 49, 53, 56, 73, 73, 75, 81, 85, 92, 97, 106, 102, 106]",0.05,30,52684908.99999626,1015.9999999999513,-1015.9999999999513,DWT,uc1.l0082987033,2.5425106287002563e-07,0.0,1.2283862815820612e-10,2.9802322387695312e-08,0.0,1.9122126104775816e-10,6.906688213348389e-06,4.865796654485166e-11,1.0,84,0.0,5.456968210637569e-10,1.0,84,,0.0,0.0,1.0,84,0.0,0.0,3.7401914596557617e-06,0.04949951171875,1.3096723705530167e-10,0.0,0.0,0.0,1.2283862815820612e-10,2.5793269742280245e-09,1.2384150847667893e-10,0.0,4.865796654485166e-11,0.0,6.690470399917103e-11,0.0,0.0,0.0,6.690470399917103e-11,2.05773176276125e-11,1.3516965324811281e-14,2.5425106287002563e-07,1.0269562977782698e-15,2.525757381022231e-15,2.7910573408007622e-08,0.0,0.0,1.4738210651898953e-14,0.36015758214279925,0.6537100992870744,0.19970416154555667,0.5429834069874091,0.021009124849395294,0.015742105428204083,0.007871052714102041,0.015742105428204083,144,0.8683986924367169,0.490990136517194,503,0,0,0.015742105428204083,0.015742105428204083,144,0,0,0.35551287496244693,0.48356195280226943,414,185.17626737786892,0.7607541765143813,301.25,218.66981689308918,0.6857711451047359,152,sym,445.72514619883043,505.0,280.45746329325993,171,0.986117580085908,1.0,0.009717693939864401,6,115.5
rbio3.1,1,periodization,2.93470280936087e-26,315.41938183380194,9371816.334954392,0.5370370370370371,533.6134655176724,108,raw,1.3108855564833324e-13,-9.596812233780903e-11,"[2, 5, 11, 17, 22, 25, 29, 38, 44, 52, 55, 60, 65, 74, 78, 84, 89, 95, 98, 101, 105]","[37.99999999999997, 367.99999999999994, 460.9999999999997, 192.9999999999999, 951.0, 154.0000000000001, 880.9999999999998, 242.99999999999994, 490.99999999999994, 186.0000000000001, 321.0, 943.0, 809.9999999999999, 205.0, 478.00000000000006, 276.0000000000001, 347.0000000000002, 79.00000000000023, 1007.9999999999999, 114.00000000000034, 892.9999999999999]",21,5.819368291404466,112626.06290723593,0.5590886245194757,4.3659237182512925e-06,1.0,0.4907407407407407,67630.99999999999,0.1291094199047374,0.15147910127183992,188156.12126451553,82872438.25058052,8,12069.57955741813,0.027777777777777776,"[0.0, 0.009259259259259259, 0.018518518518518517, 0.027777777777777776, 0.037037037037037035, 0.046296296296296294, 0.05555555555555555, 0.06481481481481481, 0.07407407407407407, 0.08333333333333333, 0.09259259259259259, 0.10185185185185185, 0.1111111111111111, 0.12037037037037036, 0.12962962962962962, 0.1388888888888889, 0.14814814814814814, 0.15740740740740738, 0.16666666666666666, 0.17592592592592593, 0.18518518518518517, 0.19444444444444442, 0.2037037037037037, 0.21296296296296297, 0.2222222222222222, 0.23148148148148145, 0.24074074074074073]","[67630.99999999999, 1786.6346316369998, 1155.9831840869388, 12069.57955741813, 1906.5778542068429, 950.5914327636021, 9083.877197385174, 2481.2296367744843, 778.6316126029453, 8965.162396385991, 2042.6423114779163, 1606.7171021541496, 6927.939836298318, 1790.9411989177927, 2115.064375989648, 4469.146453396723, 811.312481865886, 852.4454942250557, 2613.5185095958254, 1125.8336361545937, 622.5282936168363, 1595.9028958466977, 1672.0836322356427, 807.7671822537568, 3024.6344394117605, 842.7313814743658, 842.8235732269195]",3.0,0.3,145.14999999999998,15,0.5,1721880.1384885076,0.14445541615564295,0.12412575453778009,16430975.452705394,84089526828.8236,"[0.046875, 0.03125]",2,1721880.1384885076,0.046875,"[0.0, 0.015625, 0.03125, 0.046875, 0.0625, 0.078125, 0.09375, 0.109375, 0.125, 0.140625, 0.15625, 0.171875, 0.1875, 0.203125, 0.21875, 0.234375]","[154749.38571156564, 876106.9067082778, 1710291.376891532, 1721880.1384885076, 1236443.3975593017, 1200279.6938555262, 1385236.6101427807, 1437054.04742228, 1048940.2936461219, 664501.8455342907, 393060.2971508252, 165807.0810689746, 58528.066628532644, 51528.95639390753, 141871.95181127617, 339557.7347245399]",3.0,0.3,flattop,64,32,145.14999999999998,15,21,449.5238095238095,37.99999999999997,1007.9999999999999,"[2, 5, 11, 17, 22, 25, 29, 38, 44, 52, 55, 60, 65, 74, 78, 84, 89, 95, 98, 101, 105]","[37.99999999999997, 367.99999999999994, 460.9999999999997, 192.9999999999999, 951.0, 154.0000000000001, 880.9999999999998, 242.99999999999994, 490.99999999999994, 186.0000000000001, 321.0, 943.0, 809.9999999999999, 205.0, 478.00000000000006, 276.0000000000001, 347.0000000000002, 79.00000000000023, 1007.9999999999999, 114.00000000000034, 892.9999999999999]","[1, 1, 1, 15, 1, 24, 27, 35, 35, 49, 35, 35, 63, 73, 73, 73, 35, 92, 35, 99, 99]","[3, 8, 18, 18, 35, 27, 35, 39, 49, 53, 56, 73, 73, 75, 81, 85, 92, 97, 106, 102, 106]",0.05,30,52684908.99999999,1015.9999999999999,-1015.9999999999999,DWT,uc1.l0082987033,1.1641532182693481e-09,0.0,0.0,4.470348358154297e-08,0.0,1.1368683772161603e-13,5.587935447692871e-09,1.1368683772161603e-13,1.0,84,0.0,0.0,1.0,84,,0.0,0.0,1.0,84,0.0,0.0,7.450580596923828e-09,6.103515625e-05,1.4551915228366852e-11,0.0,0.0,0.0,0.0,0.0,1.123334229868349e-13,0.0,1.1368683772161603e-13,0.0,2.842170943040401e-14,0.0,0.0,0.0,2.842170943040401e-14,2.842170943040401e-14,5.551115123125783e-17,1.1641532182693481e-09,0.0,1.3877787807814457e-17,0.0,0.0,0.0,2.7755575615628914e-17,0.8973737456431573,0.48060841644088625,0.02359305264965923,0.20670391061452598,0.06634501764353848,3.135877575339459e-05,1.5679387876697293e-05,3.135877575339459e-05,272,0.8997445532343928,0.508712996542598,443,0,0,3.135877575339459e-05,3.135877575339459e-05,264,0,0,0.3349248285983535,0.455558477807851,495,118.01836015355126,0.8475214985096237,368.5,340.66072583604506,0.6857116536475767,153,rbio,366.5925925925926,360.0,210.3588723315502,135,0.8110455588331695,0.7500562468954116,0.20725123474815782,3,115.5
coif2,1,antisymmetric,1.5295720781529783e-26,318.249323640839,9684831.60202374,0.5677966101694916,399.6936295589235,108,raw,8.533091928526386e-14,-1.1772383068375867e-10,"[2, 5, 11, 17, 22, 25, 29, 38, 44, 52, 55, 60, 65, 74, 78, 84, 89, 95, 98, 101, 105]","[38.0, 368.00000000000006, 461.0, 193.0, 951.0, 154.00000000000023, 881.0000000000001, 243.00000000000014, 491.00000000000017, 186.0, 320.9999999999999, 943.0000000000001, 810.0, 205.00000000000003, 477.9999999999999, 276.0000000000001, 347.0, 78.99999999999989, 1008.0000000000002, 114.00000000000011, 893.0000000000001]",21,5.712858789683961,174157.3798869611,0.8739413270822073,4.365923718251291e-06,1.0,0.4907407407407407,67631.0,0.1291094199047374,0.15147910127183992,188156.12126451556,82872438.25058056,8,12069.57955741813,0.027777777777777776,"[0.0, 0.009259259259259259, 0.018518518518518517, 0.027777777777777776, 0.037037037037037035, 0.046296296296296294, 0.05555555555555555, 0.06481481481481481, 0.07407407407407407, 0.08333333333333333, 0.09259259259259259, 0.10185185185185185, 0.1111111111111111, 0.12037037037037036, 0.12962962962962962, 0.1388888888888889, 0.14814814814814814, 0.15740740740740738, 0.16666666666666666, 0.17592592592592593, 0.18518518518518517, 0.19444444444444442, 0.2037037037037037, 0.21296296296296297, 0.2222222222222222, 0.23148148148148145, 0.24074074074074073]","[67631.0, 1786.6346316370007, 1155.9831840869401, 12069.57955741813, 1906.577854206844, 950.591432763601, 9083.87719738518, 2481.229636774483, 778.6316126029456, 8965.162396385991, 2042.642311477917, 1606.7171021541517, 6927.939836298324, 1790.9411989177931, 2115.0643759896498, 4469.1464533967255, 811.3124818658874, 852.4454942250571, 2613.5185095958273, 1125.8336361545946, 622.5282936168378, 1595.902895846697, 1672.0836322356427, 807.767182253756, 3024.6344394117596, 842.7313814743654, 842.8235732269213]",3.0,0.3,145.14999999999998,15,0.5,1721880.138488509,0.14445541615564295,0.1241257545377801,16430975.452705404,84089526828.82375,"[0.046875, 0.03125]",2,1721880.138488509,0.046875,"[0.0, 0.015625, 0.03125, 0.046875, 0.0625, 0.078125, 0.09375, 0.109375, 0.125, 0.140625, 0.15625, 0.171875, 0.1875, 0.203125, 0.21875, 0.234375]","[154749.38571156524, 876106.9067082778, 1710291.3768915331, 1721880.138488509, 1236443.3975593033, 1200279.6938555276, 1385236.6101427819, 1437054.047422281, 1048940.2936461226, 664501.8455342911, 393060.2971508254, 165807.08106897463, 58528.06662853264, 51528.95639390751, 141871.95181127626, 339557.7347245399]",3.0,0.3,flattop,64,32,145.14999999999998,15,21,449.5238095238095,38.0,1008.0000000000002,"[2, 5, 11, 17, 22, 25, 29, 38, 44, 52, 55, 60, 65, 74, 78, 84, 89, 95, 98, 101, 105]","[38.0, 368.00000000000006, 461.0, 193.0, 951.0, 154.00000000000023, 881.0000000000001, 243.00000000000014, 491.00000000000017, 186.0, 320.9999999999999, 943.0000000000001, 810.0, 205.00000000000003, 477.9999999999999, 276.0000000000001, 347.0, 78.99999999999989, 1008.0000000000002, 114.00000000000011, 893.0000000000001]","[1, 1, 1, 15, 1, 24, 27, 35, 35, 49, 35, 35, 63, 73, 73, 73, 35, 92, 35, 99, 99]","[3, 8, 18, 18, 35, 27, 35, 39, 49, 53, 56, 73, 73, 75, 81, 85, 92, 97, 106, 102, 106]",0.05,30,52684909.0,1016.0000000000002,-1016.0000000000002,DWT,uc1.l0082987033,2.3283064365386963e-10,0.0,0.0,0.0,0.0,2.2737367544323206e-13,3.725290298461914e-09,2.2737367544323206e-13,1.0,84,0.0,0.0,1.0,84,,0.0,0.0,1.0,84,0.0,0.0,0.0,9.1552734375e-05,0.0,0.0,0.0,0.0,0.0,0.0,8.39117135564309e-14,0.0,2.2737367544323206e-13,0.0,2.842170943040401e-14,0.0,0.0,0.0,2.842170943040401e-14,0.0,5.551115123125783e-17,2.3283064365386963e-10,0.0,2.7755575615628914e-17,2.9103830456733704e-11,0.0,0.0,2.7755575615628914e-17,0.9264278298982348,0.3441331615739354,0.05395664985936217,0.5500426096013641,0.2329042993021357,0.0,0.0,0.0,494,1.0680803672169896,0.6038895842181619,202,0,0,0.0,0.0,441,0,0,0.42149291004700645,0.5733067605390414,205,153.95345616993035,0.801093725878643,335.5,283.27791306676403,0.6838155967894507,154,coif,217.80246913580248,181.0,166.32516494453617,81,0.48186386976947454,0.5930495234160287,0.4847804341365592,1,115.75
bior3.1,1,periodization,2.4745668171863304e-26,316.16003126244146,10637152.6818622,0.5648148148148148,337.1776637468002,108,raw,1.3514292565677923e-13,-9.562173275412597e-11,"[2, 5, 11, 17, 22, 25, 29, 38, 44, 52, 55, 60, 65, 74, 78, 84, 89, 95, 98, 101, 105]","[38.00000000000003, 367.99999999999994, 460.99999999999994, 193.0, 950.9999999999999, 154.0, 881.0, 242.99999999999994, 490.9999999999999, 186.0, 321.0, 942.9999999999999, 809.9999999999998, 204.99999999999997, 477.9999999999999, 276.0000000000001, 347.0, 79.0, 1007.9999999999998, 114.0, 892.9999999999998]",21,5.4442866474265585,143863.63235168034,0.9259873985361591,4.3659237182512925e-06,1.0,0.4907407407407407,67630.99999999997,0.1291094199047374,0.15147910127183992,188156.12126451547,82872438.25058049,8,12069.579557418127,0.027777777777777776,"[0.0, 0.009259259259259259, 0.018518518518518517, 0.027777777777777776, 0.037037037037037035, 0.046296296296296294, 0.05555555555555555, 0.06481481481481481, 0.07407407407407407, 0.08333333333333333, 0.09259259259259259, 0.10185185185185185, 0.1111111111111111, 0.12037037037037036, 0.12962962962962962, 0.1388888888888889, 0.14814814814814814, 0.15740740740740738, 0.16666666666666666, 0.17592592592592593, 0.18518518518518517, 0.19444444444444442, 0.2037037037037037, 0.21296296296296297, 0.2222222222222222, 0.23148148148148145, 0.24074074074074073]","[67630.99999999997, 1786.634631637, 1155.983184086937, 12069.579557418127, 1906.5778542068435, 950.5914327636003, 9083.877197385174, 2481.2296367744825, 778.6316126029444, 8965.16239638599, 2042.6423114779168, 1606.7171021541492, 6927.939836298319, 1790.9411989177931, 2115.064375989648, 4469.146453396723, 811.312481865885, 852.445494225056, 2613.518509595826, 1125.833636154594, 622.5282936168367, 1595.9028958466981, 1672.0836322356424, 807.7671822537562, 3024.634439411761, 842.7313814743645, 842.8235732269204]",3.0,0.3,145.14999999999995,15,0.5,1721880.1384885074,0.14445541615564297,0.1241257545377801,16430975.452705393,84089526828.8236,"[0.046875, 0.03125]",2,1721880.1384885074,0.046875,"[0.0, 0.015625, 0.03125, 0.046875, 0.0625, 0.078125, 0.09375, 0.109375, 0.125, 0.140625, 0.15625, 0.171875, 0.1875, 0.203125, 0.21875, 0.234375]","[154749.3857115655, 876106.9067082775, 1710291.3768915317, 1721880.1384885074, 1236443.3975593017, 1200279.6938555264, 1385236.610142781, 1437054.04742228, 1048940.2936461216, 664501.8455342903, 393060.29715082503, 165807.0810689745, 58528.06662853263, 51528.95639390748, 141871.9518112762, 339557.7347245398]",3.0,0.3,flattop,64,32,145.14999999999995,15,21,449.5238095238095,38.00000000000003,1007.9999999999998,"[2, 5, 11, 17, 22, 25, 29, 38, 44, 52, 55, 60, 65, 74, 78, 84, 89, 95, 98, 101, 105]","[38.00000000000003, 367.99999999999994, 460.99999999999994, 193.0, 950.9999999999999, 154.0, 881.0, 242.99999999999994, 490.9999999999999, 186.0, 321.0, 942.9999999999999, 809.9999999999998, 204.99999999999997, 477.9999999999999, 276.0000000000001, 347.0, 79.0, 1007.9999999999998, 114.0, 892.9999999999998]","[1, 1, 1, 15, 1, 24, 27, 35, 35, 49, 35, 35, 63, 73, 73, 73, 35, 92, 35, 99, 99]","[3, 8, 18, 18, 35, 27, 35, 39, 49, 53, 56, 73, 73, 75, 81, 85, 92, 97, 106, 102, 106]",0.05,30,52684908.99999999,1015.9999999999998,-1015.9999999999998,DWT,uc1.l0082987033,1.3969838619232178e-09,0.0,0.0,7.450580596923828e-08,0.0,2.2737367544323206e-13,7.450580596923828e-09,2.2737367544323206e-13,1.0,84,0.0,3.637978807091713e-12,1.0,84,,0.0,0.0,1.0,84,0.0,0.0,7.450580596923828e-09,6.103515625e-05,2.9103830456733704e-11,0.0,0.0,0.0,0.0,0.0,7.037756620861942e-14,0.0,2.2737367544323206e-13,0.0,5.684341886080802e-14,0.0,0.0,0.0,5.684341886080802e-14,2.842170943040401e-14,5.551115123125783e-17,1.3969838619232178e-09,0.0,2.7755575615628914e-17,5.820766091346741e-11,0.0,0.0,5.551115123125783e-17,0.9049777503791055,0.0,0.14633519085914723,0.5167597765363124,0.1509020754608055,3.135877575339459e-05,1.5679387876697293e-05,3.135877575339459e-05,355,0.8832189864558841,0.49936948835992623,471,0,0,3.135877575339459e-05,3.135877575339459e-05,246,0,0,0.34379495864707416,0.4676234625384955,465,106.48121900128679,0.8624273656314124,384.25,358.56360319061497,0.68299016860382,155,bior,385.74074074074076,410.0,199.97417605530825,135,0.8534087184529663,0.7130285416801533,0.18870533457887761,4,117.25
rbio3.7,1,symmetric,8.375511533154865e-27,320.8649097019046,9977584.492117723,0.5737704918032787,610.2651935442301,108,raw,5.57085242134134e-14,-1.1087031293044506e-10,"[2, 5, 11, 17, 22, 25, 29, 38, 44, 52, 55, 60, 65, 74, 78, 84, 89, 95, 98, 101, 105]","[37.99999999999994, 367.9999999999999, 461.0000000000001, 193.0, 951.0000000000002, 154.0, 881.0000000000002, 242.99999999999994, 491.0000000000001, 185.9999999999999, 321.0, 943.0, 810.0000000000001, 204.99999999999997, 478.0, 275.9999999999999, 346.99999999999966, 78.99999999999989, 1008.0000000000002, 113.99999999999977, 893.0]",21,5.958447361005654,112496.73652186195,0.6119068146389071,4.365923718251291e-06,0.9999999999999998,0.4907407407407407,67631.0,0.12910941990473743,0.15147910127183992,188156.12126451553,82872438.25058056,8,12069.57955741813,0.027777777777777776,"[0.0, 0.009259259259259259, 0.018518518518518517, 0.027777777777777776, 0.037037037037037035, 0.046296296296296294, 0.05555555555555555, 0.06481481481481481, 0.07407407407407407, 0.08333333333333333, 0.09259259259259259, 0.10185185185185185, 0.1111111111111111, 0.12037037037037036, 0.12962962962962962, 0.1388888888888889, 0.14814814814814814, 0.15740740740740738, 0.16666666666666666, 0.17592592592592593, 0.18518518518518517, 0.19444444444444442, 0.2037037037037037, 0.21296296296296297, 0.2222222222222222, 0.23148148148148145, 0.24074074074074073]","[67631.0, 1786.6346316370007, 1155.983184086938, 12069.57955741813, 1906.577854206843, 950.5914327636025, 9083.877197385176, 2481.229636774485, 778.6316126029436, 8965.162396385991, 2042.6423114779186, 1606.7171021541508, 6927.939836298323, 1790.9411989177931, 2115.0643759896493, 4469.146453396725, 811.3124818658863, 852.4454942250585, 2613.518509595828, 1125.8336361545942, 622.5282936168355, 1595.9028958466972, 1672.0836322356424, 807.767182253756, 3024.6344394117605, 842.731381474366, 842.8235732269214]",3.0,0.3,145.1500000000001,15,0.5,1721880.1384885088,0.14445541615564292,0.12412575453778008,16430975.452705402,84089526828.82368,"[0.046875, 0.03125]",2,1721880.1384885088,0.046875,"[0.0, 0.015625, 0.03125, 0.046875, 0.0625, 0.078125, 0.09375, 0.109375, 0.125, 0.140625, 0.15625, 0.171875, 0.1875, 0.203125, 0.21875, 0.234375]","[154749.3857115655, 876106.9067082778, 1710291.376891533, 1721880.1384885088, 1236443.3975593026, 1200279.6938555266, 1385236.6101427814, 1437054.047422281, 1048940.2936461219, 664501.8455342908, 393060.29715082527, 165807.08106897457, 58528.066628532615, 51528.956393907465, 141871.95181127617, 339557.7347245399]",3.0,0.3,flattop,64,32,145.1500000000001,15,21,449.5238095238095,37.99999999999994,1008.0000000000002,"[2, 5, 11, 17, 22, 25, 29, 38, 44, 52, 55, 60, 65, 74, 78, 84, 89, 95, 98, 101, 105]","[37.99999999999994, 367.9999999999999, 461.0000000000001, 193.0, 951.0000000000002, 154.0, 881.0000000000002, 242.99999999999994, 491.0000000000001, 185.9999999999999, 321.0, 943.0, 810.0000000000001, 204.99999999999997, 478.0, 275.9999999999999, 346.99999999999966, 78.99999999999989, 1008.0000000000002, 113.99999999999977, 893.0]","[1, 1, 1, 15, 1, 24, 27, 35, 35, 49, 35, 35, 63, 73, 73, 73, 35, 92, 35, 99, 99]","[3, 8, 18, 18, 35, 27, 35, 39, 49, 53, 56, 73, 73, 75, 81, 85, 92, 97, 106, 102, 106]",0.05,30,52684909.0,1016.0,-1016.0,DWT,uc1.l0082987033,0.0,0.0,0.0,0.0,0.0,2.2737367544323206e-13,1.862645149230957e-09,0.0,1.0,84,0.0,0.0,1.0,84,,0.0,0.0,1.0,84,0.0,0.0,0.0,3.0517578125e-05,0.0,0.0,0.0,0.0,0.0,0.0,1.0421293457814806e-13,0.0,0.0,0.0,8.526512829121202e-14,0.0,0.0,0.0,8.526512829121202e-14,5.684341886080802e-14,2.7755575615628914e-17,0.0,0.0,0.0,0.0,0.0,0.0,0.0,0.9532811940224145,0.6588164745377953,0.08235472424089334,0.6167231431449764,0.06599494371525753,0.0,0.0,0.0,413,1.2156415505468865,0.6873202551516796,109,0,0,0.0,0.0,509,0,0,0.4754340959322675,0.6466765511152682,116,205.00792667601905,0.7351318776795619,286.75,180.33496257153124,0.6823269207519257,156,rbio,366.5925925925926,360.0,210.3588723315502,135,0.8110455588331695,0.7500562468954116,0.20725123474815782,3,117.75
coif4,1,periodic,2.35891980848093e-26,316.36789133893774,10762624.017959299,0.5538461538461539,401.7384992287118,108,raw,1.0747781265797159e-13,-1.1130452115537599e-10,"[2, 5, 11, 17, 22, 25, 29, 38, 44, 52, 55, 60, 65, 74, 78, 84, 89, 95, 98, 101, 105]","[38.00000000000003, 368.0, 461.0, 192.99999999999994, 951.0000000000002, 154.00000000000034, 880.9999999999999, 243.00000000000014, 491.00000000000057, 185.99999999999966, 320.9999999999999, 942.9999999999998, 810.0, 205.00000000000006, 478.0000000000002, 276.0000000000002, 347.0000000000001, 79.0, 1008.0000000000001, 114.00000000000023, 893.0000000000002]",21,5.871007076080363,100032.97504295806,0.7910470414811598,4.365923718251291e-06,1.0,0.4907407407407407,67631.0,0.12910941990473737,0.15147910127183992,188156.12126451556,82872438.25058056,8,12069.57955741813,0.027777777777777776,"[0.0, 0.009259259259259259, 0.018518518518518517, 0.027777777777777776, 0.037037037037037035, 0.046296296296296294, 0.05555555555555555, 0.06481481481481481, 0.07407407407407407, 0.08333333333333333, 0.09259259259259259, 0.10185185185185185, 0.1111111111111111, 0.12037037037037036, 0.12962962962962962, 0.1388888888888889, 0.14814814814814814, 0.15740740740740738, 0.16666666666666666, 0.17592592592592593, 0.18518518518518517, 0.19444444444444442, 0.2037037037037037, 0.21296296296296297, 0.2222222222222222, 0.23148148148148145, 0.24074074074074073]","[67631.0, 1786.6346316370018, 1155.9831840869417, 12069.57955741813, 1906.5778542068415, 950.5914327636021, 9083.877197385176, 2481.2296367744843, 778.6316126029449, 8965.162396385991, 2042.6423114779172, 1606.717102154151, 6927.939836298325, 1790.9411989177959, 2115.0643759896507, 4469.1464533967255, 811.312481865885, 852.4454942250601, 2613.518509595828, 1125.833636154595, 622.5282936168368, 1595.9028958466997, 1672.0836322356436, 807.7671822537575, 3024.634439411759, 842.7313814743643, 842.8235732269211]",3.0,0.3,145.14999999999998,15,0.5,1721880.1384885085,0.14445541615564295,0.12412575453778009,16430975.452705398,84089526828.82365,"[0.046875, 0.03125]",2,1721880.1384885085,0.046875,"[0.0, 0.015625, 0.03125, 0.046875, 0.0625, 0.078125, 0.09375, 0.109375, 0.125, 0.140625, 0.15625, 0.171875, 0.1875, 0.203125, 0.21875, 0.234375]","[154749.38571156556, 876106.9067082776, 1710291.3768915324, 1721880.1384885085, 1236443.3975593022, 1200279.6938555269, 1385236.6101427814, 1437054.0474222803, 1048940.2936461219, 664501.8455342905, 393060.2971508249, 165807.08106897434, 58528.0666285326, 51528.95639390746, 141871.95181127609, 339557.73472453956]",3.0,0.3,flattop,64,32,145.14999999999998,15,21,449.52380952380963,38.00000000000003,1008.0000000000001,"[2, 5, 11, 17, 22, 25, 29, 38, 44, 52, 55, 60, 65, 74, 78, 84, 89, 95, 98, 101, 105]","[38.00000000000003, 368.0, 461.0, 192.99999999999994, 951.0000000000002, 154.00000000000034, 880.9999999999999, 243.00000000000014, 491.00000000000057, 185.99999999999966, 320.9999999999999, 942.9999999999998, 810.0, 205.00000000000006, 478.0000000000002, 276.0000000000002, 347.0000000000001, 79.0, 1008.0000000000001, 114.00000000000023, 893.0000000000002]","[1, 1, 1, 15, 1, 24, 27, 35, 35, 49, 35, 35, 63, 73, 73, 73, 35, 92, 35, 99, 99]","[3, 8, 18, 18, 35, 27, 35, 39, 49, 53, 56, 73, 73, 75, 81, 85, 92, 97, 106, 102, 106]",0.05,30,52684909.0,1016.0,-1016.0,DWT,uc1.l0082987033,2.3283064365386963e-10,0.0,1.1368683772161603e-13,0.0,0.0,1.1368683772161603e-13,1.862645149230957e-09,0.0,1.0,84,0.0,0.0,1.0,84,,0.0,0.0,1.0,84,0.0,0.0,0.0,0.0,0.0,0.0,0.0,0.0,1.1368683772161603e-13,1.8189894035458565e-12,1.597029387041749e-13,0.0,0.0,0.0,2.842170943040401e-14,0.0,0.0,0.0,2.842170943040401e-14,2.842170943040401e-14,8.326672684688674e-17,2.3283064365386963e-10,0.0,1.3877787807814457e-17,2.9103830456733704e-11,0.0,0.0,2.7755575615628914e-17,0.9071117816022114,0.5467754361510715,0.15850635792804146,0.3943274602492485,0.03225675541393508,0.0,0.0,0.0,499,1.0675416522661567,0.603584996326037,203,0,0,0.0,0.0,442,0,0,0.40779555826890157,0.5546758792390613,238,146.89792374298557,0.8102094008488558,345.5,298.6358203380334,0.6819134859541437,157,coif,217.80246913580248,181.0,166.32516494453617,81,0.48186386976947454,0.5930495234160287,0.4847804341365592,1,118.0
rbio3.7,1,periodic,8.240791620785455e-27,320.9353337860799,10010587.813647645,0.5737704918032787,610.6772672715732,108,raw,5.470521155412252e-14,-1.1089384965856713e-10,"[2, 5, 11, 17, 22, 25, 29, 38, 44, 52, 55, 60, 65, 74, 78, 84, 89, 95, 98, 101, 105]","[37.999999999999886, 367.9999999999999, 461.0000000000001, 193.0, 951.0000000000002, 154.0, 881.0000000000002, 242.99999999999994, 491.0000000000001, 185.9999999999999, 321.0, 943.0, 810.0000000000001, 204.99999999999997, 478.0, 275.9999999999999, 346.99999999999966, 78.99999999999989, 1008.0000000000001, 113.99999999999977, 893.0]",21,5.976127713849835,115857.76489404644,0.5941180006341404,4.365923718251291e-06,1.0,0.4907407407407407,67631.0,0.12910941990473745,0.15147910127183992,188156.12126451553,82872438.25058056,8,12069.57955741813,0.027777777777777776,"[0.0, 0.009259259259259259, 0.018518518518518517, 0.027777777777777776, 0.037037037037037035, 0.046296296296296294, 0.05555555555555555, 0.06481481481481481, 0.07407407407407407, 0.08333333333333333, 0.09259259259259259, 0.10185185185185185, 0.1111111111111111, 0.12037037037037036, 0.12962962962962962, 0.1388888888888889, 0.14814814814814814, 0.15740740740740738, 0.16666666666666666, 0.17592592592592593, 0.18518518518518517, 0.19444444444444442, 0.2037037037037037, 0.21296296296296297, 0.2222222222222222, 0.23148148148148145, 0.24074074074074073]","[67631.0, 1786.6346316370007, 1155.9831840869379, 12069.57955741813, 1906.577854206843, 950.5914327636025, 9083.877197385176, 2481.229636774485, 778.6316126029435, 8965.162396385991, 2042.6423114779182, 1606.7171021541508, 6927.939836298323, 1790.9411989177931, 2115.0643759896493, 4469.146453396725, 811.3124818658863, 852.4454942250584, 2613.518509595828, 1125.8336361545942, 622.5282936168355, 1595.9028958466972, 1672.0836322356422, 807.7671822537559, 3024.6344394117605, 842.7313814743659, 842.8235732269214]",3.0,0.3,145.15000000000012,15,0.5,1721880.1384885088,0.14445541615564292,0.12412575453778008,16430975.452705402,84089526828.82368,"[0.046875, 0.03125]",2,1721880.1384885088,0.046875,"[0.0, 0.015625, 0.03125, 0.046875, 0.0625, 0.078125, 0.09375, 0.109375, 0.125, 0.140625, 0.15625, 0.171875, 0.1875, 0.203125, 0.21875, 0.234375]","[154749.3857115655, 876106.9067082778, 1710291.376891533, 1721880.1384885088, 1236443.3975593026, 1200279.6938555266, 1385236.6101427814, 1437054.047422281, 1048940.2936461219, 664501.8455342908, 393060.29715082527, 165807.08106897457, 58528.066628532615, 51528.956393907465, 141871.95181127617, 339557.7347245399]",3.0,0.3,flattop,64,32,145.15000000000012,15,21,449.5238095238095,37.999999999999886,1008.0000000000001,"[2, 5, 11, 17, 22, 25, 29, 38, 44, 52, 55, 60, 65, 74, 78, 84, 89, 95, 98, 101, 105]","[37.999999999999886, 367.9999999999999, 461.0000000000001, 193.0, 951.0000000000002, 154.0, 881.0000000000002, 242.99999999999994, 491.0000000000001, 185.9999999999999, 321.0, 943.0, 810.0000000000001, 204.99999999999997, 478.0, 275.9999999999999, 346.99999999999966, 78.99999999999989, 1008.0000000000001, 113.99999999999977, 893.0]","[1, 1, 1, 15, 1, 24, 27, 35, 35, 49, 35, 35, 63, 73, 73, 73, 35, 92, 35, 99, 99]","[3, 8, 18, 18, 35, 27, 35, 39, 49, 53, 56, 73, 73, 75, 81, 85, 92, 97, 106, 102, 106]",0.05,30,52684909.0,1016.0,-1016.0,DWT,uc1.l0082987033,0.0,0.0,0.0,0.0,0.0,1.1368683772161603e-13,1.862645149230957e-09,0.0,1.0,84,0.0,0.0,1.0,84,,0.0,0.0,1.0,84,0.0,0.0,0.0,3.0517578125e-05,0.0,0.0,0.0,0.0,0.0,0.0,1.0150610510858576e-13,0.0,0.0,0.0,1.1368683772161603e-13,0.0,0.0,0.0,1.1368683772161603e-13,1.1368683772161603e-13,0.0,0.0,0.0,0.0,0.0,0.0,0.0,0.0,0.954004214994128,0.6814710792591567,0.0855561641287913,0.6167231431449764,0.07509292014065524,0.0,0.0,0.0,426,1.2326425760047035,0.6969325863115104,102,0,0,0.0,0.0,501,0,0,0.48256950433354157,0.6563819999571036,107,209.5280410828107,0.7292919365855159,284.0,170.26245516718726,0.6811834359930163,158,rbio,366.5925925925926,360.0,210.3588723315502,135,0.8110455588331695,0.7500562468954116,0.20725123474815782,3,119.25
db18,1,symmetric,2.3440037635313762e-26,316.39544006532367,11292032.614118932,0.5563380281690141,415.4167764164544,108,raw,1.1144994392385283e-13,-1.0677081441201666e-10,"[2, 5, 11, 17, 22, 25, 29, 38, 44, 52, 55, 60, 65, 74, 78, 84, 89, 95, 98, 101, 105]","[38.0, 367.9999999999998, 460.9999999999998, 192.99999999999994, 951.0000000000002, 154.00000000000023, 881.0000000000002, 243.0000000000001, 490.9999999999999, 186.0, 320.9999999999998, 942.9999999999997, 810.0, 205.00000000000014, 478.0000000000001, 275.9999999999998, 346.9999999999998, 79.00000000000023, 1008.0000000000002, 113.99999999999977, 893.0000000000002]",21,5.99757138028256,94667.35635888629,0.7919195516209885,4.365923718251291e-06,1.0,0.4907407407407407,67631.0,0.1291094199047374,0.15147910127183992,188156.12126451553,82872438.25058056,8,12069.579557418134,0.027777777777777776,"[0.0, 0.009259259259259259, 0.018518518518518517, 0.027777777777777776, 0.037037037037037035, 0.046296296296296294, 0.05555555555555555, 0.06481481481481481, 0.07407407407407407, 0.08333333333333333, 0.09259259259259259, 0.10185185185185185, 0.1111111111111111, 0.12037037037037036, 0.12962962962962962, 0.1388888888888889, 0.14814814814814814, 0.15740740740740738, 0.16666666666666666, 0.17592592592592593, 0.18518518518518517, 0.19444444444444442, 0.2037037037037037, 0.21296296296296297, 0.2222222222222222, 0.23148148148148145, 0.24074074074074073]","[67631.0, 1786.6346316369988, 1155.9831840869379, 12069.579557418134, 1906.5778542068429, 950.5914327636023, 9083.877197385174, 2481.2296367744816, 778.631612602945, 8965.162396385993, 2042.6423114779166, 1606.7171021541474, 6927.939836298324, 1790.9411989177931, 2115.0643759896493, 4469.1464533967255, 811.3124818658864, 852.4454942250567, 2613.5185095958263, 1125.8336361545935, 622.5282936168383, 1595.9028958466972, 1672.083632235642, 807.7671822537553, 3024.6344394117596, 842.7313814743645, 842.8235732269208]",3.0,0.3,145.14999999999995,15,0.5,1721880.1384885088,0.14445541615564292,0.12412575453778008,16430975.4527054,84089526828.8237,"[0.046875, 0.03125]",2,1721880.1384885088,0.046875,"[0.0, 0.015625, 0.03125, 0.046875, 0.0625, 0.078125, 0.09375, 0.109375, 0.125, 0.140625, 0.15625, 0.171875, 0.1875, 0.203125, 0.21875, 0.234375]","[154749.3857115655, 876106.9067082775, 1710291.3768915324, 1721880.1384885088, 1236443.3975593024, 1200279.6938555269, 1385236.610142782, 1437054.047422281, 1048940.2936461223, 664501.8455342909, 393060.2971508249, 165807.08106897434, 58528.066628532426, 51528.95639390733, 141871.95181127609, 339557.7347245398]",3.0,0.3,flattop,64,32,145.14999999999995,15,21,449.5238095238095,38.0,1008.0000000000002,"[2, 5, 11, 17, 22, 25, 29, 38, 44, 52, 55, 60, 65, 74, 78, 84, 89, 95, 98, 101, 105]","[38.0, 367.9999999999998, 460.9999999999998, 192.99999999999994, 951.0000000000002, 154.00000000000023, 881.0000000000002, 243.0000000000001, 490.9999999999999, 186.0, 320.9999999999998, 942.9999999999997, 810.0, 205.00000000000014, 478.0000000000001, 275.9999999999998, 346.9999999999998, 79.00000000000023, 1008.0000000000002, 113.99999999999977, 893.0000000000002]","[1, 1, 1, 15, 1, 24, 27, 35, 35, 49, 35, 35, 63, 73, 73, 73, 35, 92, 35, 99, 99]","[3, 8, 18, 18, 35, 27, 35, 39, 49, 53, 56, 73, 73, 75, 81, 85, 92, 97, 106, 102, 106]",0.05,30,52684909.0,1016.0,-1016.0,DWT,uc1.l0082987033,0.0,0.0,0.0,0.0,0.0,2.2737367544323206e-13,0.0,0.0,1.0,84,0.0,3.637978807091713e-12,1.0,84,,0.0,0.0,1.0,84,0.0,0.0,0.0,4.57763671875e-05,0.0,0.0,0.0,0.0,0.0,0.0,1.7188367131720523e-13,0.0,0.0,0.0,5.684341886080802e-14,0.0,0.0,0.0,5.684341886080802e-14,0.0,5.551115123125783e-17,0.0,0.0,0.0,0.0,0.0,0.0,0.0,0.90739461533948,0.7089477812849306,0.20986087978139278,0.4221417892831857,0.017732548269670356,0.0,0.0,0.0,544,1.1797908347579924,0.6670503630010636,129,0,0,0.0,0.0,368,0,0,0.45321552279173194,0.616455264143728,150,196.53731621925303,0.7460758188381744,297.75,210.8122298803735,0.6806929481787771,159,db,413.2962962962963,398.0,188.41229481502944,243,0.9143723369387087,0.671803462110104,0.15839832550987273,5,120.5
sym9,1,zero,5.026439373547969e-25,303.0824186250698,9364953.58297727,0.5725806451612904,288.6934652270263,108,raw,5.706710824058434e-13,-8.608080914740546e-11,"[2, 5, 11, 17, 22, 25, 29, 38, 44, 52, 55, 60, 65, 74, 78, 84, 89, 95, 98, 101, 105]","[38.00000000000031, 368.00000000000074, 460.9999999999996, 193.00000000000148, 950.9999999999993, 154.0000000000024, 881.000000000002, 243.00000000000077, 490.99999999999926, 186.00000000000034, 321.00000000000034, 942.9999999999982, 810.0000000000024, 205.00000000000114, 478.00000000000114, 276.00000000000045, 347.00000000000045, 78.99999999999818, 1008.0000000000009, 114.00000000000182, 893.0000000000014]",21,5.62575228304021,127243.08181581681,0.8786134512621481,4.365923718251286e-06,1.0,0.4907407407407407,67630.99999999997,0.12910941990473754,0.15147910127183992,188156.12126451556,82872438.25058047,8,12069.579557418123,0.027777777777777776,"[0.0, 0.009259259259259259, 0.018518518518518517, 0.027777777777777776, 0.037037037037037035, 0.046296296296296294, 0.05555555555555555, 0.06481481481481481, 0.07407407407407407, 0.08333333333333333, 0.09259259259259259, 0.10185185185185185, 0.1111111111111111, 0.12037037037037036, 0.12962962962962962, 0.1388888888888889, 0.14814814814814814, 0.15740740740740738, 0.16666666666666666, 0.17592592592592593, 0.18518518518518517, 0.19444444444444442, 0.2037037037037037, 0.21296296296296297, 0.2222222222222222, 0.23148148148148145, 0.24074074074074073]","[67630.99999999997, 1786.6346316369988, 1155.9831840869356, 12069.579557418123, 1906.5778542068388, 950.5914327635961, 9083.877197385167, 2481.2296367744802, 778.6316126029432, 8965.162396385978, 2042.6423114779136, 1606.7171021541476, 6927.939836298315, 1790.941198917794, 2115.0643759896466, 4469.146453396723, 811.312481865888, 852.4454942250586, 2613.518509595832, 1125.8336361545967, 622.528293616841, 1595.902895846704, 1672.0836322356513, 807.7671822537644, 3024.6344394117746, 842.731381474371, 842.823573226923]",3.0,0.3,145.1499999999996,15,0.5,1721880.1384885046,0.14445541615564314,0.12412575453778006,16430975.4527054,84089526828.82318,"[0.046875, 0.03125]",2,1721880.1384885046,0.046875,"[0.0, 0.015625, 0.03125, 0.046875, 0.0625, 0.078125, 0.09375, 0.109375, 0.125, 0.140625, 0.15625, 0.171875, 0.1875, 0.203125, 0.21875, 0.234375]","[154749.38571156538, 876106.9067082764, 1710291.3768915287, 1721880.1384885046, 1236443.397559299, 1200279.6938555234, 1385236.6101427777, 1437054.0474222777, 1048940.2936461205, 664501.8455342902, 393060.29715082527, 165807.0810689748, 58528.06662853299, 51528.95639390815, 141871.95181127792, 339557.73472454393]",3.0,0.3,flattop,64,32,145.1499999999996,15,21,449.5238095238102,38.00000000000031,1008.0000000000009,"[2, 5, 11, 17, 22, 25, 29, 38, 44, 52, 55, 60, 65, 74, 78, 84, 89, 95, 98, 101, 105]","[38.00000000000031, 368.00000000000074, 460.9999999999996, 193.00000000000148, 950.9999999999993, 154.0000000000024, 881.000000000002, 243.00000000000077, 490.99999999999926, 186.00000000000034, 321.00000000000034, 942.9999999999982, 810.0000000000024, 205.00000000000114, 478.00000000000114, 276.00000000000045, 347.00000000000045, 78.99999999999818, 1008.0000000000009, 114.00000000000182, 893.0000000000014]","[1, 1, 1, 15, 1, 24, 27, 35, 35, 49, 35, 35, 63, 73, 73, 73, 35, 92, 35, 99, 99]","[3, 8, 18, 18, 35, 27, 35, 39, 49, 53, 56, 73, 73, 75, 81, 85, 92, 97, 106, 102, 106]",0.05,30,52684908.99999998,1016.0000000000002,-1016.0000000000002,DWT,uc1.l0082987033,4.190951585769653e-09,0.0,6.821210263296962e-13,8.940696716308594e-08,0.0,9.094947017729282e-13,0.0,2.2737367544323206e-13,1.0,84,0.0,7.275957614183426e-12,1.0,84,,0.0,0.0,1.0,84,0.0,0.0,2.2351741790771484e-08,0.0004730224609375,2.9103830456733704e-11,0.0,0.0,0.0,6.821210263296962e-13,1.4551915228366852e-11,1.1206274003987864e-12,0.0,2.2737367544323206e-13,0.0,3.979039320256561e-13,0.0,0.0,0.0,3.979039320256561e-13,3.126388037344441e-13,8.326672684688674e-17,4.190951585769653e-09,0.0,1.3877787807814457e-17,2.9103830456733704e-11,0.0,0.0,2.220446049250313e-16,0.7707141911509126,0.23251980780977127,0.022927341233298044,0.6034420616327272,0.10591186407079073,9.407632726018377e-05,4.7038163630091884e-05,9.407632726018377e-05,217,0.8738936594934893,0.49409697517190415,492,0,0,9.407632726018377e-05,9.407632726018377e-05,218,0,0,0.34710305317949997,0.4721230707519064,456,148.8184016399406,0.8077281632558907,345.75,298.0414132041509,0.6805113684496508,160,sym,445.72514619883043,505.0,280.45746329325993,171,0.986117580085908,1.0,0.009717693939864401,6,121.5
sym12,1,smooth,1.4493419182397816e-22,278.4833145801745,9429920.62481819,0.5923076923076923,323.33846448158573,108,raw,9.742593563175806e-12,-1.0975509390241196e-10,"[2, 5, 11, 17, 22, 25, 29, 38, 44, 52, 55, 60, 65, 74, 78, 84, 89, 95, 98, 101, 105]","[38.00000000000392, 368.0000000000267, 461.0000000000198, 193.0000000000104, 951.000000000025, 154.0000000000125, 881.0000000000473, 243.00000000001262, 491.00000000002353, 186.00000000001046, 321.00000000002353, 943.0000000000231, 810.0000000000447, 205.00000000000907, 478.0000000000247, 276.000000000011, 347.0000000000173, 79.00000000000455, 1008.0000000000271, 114.00000000000648, 893.0000000000564]",21,5.706905327517888,111819.30832299647,0.8788773175604687,4.365923718250936e-06,0.9999999999999998,0.4907407407407407,67631.0,0.12910941990473973,0.15147910127183986,188156.1212645204,82872438.2505806,8,12069.579557418192,0.027777777777777776,"[0.0, 0.009259259259259259, 0.018518518518518517, 0.027777777777777776, 0.037037037037037035, 0.046296296296296294, 0.05555555555555555, 0.06481481481481481, 0.07407407407407407, 0.08333333333333333, 0.09259259259259259, 0.10185185185185185, 0.1111111111111111, 0.12037037037037036, 0.12962962962962962, 0.1388888888888889, 0.14814814814814814, 0.15740740740740738, 0.16666666666666666, 0.17592592592592593, 0.18518518518518517, 0.19444444444444442, 0.2037037037037037, 0.21296296296296297, 0.2222222222222222, 0.23148148148148145, 0.24074074074074073]","[67631.0, 1786.634631637011, 1155.983184086944, 12069.579557418192, 1906.5778542068622, 950.5914327636318, 9083.877197385365, 2481.2296367745485, 778.6316126029652, 8965.162396386359, 2042.6423114780291, 1606.7171021542263, 6927.939836298716, 1790.9411989178932, 2115.0643759897825, 4469.146453397022, 811.3124818659323, 852.4454942251142, 2613.5185095960123, 1125.8336361546662, 622.5282936168703, 1595.9028958468002, 1672.0836322357436, 807.7671822537908, 3024.634439411909, 842.7313814744103, 842.8235732269661]",3.0,0.3,145.14999999998787,15,0.5,1721880.1384885553,0.14445541615564506,0.12412575453777962,16430975.452706635,84089526828.83351,"[0.046875, 0.03125]",2,1721880.1384885553,0.046875,"[0.0, 0.015625, 0.03125, 0.046875, 0.0625, 0.078125, 0.09375, 0.109375, 0.125, 0.140625, 0.15625, 0.171875, 0.1875, 0.203125, 0.21875, 0.234375]","[154749.3857115668, 876106.9067082943, 1710291.3768915746, 1721880.1384885553, 1236443.3975593615, 1200279.69385562, 1385236.6101429148, 1437054.0474224328, 1048940.2936462455, 664501.8455343752, 393060.29715087684, 165807.0810689966, 58528.066628540066, 51528.956393912486, 141871.95181128866, 339557.73472457065]",3.0,0.3,flattop,64,32,145.14999999998787,15,21,449.5238095238305,38.00000000000392,1008.0000000000271,"[2, 5, 11, 17, 22, 25, 29, 38, 44, 52, 55, 60, 65, 74, 78, 84, 89, 95, 98, 101, 105]","[38.00000000000392, 368.0000000000267, 461.0000000000198, 193.0000000000104, 951.000000000025, 154.0000000000125, 881.0000000000473, 243.00000000001262, 491.00000000002353, 186.00000000001046, 321.00000000002353, 943.0000000000231, 810.0000000000447, 205.00000000000907, 478.0000000000247, 276.000000000011, 347.0000000000173, 79.00000000000455, 1008.0000000000271, 114.00000000000648, 893.0000000000564]","[1, 1, 1, 15, 1, 24, 27, 35, 35, 49, 35, 35, 63, 73, 73, 73, 35, 92, 35, 99, 99]","[3, 8, 18, 18, 35, 27, 35, 39, 49, 53, 56, 73, 73, 75, 81, 85, 92, 97, 106, 102, 106]",0.05,30,52684909.00000067,1016.000000000008,-1016.000000000008,DWT,uc1.l0082987033,4.6566128730773926e-08,0.0,2.0975221559638157e-11,2.9802322387695312e-08,0.0,2.7057467377744615e-11,1.2349337339401245e-06,7.958078640513122e-12,1.0,84,0.0,6.184563972055912e-11,1.0,84,,0.0,0.0,1.0,84,0.0,0.0,6.705522537231445e-07,0.009857177734375,0.0,0.0,0.0,0.0,2.0975221559638157e-11,4.4019543565809727e-10,2.0957627168086e-11,0.0,7.958078640513122e-12,0.0,1.2136069926782511e-11,0.0,0.0,0.0,1.2136069926782511e-11,3.922195901395753e-12,2.275957200481571e-15,4.6566128730773926e-08,5.551115123125783e-17,4.579669976578771e-16,4.8603396862745285e-09,0.0,0.0,2.1371793224034263e-15,0.5181632589223472,0.33650473168429434,0.029229375983336407,0.8236355822948003,0.06416121156524536,0.002822289817805513,0.0014111449089027565,0.002822289817805513,194,0.848883726731242,0.4799564307328457,522,0,0,0.002822289817805513,0.002822289817805513,192,0,0,0.3543388320900048,0.4819650416801851,419,165.642939280047,0.7859910345219031,331.75,272.7523876607488,0.6786867317312357,161,sym,445.72514619883043,505.0,280.45746329325993,171,0.986117580085908,1.0,0.009717693939864401,6,122.25
sym9,1,constant,4.95370522940377e-25,303.1457215088861,9362551.630462894,0.5725806451612904,288.6934652270263,108,raw,5.602103143515974e-13,-8.600165024574966e-11,"[2, 5, 11, 17, 22, 25, 29, 38, 44, 52, 55, 60, 65, 74, 78, 84, 89, 95, 98, 101, 105]","[38.00000000000034, 368.0000000000008, 460.9999999999996, 193.00000000000148, 950.9999999999993, 154.0000000000024, 881.000000000002, 243.00000000000077, 490.99999999999926, 186.00000000000034, 321.00000000000034, 942.9999999999982, 810.0000000000024, 205.00000000000114, 478.00000000000114, 276.00000000000045, 347.00000000000045, 78.99999999999818, 1008.0000000000007, 114.00000000000182, 893.0000000000013]",21,5.629124489854817,123180.55446065612,0.8746135231222466,4.365923718251286e-06,1.0,0.4907407407407407,67630.99999999997,0.1291094199047375,0.15147910127183992,188156.12126451556,82872438.25058047,8,12069.579557418123,0.027777777777777776,"[0.0, 0.009259259259259259, 0.018518518518518517, 0.027777777777777776, 0.037037037037037035, 0.046296296296296294, 0.05555555555555555, 0.06481481481481481, 0.07407407407407407, 0.08333333333333333, 0.09259259259259259, 0.10185185185185185, 0.1111111111111111, 0.12037037037037036, 0.12962962962962962, 0.1388888888888889, 0.14814814814814814, 0.15740740740740738, 0.16666666666666666, 0.17592592592592593, 0.18518518518518517, 0.19444444444444442, 0.2037037037037037, 0.21296296296296297, 0.2222222222222222, 0.23148148148148145, 0.24074074074074073]","[67630.99999999997, 1786.6346316369995, 1155.9831840869358, 12069.579557418123, 1906.5778542068383, 950.591432763596, 9083.877197385167, 2481.2296367744793, 778.6316126029441, 8965.162396385977, 2042.6423114779138, 1606.7171021541483, 6927.939836298316, 1790.9411989177938, 2115.0643759896457, 4469.146453396724, 811.3124818658877, 852.4454942250585, 2613.5185095958327, 1125.8336361545976, 622.5282936168416, 1595.9028958467036, 1672.0836322356506, 807.7671822537648, 3024.6344394117746, 842.7313814743708, 842.823573226923]",3.0,0.3,145.14999999999972,15,0.5,1721880.1384885046,0.14445541615564314,0.12412575453778006,16430975.4527054,84089526828.82318,"[0.046875, 0.03125]",2,1721880.1384885046,0.046875,"[0.0, 0.015625, 0.03125, 0.046875, 0.0625, 0.078125, 0.09375, 0.109375, 0.125, 0.140625, 0.15625, 0.171875, 0.1875, 0.203125, 0.21875, 0.234375]","[154749.38571156538, 876106.9067082764, 1710291.3768915287, 1721880.1384885046, 1236443.397559299, 1200279.6938555234, 1385236.6101427777, 1437054.0474222777, 1048940.2936461205, 664501.8455342902, 393060.29715082527, 165807.0810689748, 58528.06662853299, 51528.95639390815, 141871.95181127792, 339557.73472454393]",3.0,0.3,flattop,64,32,145.14999999999972,15,21,449.52380952381014,38.00000000000034,1008.0000000000007,"[2, 5, 11, 17, 22, 25, 29, 38, 44, 52, 55, 60, 65, 74, 78, 84, 89, 95, 98, 101, 105]","[38.00000000000034, 368.0000000000008, 460.9999999999996, 193.00000000000148, 950.9999999999993, 154.0000000000024, 881.000000000002, 243.00000000000077, 490.99999999999926, 186.00000000000034, 321.00000000000034, 942.9999999999982, 810.0000000000024, 205.00000000000114, 478.00000000000114, 276.00000000000045, 347.00000000000045, 78.99999999999818, 1008.0000000000007, 114.00000000000182, 893.0000000000013]","[1, 1, 1, 15, 1, 24, 27, 35, 35, 49, 35, 35, 63, 73, 73, 73, 35, 92, 35, 99, 99]","[3, 8, 18, 18, 35, 27, 35, 39, 49, 53, 56, 73, 73, 75, 81, 85, 92, 97, 106, 102, 106]",0.05,30,52684908.999999985,1016.0,-1016.0,DWT,uc1.l0082987033,4.190951585769653e-09,0.0,6.252776074688882e-13,8.940696716308594e-08,0.0,6.821210263296962e-13,0.0,0.0,1.0,84,0.0,7.275957614183426e-12,1.0,84,,0.0,0.0,1.0,84,0.0,0.0,1.4901161193847656e-08,0.0004730224609375,2.9103830456733704e-11,0.0,0.0,0.0,6.252776074688882e-13,1.2732925824820995e-11,1.1084466677857563e-12,0.0,0.0,0.0,2.8421709430404007e-13,0.0,0.0,0.0,2.8421709430404007e-13,3.410605131648481e-13,5.551115123125783e-17,4.190951585769653e-09,0.0,1.3877787807814457e-17,2.9103830456733704e-11,0.0,0.0,2.220446049250313e-16,0.7713641010944365,0.23684076300206233,0.02269434327333847,0.6034420616327272,0.09491499822738735,6.271755150678917e-05,3.135877575339459e-05,6.271755150678917e-05,221,0.871928837738408,0.49298607057225263,495,0,0,6.271755150678917e-05,6.271755150678917e-05,233,0,0,0.3458512534459904,0.4704203962039953,462,145.90950391709697,0.8114864290476783,352.75,307.6583101215062,0.6778685375212552,162,sym,445.72514619883043,505.0,280.45746329325993,171,0.986117580085908,1.0,0.009717693939864401,6,123.0
sym10,1,periodic,3.3676841493742274e-23,284.8217095834735,10384149.220461076,0.5634920634920635,401.21805192246205,108,raw,4.5272592259422086e-12,-1.0402301242610331e-10,"[2, 5, 11, 17, 22, 25, 29, 38, 44, 52, 55, 60, 65, 74, 78, 84, 89, 95, 98, 101, 105]","[38.000000000002615, 368.00000000001353, 461.00000000000745, 193.00000000000892, 951.0000000000095, 154.00000000001125, 881.0000000000277, 243.0000000000079, 491.00000000000824, 186.00000000000512, 321.0000000000108, 943.0000000000058, 810.0000000000257, 205.00000000000708, 478.00000000001245, 276.00000000000625, 347.0000000000084, 78.99999999999659, 1008.0000000000139, 114.00000000000887, 893.0000000000286]",21,5.819671686016462,104349.89203694725,0.772584360648451,4.365923718251119e-06,1.0,0.4907407407407407,67631.0,0.12910941990473862,0.15147910127183983,188156.12126451786,82872438.25058056,8,12069.579557418156,0.027777777777777776,"[0.0, 0.009259259259259259, 0.018518518518518517, 0.027777777777777776, 0.037037037037037035, 0.046296296296296294, 0.05555555555555555, 0.06481481481481481, 0.07407407407407407, 0.08333333333333333, 0.09259259259259259, 0.10185185185185185, 0.1111111111111111, 0.12037037037037036, 0.12962962962962962, 0.1388888888888889, 0.14814814814814814, 0.15740740740740738, 0.16666666666666666, 0.17592592592592593, 0.18518518518518517, 0.19444444444444442, 0.2037037037037037, 0.21296296296296297, 0.2222222222222222, 0.23148148148148145, 0.24074074074074073]","[67631.0, 1786.634631637, 1155.9831840869413, 12069.579557418156, 1906.5778542068497, 950.5914327636034, 9083.87719738524, 2481.2296367745066, 778.6316126029533, 8965.162396386117, 2042.6423114779495, 1606.7171021541806, 6927.939836298467, 1790.9411989178357, 2115.064375989701, 4469.146453396845, 811.31248186591, 852.4454942250817, 2613.518509595912, 1125.8336361546305, 622.5282936168575, 1595.9028958467543, 1672.0836322357056, 807.7671822537865, 3024.6344394118746, 842.7313814743978, 842.8235732269524]",3.0,0.3,145.1499999999941,15,0.5,1721880.1384885237,0.1444554161556445,0.12412575453777987,16430975.452705944,84089526828.8269,"[0.046875, 0.03125]",2,1721880.1384885237,0.046875,"[0.0, 0.015625, 0.03125, 0.046875, 0.0625, 0.078125, 0.09375, 0.109375, 0.125, 0.140625, 0.15625, 0.171875, 0.1875, 0.203125, 0.21875, 0.234375]","[154749.38571156556, 876106.9067082824, 1710291.3768915455, 1721880.1384885237, 1236443.397559322, 1200279.6938555588, 1385236.610142828, 1437054.0474223355, 1048940.2936461684, 664501.8455343238, 393060.2971508464, 165807.0810689841, 58528.066628536515, 51528.95639391159, 141871.95181128735, 339557.7347245662]",3.0,0.3,flattop,64,32,145.1499999999941,15,21,449.5238095238204,38.000000000002615,1008.0000000000139,"[2, 5, 11, 17, 22, 25, 29, 38, 44, 52, 55, 60, 65, 74, 78, 84, 89, 95, 98, 101, 105]","[38.000000000002615, 368.00000000001353, 461.00000000000745, 193.00000000000892, 951.0000000000095, 154.00000000001125, 881.0000000000277, 243.0000000000079, 491.00000000000824, 186.00000000000512, 321.0000000000108, 943.0000000000058, 810.0000000000257, 205.00000000000708, 478.00000000001245, 276.00000000000625, 347.0000000000084, 78.99999999999659, 1008.0000000000139, 114.00000000000887, 893.0000000000286]","[1, 1, 1, 15, 1, 24, 27, 35, 35, 49, 35, 35, 63, 73, 73, 73, 35, 92, 35, 99, 99]","[3, 8, 18, 18, 35, 27, 35, 39, 49, 53, 56, 73, 73, 75, 81, 85, 92, 97, 106, 102, 106]",0.05,30,52684909.00000028,1016.0000000000038,-1016.0000000000038,DWT,uc1.l0082987033,1.4901161193847656e-08,0.0,1.0857093002414331e-11,0.0,0.0,1.3869794202037156e-11,5.438923835754395e-07,3.751665644813329e-12,1.0,84,0.0,2.546585164964199e-11,1.0,84,,0.0,0.0,1.0,84,0.0,0.0,2.8312206268310547e-07,0.0032501220703125,0.0,0.0,0.0,0.0,1.0857093002414331e-11,2.2737367544323206e-10,1.1123715705166214e-11,0.0,3.751665644813329e-12,0.0,5.9117155615240335e-12,0.0,0.0,0.0,5.9117155615240335e-12,2.6147972675971687e-12,1.1657341758564144e-15,1.4901161193847656e-08,8.326672684688674e-17,2.0816681711721685e-16,2.3283064365386963e-09,0.0,0.0,1.582067810090848e-15,0.5832374813003047,0.4809971691467818,0.12179295281891003,0.5019952114924183,0.04394222923104111,0.0011916334786289944,0.0005958167393144972,0.0011916334786289944,210,0.8697125260524126,0.49173297428508744,500,0,0,0.0011916334786289944,0.0011916334786289944,209,0,0,0.3463930087978912,0.47115728168510174,459,156.78116383460525,0.7974403568028356,344.5,291.4338202664848,0.6761749587631749,163,sym,445.72514619883043,505.0,280.45746329325993,171,0.986117580085908,1.0,0.009717693939864401,6,123.75
rbio3.9,1,symmetric,9.162502545859797e-27,320.4748820286131,10219340.471045503,0.5793650793650794,642.2352842161182,108,raw,5.554404672828372e-14,-1.1109935194042526e-10,"[2, 5, 11, 17, 22, 25, 29, 38, 44, 52, 55, 60, 65, 74, 78, 84, 89, 95, 98, 101, 105]","[37.999999999999886, 368.0, 461.0000000000001, 193.0, 951.0000000000002, 154.0, 881.0, 242.99999999999997, 491.0, 185.9999999999999, 321.0, 943.0, 810.0000000000003, 204.99999999999994, 478.0, 275.9999999999999, 346.99999999999966, 78.99999999999989, 1008.0000000000003, 113.99999999999989, 893.0000000000001]",21,6.02723750105821,113930.86602009762,0.5852923523952704,4.365923718251291e-06,0.9999999999999998,0.4907407407407407,67631.0,0.12910941990473743,0.15147910127183992,188156.12126451556,82872438.25058056,8,12069.57955741813,0.027777777777777776,"[0.0, 0.009259259259259259, 0.018518518518518517, 0.027777777777777776, 0.037037037037037035, 0.046296296296296294, 0.05555555555555555, 0.06481481481481481, 0.07407407407407407, 0.08333333333333333, 0.09259259259259259, 0.10185185185185185, 0.1111111111111111, 0.12037037037037036, 0.12962962962962962, 0.1388888888888889, 0.14814814814814814, 0.15740740740740738, 0.16666666666666666, 0.17592592592592593, 0.18518518518518517, 0.19444444444444442, 0.2037037037037037, 0.21296296296296297, 0.2222222222222222, 0.23148148148148145, 0.24074074074074073]","[67631.0, 1786.6346316370002, 1155.9831840869383, 12069.57955741813, 1906.5778542068435, 950.5914327636021, 9083.877197385176, 2481.229636774485, 778.6316126029436, 8965.162396385991, 2042.6423114779172, 1606.71710215415, 6927.939836298323, 1790.9411989177925, 2115.0643759896498, 4469.1464533967255, 811.3124818658857, 852.4454942250595, 2613.518509595828, 1125.8336361545942, 622.5282936168351, 1595.902895846697, 1672.0836322356429, 807.7671822537562, 3024.63443941176, 842.7313814743659, 842.8235732269212]",3.0,0.3,145.15000000000012,15,0.5,1721880.1384885085,0.14445541615564295,0.12412575453778009,16430975.452705404,84089526828.82368,"[0.046875, 0.03125]",2,1721880.1384885085,0.046875,"[0.0, 0.015625, 0.03125, 0.046875, 0.0625, 0.078125, 0.09375, 0.109375, 0.125, 0.140625, 0.15625, 0.171875, 0.1875, 0.203125, 0.21875, 0.234375]","[154749.3857115655, 876106.9067082778, 1710291.3768915324, 1721880.1384885085, 1236443.3975593026, 1200279.6938555269, 1385236.6101427816, 1437054.047422281, 1048940.293646122, 664501.8455342908, 393060.2971508254, 165807.08106897463, 58528.06662853266, 51528.956393907516, 141871.95181127614, 339557.7347245399]",3.0,0.3,flattop,64,32,145.15000000000012,15,21,449.5238095238095,37.999999999999886,1008.0000000000003,"[2, 5, 11, 17, 22, 25, 29, 38, 44, 52, 55, 60, 65, 74, 78, 84, 89, 95, 98, 101, 105]","[37.999999999999886, 368.0, 461.0000000000001, 193.0, 951.0000000000002, 154.0, 881.0, 242.99999999999997, 491.0, 185.9999999999999, 321.0, 943.0, 810.0000000000003, 204.99999999999994, 478.0, 275.9999999999999, 346.99999999999966, 78.99999999999989, 1008.0000000000003, 113.99999999999989, 893.0000000000001]","[1, 1, 1, 15, 1, 24, 27, 35, 35, 49, 35, 35, 63, 73, 73, 73, 35, 92, 35, 99, 99]","[3, 8, 18, 18, 35, 27, 35, 39, 49, 53, 56, 73, 73, 75, 81, 85, 92, 97, 106, 102, 106]",0.05,30,52684909.0,1016.0000000000001,-1016.0000000000001,DWT,uc1.l0082987033,2.3283064365386963e-10,0.0,0.0,0.0,0.0,3.410605131648481e-13,3.725290298461914e-09,1.1368683772161603e-13,1.0,84,0.0,0.0,1.0,84,,0.0,0.0,1.0,84,0.0,0.0,0.0,3.0517578125e-05,0.0,0.0,0.0,0.0,0.0,0.0,1.0150610510858575e-13,0.0,1.1368683772161603e-13,0.0,1.1368683772161603e-13,0.0,0.0,0.0,1.1368683772161603e-13,1.1368683772161603e-13,2.7755575615628914e-17,2.3283064365386963e-10,0.0,1.3877787807814457e-17,2.9103830456733704e-11,0.0,0.0,2.7755575615628914e-17,0.9492769078376438,0.7469602715169754,0.10580591636940465,0.6791699920191547,0.06987699257681927,0.0,0.0,0.0,398,1.295568032484166,0.7325104593971606,71,0,0,0.0,0.0,531,0,0,0.5102180160639997,0.6939889876811601,72,233.3052364035864,0.6985720459901985,268.0,123.57426990645969,0.6761594080080191,164,rbio,366.5925925925926,360.0,210.3588723315502,135,0.8110455588331695,0.7500562468954116,0.20725123474815782,3,123.75
rbio3.7,1,reflect,8.413961198016749e-27,320.84501806297084,10067640.373197366,0.5737704918032787,578.6309845514193,108,raw,5.607037468069864e-14,-1.1091705331978178e-10,"[2, 5, 11, 17, 22, 25, 29, 38, 44, 52, 55, 60, 65, 74, 78, 84, 89, 95, 98, 101, 105]","[37.99999999999994, 367.9999999999999, 461.0000000000001, 193.0, 951.0000000000002, 154.0, 881.0000000000002, 242.99999999999994, 491.0000000000001, 185.9999999999999, 321.0, 943.0, 810.0000000000001, 204.99999999999997, 478.0, 275.9999999999999, 346.99999999999966, 78.99999999999989, 1008.0000000000002, 113.99999999999977, 893.0]",21,5.956573664213496,103754.63071163822,0.6128732504043523,4.365923718251291e-06,0.9999999999999998,0.4907407407407407,67631.0,0.12910941990473745,0.15147910127183992,188156.12126451553,82872438.25058056,8,12069.57955741813,0.027777777777777776,"[0.0, 0.009259259259259259, 0.018518518518518517, 0.027777777777777776, 0.037037037037037035, 0.046296296296296294, 0.05555555555555555, 0.06481481481481481, 0.07407407407407407, 0.08333333333333333, 0.09259259259259259, 0.10185185185185185, 0.1111111111111111, 0.12037037037037036, 0.12962962962962962, 0.1388888888888889, 0.14814814814814814, 0.15740740740740738, 0.16666666666666666, 0.17592592592592593, 0.18518518518518517, 0.19444444444444442, 0.2037037037037037, 0.21296296296296297, 0.2222222222222222, 0.23148148148148145, 0.24074074074074073]","[67631.0, 1786.6346316370007, 1155.983184086938, 12069.57955741813, 1906.5778542068429, 950.5914327636026, 9083.877197385176, 2481.229636774485, 778.6316126029435, 8965.162396385991, 2042.6423114779182, 1606.7171021541508, 6927.939836298323, 1790.9411989177931, 2115.0643759896493, 4469.146453396725, 811.3124818658862, 852.4454942250584, 2613.518509595828, 1125.8336361545942, 622.5282936168355, 1595.9028958466972, 1672.0836322356422, 807.7671822537559, 3024.6344394117605, 842.7313814743661, 842.8235732269214]",3.0,0.3,145.1500000000001,15,0.5,1721880.1384885088,0.14445541615564292,0.12412575453778008,16430975.452705402,84089526828.82368,"[0.046875, 0.03125]",2,1721880.1384885088,0.046875,"[0.0, 0.015625, 0.03125, 0.046875, 0.0625, 0.078125, 0.09375, 0.109375, 0.125, 0.140625, 0.15625, 0.171875, 0.1875, 0.203125, 0.21875, 0.234375]","[154749.3857115655, 876106.9067082778, 1710291.376891533, 1721880.1384885088, 1236443.3975593026, 1200279.6938555266, 1385236.6101427814, 1437054.047422281, 1048940.2936461219, 664501.8455342908, 393060.29715082527, 165807.08106897457, 58528.066628532615, 51528.956393907465, 141871.95181127617, 339557.7347245399]",3.0,0.3,flattop,64,32,145.1500000000001,15,21,449.5238095238095,37.99999999999994,1008.0000000000002,"[2, 5, 11, 17, 22, 25, 29, 38, 44, 52, 55, 60, 65, 74, 78, 84, 89, 95, 98, 101, 105]","[37.99999999999994, 367.9999999999999, 461.0000000000001, 193.0, 951.0000000000002, 154.0, 881.0000000000002, 242.99999999999994, 491.0000000000001, 185.9999999999999, 321.0, 943.0, 810.0000000000001, 204.99999999999997, 478.0, 275.9999999999999, 346.99999999999966, 78.99999999999989, 1008.0000000000002, 113.99999999999977, 893.0]","[1, 1, 1, 15, 1, 24, 27, 35, 35, 49, 35, 35, 63, 73, 73, 73, 35, 92, 35, 99, 99]","[3, 8, 18, 18, 35, 27, 35, 39, 49, 53, 56, 73, 73, 75, 81, 85, 92, 97, 106, 102, 106]",0.05,30,52684909.0,1016.0,-1016.0,DWT,uc1.l0082987033,0.0,0.0,0.0,0.0,0.0,2.2737367544323206e-13,1.862645149230957e-09,0.0,1.0,84,0.0,0.0,1.0,84,,0.0,0.0,1.0,84,0.0,0.0,0.0,3.0517578125e-05,0.0,0.0,0.0,0.0,0.0,0.0,1.0421293457814806e-13,0.0,0.0,0.0,8.526512829121202e-14,0.0,0.0,0.0,8.526512829121202e-14,5.684341886080802e-14,0.0,0.0,0.0,0.0,0.0,0.0,0.0,0.0,0.9530769730903388,0.6564156253823445,0.09109046587122527,0.6167231431449764,0.04233091480435193,0.0,0.0,0.0,433,1.2092208526607195,0.6836900109342235,112,0,0,0.0,0.0,511,0,0,0.47192742445864744,0.6419068422663303,123,207.1816835533489,0.7323234062618231,294.75,187.57266640727718,0.6757547263867255,165,rbio,366.5925925925926,360.0,210.3588723315502,135,0.8110455588331695,0.7500562468954116,0.20725123474815782,3,124.5
bior2.6,1,reflect,1.46194040321203e-26,318.4457264244778,10452941.19261342,0.5416666666666666,315.2174613828013,108,raw,8.773229056815676e-14,-1.1845424641165953e-10,"[2, 5, 11, 17, 22, 25, 29, 38, 44, 52, 55, 60, 65, 74, 78, 84, 89, 95, 98, 101, 105]","[38.00000000000006, 368.0, 461.0000000000002, 192.9999999999999, 951.0000000000003, 154.0000000000001, 881.0, 243.00000000000003, 491.00000000000006, 186.0, 321.0, 943.0000000000001, 810.0, 205.0, 478.00000000000017, 276.0, 346.9999999999999, 79.0, 1008.0000000000001, 114.00000000000011, 893.0000000000003]",21,5.675108304092533,106622.8656916057,0.846131591931781,4.36592371825129e-06,1.0,0.4907407407407407,67631.0,0.12910941990473743,0.15147910127183992,188156.12126451553,82872438.25058056,8,12069.579557418136,0.027777777777777776,"[0.0, 0.009259259259259259, 0.018518518518518517, 0.027777777777777776, 0.037037037037037035, 0.046296296296296294, 0.05555555555555555, 0.06481481481481481, 0.07407407407407407, 0.08333333333333333, 0.09259259259259259, 0.10185185185185185, 0.1111111111111111, 0.12037037037037036, 0.12962962962962962, 0.1388888888888889, 0.14814814814814814, 0.15740740740740738, 0.16666666666666666, 0.17592592592592593, 0.18518518518518517, 0.19444444444444442, 0.2037037037037037, 0.21296296296296297, 0.2222222222222222, 0.23148148148148145, 0.24074074074074073]","[67631.0, 1786.6346316370007, 1155.9831840869383, 12069.579557418136, 1906.5778542068424, 950.5914327636004, 9083.877197385176, 2481.229636774485, 778.631612602943, 8965.162396385991, 2042.6423114779177, 1606.7171021541487, 6927.939836298326, 1790.941198917794, 2115.0643759896493, 4469.146453396725, 811.3124818658862, 852.4454942250585, 2613.518509595827, 1125.833636154594, 622.5282936168383, 1595.9028958466981, 1672.0836322356433, 807.7671822537567, 3024.63443941176, 842.7313814743654, 842.8235732269197]",3.0,0.3,145.14999999999998,15,0.5,1721880.1384885088,0.14445541615564295,0.12412575453778009,16430975.452705404,84089526828.82372,"[0.046875, 0.03125]",2,1721880.1384885088,0.046875,"[0.0, 0.015625, 0.03125, 0.046875, 0.0625, 0.078125, 0.09375, 0.109375, 0.125, 0.140625, 0.15625, 0.171875, 0.1875, 0.203125, 0.21875, 0.234375]","[154749.38571156538, 876106.9067082778, 1710291.3768915331, 1721880.1384885088, 1236443.3975593024, 1200279.6938555273, 1385236.6101427819, 1437054.047422281, 1048940.2936461223, 664501.8455342909, 393060.29715082515, 165807.08106897448, 58528.06662853261, 51528.95639390756, 141871.95181127614, 339557.7347245398]",3.0,0.3,flattop,64,32,145.14999999999998,15,21,449.52380952380963,38.00000000000006,1008.0000000000001,"[2, 5, 11, 17, 22, 25, 29, 38, 44, 52, 55, 60, 65, 74, 78, 84, 89, 95, 98, 101, 105]","[38.00000000000006, 368.0, 461.0000000000002, 192.9999999999999, 951.0000000000003, 154.0000000000001, 881.0, 243.00000000000003, 491.00000000000006, 186.0, 321.0, 943.0000000000001, 810.0, 205.0, 478.00000000000017, 276.0, 346.9999999999999, 79.0, 1008.0000000000001, 114.00000000000011, 893.0000000000003]","[1, 1, 1, 15, 1, 24, 27, 35, 35, 49, 35, 35, 63, 73, 73, 73, 35, 92, 35, 99, 99]","[3, 8, 18, 18, 35, 27, 35, 39, 49, 53, 56, 73, 73, 75, 81, 85, 92, 97, 106, 102, 106]",0.05,30,52684909.00000001,1016.0000000000001,-1016.0000000000001,DWT,uc1.l0082987033,0.0,0.0,1.1368683772161603e-13,0.0,0.0,1.1368683772161603e-13,3.725290298461914e-09,1.1368683772161603e-13,1.0,84,0.0,5.4569682106375694e-12,1.0,84,,0.0,0.0,1.0,84,0.0,0.0,7.450580596923828e-09,6.103515625e-05,0.0,0.0,0.0,0.0,1.1368683772161603e-13,1.8189894035458565e-12,9.067878723033658e-14,0.0,1.1368683772161603e-13,0.0,2.842170943040401e-14,0.0,0.0,0.0,2.842170943040401e-14,5.684341886080802e-14,2.7755575615628914e-17,0.0,0.0,1.3877787807814457e-17,0.0,0.0,0.0,2.7755575615628914e-17,0.9284442328537952,0.29576182324995415,0.1284660194499766,0.2583798882681563,0.05009494751713878,3.135877575339459e-05,1.5679387876697293e-05,3.135877575339459e-05,347,0.8925703953763604,0.5046567482124361,448,0,0,3.135877575339459e-05,3.135877575339459e-05,249,0,0,0.33222938226780424,0.451892182202068,511,115.07787218517149,0.8513205785721298,388.75,360.78294259322774,0.6745297983299925,166,bior,385.74074074074076,410.0,199.97417605530825,135,0.8534087184529663,0.7130285416801533,0.18870533457887761,4,125.5
sym19,1,periodic,6.098964135512285e-19,242.2424623165196,11819751.10068797,0.5694444444444444,471.7677645237153,108,raw,6.331081831629287e-10,-1.3011958312700798e-10,"[2, 5, 11, 17, 22, 25, 29, 38, 44, 52, 55, 60, 65, 74, 78, 84, 89, 95, 98, 101, 105]","[38.00000000031076, 368.0000000010238, 461.0000000012305, 193.00000000032355, 951.0000000024631, 154.0000000001296, 881.0000000024621, 243.00000000049255, 491.00000000175027, 186.000000000382, 321.0000000011088, 943.0000000018247, 810.0000000022405, 205.00000000014384, 478.0000000012306, 276.00000000040336, 347.000000001, 79.0000000004951, 1008.0000000019443, 113.99999999996305, 893.0000000031175]",21,6.052260486966271,96639.02318712632,0.812214161642577,4.365923718229442e-06,1.0,0.4907407407407407,67631.00000000001,0.1291094199048554,0.15147910127184852,188156.1212648036,82872438.2505906,8,12069.57955742821,0.027777777777777776,"[0.0, 0.009259259259259259, 0.018518518518518517, 0.027777777777777776, 0.037037037037037035, 0.046296296296296294, 0.05555555555555555, 0.06481481481481481, 0.07407407407407407, 0.08333333333333333, 0.09259259259259259, 0.10185185185185185, 0.1111111111111111, 0.12037037037037036, 0.12962962962962962, 0.1388888888888889, 0.14814814814814814, 0.15740740740740738, 0.16666666666666666, 0.17592592592592593, 0.18518518518518517, 0.19444444444444442, 0.2037037037037037, 0.21296296296296297, 0.2222222222222222, 0.23148148148148145, 0.24074074074074073]","[67631.00000000001, 1786.6346316371855, 1155.9831840873924, 12069.57955742821, 1906.5778542094574, 950.591432765445, 9083.87719740772, 2481.229636781795, 778.6316126055182, 8965.162396417687, 2042.6423114853512, 1606.7171021599786, 6927.939836322753, 1790.9411989238063, 2115.06437599632, 4469.14645340985, 811.3124818680975, 852.4454942272276, 2613.518509602073, 1125.8336361571496, 622.5282936181933, 1595.9028958500692, 1672.083632239104, 807.7671822554087, 3024.6344394178986, 842.7313814760699, 842.8235732286226]",3.0,0.3,145.14999999899382,15,0.5,1721880.138494077,0.14445541615569543,0.124125754537772,16430975.452787055,84089526829.65881,"[0.046875, 0.03125]",2,1721880.138494077,0.046875,"[0.0, 0.015625, 0.03125, 0.046875, 0.0625, 0.078125, 0.09375, 0.109375, 0.125, 0.140625, 0.15625, 0.171875, 0.1875, 0.203125, 0.21875, 0.234375]","[154749.38571175974, 876106.906710298, 1710291.3768965397, 1721880.138494077, 1236443.3975652603, 1200279.6938632873, 1385236.6101524173, 1437054.0474321188, 1048940.293653015, 664501.8455384092, 393060.2971530973, 165807.08106986337, 58528.066628810724, 51528.956394117486, 141871.95181184422, 339557.73472590966]",3.0,0.3,flattop,64,32,145.14999999899382,15,21,449.52380952495434,38.00000000031076,1008.0000000019443,"[2, 5, 11, 17, 22, 25, 29, 38, 44, 52, 55, 60, 65, 74, 78, 84, 89, 95, 98, 101, 105]","[38.00000000031076, 368.0000000010238, 461.0000000012305, 193.00000000032355, 951.0000000024631, 154.0000000001296, 881.0000000024621, 243.00000000049255, 491.00000000175027, 186.000000000382, 321.0000000011088, 943.0000000018247, 810.0000000022405, 205.00000000014384, 478.0000000012306, 276.00000000040336, 347.000000001, 79.0000000004951, 1008.0000000019443, 113.99999999996305, 893.0000000031175]","[1, 1, 1, 15, 1, 24, 27, 35, 35, 49, 35, 35, 63, 73, 73, 73, 35, 92, 35, 99, 99]","[3, 8, 18, 18, 35, 27, 35, 39, 49, 53, 56, 73, 73, 75, 81, 85, 92, 97, 106, 102, 106]",0.05,30,52684909.00004718,1016.0000000005739,-1016.0000000005739,DWT,uc1.l0082987033,5.568144842982292e-06,0.0,1.1448264558566734e-09,1.0028481483459473e-05,0.0,1.9442722987150773e-09,8.16546380519867e-05,5.738911568187177e-10,1.0,84,0.0,1.007902028504759e-08,1.0,84,,0.0,0.0,1.0,84,0.0,0.0,4.717707633972168e-05,0.8351593017578125,1.4551915228366852e-11,0.0,0.0,0.0,1.1448264558566734e-09,2.4041582946665585e-08,1.1482817236745696e-09,0.0,5.738911568187177e-10,0.0,1.0061853572551627e-09,0.0,0.0,0.0,1.0061853572551627e-09,3.107629709120374e-10,1.1793344079080725e-13,5.568144842982292e-06,8.604228440844963e-15,8.076872504148014e-15,2.880697138607502e-07,0.0,0.0,5.2513549064769904e-14,0.14609031645909953,0.7790233111910899,0.2610514549770313,0.568435754189944,0.023069658325188168,0.19856376807049453,0.09928188403524726,0.19856376807049453,34,0.8442937379655732,0.47736126421509745,528,0,0,0.19856376807049453,0.19856376807049453,34,0,0,0.35553409902847066,0.48359082137929055,413,256.3492084377611,0.6687994723026343,252.25,63.35251067029535,0.6714475397688882,167,sym,445.72514619883043,505.0,280.45746329325993,171,0.986117580085908,1.0,0.009717693939864401,6,126.75
db10,1,antireflect,1.8136554986583463e-26,317.5094751425747,10062042.162390724,0.5476190476190477,414.73447380638015,108,raw,9.651538827408027e-14,-1.1336975802578377e-10,"[2, 5, 11, 17, 22, 25, 29, 38, 44, 52, 55, 60, 65, 74, 78, 84, 89, 95, 98, 101, 105]","[38.00000000000006, 368.00000000000034, 461.0, 193.0, 950.9999999999999, 154.0, 881.0000000000002, 243.0, 491.0000000000003, 185.99999999999977, 320.9999999999998, 942.9999999999998, 810.0000000000002, 205.0000000000001, 478.00000000000006, 275.9999999999999, 347.00000000000045, 78.99999999999977, 1007.9999999999993, 113.99999999999966, 893.0000000000001]",21,5.838959805178087,247888.42042458834,0.9203263793134767,4.365923718251291e-06,0.9999999999999997,0.4907407407407407,67631.0,0.12910941990473743,0.15147910127183992,188156.12126451553,82872438.25058056,8,12069.57955741813,0.027777777777777776,"[0.0, 0.009259259259259259, 0.018518518518518517, 0.027777777777777776, 0.037037037037037035, 0.046296296296296294, 0.05555555555555555, 0.06481481481481481, 0.07407407407407407, 0.08333333333333333, 0.09259259259259259, 0.10185185185185185, 0.1111111111111111, 0.12037037037037036, 0.12962962962962962, 0.1388888888888889, 0.14814814814814814, 0.15740740740740738, 0.16666666666666666, 0.17592592592592593, 0.18518518518518517, 0.19444444444444442, 0.2037037037037037, 0.21296296296296297, 0.2222222222222222, 0.23148148148148145, 0.24074074074074073]","[67631.0, 1786.6346316370025, 1155.9831840869401, 12069.57955741813, 1906.5778542068444, 950.5914327636013, 9083.877197385176, 2481.2296367744834, 778.6316126029457, 8965.162396385991, 2042.6423114779163, 1606.7171021541487, 6927.939836298323, 1790.9411989177954, 2115.0643759896484, 4469.1464533967255, 811.3124818658865, 852.4454942250569, 2613.518509595828, 1125.8336361545946, 622.5282936168393, 1595.9028958466972, 1672.0836322356438, 807.7671822537563, 3024.6344394117586, 842.731381474365, 842.8235732269193]",3.0,0.3,145.14999999999995,15,0.5,1721880.1384885088,0.14445541615564295,0.12412575453778009,16430975.452705402,84089526828.82372,"[0.046875, 0.03125]",2,1721880.1384885088,0.046875,"[0.0, 0.015625, 0.03125, 0.046875, 0.0625, 0.078125, 0.09375, 0.109375, 0.125, 0.140625, 0.15625, 0.171875, 0.1875, 0.203125, 0.21875, 0.234375]","[154749.38571156547, 876106.9067082779, 1710291.3768915324, 1721880.1384885088, 1236443.3975593029, 1200279.6938555273, 1385236.6101427814, 1437054.047422281, 1048940.2936461223, 664501.8455342907, 393060.29715082515, 165807.0810689745, 58528.06662853267, 51528.956393907516, 141871.9518112762, 339557.7347245398]",3.0,0.3,flattop,64,32,145.14999999999995,15,21,449.5238095238095,38.00000000000006,1007.9999999999993,"[2, 5, 11, 17, 22, 25, 29, 38, 44, 52, 55, 60, 65, 74, 78, 84, 89, 95, 98, 101, 105]","[38.00000000000006, 368.00000000000034, 461.0, 193.0, 950.9999999999999, 154.0, 881.0000000000002, 243.0, 491.0000000000003, 185.99999999999977, 320.9999999999998, 942.9999999999998, 810.0000000000002, 205.0000000000001, 478.00000000000006, 275.9999999999999, 347.00000000000045, 78.99999999999977, 1007.9999999999993, 113.99999999999966, 893.0000000000001]","[1, 1, 1, 15, 1, 24, 27, 35, 35, 49, 35, 35, 63, 73, 73, 73, 35, 92, 35, 99, 99]","[3, 8, 18, 18, 35, 27, 35, 39, 49, 53, 56, 73, 73, 75, 81, 85, 92, 97, 106, 102, 106]",0.05,30,52684909.0,1015.9999999999998,-1015.9999999999998,DWT,uc1.l0082987033,0.0,0.0,0.0,0.0,0.0,6.821210263296962e-13,1.862645149230957e-09,2.2737367544323206e-13,1.0,84,0.0,0.0,1.0,84,,0.0,0.0,1.0,84,0.0,0.0,0.0,6.103515625e-05,0.0,0.0,0.0,0.0,0.0,0.0,1.9218489233892236e-13,0.0,2.2737367544323206e-13,0.0,5.684341886080802e-14,0.0,0.0,0.0,5.684341886080802e-14,5.684341886080802e-14,2.7755575615628914e-17,0.0,0.0,1.3877787807814457e-17,0.0,0.0,0.0,2.7755575615628914e-17,0.9188320480517274,0.5057118747454853,0.09054741945812422,0.32482043096568314,0.4324870443282922,0.0,0.0,0.0,565,1.1523518660504315,0.6515364485871515,138,0,0,0.0,0.0,371,0,0,0.4544797635098625,0.6181748606858671,148,203.70976085270598,0.7368090945055479,305.5,216.58543159619276,0.6710531260641435,168,db,413.2962962962963,398.0,188.41229481502944,243,0.9143723369387087,0.671803462110104,0.15839832550987273,5,127.25
bior1.5,1,periodic,2.494360652066501e-26,316.1254306417318,9748235.150189338,0.5603448275862069,297.9830536161087,108,raw,1.1631847748369055e-13,-1.214820466444173e-10,"[2, 5, 11, 17, 22, 25, 29, 38, 44, 52, 55, 60, 65, 74, 78, 84, 89, 95, 98, 101, 105]","[38.0, 368.00000000000006, 460.9999999999999, 193.0, 951.0000000000003, 154.0000000000001, 881.0000000000002, 243.00000000000006, 491.0, 186.0, 321.0, 943.0, 810.0, 205.0, 478.0, 276.0, 346.9999999999999, 79.00000000000023, 1008.0000000000001, 114.00000000000023, 893.0000000000001]",21,5.594441857401289,107293.0059640819,0.8652017205214242,4.36592371825129e-06,1.0,0.4907407407407407,67631.00000000003,0.1291094199047374,0.15147910127183992,188156.1212645156,82872438.25058065,8,12069.579557418137,0.027777777777777776,"[0.0, 0.009259259259259259, 0.018518518518518517, 0.027777777777777776, 0.037037037037037035, 0.046296296296296294, 0.05555555555555555, 0.06481481481481481, 0.07407407407407407, 0.08333333333333333, 0.09259259259259259, 0.10185185185185185, 0.1111111111111111, 0.12037037037037036, 0.12962962962962962, 0.1388888888888889, 0.14814814814814814, 0.15740740740740738, 0.16666666666666666, 0.17592592592592593, 0.18518518518518517, 0.19444444444444442, 0.2037037037037037, 0.21296296296296297, 0.2222222222222222, 0.23148148148148145, 0.24074074074074073]","[67631.00000000003, 1786.6346316369984, 1155.9831840869388, 12069.579557418137, 1906.5778542068433, 950.5914327635995, 9083.87719738518, 2481.2296367744834, 778.6316126029444, 8965.162396385995, 2042.642311477918, 1606.7171021541508, 6927.939836298324, 1790.941198917794, 2115.0643759896493, 4469.146453396722, 811.3124818658856, 852.4454942250562, 2613.5185095958273, 1125.8336361545937, 622.5282936168372, 1595.9028958466993, 1672.0836322356413, 807.7671822537573, 3024.6344394117605, 842.7313814743674, 842.823573226921]",3.0,0.3,145.15000000000003,15,0.5,1721880.1384885097,0.14445541615564295,0.1241257545377801,16430975.452705406,84089526828.82378,"[0.046875, 0.03125]",2,1721880.1384885097,0.046875,"[0.0, 0.015625, 0.03125, 0.046875, 0.0625, 0.078125, 0.09375, 0.109375, 0.125, 0.140625, 0.15625, 0.171875, 0.1875, 0.203125, 0.21875, 0.234375]","[154749.38571156553, 876106.9067082782, 1710291.3768915334, 1721880.1384885097, 1236443.3975593033, 1200279.6938555276, 1385236.6101427823, 1437054.047422281, 1048940.2936461223, 664501.8455342907, 393060.2971508252, 165807.08106897445, 58528.0666285326, 51528.95639390751, 141871.9518112762, 339557.7347245397]",3.0,0.3,flattop,64,32,145.15000000000003,15,21,449.52380952380963,38.0,1008.0000000000001,"[2, 5, 11, 17, 22, 25, 29, 38, 44, 52, 55, 60, 65, 74, 78, 84, 89, 95, 98, 101, 105]","[38.0, 368.00000000000006, 460.9999999999999, 193.0, 951.0000000000003, 154.0000000000001, 881.0000000000002, 243.00000000000006, 491.0, 186.0, 321.0, 943.0, 810.0, 205.0, 478.0, 276.0, 346.9999999999999, 79.00000000000023, 1008.0000000000001, 114.00000000000023, 893.0000000000001]","[1, 1, 1, 15, 1, 24, 27, 35, 35, 49, 35, 35, 63, 73, 73, 73, 35, 92, 35, 99, 99]","[3, 8, 18, 18, 35, 27, 35, 39, 49, 53, 56, 73, 73, 75, 81, 85, 92, 97, 106, 102, 106]",0.05,30,52684909.00000001,1016.0000000000001,-1016.0000000000001,DWT,uc1.l0082987033,9.313225746154785e-10,0.0,1.1368683772161603e-13,8.940696716308594e-08,0.0,1.1368683772161603e-13,5.587935447692871e-09,1.1368683772161603e-13,1.0,84,0.0,7.275957614183426e-12,1.0,84,,0.0,0.0,1.0,84,0.0,0.0,7.450580596923828e-09,0.0001220703125,2.9103830456733704e-11,0.0,0.0,0.0,1.1368683772161603e-13,1.8189894035458565e-12,8.12048840868686e-14,0.0,1.1368683772161603e-13,0.0,2.842170943040401e-14,0.0,0.0,0.0,2.842170943040401e-14,0.0,5.551115123125783e-17,9.313225746154785e-10,0.0,2.7755575615628914e-17,5.820766091346741e-11,0.0,0.0,2.7755575615628914e-17,0.9046225171559781,0.19240039827316846,0.06010702014701889,0.4668657291465995,0.05190895196028943,3.135877575339459e-05,1.5679387876697293e-05,3.135877575339459e-05,331,0.8765370919464361,0.49559156431885976,484,0,0,3.135877575339459e-05,3.135877575339459e-05,241,0,0,0.33518092333661087,0.45590681307347874,492,122.31925441237777,0.8419647875809073,387.0,354.9509823039759,0.6709823937904537,169,bior,385.74074074074076,410.0,199.97417605530825,135,0.8534087184529663,0.7130285416801533,0.18870533457887761,4,127.75
sym15,1,reflect,1.2586257442630662e-20,259.0960570050576,11312277.879262771,0.5661764705882353,470.5319201364641,108,raw,8.751511449679164e-11,-3.9703051959312404e-10,"[2, 5, 11, 17, 22, 25, 29, 38, 44, 52, 55, 60, 65, 74, 78, 84, 89, 95, 98, 101, 105]","[37.99999999996331, 367.99999999975546, 460.9999999998422, 192.99999999986312, 950.9999999998106, 153.99999999982458, 880.9999999995107, 242.9999999998658, 490.99999999981816, 185.99999999990848, 320.99999999979605, 942.9999999998478, 809.9999999995442, 204.9999999998876, 477.9999999997701, 275.9999999998921, 346.9999999998423, 79.00000000002899, 1007.9999999997016, 113.99999999987494, 892.999999999518]",21,5.966056673628815,94815.80349865768,0.8132532310755308,4.365923718254498e-06,1.0,0.4907407407407407,67631.00000000029,0.12910941990471564,0.15147910127184167,188156.12126447138,82872438.25058089,8,12069.579557417312,0.027777777777777776,"[0.0, 0.009259259259259259, 0.018518518518518517, 0.027777777777777776, 0.037037037037037035, 0.046296296296296294, 0.05555555555555555, 0.06481481481481481, 0.07407407407407407, 0.08333333333333333, 0.09259259259259259, 0.10185185185185185, 0.1111111111111111, 0.12037037037037036, 0.12962962962962962, 0.1388888888888889, 0.14814814814814814, 0.15740740740740738, 0.16666666666666666, 0.17592592592592593, 0.18518518518518517, 0.19444444444444442, 0.2037037037037037, 0.21296296296296297, 0.2222222222222222, 0.23148148148148145, 0.24074074074074073]","[67631.00000000029, 1786.6346316371612, 1155.983184087, 12069.579557417312, 1906.5778542065448, 950.5914327636417, 9083.877197383388, 2481.229636773981, 778.6316126025008, 8965.162396383095, 2042.642311477197, 1606.717102153306, 6927.93983629522, 1790.9411989168975, 2115.0643759887803, 4469.146453394197, 811.3124818655735, 852.4454942243801, 2613.518509594317, 1125.833636154107, 622.528293616628, 1595.902895845588, 1672.0836322344526, 807.7671822534111, 3024.634439409745, 842.7313814738783, 842.8235732263469]",3.0,0.3,145.1500000001092,15,0.5,1721880.1384881272,0.14445541615561835,0.1241257545377841,16430975.452694612,84089526828.74954,"[0.046875, 0.03125]",2,1721880.1384881272,0.046875,"[0.0, 0.015625, 0.03125, 0.046875, 0.0625, 0.078125, 0.09375, 0.109375, 0.125, 0.140625, 0.15625, 0.171875, 0.1875, 0.203125, 0.21875, 0.234375]","[154749.3857115566, 876106.9067081481, 1710291.3768911934, 1721880.1384881272, 1236443.397558834, 1200279.693854807, 1385236.6101417672, 1437054.047421121, 1048940.293645176, 664501.8455336309, 393060.2971504111, 165807.0810687913, 58528.06662846406, 51528.95639384367, 141871.95181109986, 339557.73472411884]",3.0,0.3,flattop,64,32,145.1500000001092,15,21,449.5238095236126,37.99999999996331,1007.9999999997016,"[2, 5, 11, 17, 22, 25, 29, 38, 44, 52, 55, 60, 65, 74, 78, 84, 89, 95, 98, 101, 105]","[37.99999999996331, 367.99999999975546, 460.9999999998422, 192.99999999986312, 950.9999999998106, 153.99999999982458, 880.9999999995107, 242.9999999998658, 490.99999999981816, 185.99999999990848, 320.99999999979605, 942.9999999998478, 809.9999999995442, 204.9999999998876, 477.9999999997701, 275.9999999998921, 346.9999999998423, 79.00000000002899, 1007.9999999997016, 113.99999999987494, 892.999999999518]","[1, 1, 1, 15, 1, 24, 27, 35, 35, 49, 35, 35, 63, 73, 73, 73, 35, 92, 35, 99, 99]","[3, 8, 18, 18, 35, 27, 35, 39, 49, 53, 56, 73, 73, 75, 81, 85, 92, 97, 106, 102, 106]",0.05,30,52684908.99999426,1015.999999999923,-1015.999999999923,DWT,uc1.l0082987033,3.816094249486923e-07,0.0,1.9690560293383896e-10,3.2782554626464844e-07,0.0,2.984279490192421e-10,1.0788440704345703e-05,7.696598913753405e-11,1.0,84,0.0,8.185452315956354e-10,1.0,84,,0.0,0.0,1.0,84,0.0,0.0,5.736947059631348e-06,0.0741119384765625,2.9103830456733704e-10,0.0,0.0,0.0,1.9690560293383896e-10,4.134562914259732e-09,1.996151392328708e-10,0.0,7.696598913753405e-11,0.0,1.091962076316122e-10,0.0,0.0,0.0,1.091962076316122e-10,3.6692426874651574e-11,2.1815882433884326e-14,3.816094249486923e-07,1.7486012637846216e-15,4.0245584642661925e-15,4.415051080286503e-08,0.0,0.0,2.456368441983159e-14,0.3191206448086372,0.6685666176032776,0.21182474270088097,0.5319585934932632,0.01813438021766431,0.024146257330113833,0.012073128665056916,0.024146257330113833,124,0.8517052565216326,0.4815517156049175,515,0,0,0.024146257330113833,0.024146257330113833,124,0,0,0.3499209957647447,0.4759559834686387,446,207.74403320753484,0.7315968563210145,302.25,196.91888603114023,0.6705464901760111,170,sym,445.72514619883043,505.0,280.45746329325993,171,0.986117580085908,1.0,0.009717693939864401,6,129.0
rbio3.9,1,periodic,8.591717855326549e-27,320.7542230445207,10258036.181669058,0.5634920634920635,646.2441569097623,108,raw,5.337294392457231e-14,-1.1093548302199059e-10,"[2, 5, 11, 17, 22, 25, 29, 38, 44, 52, 55, 60, 65, 74, 78, 84, 89, 95, 98, 101, 105]","[37.999999999999915, 368.0, 461.0000000000001, 193.0, 951.0000000000002, 154.0, 881.0, 242.99999999999997, 491.0, 185.9999999999999, 321.0, 943.0, 810.0000000000003, 204.99999999999994, 478.0, 275.9999999999999, 346.99999999999966, 78.99999999999989, 1008.0000000000003, 113.99999999999989, 893.0]",21,6.0460973337744,117334.7584917623,0.5682771842524073,4.365923718251291e-06,1.0,0.4907407407407407,67631.0,0.1291094199047374,0.15147910127183992,188156.12126451556,82872438.25058056,8,12069.57955741813,0.027777777777777776,"[0.0, 0.009259259259259259, 0.018518518518518517, 0.027777777777777776, 0.037037037037037035, 0.046296296296296294, 0.05555555555555555, 0.06481481481481481, 0.07407407407407407, 0.08333333333333333, 0.09259259259259259, 0.10185185185185185, 0.1111111111111111, 0.12037037037037036, 0.12962962962962962, 0.1388888888888889, 0.14814814814814814, 0.15740740740740738, 0.16666666666666666, 0.17592592592592593, 0.18518518518518517, 0.19444444444444442, 0.2037037037037037, 0.21296296296296297, 0.2222222222222222, 0.23148148148148145, 0.24074074074074073]","[67631.0, 1786.6346316370002, 1155.9831840869383, 12069.57955741813, 1906.5778542068433, 950.5914327636018, 9083.877197385176, 2481.229636774485, 778.6316126029437, 8965.162396385991, 2042.6423114779175, 1606.7171021541506, 6927.939836298323, 1790.9411989177927, 2115.0643759896498, 4469.146453396725, 811.3124818658858, 852.4454942250594, 2613.518509595828, 1125.8336361545942, 622.5282936168353, 1595.902895846697, 1672.0836322356429, 807.7671822537562, 3024.6344394117605, 842.7313814743657, 842.8235732269212]",3.0,0.3,145.1500000000001,15,0.5,1721880.1384885085,0.14445541615564295,0.12412575453778009,16430975.452705404,84089526828.82368,"[0.046875, 0.03125]",2,1721880.1384885085,0.046875,"[0.0, 0.015625, 0.03125, 0.046875, 0.0625, 0.078125, 0.09375, 0.109375, 0.125, 0.140625, 0.15625, 0.171875, 0.1875, 0.203125, 0.21875, 0.234375]","[154749.3857115655, 876106.9067082778, 1710291.3768915324, 1721880.1384885085, 1236443.3975593026, 1200279.6938555269, 1385236.6101427816, 1437054.047422281, 1048940.293646122, 664501.8455342908, 393060.2971508254, 165807.08106897463, 58528.06662853266, 51528.956393907516, 141871.95181127614, 339557.7347245399]",3.0,0.3,flattop,64,32,145.1500000000001,15,21,449.5238095238095,37.999999999999915,1008.0000000000003,"[2, 5, 11, 17, 22, 25, 29, 38, 44, 52, 55, 60, 65, 74, 78, 84, 89, 95, 98, 101, 105]","[37.999999999999915, 368.0, 461.0000000000001, 193.0, 951.0000000000002, 154.0, 881.0, 242.99999999999997, 491.0, 185.9999999999999, 321.0, 943.0, 810.0000000000003, 204.99999999999994, 478.0, 275.9999999999999, 346.99999999999966, 78.99999999999989, 1008.0000000000003, 113.99999999999989, 893.0]","[1, 1, 1, 15, 1, 24, 27, 35, 35, 49, 35, 35, 63, 73, 73, 73, 35, 92, 35, 99, 99]","[3, 8, 18, 18, 35, 27, 35, 39, 49, 53, 56, 73, 73, 75, 81, 85, 92, 97, 106, 102, 106]",0.05,30,52684909.0,1016.0000000000001,-1016.0000000000001,DWT,uc1.l0082987033,2.3283064365386963e-10,0.0,0.0,0.0,0.0,3.410605131648481e-13,3.725290298461914e-09,1.1368683772161603e-13,1.0,84,0.0,0.0,1.0,84,,0.0,0.0,1.0,84,0.0,0.0,0.0,3.0517578125e-05,0.0,0.0,0.0,0.0,0.0,0.0,9.473903143468004e-14,0.0,1.1368683772161603e-13,0.0,8.526512829121202e-14,0.0,0.0,0.0,8.526512829121202e-14,8.526512829121202e-14,5.551115123125783e-17,2.3283064365386963e-10,0.0,1.3877787807814457e-17,2.9103830456733704e-11,0.0,0.0,2.7755575615628914e-17,0.9521448104185016,0.7711261950741454,0.1095595383001092,0.5019952114924183,0.07909099794436877,0.0,0.0,0.0,397,1.2440642367129433,0.7033903606025518,96,0,0,0.0,0.0,549,0,0,0.4827833506459087,0.6566728697052631,106,223.59636252258966,0.7111158106943286,287.0,165.35065292339095,0.6701573885512986,171,rbio,366.5925925925926,360.0,210.3588723315502,135,0.8110455588331695,0.7500562468954116,0.20725123474815782,3,129.0
bior1.5,1,symmetric,2.5179972621525678e-26,316.08447057623295,9748752.348648844,0.5603448275862069,297.5899199234385,108,raw,1.183251028022723e-13,-1.2117218339824438e-10,"[2, 5, 11, 17, 22, 25, 29, 38, 44, 52, 55, 60, 65, 74, 78, 84, 89, 95, 98, 101, 105]","[38.0, 368.00000000000006, 460.9999999999999, 193.0, 951.0000000000003, 154.0000000000001, 881.0000000000002, 243.00000000000006, 491.0, 186.0, 321.0, 943.0, 810.0, 205.0, 478.0, 276.0, 346.9999999999999, 79.00000000000023, 1008.0000000000001, 114.00000000000023, 893.0]",21,5.594422334751696,107309.27687424741,0.865287687907812,4.36592371825129e-06,1.0,0.4907407407407407,67631.00000000003,0.1291094199047374,0.15147910127183992,188156.1212645156,82872438.25058065,8,12069.579557418137,0.027777777777777776,"[0.0, 0.009259259259259259, 0.018518518518518517, 0.027777777777777776, 0.037037037037037035, 0.046296296296296294, 0.05555555555555555, 0.06481481481481481, 0.07407407407407407, 0.08333333333333333, 0.09259259259259259, 0.10185185185185185, 0.1111111111111111, 0.12037037037037036, 0.12962962962962962, 0.1388888888888889, 0.14814814814814814, 0.15740740740740738, 0.16666666666666666, 0.17592592592592593, 0.18518518518518517, 0.19444444444444442, 0.2037037037037037, 0.21296296296296297, 0.2222222222222222, 0.23148148148148145, 0.24074074074074073]","[67631.00000000003, 1786.6346316369982, 1155.9831840869385, 12069.579557418137, 1906.5778542068433, 950.5914327635998, 9083.87719738518, 2481.2296367744834, 778.6316126029446, 8965.162396385995, 2042.6423114779182, 1606.7171021541506, 6927.939836298324, 1790.941198917794, 2115.0643759896493, 4469.146453396722, 811.3124818658853, 852.4454942250561, 2613.5185095958273, 1125.8336361545937, 622.5282936168372, 1595.9028958466993, 1672.083632235641, 807.7671822537571, 3024.6344394117605, 842.7313814743675, 842.8235732269208]",3.0,0.3,145.15000000000003,15,0.5,1721880.1384885097,0.14445541615564295,0.1241257545377801,16430975.452705406,84089526828.82378,"[0.046875, 0.03125]",2,1721880.1384885097,0.046875,"[0.0, 0.015625, 0.03125, 0.046875, 0.0625, 0.078125, 0.09375, 0.109375, 0.125, 0.140625, 0.15625, 0.171875, 0.1875, 0.203125, 0.21875, 0.234375]","[154749.38571156553, 876106.9067082782, 1710291.3768915334, 1721880.1384885097, 1236443.3975593033, 1200279.6938555276, 1385236.6101427823, 1437054.047422281, 1048940.2936461223, 664501.8455342907, 393060.2971508252, 165807.08106897445, 58528.0666285326, 51528.95639390751, 141871.9518112762, 339557.7347245397]",3.0,0.3,flattop,64,32,145.15000000000003,15,21,449.52380952380963,38.0,1008.0000000000001,"[2, 5, 11, 17, 22, 25, 29, 38, 44, 52, 55, 60, 65, 74, 78, 84, 89, 95, 98, 101, 105]","[38.0, 368.00000000000006, 460.9999999999999, 193.0, 951.0000000000003, 154.0000000000001, 881.0000000000002, 243.00000000000006, 491.0, 186.0, 321.0, 943.0, 810.0, 205.0, 478.0, 276.0, 346.9999999999999, 79.00000000000023, 1008.0000000000001, 114.00000000000023, 893.0]","[1, 1, 1, 15, 1, 24, 27, 35, 35, 49, 35, 35, 63, 73, 73, 73, 35, 92, 35, 99, 99]","[3, 8, 18, 18, 35, 27, 35, 39, 49, 53, 56, 73, 73, 75, 81, 85, 92, 97, 106, 102, 106]",0.05,30,52684909.00000001,1016.0000000000001,-1016.0000000000001,DWT,uc1.l0082987033,9.313225746154785e-10,0.0,1.1368683772161603e-13,8.940696716308594e-08,0.0,1.1368683772161603e-13,5.587935447692871e-09,1.1368683772161603e-13,1.0,84,0.0,7.275957614183426e-12,1.0,84,,0.0,0.0,1.0,84,0.0,0.0,7.450580596923828e-09,0.0001220703125,2.9103830456733704e-11,0.0,0.0,0.0,1.1368683772161603e-13,1.8189894035458565e-12,7.579122514774403e-14,0.0,1.1368683772161603e-13,0.0,2.842170943040401e-14,0.0,0.0,0.0,2.842170943040401e-14,0.0,5.551115123125783e-17,9.313225746154785e-10,0.0,2.7755575615628914e-17,5.820766091346741e-11,0.0,0.0,2.7755575615628914e-17,0.9042019935992259,0.1923753830535323,0.06015719024207192,0.4668657291465995,0.05195299572925335,3.135877575339459e-05,1.5679387876697293e-05,3.135877575339459e-05,330,0.8763149727576788,0.495465978764942,485,0,0,3.135877575339459e-05,3.135877575339459e-05,237,0,0,0.3351106583541366,0.4558112399605712,494,124.90129436212153,0.8386288186535897,386.5,352.86252504059036,0.6696374067428156,172,bior,385.74074074074076,410.0,199.97417605530825,135,0.8534087184529663,0.7130285416801533,0.18870533457887761,4,130.0
sym15,1,symmetric,1.1920713807818157e-20,259.33200049610423,11134523.73468325,0.5661764705882353,485.75678368991584,108,raw,8.632219219264329e-11,-1.6035184293326473e-10,"[2, 5, 11, 17, 22, 25, 29, 38, 44, 52, 55, 60, 65, 74, 78, 84, 89, 95, 98, 101, 105]","[37.999999999951115, 367.99999999975654, 460.99999999984186, 192.99999999986323, 950.9999999998054, 153.9999999998247, 880.9999999995106, 242.9999999998658, 490.99999999981816, 185.99999999990848, 320.99999999979605, 942.9999999998478, 809.9999999995442, 204.9999999998876, 477.9999999997701, 275.99999999989234, 346.9999999998423, 79.00000000002899, 1007.9999999996967, 113.99999999987119, 892.9999999994768]",21,5.968415771902252,99292.65984601396,0.8066901649152789,4.365923718254607e-06,1.0,0.4907407407407407,67631.00000000006,0.1291094199047148,0.1514791012718409,188156.1212644711,82872438.25058052,8,12069.579557417512,0.027777777777777776,"[0.0, 0.009259259259259259, 0.018518518518518517, 0.027777777777777776, 0.037037037037037035, 0.046296296296296294, 0.05555555555555555, 0.06481481481481481, 0.07407407407407407, 0.08333333333333333, 0.09259259259259259, 0.10185185185185185, 0.1111111111111111, 0.12037037037037036, 0.12962962962962962, 0.1388888888888889, 0.14814814814814814, 0.15740740740740738, 0.16666666666666666, 0.17592592592592593, 0.18518518518518517, 0.19444444444444442, 0.2037037037037037, 0.21296296296296297, 0.2222222222222222, 0.23148148148148145, 0.24074074074074073]","[67631.00000000006, 1786.6346316370057, 1155.9831840869404, 12069.579557417512, 1906.5778542066168, 950.5914327634547, 9083.877197383557, 2481.2296367739923, 778.6316126026737, 8965.162396383172, 2042.642311477112, 1606.717102153472, 6927.939836295324, 1790.9411989169946, 2115.0643759886784, 4469.146453394341, 811.3124818655325, 852.4454942245014, 2613.518509594251, 1125.8336361539843, 622.52829361655, 1595.9028958456356, 1672.0836322345274, 807.7671822533418, 3024.634439409857, 842.7313814738073, 842.8235732263281]",3.0,0.3,145.15000000011025,15,0.5,1721880.1384881276,0.1444554161556184,0.1241257545377841,16430975.452694604,84089526828.74947,"[0.046875, 0.03125]",2,1721880.1384881276,0.046875,"[0.0, 0.015625, 0.03125, 0.046875, 0.0625, 0.078125, 0.09375, 0.109375, 0.125, 0.140625, 0.15625, 0.171875, 0.1875, 0.203125, 0.21875, 0.234375]","[154749.3857115539, 876106.9067081435, 1710291.3768911911, 1721880.1384881276, 1236443.3975588342, 1200279.6938548067, 1385236.6101417672, 1437054.047421121, 1048940.293645176, 664501.845533631, 393060.29715041106, 165807.08106879133, 58528.06662846409, 51528.95639384366, 141871.95181109983, 339557.73472411896]",3.0,0.3,flattop,64,32,145.15000000011025,15,21,449.52380952360954,37.999999999951115,1007.9999999996967,"[2, 5, 11, 17, 22, 25, 29, 38, 44, 52, 55, 60, 65, 74, 78, 84, 89, 95, 98, 101, 105]","[37.999999999951115, 367.99999999975654, 460.99999999984186, 192.99999999986323, 950.9999999998054, 153.9999999998247, 880.9999999995106, 242.9999999998658, 490.99999999981816, 185.99999999990848, 320.99999999979605, 942.9999999998478, 809.9999999995442, 204.9999999998876, 477.9999999997701, 275.99999999989234, 346.9999999998423, 79.00000000002899, 1007.9999999996967, 113.99999999987119, 892.9999999994768]","[1, 1, 1, 15, 1, 24, 27, 35, 35, 49, 35, 35, 63, 73, 73, 73, 35, 92, 35, 99, 99]","[3, 8, 18, 18, 35, 27, 35, 39, 49, 53, 56, 73, 73, 75, 81, 85, 92, 97, 106, 102, 106]",0.05,30,52684908.99999415,1015.9999999999231,-1015.9999999999231,DWT,uc1.l0082987033,3.811437636613846e-07,0.0,1.999751475523226e-10,4.470348358154297e-08,0.0,3.0331648304127157e-10,1.0795891284942627e-05,7.685230229981244e-11,1.0,84,0.0,6.184563972055912e-10,1.0,84,,0.0,0.0,1.0,84,0.0,0.0,5.848705768585205e-06,0.074188232421875,5.820766091346741e-11,0.0,0.0,0.0,1.999751475523226e-10,4.200046532787383e-09,2.0276453532070653e-10,0.0,7.685230229981244e-11,0.0,1.1024781088053714e-10,0.0,0.0,0.0,1.1024781088053714e-10,4.888534022029489e-11,2.2648549702353193e-14,3.811437636613846e-07,9.71445146547012e-16,4.0245584642661925e-15,4.4441549107432365e-08,0.0,0.0,2.450817326860033e-14,0.32154299923700713,0.6715894327786628,0.19458195675340778,0.5319585934932632,0.03025279428557858,0.02461663896641475,0.012308319483207375,0.02461663896641475,123,0.8508960494197763,0.4810941922243879,519,0,0,0.02461663896641475,0.02461663896641475,123,0,0,0.3499851553095839,0.47604325207964643,445,209.45882650296693,0.7293813611072779,302.5,195.7508759961549,0.6692772438611325,173,sym,445.72514619883043,505.0,280.45746329325993,171,0.986117580085908,1.0,0.009717693939864401,6,131.25
bior3.5,1,antisymmetric,8.116852807454065e-27,321.0011464072187,10318836.81552847,0.576271186440678,360.6960678822681,108,raw,6.115272897120486e-14,-1.0861600507894377e-10,"[2, 5, 11, 17, 22, 25, 29, 38, 44, 52, 55, 60, 65, 74, 78, 84, 89, 95, 98, 101, 105]","[38.0, 367.9999999999999, 461.0000000000002, 192.9999999999999, 951.0, 154.0000000000001, 881.0, 242.99999999999994, 491.0000000000001, 186.0, 321.0, 943.0, 809.9999999999999, 204.99999999999997, 477.9999999999998, 276.0, 346.99999999999966, 79.00000000000011, 1008.0, 114.0, 893.0]",21,5.558766925544171,190871.1182516548,0.9372578798789424,4.365923718251291e-06,0.9999999999999998,0.4907407407407407,67631.0,0.12910941990473743,0.15147910127183992,188156.12126451553,82872438.25058056,8,12069.57955741813,0.027777777777777776,"[0.0, 0.009259259259259259, 0.018518518518518517, 0.027777777777777776, 0.037037037037037035, 0.046296296296296294, 0.05555555555555555, 0.06481481481481481, 0.07407407407407407, 0.08333333333333333, 0.09259259259259259, 0.10185185185185185, 0.1111111111111111, 0.12037037037037036, 0.12962962962962962, 0.1388888888888889, 0.14814814814814814, 0.15740740740740738, 0.16666666666666666, 0.17592592592592593, 0.18518518518518517, 0.19444444444444442, 0.2037037037037037, 0.21296296296296297, 0.2222222222222222, 0.23148148148148145, 0.24074074074074073]","[67631.0, 1786.6346316370007, 1155.9831840869401, 12069.57955741813, 1906.5778542068438, 950.5914327636013, 9083.877197385176, 2481.2296367744834, 778.6316126029429, 8965.162396385991, 2042.6423114779163, 1606.7171021541521, 6927.939836298323, 1790.9411989177927, 2115.064375989649, 4469.146453396725, 811.3124818658853, 852.4454942250578, 2613.518509595828, 1125.8336361545933, 622.5282936168378, 1595.9028958466974, 1672.0836322356427, 807.7671822537568, 3024.6344394117596, 842.7313814743655, 842.8235732269197]",3.0,0.3,145.15000000000003,15,0.5,1721880.1384885085,0.14445541615564295,0.12412575453778009,16430975.452705398,84089526828.82368,"[0.046875, 0.03125]",2,1721880.1384885085,0.046875,"[0.0, 0.015625, 0.03125, 0.046875, 0.0625, 0.078125, 0.09375, 0.109375, 0.125, 0.140625, 0.15625, 0.171875, 0.1875, 0.203125, 0.21875, 0.234375]","[154749.38571156544, 876106.9067082775, 1710291.376891532, 1721880.1384885085, 1236443.3975593029, 1200279.693855527, 1385236.6101427814, 1437054.0474222805, 1048940.2936461219, 664501.8455342904, 393060.2971508251, 165807.08106897442, 58528.0666285326, 51528.956393907545, 141871.9518112763, 339557.73472454]",3.0,0.3,flattop,64,32,145.15000000000003,15,21,449.5238095238095,38.0,1008.0,"[2, 5, 11, 17, 22, 25, 29, 38, 44, 52, 55, 60, 65, 74, 78, 84, 89, 95, 98, 101, 105]","[38.0, 367.9999999999999, 461.0000000000002, 192.9999999999999, 951.0, 154.0000000000001, 881.0, 242.99999999999994, 491.0000000000001, 186.0, 321.0, 943.0, 809.9999999999999, 204.99999999999997, 477.9999999999998, 276.0, 346.99999999999966, 79.00000000000011, 1008.0, 114.0, 893.0]","[1, 1, 1, 15, 1, 24, 27, 35, 35, 49, 35, 35, 63, 73, 73, 73, 35, 92, 35, 99, 99]","[3, 8, 18, 18, 35, 27, 35, 39, 49, 53, 56, 73, 73, 75, 81, 85, 92, 97, 106, 102, 106]",0.05,30,52684909.0,1016.0,-1016.0,DWT,uc1.l0082987033,2.3283064365386963e-10,0.0,0.0,0.0,0.0,0.0,1.862645149230957e-09,0.0,1.0,84,0.0,0.0,1.0,84,,0.0,0.0,1.0,84,0.0,0.0,0.0,3.0517578125e-05,0.0,0.0,0.0,0.0,0.0,0.0,7.443781041296289e-14,0.0,0.0,0.0,2.842170943040401e-14,0.0,0.0,0.0,2.842170943040401e-14,0.0,2.7755575615628914e-17,2.3283064365386963e-10,0.0,1.3877787807814457e-17,0.0,0.0,0.0,2.7755575615628914e-17,0.9546798915874978,0.14668855717999071,0.11545741661731213,0.6446359246283498,0.2781467610679127,0.0,0.0,0.0,535,1.072993996129655,0.6066677359492002,195,0,0,0.0,0.0,436,0,0,0.42792171021621267,0.5820510941003092,191,173.65171080834955,0.7756437844853366,339.25,275.35799136084086,0.6686681454726424,174,bior,385.74074074074076,410.0,199.97417605530825,135,0.8534087184529663,0.7130285416801533,0.18870533457887761,4,131.5
bior3.7,1,antisymmetric,8.483709649720039e-27,320.8091651457206,10888845.23189757,0.5737704918032787,373.7010251359713,108,raw,6.484524851236562e-14,-1.104970559495662e-10,"[2, 5, 11, 17, 22, 25, 29, 38, 44, 52, 55, 60, 65, 74, 78, 84, 89, 95, 98, 101, 105]","[37.99999999999997, 367.9999999999999, 460.9999999999998, 193.0, 950.9999999999999, 154.0, 880.9999999999999, 242.99999999999997, 491.0, 186.0000000000001, 320.9999999999999, 943.0, 810.0, 204.99999999999994, 478.0000000000001, 276.0, 347.0000000000001, 79.0, 1008.0, 114.0, 893.0]",21,5.618299710684105,257915.24458370783,0.9545920571013944,4.365923718251291e-06,1.0,0.4907407407407407,67631.0,0.12910941990473743,0.15147910127183992,188156.12126451553,82872438.25058056,8,12069.57955741813,0.027777777777777776,"[0.0, 0.009259259259259259, 0.018518518518518517, 0.027777777777777776, 0.037037037037037035, 0.046296296296296294, 0.05555555555555555, 0.06481481481481481, 0.07407407407407407, 0.08333333333333333, 0.09259259259259259, 0.10185185185185185, 0.1111111111111111, 0.12037037037037036, 0.12962962962962962, 0.1388888888888889, 0.14814814814814814, 0.15740740740740738, 0.16666666666666666, 0.17592592592592593, 0.18518518518518517, 0.19444444444444442, 0.2037037037037037, 0.21296296296296297, 0.2222222222222222, 0.23148148148148145, 0.24074074074074073]","[67631.0, 1786.6346316370011, 1155.9831840869376, 12069.57955741813, 1906.577854206844, 950.5914327636016, 9083.877197385176, 2481.229636774482, 778.6316126029444, 8965.162396385991, 2042.642311477918, 1606.7171021541485, 6927.939836298323, 1790.9411989177936, 2115.064375989649, 4469.146453396725, 811.3124818658847, 852.4454942250572, 2613.5185095958273, 1125.8336361545944, 622.528293616837, 1595.9028958466977, 1672.0836322356404, 807.7671822537561, 3024.6344394117596, 842.7313814743657, 842.8235732269203]",3.0,0.3,145.15000000000003,15,0.5,1721880.138488509,0.14445541615564292,0.12412575453778009,16430975.4527054,84089526828.82367,"[0.046875, 0.03125]",2,1721880.138488509,0.046875,"[0.0, 0.015625, 0.03125, 0.046875, 0.0625, 0.078125, 0.09375, 0.109375, 0.125, 0.140625, 0.15625, 0.171875, 0.1875, 0.203125, 0.21875, 0.234375]","[154749.3857115657, 876106.9067082785, 1710291.3768915327, 1721880.138488509, 1236443.3975593024, 1200279.6938555269, 1385236.6101427814, 1437054.0474222803, 1048940.2936461219, 664501.8455342905, 393060.29715082503, 165807.0810689744, 58528.0666285325, 51528.95639390742, 141871.9518112762, 339557.7347245399]",3.0,0.3,flattop,64,32,145.15000000000003,15,21,449.5238095238095,37.99999999999997,1008.0,"[2, 5, 11, 17, 22, 25, 29, 38, 44, 52, 55, 60, 65, 74, 78, 84, 89, 95, 98, 101, 105]","[37.99999999999997, 367.9999999999999, 460.9999999999998, 193.0, 950.9999999999999, 154.0, 880.9999999999999, 242.99999999999997, 491.0, 186.0000000000001, 320.9999999999999, 943.0, 810.0, 204.99999999999994, 478.0000000000001, 276.0, 347.0000000000001, 79.0, 1008.0, 114.0, 893.0]","[1, 1, 1, 15, 1, 24, 27, 35, 35, 49, 35, 35, 63, 73, 73, 73, 35, 92, 35, 99, 99]","[3, 8, 18, 18, 35, 27, 35, 39, 49, 53, 56, 73, 73, 75, 81, 85, 92, 97, 106, 102, 106]",0.05,30,52684909.0,1016.0,-1016.0,DWT,uc1.l0082987033,2.3283064365386963e-10,0.0,0.0,0.0,0.0,0.0,0.0,0.0,1.0,84,0.0,0.0,1.0,84,,0.0,0.0,1.0,84,0.0,0.0,0.0,1.52587890625e-05,0.0,0.0,0.0,0.0,0.0,0.0,5.413658939124573e-14,0.0,0.0,0.0,2.842170943040401e-14,0.0,0.0,0.0,2.842170943040401e-14,2.842170943040401e-14,2.7755575615628914e-17,2.3283064365386963e-10,0.0,1.3877787807814457e-17,0.0,0.0,0.0,0.0,0.952708882949408,0.22297050286247316,0.17075026582181313,0.6167231431449764,0.45962868067276214,0.0,0.0,0.0,449,1.1990264436388833,0.6779261212359347,117,0,0,0.0,0.0,516,0,0,0.48455629509028664,0.6590843955264416,101,217.4662809111641,0.7190358127762737,295.75,176.88819028922015,0.6684649348119095,175,bior,385.74074074074076,410.0,199.97417605530825,135,0.8534087184529663,0.7130285416801533,0.18870533457887761,4,132.25
db22,1,constant,2.783159707760857e-26,315.6496418274622,9347727.030335018,0.6,204.0463728333085,108,raw,1.2273309940374694e-13,-1.1101020103154792e-10,"[2, 5, 11, 17, 22, 25, 29, 38, 44, 52, 55, 60, 65, 74, 78, 84, 89, 95, 98, 101, 105]","[37.99999999999994, 368.0000000000002, 460.99999999999966, 193.0000000000001, 950.9999999999999, 153.9999999999999, 880.9999999999998, 243.0, 490.9999999999996, 185.99999999999977, 321.0000000000002, 942.9999999999993, 810.0000000000003, 205.0, 478.0, 275.9999999999998, 347.0000000000001, 79.00000000000045, 1008.0, 113.99999999999977, 893.0]",21,5.644847664967703,137339.02640043627,0.8917388015350486,4.365923718251291e-06,1.0,0.4907407407407407,67631.0,0.1291094199047374,0.15147910127183992,188156.12126451553,82872438.25058056,8,12069.57955741813,0.027777777777777776,"[0.0, 0.009259259259259259, 0.018518518518518517, 0.027777777777777776, 0.037037037037037035, 0.046296296296296294, 0.05555555555555555, 0.06481481481481481, 0.07407407407407407, 0.08333333333333333, 0.09259259259259259, 0.10185185185185185, 0.1111111111111111, 0.12037037037037036, 0.12962962962962962, 0.1388888888888889, 0.14814814814814814, 0.15740740740740738, 0.16666666666666666, 0.17592592592592593, 0.18518518518518517, 0.19444444444444442, 0.2037037037037037, 0.21296296296296297, 0.2222222222222222, 0.23148148148148145, 0.24074074074074073]","[67631.0, 1786.6346316370023, 1155.983184086937, 12069.57955741813, 1906.5778542068438, 950.5914327636012, 9083.877197385176, 2481.2296367744825, 778.6316126029438, 8965.162396385993, 2042.6423114779184, 1606.71710215415, 6927.939836298323, 1790.9411989177927, 2115.0643759896475, 4469.146453396724, 811.3124818658877, 852.445494225055, 2613.5185095958273, 1125.833636154592, 622.5282936168368, 1595.9028958466968, 1672.0836322356433, 807.7671822537579, 3024.634439411758, 842.7313814743653, 842.8235732269201]",3.0,0.3,145.15000000000006,15,0.5,1721880.1384885083,0.14445541615564292,0.12412575453778006,16430975.4527054,84089526828.82365,"[0.046875, 0.03125]",2,1721880.1384885083,0.046875,"[0.0, 0.015625, 0.03125, 0.046875, 0.0625, 0.078125, 0.09375, 0.109375, 0.125, 0.140625, 0.15625, 0.171875, 0.1875, 0.203125, 0.21875, 0.234375]","[154749.38571156573, 876106.906708278, 1710291.3768915324, 1721880.1384885083, 1236443.3975593022, 1200279.6938555269, 1385236.6101427819, 1437054.047422281, 1048940.293646122, 664501.8455342907, 393060.29715082503, 165807.0810689744, 58528.06662853263, 51528.956393907596, 141871.9518112762, 339557.73472453974]",3.0,0.3,flattop,64,32,145.15000000000006,15,21,449.52380952380946,37.99999999999994,1008.0,"[2, 5, 11, 17, 22, 25, 29, 38, 44, 52, 55, 60, 65, 74, 78, 84, 89, 95, 98, 101, 105]","[37.99999999999994, 368.0000000000002, 460.99999999999966, 193.0000000000001, 950.9999999999999, 153.9999999999999, 880.9999999999998, 243.0, 490.9999999999996, 185.99999999999977, 321.0000000000002, 942.9999999999993, 810.0000000000003, 205.0, 478.0, 275.9999999999998, 347.0000000000001, 79.00000000000045, 1008.0, 113.99999999999977, 893.0]","[1, 1, 1, 15, 1, 24, 27, 35, 35, 49, 35, 35, 63, 73, 73, 73, 35, 92, 35, 99, 99]","[3, 8, 18, 18, 35, 27, 35, 39, 49, 53, 56, 73, 73, 75, 81, 85, 92, 97, 106, 102, 106]",0.05,30,52684909.0,1016.0000000000002,-1016.0000000000002,DWT,uc1.l0082987033,4.656612873077393e-10,0.0,5.684341886080802e-14,0.0,0.0,0.0,0.0,2.2737367544323206e-13,1.0,84,0.0,0.0,1.0,84,,0.0,0.0,1.0,84,0.0,0.0,0.0,0.0,0.0,0.0,0.0,0.0,5.684341886080802e-14,1.8189894035458565e-12,1.9489172180848469e-13,0.0,2.2737367544323206e-13,0.0,5.684341886080802e-14,0.0,0.0,0.0,5.684341886080802e-14,5.684341886080802e-14,5.551115123125783e-17,4.656612873077393e-10,0.0,1.3877787807814457e-17,0.0,0.0,0.0,0.0,0.8997377494681627,0.25698755081146984,0.021256304192075356,0.9094972067039103,0.13324060267447294,0.0,0.0,0.0,578,1.0960597009340234,0.6197090194626336,172,0,0,0.0,0.0,359,0,0,0.4441438827700182,0.6041161893226473,164,195.20309936064027,0.7477996132291469,318.25,243.49957209226167,0.6683119513174158,176,db,413.2962962962963,398.0,188.41229481502944,243,0.9143723369387087,0.671803462110104,0.15839832550987273,5,133.25
db22,1,zero,2.63842126189514e-26,315.88158173076175,9356964.377318118,0.6,204.0463728333085,108,raw,1.171573126578517e-13,-1.104071278845715e-10,"[2, 5, 11, 17, 22, 25, 29, 38, 44, 52, 55, 60, 65, 74, 78, 84, 89, 95, 98, 101, 105]","[38.0, 368.0000000000006, 460.99999999999966, 193.0000000000001, 951.0, 153.9999999999999, 880.9999999999998, 243.0, 490.9999999999996, 185.99999999999977, 321.0000000000002, 942.9999999999994, 810.0000000000003, 205.00000000000003, 477.99999999999966, 276.0, 346.9999999999998, 79.00000000000023, 1008.0000000000001, 113.99999999999977, 892.9999999999999]",21,5.630555688307588,147835.4337777778,0.8994555918746704,4.365923718251291e-06,1.0,0.4907407407407407,67631.0,0.1291094199047374,0.15147910127183992,188156.12126451556,82872438.25058056,8,12069.579557418134,0.027777777777777776,"[0.0, 0.009259259259259259, 0.018518518518518517, 0.027777777777777776, 0.037037037037037035, 0.046296296296296294, 0.05555555555555555, 0.06481481481481481, 0.07407407407407407, 0.08333333333333333, 0.09259259259259259, 0.10185185185185185, 0.1111111111111111, 0.12037037037037036, 0.12962962962962962, 0.1388888888888889, 0.14814814814814814, 0.15740740740740738, 0.16666666666666666, 0.17592592592592593, 0.18518518518518517, 0.19444444444444442, 0.2037037037037037, 0.21296296296296297, 0.2222222222222222, 0.23148148148148145, 0.24074074074074073]","[67631.0, 1786.6346316370018, 1155.9831840869385, 12069.579557418134, 1906.5778542068433, 950.5914327636011, 9083.877197385176, 2481.229636774481, 778.6316126029459, 8965.162396385991, 2042.6423114779172, 1606.7171021541508, 6927.939836298324, 1790.9411989177922, 2115.064375989647, 4469.146453396725, 811.312481865887, 852.4454942250553, 2613.5185095958273, 1125.8336361545919, 622.5282936168359, 1595.9028958466988, 1672.0836322356442, 807.7671822537565, 3024.634439411761, 842.7313814743661, 842.8235732269198]",3.0,0.3,145.15000000000003,15,0.5,1721880.1384885083,0.14445541615564292,0.12412575453778006,16430975.4527054,84089526828.82362,"[0.046875, 0.03125]",2,1721880.1384885083,0.046875,"[0.0, 0.015625, 0.03125, 0.046875, 0.0625, 0.078125, 0.09375, 0.109375, 0.125, 0.140625, 0.15625, 0.171875, 0.1875, 0.203125, 0.21875, 0.234375]","[154749.3857115656, 876106.906708278, 1710291.376891532, 1721880.1384885083, 1236443.3975593017, 1200279.6938555266, 1385236.6101427816, 1437054.047422281, 1048940.2936461219, 664501.8455342904, 393060.2971508249, 165807.08106897428, 58528.06662853263, 51528.95639390764, 141871.95181127632, 339557.7347245398]",3.0,0.3,flattop,64,32,145.15000000000003,15,21,449.5238095238095,38.0,1008.0000000000001,"[2, 5, 11, 17, 22, 25, 29, 38, 44, 52, 55, 60, 65, 74, 78, 84, 89, 95, 98, 101, 105]","[38.0, 368.0000000000006, 460.99999999999966, 193.0000000000001, 951.0, 153.9999999999999, 880.9999999999998, 243.0, 490.9999999999996, 185.99999999999977, 321.0000000000002, 942.9999999999994, 810.0000000000003, 205.00000000000003, 477.99999999999966, 276.0, 346.9999999999998, 79.00000000000023, 1008.0000000000001, 113.99999999999977, 892.9999999999999]","[1, 1, 1, 15, 1, 24, 27, 35, 35, 49, 35, 35, 63, 73, 73, 73, 35, 92, 35, 99, 99]","[3, 8, 18, 18, 35, 27, 35, 39, 49, 53, 56, 73, 73, 75, 81, 85, 92, 97, 106, 102, 106]",0.05,30,52684909.0,1016.0,-1016.0,DWT,uc1.l0082987033,4.656612873077393e-10,0.0,0.0,0.0,0.0,1.1368683772161603e-13,0.0,0.0,1.0,84,0.0,3.637978807091713e-12,1.0,84,,0.0,0.0,1.0,84,0.0,0.0,0.0,3.0517578125e-05,0.0,0.0,0.0,0.0,0.0,0.0,2.1248611336063949e-13,0.0,0.0,0.0,2.842170943040401e-14,0.0,0.0,0.0,2.842170943040401e-14,0.0,5.551115123125783e-17,4.656612873077393e-10,0.0,1.3877787807814457e-17,2.9103830456733704e-11,0.0,0.0,0.0,0.902119000374391,0.23867461979842253,0.02215235979251658,0.9094972067039103,0.16165335505131656,0.0,0.0,0.0,579,1.1001451147221948,0.6220189007315182,169,0,0,0.0,0.0,362,0,0,0.44681930834411143,0.607755253070542,159,197.9366481141546,0.7442678964933402,317.25,239.57813268224803,0.6671920877815538,177,db,413.2962962962963,398.0,188.41229481502944,243,0.9143723369387087,0.671803462110104,0.15839832550987273,5,134.0
coif1,1,periodic,7.13749660215746e-27,321.559563966762,9333797.612166664,0.5625,398.55002934759847,108,raw,5.5034166524381846e-14,-1.1434675428745391e-10,"[2, 5, 11, 17, 22, 25, 29, 38, 44, 52, 55, 60, 65, 74, 78, 84, 89, 95, 98, 101, 105]","[37.99999999999997, 368.0, 461.0000000000001, 193.00000000000006, 951.0, 154.0, 881.0, 243.00000000000009, 491.00000000000017, 186.0000000000001, 320.9999999999999, 943.0000000000001, 810.0000000000001, 205.0, 477.9999999999998, 275.9999999999999, 347.0000000000001, 79.0, 1008.0, 114.0, 893.0]",21,5.653565364486235,101683.49274218781,0.7737170777754595,4.365923718251291e-06,1.0,0.4907407407407407,67631.0,0.1291094199047374,0.15147910127183992,188156.12126451556,82872438.25058056,8,12069.57955741813,0.027777777777777776,"[0.0, 0.009259259259259259, 0.018518518518518517, 0.027777777777777776, 0.037037037037037035, 0.046296296296296294, 0.05555555555555555, 0.06481481481481481, 0.07407407407407407, 0.08333333333333333, 0.09259259259259259, 0.10185185185185185, 0.1111111111111111, 0.12037037037037036, 0.12962962962962962, 0.1388888888888889, 0.14814814814814814, 0.15740740740740738, 0.16666666666666666, 0.17592592592592593, 0.18518518518518517, 0.19444444444444442, 0.2037037037037037, 0.21296296296296297, 0.2222222222222222, 0.23148148148148145, 0.24074074074074073]","[67631.0, 1786.6346316370004, 1155.983184086938, 12069.57955741813, 1906.5778542068433, 950.591432763602, 9083.877197385178, 2481.2296367744834, 778.6316126029461, 8965.162396385991, 2042.6423114779177, 1606.7171021541494, 6927.939836298323, 1790.9411989177938, 2115.0643759896498, 4469.146453396725, 811.3124818658861, 852.445494225057, 2613.518509595828, 1125.8336361545935, 622.5282936168369, 1595.9028958466974, 1672.0836322356424, 807.7671822537559, 3024.63443941176, 842.7313814743659, 842.82357322692]",3.0,0.3,145.15000000000003,15,0.5,1721880.1384885088,0.14445541615564292,0.12412575453778008,16430975.452705404,84089526828.8237,"[0.046875, 0.03125]",2,1721880.1384885088,0.046875,"[0.0, 0.015625, 0.03125, 0.046875, 0.0625, 0.078125, 0.09375, 0.109375, 0.125, 0.140625, 0.15625, 0.171875, 0.1875, 0.203125, 0.21875, 0.234375]","[154749.3857115655, 876106.9067082781, 1710291.3768915331, 1721880.1384885088, 1236443.3975593029, 1200279.6938555273, 1385236.6101427819, 1437054.0474222808, 1048940.293646122, 664501.8455342908, 393060.2971508252, 165807.08106897454, 58528.06662853262, 51528.956393907545, 141871.95181127626, 339557.7347245398]",3.0,0.3,flattop,64,32,145.15000000000003,15,21,449.5238095238095,37.99999999999997,1008.0,"[2, 5, 11, 17, 22, 25, 29, 38, 44, 52, 55, 60, 65, 74, 78, 84, 89, 95, 98, 101, 105]","[37.99999999999997, 368.0, 461.0000000000001, 193.00000000000006, 951.0, 154.0, 881.0, 243.00000000000009, 491.00000000000017, 186.0000000000001, 320.9999999999999, 943.0000000000001, 810.0000000000001, 205.0, 477.9999999999998, 275.9999999999999, 347.0000000000001, 79.0, 1008.0, 114.0, 893.0]","[1, 1, 1, 15, 1, 24, 27, 35, 35, 49, 35, 35, 63, 73, 73, 73, 35, 92, 35, 99, 99]","[3, 8, 18, 18, 35, 27, 35, 39, 49, 53, 56, 73, 73, 75, 81, 85, 92, 97, 106, 102, 106]",0.05,30,52684909.0,1016.0,-1016.0,DWT,uc1.l0082987033,0.0,0.0,0.0,0.0,0.0,0.0,3.725290298461914e-09,0.0,1.0,84,0.0,0.0,1.0,84,,0.0,0.0,1.0,84,0.0,0.0,0.0,4.57763671875e-05,0.0,0.0,0.0,0.0,0.0,0.0,6.496390726949488e-14,0.0,0.0,0.0,2.842170943040401e-14,0.0,0.0,0.0,2.842170943040401e-14,2.842170943040401e-14,5.551115123125783e-17,0.0,0.0,0.0,2.9103830456733704e-11,0.0,0.0,0.0,0.9604129814991498,0.268157918191155,0.019905100953366426,0.49092178770949735,0.03672454605847941,0.0,0.0,0.0,373,0.9313378319789412,0.5265757459673871,401,0,0,0.0,0.0,555,0,0,0.3552244668823296,0.48316966553436047,415,81.23217753246965,0.8950488662371193,436.0,426.15886306097997,0.6658706863485337,178,coif,217.80246913580248,181.0,166.32516494453617,81,0.48186386976947454,0.5930495234160287,0.4847804341365592,1,133.75
db2,1,antireflect,8.465587761702878e-27,320.8184519483242,9481161.728122357,0.5727272727272728,388.3830015891723,108,raw,6.141589294741232e-14,-1.167996810380607e-10,"[2, 5, 11, 17, 22, 25, 29, 38, 44, 52, 55, 60, 65, 74, 78, 84, 89, 95, 98, 101, 105]","[38.0, 368.0, 461.0000000000001, 192.99999999999994, 951.0000000000002, 153.99999999999977, 881.0000000000001, 243.0, 491.0, 186.0000000000001, 321.0000000000002, 943.0000000000001, 810.0, 205.0, 478.00000000000006, 276.0, 347.0000000000002, 79.0, 1008.0, 114.0, 893.0000000000002]",21,5.581391340057596,100246.10364154645,0.8471032580160984,4.365923718251291e-06,1.0,0.4907407407407407,67631.0,0.1291094199047374,0.15147910127183992,188156.12126451553,82872438.25058056,8,12069.579557418134,0.027777777777777776,"[0.0, 0.009259259259259259, 0.018518518518518517, 0.027777777777777776, 0.037037037037037035, 0.046296296296296294, 0.05555555555555555, 0.06481481481481481, 0.07407407407407407, 0.08333333333333333, 0.09259259259259259, 0.10185185185185185, 0.1111111111111111, 0.12037037037037036, 0.12962962962962962, 0.1388888888888889, 0.14814814814814814, 0.15740740740740738, 0.16666666666666666, 0.17592592592592593, 0.18518518518518517, 0.19444444444444442, 0.2037037037037037, 0.21296296296296297, 0.2222222222222222, 0.23148148148148145, 0.24074074074074073]","[67631.0, 1786.6346316370013, 1155.98318408694, 12069.579557418134, 1906.5778542068424, 950.5914327636016, 9083.877197385176, 2481.229636774485, 778.6316126029449, 8965.162396385991, 2042.6423114779172, 1606.71710215415, 6927.939836298324, 1790.9411989177945, 2115.064375989648, 4469.1464533967255, 811.3124818658855, 852.4454942250571, 2613.5185095958273, 1125.8336361545942, 622.5282936168371, 1595.9028958466972, 1672.083632235643, 807.7671822537563, 3024.6344394117586, 842.731381474365, 842.8235732269198]",3.0,0.3,145.15,15,0.5,1721880.1384885088,0.14445541615564295,0.12412575453778009,16430975.452705404,84089526828.82372,"[0.046875, 0.03125]",2,1721880.1384885088,0.046875,"[0.0, 0.015625, 0.03125, 0.046875, 0.0625, 0.078125, 0.09375, 0.109375, 0.125, 0.140625, 0.15625, 0.171875, 0.1875, 0.203125, 0.21875, 0.234375]","[154749.38571156538, 876106.906708278, 1710291.3768915331, 1721880.1384885088, 1236443.3975593026, 1200279.6938555273, 1385236.6101427819, 1437054.047422281, 1048940.2936461223, 664501.8455342909, 393060.29715082527, 165807.0810689745, 58528.066628532644, 51528.956393907545, 141871.9518112762, 339557.7347245398]",3.0,0.3,flattop,64,32,145.15,15,21,449.5238095238095,38.0,1008.0,"[2, 5, 11, 17, 22, 25, 29, 38, 44, 52, 55, 60, 65, 74, 78, 84, 89, 95, 98, 101, 105]","[38.0, 368.0, 461.0000000000001, 192.99999999999994, 951.0000000000002, 153.99999999999977, 881.0000000000001, 243.0, 491.0, 186.0000000000001, 321.0000000000002, 943.0000000000001, 810.0, 205.0, 478.00000000000006, 276.0, 347.0000000000002, 79.0, 1008.0, 114.0, 893.0000000000002]","[1, 1, 1, 15, 1, 24, 27, 35, 35, 49, 35, 35, 63, 73, 73, 73, 35, 92, 35, 99, 99]","[3, 8, 18, 18, 35, 27, 35, 39, 49, 53, 56, 73, 73, 75, 81, 85, 92, 97, 106, 102, 106]",0.05,30,52684909.0,1016.0,-1016.0,DWT,uc1.l0082987033,0.0,0.0,0.0,0.0,0.0,0.0,3.725290298461914e-09,0.0,1.0,84,0.0,3.637978807091713e-12,1.0,84,,0.0,0.0,1.0,84,0.0,0.0,0.0,6.103515625e-05,0.0,0.0,0.0,0.0,0.0,0.0,8.12048840868686e-14,0.0,0.0,0.0,0.0,0.0,0.0,0.0,0.0,0.0,5.551115123125783e-17,0.0,0.0,1.3877787807814457e-17,0.0,0.0,0.0,2.7755575615628914e-17,0.9528042275054811,0.17567820305250323,0.03419994574459935,0.6050787201625194,0.032833673770704244,0.0,0.0,0.0,430,0.9317865684751293,0.526829460298653,400,0,0,0.0,0.0,556,0,0,0.3601189540471615,0.4898270552889277,396,75.21303078589507,0.9028255416202906,445.5,437.1873734451503,0.6636220731357267,179,db,413.2962962962963,398.0,188.41229481502944,243,0.9143723369387087,0.671803462110104,0.15839832550987273,5,135.5
db22,1,smooth,3.0199582212658666e-26,315.2950137630406,14465660.103910774,0.5333333333333333,350.62169750282754,108,raw,1.302332727256591e-13,-1.1158096668850768e-10,"[2, 5, 11, 17, 22, 25, 29, 38, 44, 52, 55, 60, 65, 74, 78, 84, 89, 95, 98, 101, 105]","[38.0, 368.00000000000045, 460.9999999999997, 192.9999999999999, 951.0, 154.0, 880.9999999999995, 243.0, 490.9999999999996, 185.99999999999977, 321.0000000000002, 942.9999999999993, 810.0000000000003, 205.00000000000006, 478.0, 276.0, 347.0000000000001, 79.00000000000011, 1008.0, 113.99999999999943, 892.9999999999999]",21,5.854809186385235,132224.24028645485,0.887524043976401,4.3659237182512925e-06,1.0,0.4907407407407407,67631.0,0.1291094199047374,0.15147910127183992,188156.12126451553,82872438.25058056,8,12069.57955741813,0.027777777777777776,"[0.0, 0.009259259259259259, 0.018518518518518517, 0.027777777777777776, 0.037037037037037035, 0.046296296296296294, 0.05555555555555555, 0.06481481481481481, 0.07407407407407407, 0.08333333333333333, 0.09259259259259259, 0.10185185185185185, 0.1111111111111111, 0.12037037037037036, 0.12962962962962962, 0.1388888888888889, 0.14814814814814814, 0.15740740740740738, 0.16666666666666666, 0.17592592592592593, 0.18518518518518517, 0.19444444444444442, 0.2037037037037037, 0.21296296296296297, 0.2222222222222222, 0.23148148148148145, 0.24074074074074073]","[67631.0, 1786.6346316370034, 1155.983184086938, 12069.57955741813, 1906.577854206843, 950.5914327635999, 9083.877197385176, 2481.229636774482, 778.6316126029446, 8965.16239638599, 2042.6423114779175, 1606.7171021541499, 6927.939836298326, 1790.9411989177945, 2115.0643759896466, 4469.146453396725, 811.3124818658852, 852.4454942250561, 2613.518509595827, 1125.833636154593, 622.5282936168362, 1595.9028958466974, 1672.0836322356424, 807.7671822537583, 3024.6344394117614, 842.7313814743657, 842.8235732269196]",3.0,0.3,145.14999999999995,15,0.5,1721880.1384885083,0.1444554161556429,0.12412575453778008,16430975.452705396,84089526828.82367,"[0.046875, 0.03125]",2,1721880.1384885083,0.046875,"[0.0, 0.015625, 0.03125, 0.046875, 0.0625, 0.078125, 0.09375, 0.109375, 0.125, 0.140625, 0.15625, 0.171875, 0.1875, 0.203125, 0.21875, 0.234375]","[154749.3857115657, 876106.9067082782, 1710291.3768915327, 1721880.1384885083, 1236443.3975593022, 1200279.6938555269, 1385236.6101427814, 1437054.0474222805, 1048940.2936461219, 664501.8455342904, 393060.2971508249, 165807.08106897428, 58528.066628532615, 51528.95639390763, 141871.9518112763, 339557.73472453974]",3.0,0.3,flattop,64,32,145.14999999999995,15,21,449.5238095238095,38.0,1008.0,"[2, 5, 11, 17, 22, 25, 29, 38, 44, 52, 55, 60, 65, 74, 78, 84, 89, 95, 98, 101, 105]","[38.0, 368.00000000000045, 460.9999999999997, 192.9999999999999, 951.0, 154.0, 880.9999999999995, 243.0, 490.9999999999996, 185.99999999999977, 321.0000000000002, 942.9999999999993, 810.0000000000003, 205.00000000000006, 478.0, 276.0, 347.0000000000001, 79.00000000000011, 1008.0, 113.99999999999943, 892.9999999999999]","[1, 1, 1, 15, 1, 24, 27, 35, 35, 49, 35, 35, 63, 73, 73, 73, 35, 92, 35, 99, 99]","[3, 8, 18, 18, 35, 27, 35, 39, 49, 53, 56, 73, 73, 75, 81, 85, 92, 97, 106, 102, 106]",0.05,30,52684909.0,1016.0,-1016.0,DWT,uc1.l0082987033,4.656612873077393e-10,0.0,0.0,0.0,0.0,0.0,3.725290298461914e-09,0.0,1.0,84,0.0,0.0,1.0,84,,0.0,0.0,1.0,84,0.0,0.0,0.0,1.52587890625e-05,0.0,0.0,0.0,0.0,0.0,0.0,1.9759855127804696e-13,0.0,0.0,0.0,5.684341886080802e-14,0.0,0.0,0.0,5.684341886080802e-14,0.0,5.551115123125783e-17,4.656612873077393e-10,0.0,0.0,0.0,0.0,0.0,2.7755575615628914e-17,0.8960968994558764,0.5260203759100582,0.5177140643748822,0.16536312849162027,0.11939537486530996,0.0,0.0,0.0,575,1.173428761158768,0.6634532647877411,131,0,0,0.0,0.0,390,0,0,0.4449179686195494,0.6051690863944494,163,208.31446581230662,0.7308598632915935,314.75,221.33944537794443,0.6621030582607839,180,db,413.2962962962963,398.0,188.41229481502944,243,0.9143723369387087,0.671803462110104,0.15839832550987273,5,136.25
coif1,1,symmetric,7.124407354544904e-27,321.5675356788472,9339848.655359358,0.5625,406.9810278233244,108,raw,5.4507838571966954e-14,-1.1428202828511826e-10,"[2, 5, 11, 17, 22, 25, 29, 38, 44, 52, 55, 60, 65, 74, 78, 84, 89, 95, 98, 101, 105]","[38.0, 368.0, 461.0000000000001, 193.00000000000006, 951.0, 154.0, 881.0, 243.00000000000009, 491.00000000000017, 186.0000000000001, 320.9999999999999, 943.0000000000001, 810.0000000000001, 205.0, 477.9999999999998, 275.9999999999999, 347.0000000000001, 79.0, 1008.0, 114.0, 893.0]",21,5.657956582057084,106514.2055612588,0.7733716180718143,4.365923718251291e-06,1.0,0.4907407407407407,67631.0,0.1291094199047374,0.15147910127183992,188156.12126451556,82872438.25058056,8,12069.57955741813,0.027777777777777776,"[0.0, 0.009259259259259259, 0.018518518518518517, 0.027777777777777776, 0.037037037037037035, 0.046296296296296294, 0.05555555555555555, 0.06481481481481481, 0.07407407407407407, 0.08333333333333333, 0.09259259259259259, 0.10185185185185185, 0.1111111111111111, 0.12037037037037036, 0.12962962962962962, 0.1388888888888889, 0.14814814814814814, 0.15740740740740738, 0.16666666666666666, 0.17592592592592593, 0.18518518518518517, 0.19444444444444442, 0.2037037037037037, 0.21296296296296297, 0.2222222222222222, 0.23148148148148145, 0.24074074074074073]","[67631.0, 1786.6346316370004, 1155.983184086938, 12069.57955741813, 1906.5778542068433, 950.591432763602, 9083.877197385178, 2481.2296367744834, 778.6316126029461, 8965.162396385991, 2042.6423114779177, 1606.7171021541494, 6927.939836298323, 1790.9411989177938, 2115.0643759896498, 4469.146453396725, 811.312481865886, 852.445494225057, 2613.518509595828, 1125.8336361545935, 622.5282936168368, 1595.9028958466974, 1672.0836322356424, 807.7671822537559, 3024.63443941176, 842.7313814743659, 842.82357322692]",3.0,0.3,145.15,15,0.5,1721880.1384885088,0.14445541615564292,0.12412575453778008,16430975.452705404,84089526828.8237,"[0.046875, 0.03125]",2,1721880.1384885088,0.046875,"[0.0, 0.015625, 0.03125, 0.046875, 0.0625, 0.078125, 0.09375, 0.109375, 0.125, 0.140625, 0.15625, 0.171875, 0.1875, 0.203125, 0.21875, 0.234375]","[154749.3857115655, 876106.9067082781, 1710291.3768915331, 1721880.1384885088, 1236443.3975593029, 1200279.6938555273, 1385236.6101427819, 1437054.0474222808, 1048940.293646122, 664501.8455342908, 393060.2971508252, 165807.08106897454, 58528.06662853262, 51528.956393907545, 141871.95181127626, 339557.7347245398]",3.0,0.3,flattop,64,32,145.15,15,21,449.5238095238095,38.0,1008.0,"[2, 5, 11, 17, 22, 25, 29, 38, 44, 52, 55, 60, 65, 74, 78, 84, 89, 95, 98, 101, 105]","[38.0, 368.0, 461.0000000000001, 193.00000000000006, 951.0, 154.0, 881.0, 243.00000000000009, 491.00000000000017, 186.0000000000001, 320.9999999999999, 943.0000000000001, 810.0000000000001, 205.0, 477.9999999999998, 275.9999999999999, 347.0000000000001, 79.0, 1008.0, 114.0, 893.0]","[1, 1, 1, 15, 1, 24, 27, 35, 35, 49, 35, 35, 63, 73, 73, 73, 35, 92, 35, 99, 99]","[3, 8, 18, 18, 35, 27, 35, 39, 49, 53, 56, 73, 73, 75, 81, 85, 92, 97, 106, 102, 106]",0.05,30,52684909.0,1016.0,-1016.0,DWT,uc1.l0082987033,0.0,0.0,0.0,0.0,0.0,0.0,3.725290298461914e-09,0.0,1.0,84,0.0,0.0,1.0,84,,0.0,0.0,1.0,84,0.0,0.0,0.0,4.57763671875e-05,0.0,0.0,0.0,0.0,0.0,0.0,6.361049253471373e-14,0.0,0.0,0.0,0.0,0.0,0.0,0.0,0.0,0.0,5.551115123125783e-17,0.0,0.0,0.0,2.9103830456733704e-11,0.0,0.0,0.0,0.9604948244522467,0.2737845761651112,0.02049207372284725,0.49092178770949735,0.04980081512823718,0.0,0.0,0.0,372,0.939724260750421,0.5313174088041269,385,0,0,0.0,0.0,571,0,0,0.35909881543558797,0.4884394818594321,400,93.3702308018996,0.8793666268709308,432.0,419.42402462426764,0.6606135459936049,181,coif,217.80246913580248,181.0,166.32516494453617,81,0.48186386976947454,0.5930495234160287,0.4847804341365592,1,136.0
db2,1,reflect,8.441162290711592e-27,320.8310006103874,9480646.23093825,0.5727272727272728,388.3830015891723,108,raw,6.098825148607522e-14,-1.1678313871499378e-10,"[2, 5, 11, 17, 22, 25, 29, 38, 44, 52, 55, 60, 65, 74, 78, 84, 89, 95, 98, 101, 105]","[38.0, 368.0, 461.0000000000001, 192.99999999999994, 951.0000000000002, 153.99999999999977, 881.0000000000001, 243.0, 491.0, 186.0000000000001, 321.0000000000002, 943.0000000000001, 810.0, 205.0, 478.00000000000006, 276.0, 347.0000000000002, 79.0, 1008.0, 114.0, 893.0000000000002]",21,5.581511505362569,103415.94953333719,0.8486830352766187,4.365923718251291e-06,1.0,0.4907407407407407,67631.0,0.1291094199047374,0.15147910127183992,188156.12126451553,82872438.25058056,8,12069.579557418134,0.027777777777777776,"[0.0, 0.009259259259259259, 0.018518518518518517, 0.027777777777777776, 0.037037037037037035, 0.046296296296296294, 0.05555555555555555, 0.06481481481481481, 0.07407407407407407, 0.08333333333333333, 0.09259259259259259, 0.10185185185185185, 0.1111111111111111, 0.12037037037037036, 0.12962962962962962, 0.1388888888888889, 0.14814814814814814, 0.15740740740740738, 0.16666666666666666, 0.17592592592592593, 0.18518518518518517, 0.19444444444444442, 0.2037037037037037, 0.21296296296296297, 0.2222222222222222, 0.23148148148148145, 0.24074074074074073]","[67631.0, 1786.6346316370013, 1155.98318408694, 12069.579557418134, 1906.5778542068424, 950.5914327636015, 9083.877197385176, 2481.229636774485, 778.6316126029449, 8965.162396385991, 2042.6423114779172, 1606.71710215415, 6927.939836298324, 1790.9411989177945, 2115.064375989648, 4469.1464533967255, 811.3124818658855, 852.4454942250572, 2613.5185095958273, 1125.8336361545942, 622.528293616837, 1595.9028958466972, 1672.0836322356429, 807.7671822537563, 3024.6344394117586, 842.731381474365, 842.8235732269198]",3.0,0.3,145.15,15,0.5,1721880.1384885088,0.14445541615564295,0.12412575453778009,16430975.452705404,84089526828.82372,"[0.046875, 0.03125]",2,1721880.1384885088,0.046875,"[0.0, 0.015625, 0.03125, 0.046875, 0.0625, 0.078125, 0.09375, 0.109375, 0.125, 0.140625, 0.15625, 0.171875, 0.1875, 0.203125, 0.21875, 0.234375]","[154749.38571156538, 876106.906708278, 1710291.3768915331, 1721880.1384885088, 1236443.3975593026, 1200279.6938555273, 1385236.6101427819, 1437054.047422281, 1048940.2936461223, 664501.8455342909, 393060.29715082527, 165807.0810689745, 58528.066628532644, 51528.956393907545, 141871.9518112762, 339557.7347245398]",3.0,0.3,flattop,64,32,145.15,15,21,449.5238095238095,38.0,1008.0,"[2, 5, 11, 17, 22, 25, 29, 38, 44, 52, 55, 60, 65, 74, 78, 84, 89, 95, 98, 101, 105]","[38.0, 368.0, 461.0000000000001, 192.99999999999994, 951.0000000000002, 153.99999999999977, 881.0000000000001, 243.0, 491.0, 186.0000000000001, 321.0000000000002, 943.0000000000001, 810.0, 205.0, 478.00000000000006, 276.0, 347.0000000000002, 79.0, 1008.0, 114.0, 893.0000000000002]","[1, 1, 1, 15, 1, 24, 27, 35, 35, 49, 35, 35, 63, 73, 73, 73, 35, 92, 35, 99, 99]","[3, 8, 18, 18, 35, 27, 35, 39, 49, 53, 56, 73, 73, 75, 81, 85, 92, 97, 106, 102, 106]",0.05,30,52684909.0,1016.0,-1016.0,DWT,uc1.l0082987033,0.0,0.0,0.0,0.0,0.0,0.0,3.725290298461914e-09,0.0,1.0,84,0.0,3.637978807091713e-12,1.0,84,,0.0,0.0,1.0,84,0.0,0.0,0.0,6.103515625e-05,0.0,0.0,0.0,0.0,0.0,0.0,8.12048840868686e-14,0.0,0.0,0.0,0.0,0.0,0.0,0.0,0.0,0.0,5.551115123125783e-17,0.0,0.0,1.3877787807814457e-17,0.0,0.0,0.0,2.7755575615628914e-17,0.9529330605026706,0.1758321760817386,0.03414994067932726,0.6050787201625194,0.04141413784364272,0.0,0.0,0.0,428,0.9353480378846001,0.5288431049146428,392,0,0,0.0,0.0,564,0,0,0.3618816070539797,0.49222458288952403,386,83.09632964216891,0.8926404009791099,442.5,432.37670366489374,0.6604674873112604,182,db,413.2962962962963,398.0,188.41229481502944,243,0.9143723369387087,0.671803462110104,0.15839832550987273,5,137.75
coif1,1,zero,7.272596336444199e-27,321.4781282834314,9334570.526349664,0.5625,366.33023981581056,108,raw,5.641577739947092e-14,-1.1418810341723497e-10,"[2, 5, 11, 17, 22, 25, 29, 38, 44, 52, 55, 60, 65, 74, 78, 84, 89, 95, 98, 101, 105]","[37.99999999999997, 368.0, 461.0000000000001, 193.00000000000006, 951.0, 154.0, 881.0, 243.00000000000009, 491.00000000000017, 186.0000000000001, 320.9999999999999, 943.0000000000001, 810.0000000000001, 205.0, 477.9999999999998, 275.9999999999999, 347.0000000000001, 79.0, 1008.0, 114.0, 893.0]",21,5.644063521860039,105570.0508609694,0.7825976999656363,4.365923718251291e-06,1.0,0.4907407407407407,67631.0,0.1291094199047374,0.15147910127183992,188156.12126451556,82872438.25058056,8,12069.57955741813,0.027777777777777776,"[0.0, 0.009259259259259259, 0.018518518518518517, 0.027777777777777776, 0.037037037037037035, 0.046296296296296294, 0.05555555555555555, 0.06481481481481481, 0.07407407407407407, 0.08333333333333333, 0.09259259259259259, 0.10185185185185185, 0.1111111111111111, 0.12037037037037036, 0.12962962962962962, 0.1388888888888889, 0.14814814814814814, 0.15740740740740738, 0.16666666666666666, 0.17592592592592593, 0.18518518518518517, 0.19444444444444442, 0.2037037037037037, 0.21296296296296297, 0.2222222222222222, 0.23148148148148145, 0.24074074074074073]","[67631.0, 1786.634631637, 1155.9831840869379, 12069.57955741813, 1906.577854206843, 950.5914327636023, 9083.877197385178, 2481.229636774484, 778.6316126029462, 8965.162396385991, 2042.6423114779177, 1606.7171021541494, 6927.939836298323, 1790.9411989177938, 2115.0643759896498, 4469.146453396725, 811.312481865886, 852.4454942250568, 2613.518509595828, 1125.833636154594, 622.5282936168369, 1595.9028958466974, 1672.0836322356424, 807.7671822537558, 3024.63443941176, 842.731381474366, 842.8235732269197]",3.0,0.3,145.15000000000003,15,0.5,1721880.1384885088,0.14445541615564292,0.12412575453778008,16430975.452705404,84089526828.8237,"[0.046875, 0.03125]",2,1721880.1384885088,0.046875,"[0.0, 0.015625, 0.03125, 0.046875, 0.0625, 0.078125, 0.09375, 0.109375, 0.125, 0.140625, 0.15625, 0.171875, 0.1875, 0.203125, 0.21875, 0.234375]","[154749.3857115655, 876106.9067082781, 1710291.3768915331, 1721880.1384885088, 1236443.3975593029, 1200279.6938555273, 1385236.6101427819, 1437054.0474222808, 1048940.293646122, 664501.8455342908, 393060.2971508252, 165807.08106897454, 58528.06662853262, 51528.956393907545, 141871.95181127626, 339557.7347245398]",3.0,0.3,flattop,64,32,145.15000000000003,15,21,449.5238095238095,37.99999999999997,1008.0,"[2, 5, 11, 17, 22, 25, 29, 38, 44, 52, 55, 60, 65, 74, 78, 84, 89, 95, 98, 101, 105]","[37.99999999999997, 368.0, 461.0000000000001, 193.00000000000006, 951.0, 154.0, 881.0, 243.00000000000009, 491.00000000000017, 186.0000000000001, 320.9999999999999, 943.0000000000001, 810.0000000000001, 205.0, 477.9999999999998, 275.9999999999999, 347.0000000000001, 79.0, 1008.0, 114.0, 893.0]","[1, 1, 1, 15, 1, 24, 27, 35, 35, 49, 35, 35, 63, 73, 73, 73, 35, 92, 35, 99, 99]","[3, 8, 18, 18, 35, 27, 35, 39, 49, 53, 56, 73, 73, 75, 81, 85, 92, 97, 106, 102, 106]",0.05,30,52684909.0,1016.0,-1016.0,DWT,uc1.l0082987033,0.0,0.0,0.0,0.0,0.0,0.0,3.725290298461914e-09,0.0,1.0,84,0.0,0.0,1.0,84,,0.0,0.0,1.0,84,0.0,0.0,0.0,4.57763671875e-05,0.0,0.0,0.0,0.0,0.0,0.0,6.496390726949488e-14,0.0,0.0,0.0,2.842170943040401e-14,0.0,0.0,0.0,2.842170943040401e-14,2.842170943040401e-14,5.551115123125783e-17,0.0,0.0,0.0,2.9103830456733704e-11,0.0,0.0,0.0,0.9595769080509343,0.25598279415838354,0.01998007638555543,0.49092178770949735,0.047245080319138114,0.0,0.0,0.0,370,0.9289943273139841,0.525250735133772,404,0,0,0.0,0.0,566,0,0,0.35474132932470176,0.48251251087895364,416,86.87922651589389,0.8877529373179666,439.0,427.87243017937834,0.6602847373928333,183,coif,217.80246913580248,181.0,166.32516494453617,81,0.48186386976947454,0.5930495234160287,0.4847804341365592,1,137.5
coif1,1,antisymmetric,7.13796407528648e-27,321.5592795332085,9339797.727257233,0.5625,408.7842180089364,108,raw,5.509995751843371e-14,-1.1432554902768357e-10,"[2, 5, 11, 17, 22, 25, 29, 38, 44, 52, 55, 60, 65, 74, 78, 84, 89, 95, 98, 101, 105]","[37.99999999999997, 368.0, 461.0000000000001, 193.00000000000006, 951.0, 154.0, 881.0, 243.00000000000009, 491.00000000000017, 186.0000000000001, 320.9999999999999, 943.0000000000001, 810.0000000000001, 205.0, 477.9999999999998, 275.9999999999999, 347.0000000000001, 79.0, 1008.0, 114.0, 893.0]",21,5.6579874337948874,107431.48516752703,0.7730306810967154,4.365923718251291e-06,1.0,0.4907407407407407,67631.0,0.1291094199047374,0.15147910127183992,188156.12126451556,82872438.25058056,8,12069.57955741813,0.027777777777777776,"[0.0, 0.009259259259259259, 0.018518518518518517, 0.027777777777777776, 0.037037037037037035, 0.046296296296296294, 0.05555555555555555, 0.06481481481481481, 0.07407407407407407, 0.08333333333333333, 0.09259259259259259, 0.10185185185185185, 0.1111111111111111, 0.12037037037037036, 0.12962962962962962, 0.1388888888888889, 0.14814814814814814, 0.15740740740740738, 0.16666666666666666, 0.17592592592592593, 0.18518518518518517, 0.19444444444444442, 0.2037037037037037, 0.21296296296296297, 0.2222222222222222, 0.23148148148148145, 0.24074074074074073]","[67631.0, 1786.634631637, 1155.983184086938, 12069.57955741813, 1906.5778542068433, 950.591432763602, 9083.877197385178, 2481.229636774484, 778.6316126029462, 8965.162396385991, 2042.6423114779177, 1606.7171021541494, 6927.939836298323, 1790.9411989177936, 2115.06437598965, 4469.146453396725, 811.3124818658861, 852.445494225057, 2613.518509595828, 1125.8336361545935, 622.5282936168369, 1595.9028958466974, 1672.0836322356424, 807.7671822537559, 3024.63443941176, 842.731381474366, 842.82357322692]",3.0,0.3,145.15000000000003,15,0.5,1721880.1384885088,0.14445541615564292,0.12412575453778008,16430975.452705404,84089526828.8237,"[0.046875, 0.03125]",2,1721880.1384885088,0.046875,"[0.0, 0.015625, 0.03125, 0.046875, 0.0625, 0.078125, 0.09375, 0.109375, 0.125, 0.140625, 0.15625, 0.171875, 0.1875, 0.203125, 0.21875, 0.234375]","[154749.3857115655, 876106.9067082781, 1710291.3768915331, 1721880.1384885088, 1236443.3975593029, 1200279.6938555273, 1385236.6101427819, 1437054.0474222808, 1048940.293646122, 664501.8455342908, 393060.2971508252, 165807.08106897454, 58528.06662853262, 51528.956393907545, 141871.95181127626, 339557.7347245398]",3.0,0.3,flattop,64,32,145.15000000000003,15,21,449.5238095238095,37.99999999999997,1008.0,"[2, 5, 11, 17, 22, 25, 29, 38, 44, 52, 55, 60, 65, 74, 78, 84, 89, 95, 98, 101, 105]","[37.99999999999997, 368.0, 461.0000000000001, 193.00000000000006, 951.0, 154.0, 881.0, 243.00000000000009, 491.00000000000017, 186.0000000000001, 320.9999999999999, 943.0000000000001, 810.0000000000001, 205.0, 477.9999999999998, 275.9999999999999, 347.0000000000001, 79.0, 1008.0, 114.0, 893.0]","[1, 1, 1, 15, 1, 24, 27, 35, 35, 49, 35, 35, 63, 73, 73, 73, 35, 92, 35, 99, 99]","[3, 8, 18, 18, 35, 27, 35, 39, 49, 53, 56, 73, 73, 75, 81, 85, 92, 97, 106, 102, 106]",0.05,30,52684909.0,1016.0,-1016.0,DWT,uc1.l0082987033,0.0,0.0,0.0,0.0,0.0,0.0,3.725290298461914e-09,0.0,1.0,84,0.0,0.0,1.0,84,,0.0,0.0,1.0,84,0.0,0.0,0.0,4.57763671875e-05,0.0,0.0,0.0,0.0,0.0,0.0,6.496390726949488e-14,0.0,0.0,0.0,2.842170943040401e-14,0.0,0.0,0.0,2.842170943040401e-14,2.842170943040401e-14,5.551115123125783e-17,0.0,0.0,0.0,2.9103830456733704e-11,0.0,0.0,0.0,0.9604100613131556,0.2738241078379837,0.02048713351531667,0.49092178770949735,0.052283801675566566,0.0,0.0,0.0,377,0.9406838932185692,0.5318599822564433,384,0,0,0.0,0.0,572,0,0,0.359585378410304,0.489101295702995,399,93.11999427262296,0.8796899298803321,433.0,420.5566415528752,0.6601292026662642,184,coif,217.80246913580248,181.0,166.32516494453617,81,0.48186386976947454,0.5930495234160287,0.4847804341365592,1,138.25
sym9,1,reflect,5.382700645174004e-25,302.7850208365391,10315154.62711887,0.5403225806451613,409.39961904570526,108,raw,5.890925607403644e-13,-8.745293378353983e-11,"[2, 5, 11, 17, 22, 25, 29, 38, 44, 52, 55, 60, 65, 74, 78, 84, 89, 95, 98, 101, 105]","[38.0000000000004, 368.0000000000007, 460.9999999999996, 193.00000000000148, 950.9999999999991, 154.0000000000024, 881.000000000002, 243.00000000000077, 490.99999999999926, 186.00000000000034, 321.00000000000034, 942.9999999999982, 810.0000000000024, 205.00000000000114, 478.00000000000114, 276.00000000000045, 347.00000000000045, 78.99999999999818, 1008.0, 114.00000000000182, 893.0000000000025]",21,5.82979342512381,99595.05189706695,0.8012172807557488,4.365923718251285e-06,1.0,0.4907407407407407,67630.99999999997,0.12910941990473754,0.15147910127183992,188156.12126451556,82872438.25058049,8,12069.579557418127,0.027777777777777776,"[0.0, 0.009259259259259259, 0.018518518518518517, 0.027777777777777776, 0.037037037037037035, 0.046296296296296294, 0.05555555555555555, 0.06481481481481481, 0.07407407407407407, 0.08333333333333333, 0.09259259259259259, 0.10185185185185185, 0.1111111111111111, 0.12037037037037036, 0.12962962962962962, 0.1388888888888889, 0.14814814814814814, 0.15740740740740738, 0.16666666666666666, 0.17592592592592593, 0.18518518518518517, 0.19444444444444442, 0.2037037037037037, 0.21296296296296297, 0.2222222222222222, 0.23148148148148145, 0.24074074074074073]","[67630.99999999997, 1786.6346316370007, 1155.983184086937, 12069.579557418127, 1906.5778542068372, 950.5914327635975, 9083.877197385165, 2481.2296367744802, 778.6316126029418, 8965.162396385978, 2042.6423114779136, 1606.7171021541471, 6927.939836298317, 1790.9411989177945, 2115.0643759896466, 4469.146453396725, 811.3124818658894, 852.4454942250585, 2613.518509595829, 1125.8336361545967, 622.5282936168417, 1595.902895846704, 1672.0836322356517, 807.7671822537642, 3024.6344394117787, 842.7313814743691, 842.8235732269225]",3.0,0.3,145.14999999999972,15,0.5,1721880.1384885046,0.14445541615564314,0.12412575453778006,16430975.4527054,84089526828.82318,"[0.046875, 0.03125]",2,1721880.1384885046,0.046875,"[0.0, 0.015625, 0.03125, 0.046875, 0.0625, 0.078125, 0.09375, 0.109375, 0.125, 0.140625, 0.15625, 0.171875, 0.1875, 0.203125, 0.21875, 0.234375]","[154749.38571156538, 876106.9067082764, 1710291.3768915287, 1721880.1384885046, 1236443.397559299, 1200279.6938555234, 1385236.6101427777, 1437054.0474222777, 1048940.2936461205, 664501.8455342902, 393060.29715082527, 165807.0810689748, 58528.06662853299, 51528.95639390815, 141871.95181127792, 339557.73472454393]",3.0,0.3,flattop,64,32,145.14999999999972,15,21,449.52380952381003,38.0000000000004,1008.0,"[2, 5, 11, 17, 22, 25, 29, 38, 44, 52, 55, 60, 65, 74, 78, 84, 89, 95, 98, 101, 105]","[38.0000000000004, 368.0000000000007, 460.9999999999996, 193.00000000000148, 950.9999999999991, 154.0000000000024, 881.000000000002, 243.00000000000077, 490.99999999999926, 186.00000000000034, 321.00000000000034, 942.9999999999982, 810.0000000000024, 205.00000000000114, 478.00000000000114, 276.00000000000045, 347.00000000000045, 78.99999999999818, 1008.0, 114.00000000000182, 893.0000000000025]","[1, 1, 1, 15, 1, 24, 27, 35, 35, 49, 35, 35, 63, 73, 73, 73, 35, 92, 35, 99, 99]","[3, 8, 18, 18, 35, 27, 35, 39, 49, 53, 56, 73, 73, 75, 81, 85, 92, 97, 106, 102, 106]",0.05,30,52684908.999999985,1016.0000000000002,-1016.0000000000002,DWT,uc1.l0082987033,4.190951585769653e-09,0.0,5.115907697472721e-13,7.450580596923828e-08,0.0,0.0,0.0,2.2737367544323206e-13,1.0,84,0.0,3.637978807091713e-12,1.0,84,,0.0,0.0,1.0,84,0.0,0.0,1.4901161193847656e-08,0.0004730224609375,2.9103830456733704e-11,0.0,0.0,0.0,5.115907697472721e-13,1.0913936421275139e-11,1.1436354508900659e-12,0.0,2.2737367544323206e-13,0.0,2.8421709430404007e-13,0.0,0.0,0.0,2.8421709430404007e-13,3.979039320256561e-13,8.326672684688674e-17,4.190951585769653e-09,0.0,1.3877787807814457e-17,2.9103830456733704e-11,0.0,0.0,2.220446049250313e-16,0.7676609056085179,0.49396659348975785,0.11510023120982041,0.24337718507839234,0.031071340113538858,6.271755150678917e-05,3.135877575339459e-05,6.271755150678917e-05,223,0.8749093657916722,0.4946712526073144,490,0,0,6.271755150678917e-05,6.271755150678917e-05,219,0,0,0.33023525110000546,0.44917980234312055,518,163.79763938062925,0.7883751429190836,362.5,307.1764111612733,0.6600144448445547,185,sym,445.72514619883043,505.0,280.45746329325993,171,0.986117580085908,1.0,0.009717693939864401,6,140.25
bior2.6,1,periodization,1.4856252214645268e-26,318.37593047368773,9592116.966214593,0.5648148148148148,378.36148941097673,108,raw,8.771584281964379e-14,-1.187994147500155e-10,"[2, 5, 11, 17, 22, 25, 29, 38, 44, 52, 55, 60, 65, 74, 78, 84, 89, 95, 98, 101, 105]","[38.00000000000006, 368.0000000000001, 461.0000000000002, 192.9999999999999, 951.0000000000003, 154.0000000000001, 881.0000000000001, 242.99999999999997, 491.00000000000006, 186.0, 321.0, 943.0000000000001, 810.0, 205.0, 478.00000000000017, 276.0, 346.9999999999999, 79.0, 1008.0000000000001, 114.0, 893.0000000000003]",21,5.551791869039706,100731.49038323585,0.8373444734576414,4.36592371825129e-06,1.0,0.4907407407407407,67631.0,0.1291094199047374,0.15147910127183992,188156.12126451556,82872438.25058056,8,12069.579557418136,0.027777777777777776,"[0.0, 0.009259259259259259, 0.018518518518518517, 0.027777777777777776, 0.037037037037037035, 0.046296296296296294, 0.05555555555555555, 0.06481481481481481, 0.07407407407407407, 0.08333333333333333, 0.09259259259259259, 0.10185185185185185, 0.1111111111111111, 0.12037037037037036, 0.12962962962962962, 0.1388888888888889, 0.14814814814814814, 0.15740740740740738, 0.16666666666666666, 0.17592592592592593, 0.18518518518518517, 0.19444444444444442, 0.2037037037037037, 0.21296296296296297, 0.2222222222222222, 0.23148148148148145, 0.24074074074074073]","[67631.0, 1786.6346316370007, 1155.9831840869388, 12069.579557418136, 1906.5778542068424, 950.5914327636004, 9083.877197385176, 2481.2296367744852, 778.6316126029432, 8965.162396385991, 2042.6423114779177, 1606.7171021541494, 6927.9398362983275, 1790.941198917794, 2115.0643759896493, 4469.146453396725, 811.3124818658856, 852.4454942250584, 2613.518509595827, 1125.8336361545942, 622.528293616838, 1595.9028958466986, 1672.0836322356433, 807.7671822537566, 3024.6344394117596, 842.7313814743657, 842.82357322692]",3.0,0.3,145.14999999999998,15,0.5,1721880.1384885088,0.14445541615564295,0.12412575453778009,16430975.452705404,84089526828.82372,"[0.046875, 0.03125]",2,1721880.1384885088,0.046875,"[0.0, 0.015625, 0.03125, 0.046875, 0.0625, 0.078125, 0.09375, 0.109375, 0.125, 0.140625, 0.15625, 0.171875, 0.1875, 0.203125, 0.21875, 0.234375]","[154749.38571156538, 876106.906708278, 1710291.3768915331, 1721880.1384885088, 1236443.3975593024, 1200279.6938555273, 1385236.610142782, 1437054.047422281, 1048940.2936461223, 664501.8455342909, 393060.29715082515, 165807.08106897448, 58528.066628532615, 51528.95639390756, 141871.95181127614, 339557.73472453986]",3.0,0.3,flattop,64,32,145.14999999999998,15,21,449.52380952380963,38.00000000000006,1008.0000000000001,"[2, 5, 11, 17, 22, 25, 29, 38, 44, 52, 55, 60, 65, 74, 78, 84, 89, 95, 98, 101, 105]","[38.00000000000006, 368.0000000000001, 461.0000000000002, 192.9999999999999, 951.0000000000003, 154.0000000000001, 881.0000000000001, 242.99999999999997, 491.00000000000006, 186.0, 321.0, 943.0000000000001, 810.0, 205.0, 478.00000000000017, 276.0, 346.9999999999999, 79.0, 1008.0000000000001, 114.0, 893.0000000000003]","[1, 1, 1, 15, 1, 24, 27, 35, 35, 49, 35, 35, 63, 73, 73, 73, 35, 92, 35, 99, 99]","[3, 8, 18, 18, 35, 27, 35, 39, 49, 53, 56, 73, 73, 75, 81, 85, 92, 97, 106, 102, 106]",0.05,30,52684909.00000001,1016.0000000000001,-1016.0000000000001,DWT,uc1.l0082987033,0.0,0.0,1.1368683772161603e-13,0.0,0.0,1.1368683772161603e-13,3.725290298461914e-09,1.1368683772161603e-13,1.0,84,0.0,5.4569682106375694e-12,1.0,84,,0.0,0.0,1.0,84,0.0,0.0,7.450580596923828e-09,6.103515625e-05,0.0,0.0,0.0,0.0,1.1368683772161603e-13,1.8189894035458565e-12,9.609244616946115e-14,0.0,1.1368683772161603e-13,0.0,2.842170943040401e-14,0.0,0.0,0.0,2.842170943040401e-14,5.684341886080802e-14,5.551115123125783e-17,0.0,0.0,1.3877787807814457e-17,2.9103830456733704e-11,0.0,0.0,2.7755575615628914e-17,0.9277276607215076,0.13775111405255674,0.04496299953837153,0.5167597765363124,0.03414756840177534,3.135877575339459e-05,1.5679387876697293e-05,3.135877575339459e-05,348,0.8683565912036038,0.49096633260042877,504,0,0,3.135877575339459e-05,3.135877575339459e-05,267,0,0,0.33226982385010473,0.45194719008473244,510,119.85929250583786,0.8451430329381939,407.25,378.6518772061549,0.6594901211202597,186,bior,385.74074074074076,410.0,199.97417605530825,135,0.8534087184529663,0.7130285416801533,0.18870533457887761,4,140.5
sym13,1,symmetric,6.190557920527026e-22,272.1777251985377,10900067.14138925,0.5606060606060606,361.9138085423709,108,raw,1.976923974317052e-11,-1.1319101211998354e-10,"[2, 5, 11, 17, 22, 25, 29, 38, 44, 52, 55, 60, 65, 74, 78, 84, 89, 95, 98, 101, 105]","[37.99999999998934, 367.99999999994924, 460.9999999999622, 192.9999999999755, 950.9999999999487, 153.99999999997215, 880.999999999897, 242.9999999999739, 490.99999999995237, 185.99999999998147, 320.9999999999559, 942.9999999999561, 809.9999999999056, 204.99999999998138, 477.9999999999512, 275.99999999997897, 346.99999999996476, 78.9999999999983, 1007.9999999999258, 113.99999999998136, 892.9999999998859]",21,5.882383020068822,101415.10468137678,0.8026070537230159,4.365923718252046e-06,1.0,0.4907407407407407,67631.0,0.12910941990473257,0.15147910127184,188156.12126450546,82872438.25058044,8,12069.57955741794,0.027777777777777776,"[0.0, 0.009259259259259259, 0.018518518518518517, 0.027777777777777776, 0.037037037037037035, 0.046296296296296294, 0.05555555555555555, 0.06481481481481481, 0.07407407407407407, 0.08333333333333333, 0.09259259259259259, 0.10185185185185185, 0.1111111111111111, 0.12037037037037036, 0.12962962962962962, 0.1388888888888889, 0.14814814814814814, 0.15740740740740738, 0.16666666666666666, 0.17592592592592593, 0.18518518518518517, 0.19444444444444442, 0.2037037037037037, 0.21296296296296297, 0.2222222222222222, 0.23148148148148145, 0.24074074074074073]","[67631.0, 1786.6346316370023, 1155.9831840869392, 12069.57955741794, 1906.5778542067685, 950.5914327635545, 9083.8771973847, 2481.22963677435, 778.6316126028582, 8965.16239638522, 2042.6423114776933, 1606.7171021539693, 6927.939836297577, 1790.941198917605, 2115.0643759894374, 4469.146453396183, 811.3124818658264, 852.4454942249312, 2613.518509595504, 1125.833636154484, 622.5282936167936, 1595.9028958464826, 1672.0836322354228, 807.7671822536888, 3024.634439411397, 842.7313814742577, 842.8235732268018]",3.0,0.3,145.1500000000246,15,0.5,1721880.1384883928,0.14445541615563856,0.12412575453778085,16430975.45270283,84089526828.803,"[0.046875, 0.03125]",2,1721880.1384883928,0.046875,"[0.0, 0.015625, 0.03125, 0.046875, 0.0625, 0.078125, 0.09375, 0.109375, 0.125, 0.140625, 0.15625, 0.171875, 0.1875, 0.203125, 0.21875, 0.234375]","[154749.38571156125, 876106.9067082359, 1710291.3768914284, 1721880.1384883928, 1236443.3975591678, 1200279.6938553299, 1385236.6101425148, 1437054.0474219872, 1048940.2936458944, 664501.8455341395, 393060.297150734, 165807.08106893598, 58528.066628519155, 51528.9563938956, 141871.9518112432, 339557.73472446087]",3.0,0.3,flattop,64,32,145.1500000000246,15,21,449.52380952376603,37.99999999998934,1007.9999999999258,"[2, 5, 11, 17, 22, 25, 29, 38, 44, 52, 55, 60, 65, 74, 78, 84, 89, 95, 98, 101, 105]","[37.99999999998934, 367.99999999994924, 460.9999999999622, 192.9999999999755, 950.9999999999487, 153.99999999997215, 880.999999999897, 242.9999999999739, 490.99999999995237, 185.99999999998147, 320.9999999999559, 942.9999999999561, 809.9999999999056, 204.99999999998138, 477.9999999999512, 275.99999999997897, 346.99999999996476, 78.9999999999983, 1007.9999999999258, 113.99999999998136, 892.9999999998859]","[1, 1, 1, 15, 1, 24, 27, 35, 35, 49, 35, 35, 63, 73, 73, 73, 35, 92, 35, 99, 99]","[3, 8, 18, 18, 35, 27, 35, 39, 49, 53, 56, 73, 73, 75, 81, 85, 92, 97, 106, 102, 106]",0.05,30,52684908.999998555,1015.999999999982,-1015.999999999982,DWT,uc1.l0082987033,1.1594966053962708e-07,0.0,4.348521542851813e-11,1.1920928955078125e-07,0.0,7.423750503221527e-11,2.5704503059387207e-06,1.7962520360015333e-11,1.0,84,0.0,1.9099388737231493e-10,1.0,84,,0.0,0.0,1.0,84,0.0,0.0,1.4454126358032227e-06,0.020660400390625,0.0,0.0,0.0,0.0,4.348521542851813e-11,9.1313268058002e-10,4.3468974451700755e-11,0.0,1.7962520360015333e-11,0.0,2.4584778657299466e-11,0.0,0.0,0.0,2.4584778657299466e-11,1.0658141036401503e-11,4.884981308350689e-15,1.1594966053962708e-07,8.326672684688674e-17,7.771561172376096e-16,1.0069925338029861e-08,0.0,0.0,4.3576253716537394e-15,0.4534258411010916,0.5613519277325565,0.17183883106311698,0.46978161503301125,0.03599804571997439,0.00608360249615855,0.003041801248079275,0.00608360249615855,187,0.8409627483596858,0.47547793222073104,532,0,0,0.00608360249615855,0.00608360249615855,187,0,0,0.33847925212995017,0.46039313811152294,481,185.63472196763192,0.7601618579229562,346.75,272.9650905927569,0.6560822209511421,187,sym,445.72514619883043,505.0,280.45746329325993,171,0.986117580085908,1.0,0.009717693939864401,6,141.75
rbio3.3,1,symmetric,8.697834255614058e-27,320.7009118361241,9466017.359045973,0.5263157894736842,548.6344486917792,108,raw,5.725461257363211e-14,-1.1074352546103291e-10,"[2, 5, 11, 17, 22, 25, 29, 38, 44, 52, 55, 60, 65, 74, 78, 84, 89, 95, 98, 101, 105]","[37.999999999999915, 368.0, 461.0000000000001, 192.99999999999994, 951.0, 154.0, 881.0, 242.99999999999994, 491.00000000000017, 185.9999999999999, 321.0, 943.0, 810.0000000000002, 205.0, 478.0, 275.9999999999999, 346.9999999999998, 79.0, 1008.0, 113.99999999999989, 892.9999999999999]",21,5.870753432253528,122643.04747975337,0.570157919936436,4.365923718251291e-06,1.0,0.4907407407407407,67631.0,0.1291094199047374,0.15147910127183992,188156.12126451553,82872438.25058056,8,12069.579557418134,0.027777777777777776,"[0.0, 0.009259259259259259, 0.018518518518518517, 0.027777777777777776, 0.037037037037037035, 0.046296296296296294, 0.05555555555555555, 0.06481481481481481, 0.07407407407407407, 0.08333333333333333, 0.09259259259259259, 0.10185185185185185, 0.1111111111111111, 0.12037037037037036, 0.12962962962962962, 0.1388888888888889, 0.14814814814814814, 0.15740740740740738, 0.16666666666666666, 0.17592592592592593, 0.18518518518518517, 0.19444444444444442, 0.2037037037037037, 0.21296296296296297, 0.2222222222222222, 0.23148148148148145, 0.24074074074074073]","[67631.0, 1786.6346316370007, 1155.9831840869383, 12069.579557418134, 1906.5778542068435, 950.5914327636019, 9083.877197385176, 2481.2296367744852, 778.6316126029442, 8965.162396385991, 2042.6423114779175, 1606.71710215415, 6927.939836298324, 1790.9411989177927, 2115.0643759896493, 4469.146453396725, 811.3124818658866, 852.4454942250592, 2613.518509595828, 1125.833636154594, 622.5282936168356, 1595.902895846697, 1672.0836322356427, 807.7671822537561, 3024.63443941176, 842.7313814743662, 842.8235732269212]",3.0,0.3,145.1500000000001,15,0.5,1721880.1384885085,0.14445541615564297,0.1241257545377801,16430975.4527054,84089526828.82365,"[0.046875, 0.03125]",2,1721880.1384885085,0.046875,"[0.0, 0.015625, 0.03125, 0.046875, 0.0625, 0.078125, 0.09375, 0.109375, 0.125, 0.140625, 0.15625, 0.171875, 0.1875, 0.203125, 0.21875, 0.234375]","[154749.3857115655, 876106.906708278, 1710291.376891532, 1721880.1384885085, 1236443.3975593026, 1200279.6938555266, 1385236.6101427814, 1437054.047422281, 1048940.2936461219, 664501.8455342904, 393060.29715082515, 165807.0810689745, 58528.066628532586, 51528.956393907545, 141871.95181127626, 339557.73472454003]",3.0,0.3,flattop,64,32,145.1500000000001,15,21,449.5238095238095,37.999999999999915,1008.0,"[2, 5, 11, 17, 22, 25, 29, 38, 44, 52, 55, 60, 65, 74, 78, 84, 89, 95, 98, 101, 105]","[37.999999999999915, 368.0, 461.0000000000001, 192.99999999999994, 951.0, 154.0, 881.0, 242.99999999999994, 491.00000000000017, 185.9999999999999, 321.0, 943.0, 810.0000000000002, 205.0, 478.0, 275.9999999999999, 346.9999999999998, 79.0, 1008.0, 113.99999999999989, 892.9999999999999]","[1, 1, 1, 15, 1, 24, 27, 35, 35, 49, 35, 35, 63, 73, 73, 73, 35, 92, 35, 99, 99]","[3, 8, 18, 18, 35, 27, 35, 39, 49, 53, 56, 73, 73, 75, 81, 85, 92, 97, 106, 102, 106]",0.05,30,52684909.0,1016.0,-1016.0,DWT,uc1.l0082987033,2.3283064365386963e-10,0.0,0.0,0.0,0.0,0.0,0.0,0.0,1.0,84,0.0,3.637978807091713e-12,1.0,84,,0.0,0.0,1.0,84,0.0,0.0,0.0,0.0,0.0,0.0,0.0,0.0,0.0,0.0,6.631732200427602e-14,0.0,0.0,0.0,8.526512829121202e-14,0.0,0.0,0.0,8.526512829121202e-14,8.526512829121202e-14,5.551115123125783e-17,2.3283064365386963e-10,0.0,2.7755575615628914e-17,0.0,0.0,0.0,5.551115123125783e-17,0.9515974817290409,0.5464504312890301,0.03273088793494134,0.08703322552190529,0.09346001918549324,0.0,0.0,0.0,407,0.9327464465323696,0.5273721726063394,396,0,0,0.0,0.0,560,0,0,0.3422544091320822,0.46552803594687975,472,75.37185593221562,0.9026203411728481,458.75,450.115229375541,0.6549600413874577,188,rbio,366.5925925925926,360.0,210.3588723315502,135,0.8110455588331695,0.7500562468954116,0.20725123474815782,3,141.75
coif4,1,antireflect,2.5020805325362057e-26,316.1120102729813,10497741.259243162,0.5615384615384615,448.1294586845514,108,raw,1.0621133602247322e-13,-1.1161016555405532e-10,"[2, 5, 11, 17, 22, 25, 29, 38, 44, 52, 55, 60, 65, 74, 78, 84, 89, 95, 98, 101, 105]","[37.99999999999994, 368.0000000000004, 460.9999999999999, 193.0, 951.0000000000002, 154.00000000000034, 880.9999999999999, 243.00000000000014, 491.00000000000057, 185.99999999999966, 320.9999999999999, 942.9999999999998, 810.0, 205.00000000000006, 478.0000000000002, 276.0000000000002, 347.0000000000002, 78.99999999999977, 1008.0, 114.00000000000011, 893.0]",21,5.903936817375423,295711.3783826411,0.9190901577059212,4.365923718251291e-06,0.9999999999999998,0.4907407407407407,67631.0,0.12910941990473737,0.15147910127183992,188156.12126451556,82872438.25058056,8,12069.57955741813,0.027777777777777776,"[0.0, 0.009259259259259259, 0.018518518518518517, 0.027777777777777776, 0.037037037037037035, 0.046296296296296294, 0.05555555555555555, 0.06481481481481481, 0.07407407407407407, 0.08333333333333333, 0.09259259259259259, 0.10185185185185185, 0.1111111111111111, 0.12037037037037036, 0.12962962962962962, 0.1388888888888889, 0.14814814814814814, 0.15740740740740738, 0.16666666666666666, 0.17592592592592593, 0.18518518518518517, 0.19444444444444442, 0.2037037037037037, 0.21296296296296297, 0.2222222222222222, 0.23148148148148145, 0.24074074074074073]","[67631.0, 1786.634631637002, 1155.9831840869413, 12069.57955741813, 1906.577854206841, 950.5914327636017, 9083.877197385176, 2481.2296367744843, 778.631612602946, 8965.162396385991, 2042.6423114779177, 1606.71710215415, 6927.939836298322, 1790.9411989177956, 2115.064375989651, 4469.146453396724, 811.3124818658856, 852.4454942250594, 2613.518509595828, 1125.8336361545958, 622.5282936168367, 1595.9028958466995, 1672.083632235643, 807.7671822537576, 3024.6344394117596, 842.7313814743643, 842.8235732269212]",3.0,0.3,145.15000000000006,15,0.5,1721880.1384885085,0.14445541615564295,0.12412575453778009,16430975.452705398,84089526828.82365,"[0.046875, 0.03125]",2,1721880.1384885085,0.046875,"[0.0, 0.015625, 0.03125, 0.046875, 0.0625, 0.078125, 0.09375, 0.109375, 0.125, 0.140625, 0.15625, 0.171875, 0.1875, 0.203125, 0.21875, 0.234375]","[154749.38571156556, 876106.9067082778, 1710291.3768915324, 1721880.1384885085, 1236443.3975593022, 1200279.6938555269, 1385236.6101427814, 1437054.0474222803, 1048940.2936461219, 664501.8455342904, 393060.2971508249, 165807.08106897437, 58528.06662853258, 51528.95639390746, 141871.95181127609, 339557.7347245395]",3.0,0.3,flattop,64,32,145.15000000000006,15,21,449.5238095238095,37.99999999999994,1008.0,"[2, 5, 11, 17, 22, 25, 29, 38, 44, 52, 55, 60, 65, 74, 78, 84, 89, 95, 98, 101, 105]","[37.99999999999994, 368.0000000000004, 460.9999999999999, 193.0, 951.0000000000002, 154.00000000000034, 880.9999999999999, 243.00000000000014, 491.00000000000057, 185.99999999999966, 320.9999999999999, 942.9999999999998, 810.0, 205.00000000000006, 478.0000000000002, 276.0000000000002, 347.0000000000002, 78.99999999999977, 1008.0, 114.00000000000011, 893.0]","[1, 1, 1, 15, 1, 24, 27, 35, 35, 49, 35, 35, 63, 73, 73, 73, 35, 92, 35, 99, 99]","[3, 8, 18, 18, 35, 27, 35, 39, 49, 53, 56, 73, 73, 75, 81, 85, 92, 97, 106, 102, 106]",0.05,30,52684909.0,1016.0,-1016.0,DWT,uc1.l0082987033,2.3283064365386963e-10,0.0,0.0,0.0,0.0,0.0,1.862645149230957e-09,0.0,1.0,84,0.0,0.0,1.0,84,,0.0,0.0,1.0,84,0.0,0.0,0.0,0.0,0.0,0.0,0.0,0.0,0.0,0.0,1.7729733025632976e-13,0.0,0.0,0.0,5.684341886080802e-14,0.0,0.0,0.0,5.684341886080802e-14,5.684341886080802e-14,8.326672684688674e-17,2.3283064365386963e-10,0.0,1.3877787807814457e-17,2.9103830456733704e-11,0.0,0.0,2.7755575615628914e-17,0.9044847346321675,0.5889697452347736,0.13281178568319998,0.4801890846583586,0.5619391333662562,0.0,0.0,0.0,504,1.320432893448133,0.7465689806564714,62,0,0,0.0,0.0,497,0,0,0.5336788967149513,0.7259000380565747,57,254.63568747002714,0.6710133236821355,280.0,106.18785479562135,0.6546281088694915,189,coif,217.80246913580248,181.0,166.32516494453617,81,0.48186386976947454,0.5930495234160287,0.4847804341365592,1,142.0
sym13,1,periodic,6.179432789314434e-22,272.18553698192875,10920349.829942247,0.5606060606060606,348.15077739670613,108,raw,1.9899900657357516e-11,-1.1166645386251953e-10,"[2, 5, 11, 17, 22, 25, 29, 38, 44, 52, 55, 60, 65, 74, 78, 84, 89, 95, 98, 101, 105]","[37.999999999989086, 367.9999999999501, 460.99999999996186, 192.99999999997533, 950.999999999937, 153.99999999997215, 880.999999999897, 242.9999999999739, 490.99999999995237, 185.99999999998147, 320.9999999999559, 942.9999999999561, 809.9999999999056, 204.99999999998138, 477.9999999999512, 275.9999999999791, 346.99999999996476, 78.9999999999983, 1007.9999999999375, 113.9999999999817, 892.9999999998823]",21,5.875962074944783,101441.95803052027,0.8068788576550174,4.365923718252041e-06,1.0,0.4907407407407407,67631.0,0.12910941990473263,0.15147910127184,188156.12126450552,82872438.25058043,8,12069.579557417934,0.027777777777777776,"[0.0, 0.009259259259259259, 0.018518518518518517, 0.027777777777777776, 0.037037037037037035, 0.046296296296296294, 0.05555555555555555, 0.06481481481481481, 0.07407407407407407, 0.08333333333333333, 0.09259259259259259, 0.10185185185185185, 0.1111111111111111, 0.12037037037037036, 0.12962962962962962, 0.1388888888888889, 0.14814814814814814, 0.15740740740740738, 0.16666666666666666, 0.17592592592592593, 0.18518518518518517, 0.19444444444444442, 0.2037037037037037, 0.21296296296296297, 0.2222222222222222, 0.23148148148148145, 0.24074074074074073]","[67631.0, 1786.6346316369968, 1155.9831840869276, 12069.579557417934, 1906.5778542067912, 950.5914327635631, 9083.877197384687, 2481.229636774318, 778.6316126028812, 8965.162396385196, 2042.6423114777176, 1606.7171021539825, 6927.93983629756, 1790.9411989175883, 2115.064375989404, 4469.146453396199, 811.3124818657911, 852.4454942249581, 2613.518509595523, 1125.8336361544634, 622.5282936167633, 1595.902895846511, 1672.0836322354498, 807.767182253663, 3024.634439411406, 842.7313814742681, 842.8235732268206]",3.0,0.3,145.15000000002814,15,0.5,1721880.138488394,0.14445541615563853,0.12412575453778087,16430975.452702835,84089526828.80305,"[0.046875, 0.03125]",2,1721880.138488394,0.046875,"[0.0, 0.015625, 0.03125, 0.046875, 0.0625, 0.078125, 0.09375, 0.109375, 0.125, 0.140625, 0.15625, 0.171875, 0.1875, 0.203125, 0.21875, 0.234375]","[154749.38571156267, 876106.9067082386, 1710291.3768914305, 1721880.138488394, 1236443.3975591674, 1200279.6938553299, 1385236.610142515, 1437054.0474219872, 1048940.2936458942, 664501.8455341395, 393060.29715073423, 165807.08106893592, 58528.0666285191, 51528.95639389562, 141871.95181124317, 339557.73472446087]",3.0,0.3,flattop,64,32,145.15000000002814,15,21,449.52380952376586,37.999999999989086,1007.9999999999375,"[2, 5, 11, 17, 22, 25, 29, 38, 44, 52, 55, 60, 65, 74, 78, 84, 89, 95, 98, 101, 105]","[37.999999999989086, 367.9999999999501, 460.99999999996186, 192.99999999997533, 950.999999999937, 153.99999999997215, 880.999999999897, 242.9999999999739, 490.99999999995237, 185.99999999998147, 320.9999999999559, 942.9999999999561, 809.9999999999056, 204.99999999998138, 477.9999999999512, 275.9999999999791, 346.99999999996476, 78.9999999999983, 1007.9999999999375, 113.9999999999817, 892.9999999998823]","[1, 1, 1, 15, 1, 24, 27, 35, 35, 49, 35, 35, 63, 73, 73, 73, 35, 92, 35, 99, 99]","[3, 8, 18, 18, 35, 27, 35, 39, 49, 53, 56, 73, 73, 75, 81, 85, 92, 97, 106, 102, 106]",0.05,30,52684908.999998555,1015.999999999982,-1015.999999999982,DWT,uc1.l0082987033,1.1478550732135773e-07,0.0,4.3655745685100555e-11,1.341104507446289e-07,0.0,6.252776074688882e-11,2.564862370491028e-06,1.7962520360015333e-11,1.0,84,0.0,1.964508555829525e-10,1.0,84,,0.0,0.0,1.0,84,0.0,0.0,1.4454126358032227e-06,0.020599365234375,0.0,0.0,0.0,0.0,4.3655745685100555e-11,9.167706593871117e-10,4.3611082998852775e-11,0.0,1.7962520360015333e-11,0.0,2.8137492336099967e-11,0.0,0.0,0.0,2.8137492336099967e-11,1.0913936421275139e-11,4.829470157119431e-15,1.1478550732135773e-07,8.326672684688674e-17,7.91033905045424e-16,1.0011717677116394e-08,0.0,0.0,4.385380947269368e-15,0.4535060421187456,0.5531244916058771,0.17380632418675618,0.46978161503301125,0.03607073512047823,0.00608360249615855,0.003041801248079275,0.00608360249615855,186,0.8379099732289597,0.47375190189474603,537,0,0,0.00608360249615855,0.00608360249615855,188,0,0,0.3372578416129737,0.4587317984066676,484,188.02371304350595,0.7570753061453411,348.75,273.52660229728974,0.653246955398252,190,sym,445.72514619883043,505.0,280.45746329325993,171,0.986117580085908,1.0,0.009717693939864401,6,144.0
coif6,1,antireflect,4.4563044706640596e-26,313.60527455449903,11157752.33413949,0.5563380281690141,445.1393572424228,108,raw,1.5927999659955575e-13,-1.2026157847344685e-10,"[2, 5, 11, 17, 22, 25, 29, 38, 44, 52, 55, 60, 65, 74, 78, 84, 89, 95, 98, 101, 105]","[38.00000000000003, 368.00000000000045, 460.99999999999994, 193.0000000000001, 951.0, 153.99999999999966, 881.0000000000001, 243.0, 491.0000000000002, 185.9999999999999, 321.0000000000001, 943.0000000000001, 810.0000000000005, 205.00000000000014, 478.0, 276.00000000000034, 347.0, 79.00000000000034, 1008.0, 114.0, 893.0000000000001]",21,6.041212847486374,362713.9823880857,0.9379253163121641,4.36592371825129e-06,0.9999999999999998,0.4907407407407407,67631.0,0.1291094199047374,0.15147910127183992,188156.1212645156,82872438.25058058,8,12069.579557418136,0.027777777777777776,"[0.0, 0.009259259259259259, 0.018518518518518517, 0.027777777777777776, 0.037037037037037035, 0.046296296296296294, 0.05555555555555555, 0.06481481481481481, 0.07407407407407407, 0.08333333333333333, 0.09259259259259259, 0.10185185185185185, 0.1111111111111111, 0.12037037037037036, 0.12962962962962962, 0.1388888888888889, 0.14814814814814814, 0.15740740740740738, 0.16666666666666666, 0.17592592592592593, 0.18518518518518517, 0.19444444444444442, 0.2037037037037037, 0.21296296296296297, 0.2222222222222222, 0.23148148148148145, 0.24074074074074073]","[67631.0, 1786.634631637, 1155.9831840869429, 12069.579557418136, 1906.5778542068447, 950.591432763601, 9083.877197385178, 2481.229636774485, 778.6316126029513, 8965.162396385995, 2042.6423114779157, 1606.7171021541499, 6927.939836298327, 1790.9411989177931, 2115.0643759896493, 4469.146453396726, 811.3124818658863, 852.4454942250564, 2613.5185095958327, 1125.8336361545962, 622.5282936168379, 1595.9028958466972, 1672.0836322356427, 807.7671822537583, 3024.634439411759, 842.7313814743636, 842.823573226921]",3.0,0.3,145.14999999999998,15,0.5,1721880.138488509,0.14445541615564295,0.12412575453778006,16430975.45270541,84089526828.82382,"[0.046875, 0.03125]",2,1721880.138488509,0.046875,"[0.0, 0.015625, 0.03125, 0.046875, 0.0625, 0.078125, 0.09375, 0.109375, 0.125, 0.140625, 0.15625, 0.171875, 0.1875, 0.203125, 0.21875, 0.234375]","[154749.38571156512, 876106.9067082778, 1710291.376891533, 1721880.138488509, 1236443.3975593033, 1200279.6938555278, 1385236.6101427833, 1437054.0474222824, 1048940.2936461235, 664501.8455342916, 393060.2971508256, 165807.0810689748, 58528.066628532746, 51528.956393907545, 141871.9518112762, 339557.7347245398]",3.0,0.3,flattop,64,32,145.14999999999998,15,21,449.52380952380963,38.00000000000003,1008.0,"[2, 5, 11, 17, 22, 25, 29, 38, 44, 52, 55, 60, 65, 74, 78, 84, 89, 95, 98, 101, 105]","[38.00000000000003, 368.00000000000045, 460.99999999999994, 193.0000000000001, 951.0, 153.99999999999966, 881.0000000000001, 243.0, 491.0000000000002, 185.9999999999999, 321.0000000000001, 943.0000000000001, 810.0000000000005, 205.00000000000014, 478.0, 276.00000000000034, 347.0, 79.00000000000034, 1008.0, 114.0, 893.0000000000001]","[1, 1, 1, 15, 1, 24, 27, 35, 35, 49, 35, 35, 63, 73, 73, 73, 35, 92, 35, 99, 99]","[3, 8, 18, 18, 35, 27, 35, 39, 49, 53, 56, 73, 73, 75, 81, 85, 92, 97, 106, 102, 106]",0.05,30,52684909.0,1016.0000000000001,-1016.0000000000001,DWT,uc1.l0082987033,2.3283064365386963e-10,0.0,1.1368683772161603e-13,1.4901161193847656e-08,0.0,0.0,9.313225746154785e-09,1.1368683772161603e-13,1.0,84,0.0,5.4569682106375694e-12,1.0,84,,0.0,0.0,1.0,84,0.0,0.0,0.0,0.0001678466796875,0.0,0.0,0.0,0.0,1.1368683772161603e-13,1.8189894035458565e-12,1.4616879135636343e-13,0.0,1.1368683772161603e-13,0.0,2.842170943040401e-14,0.0,0.0,0.0,2.842170943040401e-14,2.842170943040401e-14,5.551115123125783e-17,2.3283064365386963e-10,0.0,1.3877787807814457e-17,5.820766091346741e-11,0.0,0.0,2.7755575615628914e-17,0.8787489012701912,0.764867490448884,0.19683521374064147,0.4221417892831857,0.7433086560774234,0.0,0.0,0.0,509,1.474280871001121,0.8335541870593938,29,0,0,0.0,0.0,494,0,0,0.6011804101640652,0.8177143321633917,27,273.4451498929904,0.6467116926447152,264.75,52.97401153277625,0.6523287145394119,191,coif,217.80246913580248,181.0,166.32516494453617,81,0.48186386976947454,0.5930495234160287,0.4847804341365592,1,143.5
coif6,1,periodic,4.4791639066731304e-26,313.5830535624764,11800285.480778286,0.5563380281690141,431.24450877297437,108,raw,1.4789815462858385e-13,-1.1947998146411072e-10,"[2, 5, 11, 17, 22, 25, 29, 38, 44, 52, 55, 60, 65, 74, 78, 84, 89, 95, 98, 101, 105]","[37.99999999999986, 368.0000000000006, 460.99999999999983, 193.00000000000017, 951.0, 153.99999999999966, 881.0000000000002, 243.0, 491.0000000000002, 185.9999999999999, 321.0000000000001, 943.0000000000001, 810.0000000000005, 205.00000000000014, 477.9999999999999, 276.0000000000002, 347.0000000000001, 79.00000000000034, 1008.0000000000001, 114.0, 893.0000000000003]",21,6.028993439829694,98528.48783464218,0.7669943590280822,4.36592371825129e-06,0.9999999999999998,0.4907407407407407,67631.0,0.12910941990473737,0.1514791012718399,188156.12126451562,82872438.25058058,8,12069.579557418134,0.027777777777777776,"[0.0, 0.009259259259259259, 0.018518518518518517, 0.027777777777777776, 0.037037037037037035, 0.046296296296296294, 0.05555555555555555, 0.06481481481481481, 0.07407407407407407, 0.08333333333333333, 0.09259259259259259, 0.10185185185185185, 0.1111111111111111, 0.12037037037037036, 0.12962962962962962, 0.1388888888888889, 0.14814814814814814, 0.15740740740740738, 0.16666666666666666, 0.17592592592592593, 0.18518518518518517, 0.19444444444444442, 0.2037037037037037, 0.21296296296296297, 0.2222222222222222, 0.23148148148148145, 0.24074074074074073]","[67631.0, 1786.634631637, 1155.9831840869426, 12069.579557418134, 1906.5778542068454, 950.5914327636002, 9083.87719738518, 2481.229636774485, 778.6316126029508, 8965.162396385993, 2042.6423114779154, 1606.71710215415, 6927.939836298326, 1790.9411989177931, 2115.064375989648, 4469.146453396727, 811.3124818658863, 852.4454942250567, 2613.5185095958336, 1125.8336361545964, 622.5282936168386, 1595.9028958466956, 1672.0836322356417, 807.7671822537573, 3024.634439411758, 842.7313814743641, 842.8235732269203]",3.0,0.3,145.15000000000015,15,0.5,1721880.1384885097,0.14445541615564292,0.12412575453778005,16430975.45270541,84089526828.82384,"[0.046875, 0.03125]",2,1721880.1384885097,0.046875,"[0.0, 0.015625, 0.03125, 0.046875, 0.0625, 0.078125, 0.09375, 0.109375, 0.125, 0.140625, 0.15625, 0.171875, 0.1875, 0.203125, 0.21875, 0.234375]","[154749.3857115651, 876106.9067082778, 1710291.376891533, 1721880.1384885097, 1236443.3975593033, 1200279.693855528, 1385236.6101427833, 1437054.0474222829, 1048940.2936461233, 664501.8455342917, 393060.2971508256, 165807.08106897472, 58528.066628532746, 51528.956393907545, 141871.9518112762, 339557.73472453974]",3.0,0.3,flattop,64,32,145.15000000000015,15,21,449.52380952380963,37.99999999999986,1008.0000000000001,"[2, 5, 11, 17, 22, 25, 29, 38, 44, 52, 55, 60, 65, 74, 78, 84, 89, 95, 98, 101, 105]","[37.99999999999986, 368.0000000000006, 460.99999999999983, 193.00000000000017, 951.0, 153.99999999999966, 881.0000000000002, 243.0, 491.0000000000002, 185.9999999999999, 321.0000000000001, 943.0000000000001, 810.0000000000005, 205.00000000000014, 477.9999999999999, 276.0000000000002, 347.0000000000001, 79.00000000000034, 1008.0000000000001, 114.0, 893.0000000000003]","[1, 1, 1, 15, 1, 24, 27, 35, 35, 49, 35, 35, 63, 73, 73, 73, 35, 92, 35, 99, 99]","[3, 8, 18, 18, 35, 27, 35, 39, 49, 53, 56, 73, 73, 75, 81, 85, 92, 97, 106, 102, 106]",0.05,30,52684909.0,1016.0000000000001,-1016.0000000000001,DWT,uc1.l0082987033,9.313225746154785e-10,0.0,1.1368683772161603e-13,1.4901161193847656e-08,0.0,1.1368683772161603e-13,9.313225746154785e-09,1.1368683772161603e-13,1.0,84,0.0,3.637978807091713e-12,1.0,84,,0.0,0.0,1.0,84,0.0,0.0,0.0,0.00018310546875,0.0,0.0,0.0,0.0,1.1368683772161603e-13,1.8189894035458565e-12,1.9489172180848459e-13,0.0,1.1368683772161603e-13,0.0,1.4210854715202004e-13,0.0,0.0,0.0,1.4210854715202004e-13,1.4210854715202004e-13,8.326672684688674e-17,9.313225746154785e-10,2.7755575615628914e-17,2.7755575615628914e-17,8.731149137020111e-11,0.0,0.0,0.0,0.8785207656340266,0.7492102322012144,0.25916322042569917,0.4221417892831857,0.02818425508431901,0.0,0.0,0.0,508,1.2114296034408747,0.6849388323068557,110,0,0,0.0,0.0,510,0,0,0.467444052525689,0.6358086437488525,133,223.92167529443563,0.7106955099555095,315.25,194.7515021879317,0.6516978841767211,192,coif,217.80246913580248,181.0,166.32516494453617,81,0.48186386976947454,0.5930495234160287,0.4847804341365592,1,144.25
bior1.5,1,zero,2.517921297769102e-26,316.08460159865587,9495455.80148635,0.5603448275862069,278.2444661299595,108,raw,1.1829220730524636e-13,-1.2116874170686804e-10,"[2, 5, 11, 17, 22, 25, 29, 38, 44, 52, 55, 60, 65, 74, 78, 84, 89, 95, 98, 101, 105]","[38.0, 368.00000000000006, 460.9999999999999, 193.0, 951.0000000000003, 154.0000000000001, 881.0000000000002, 243.00000000000006, 491.0, 186.0, 321.0, 943.0, 810.0, 205.0, 478.0, 276.0, 346.9999999999999, 79.00000000000023, 1008.0000000000001, 114.00000000000023, 893.0]",21,5.5611229148578385,115114.96313772305,0.8747749257966928,4.36592371825129e-06,1.0,0.4907407407407407,67631.00000000003,0.1291094199047374,0.15147910127183992,188156.1212645156,82872438.25058065,8,12069.579557418137,0.027777777777777776,"[0.0, 0.009259259259259259, 0.018518518518518517, 0.027777777777777776, 0.037037037037037035, 0.046296296296296294, 0.05555555555555555, 0.06481481481481481, 0.07407407407407407, 0.08333333333333333, 0.09259259259259259, 0.10185185185185185, 0.1111111111111111, 0.12037037037037036, 0.12962962962962962, 0.1388888888888889, 0.14814814814814814, 0.15740740740740738, 0.16666666666666666, 0.17592592592592593, 0.18518518518518517, 0.19444444444444442, 0.2037037037037037, 0.21296296296296297, 0.2222222222222222, 0.23148148148148145, 0.24074074074074073]","[67631.00000000003, 1786.6346316369982, 1155.9831840869385, 12069.579557418137, 1906.5778542068433, 950.5914327635998, 9083.87719738518, 2481.2296367744834, 778.6316126029446, 8965.162396385995, 2042.6423114779182, 1606.7171021541506, 6927.939836298324, 1790.941198917794, 2115.0643759896493, 4469.146453396722, 811.3124818658853, 852.4454942250561, 2613.5185095958273, 1125.8336361545937, 622.5282936168372, 1595.9028958466993, 1672.083632235641, 807.7671822537571, 3024.6344394117605, 842.7313814743675, 842.8235732269209]",3.0,0.3,145.15000000000003,15,0.5,1721880.1384885097,0.14445541615564295,0.1241257545377801,16430975.452705406,84089526828.82378,"[0.046875, 0.03125]",2,1721880.1384885097,0.046875,"[0.0, 0.015625, 0.03125, 0.046875, 0.0625, 0.078125, 0.09375, 0.109375, 0.125, 0.140625, 0.15625, 0.171875, 0.1875, 0.203125, 0.21875, 0.234375]","[154749.38571156553, 876106.9067082782, 1710291.3768915334, 1721880.1384885097, 1236443.3975593033, 1200279.6938555276, 1385236.6101427823, 1437054.047422281, 1048940.2936461223, 664501.8455342907, 393060.2971508252, 165807.08106897445, 58528.0666285326, 51528.95639390751, 141871.9518112762, 339557.7347245397]",3.0,0.3,flattop,64,32,145.15000000000003,15,21,449.52380952380963,38.0,1008.0000000000001,"[2, 5, 11, 17, 22, 25, 29, 38, 44, 52, 55, 60, 65, 74, 78, 84, 89, 95, 98, 101, 105]","[38.0, 368.00000000000006, 460.9999999999999, 193.0, 951.0000000000003, 154.0000000000001, 881.0000000000002, 243.00000000000006, 491.0, 186.0, 321.0, 943.0, 810.0, 205.0, 478.0, 276.0, 346.9999999999999, 79.00000000000023, 1008.0000000000001, 114.00000000000023, 893.0]","[1, 1, 1, 15, 1, 24, 27, 35, 35, 49, 35, 35, 63, 73, 73, 73, 35, 92, 35, 99, 99]","[3, 8, 18, 18, 35, 27, 35, 39, 49, 53, 56, 73, 73, 75, 81, 85, 92, 97, 106, 102, 106]",0.05,30,52684909.00000001,1016.0000000000001,-1016.0000000000001,DWT,uc1.l0082987033,9.313225746154785e-10,0.0,1.1368683772161603e-13,8.940696716308594e-08,0.0,1.1368683772161603e-13,5.587935447692871e-09,1.1368683772161603e-13,1.0,84,0.0,7.275957614183426e-12,1.0,84,,0.0,0.0,1.0,84,0.0,0.0,7.450580596923828e-09,0.0001220703125,2.9103830456733704e-11,0.0,0.0,0.0,1.1368683772161603e-13,1.8189894035458565e-12,7.579122514774403e-14,0.0,1.1368683772161603e-13,0.0,2.842170943040401e-14,0.0,0.0,0.0,2.842170943040401e-14,0.0,5.551115123125783e-17,9.313225746154785e-10,0.0,2.7755575615628914e-17,5.820766091346741e-11,0.0,0.0,2.7755575615628914e-17,0.9042033387634641,0.14970738871006659,0.03558652183775228,0.4668657291465995,0.0730822281382602,3.135877575339459e-05,1.5679387876697293e-05,3.135877575339459e-05,298,0.8511481414459318,0.4812367243348286,518,0,0,3.135877575339459e-05,3.135877575339459e-05,303,0,0,0.3258890413192285,0.4432681692156204,528,128.54149783889508,0.8339257133864404,411.75,381.6620522621314,0.650974484600197,193,bior,385.74074074074076,410.0,199.97417605530825,135,0.8534087184529663,0.7130285416801533,0.18870533457887761,4,145.75
rbio3.3,1,periodic,8.641503743567164e-27,320.7291298875998,9470350.99266604,0.5263157894736842,548.6344486917792,108,raw,5.6366434153931977e-14,-1.1074330341642799e-10,"[2, 5, 11, 17, 22, 25, 29, 38, 44, 52, 55, 60, 65, 74, 78, 84, 89, 95, 98, 101, 105]","[37.999999999999915, 368.0, 461.0000000000001, 192.99999999999994, 951.0, 154.0, 881.0, 242.99999999999994, 491.00000000000017, 185.9999999999999, 321.0, 943.0, 810.0000000000002, 205.0, 478.0, 275.9999999999999, 346.9999999999998, 79.0, 1008.0, 113.99999999999989, 892.9999999999999]",21,5.881555440184032,124174.6041403665,0.5630882818503358,4.365923718251291e-06,1.0,0.4907407407407407,67631.0,0.1291094199047374,0.15147910127183992,188156.12126451553,82872438.25058056,8,12069.579557418134,0.027777777777777776,"[0.0, 0.009259259259259259, 0.018518518518518517, 0.027777777777777776, 0.037037037037037035, 0.046296296296296294, 0.05555555555555555, 0.06481481481481481, 0.07407407407407407, 0.08333333333333333, 0.09259259259259259, 0.10185185185185185, 0.1111111111111111, 0.12037037037037036, 0.12962962962962962, 0.1388888888888889, 0.14814814814814814, 0.15740740740740738, 0.16666666666666666, 0.17592592592592593, 0.18518518518518517, 0.19444444444444442, 0.2037037037037037, 0.21296296296296297, 0.2222222222222222, 0.23148148148148145, 0.24074074074074073]","[67631.0, 1786.6346316370007, 1155.9831840869383, 12069.579557418134, 1906.5778542068435, 950.591432763602, 9083.877197385176, 2481.2296367744852, 778.6316126029441, 8965.162396385991, 2042.6423114779172, 1606.71710215415, 6927.939836298324, 1790.9411989177927, 2115.0643759896493, 4469.146453396725, 811.3124818658866, 852.4454942250594, 2613.518509595828, 1125.833636154594, 622.5282936168356, 1595.902895846697, 1672.0836322356427, 807.7671822537562, 3024.63443941176, 842.7313814743661, 842.8235732269211]",3.0,0.3,145.1500000000001,15,0.5,1721880.1384885085,0.14445541615564297,0.1241257545377801,16430975.4527054,84089526828.82365,"[0.046875, 0.03125]",2,1721880.1384885085,0.046875,"[0.0, 0.015625, 0.03125, 0.046875, 0.0625, 0.078125, 0.09375, 0.109375, 0.125, 0.140625, 0.15625, 0.171875, 0.1875, 0.203125, 0.21875, 0.234375]","[154749.3857115655, 876106.906708278, 1710291.376891532, 1721880.1384885085, 1236443.3975593026, 1200279.6938555266, 1385236.6101427814, 1437054.047422281, 1048940.2936461219, 664501.8455342904, 393060.29715082515, 165807.0810689745, 58528.066628532586, 51528.956393907545, 141871.95181127626, 339557.73472454003]",3.0,0.3,flattop,64,32,145.1500000000001,15,21,449.5238095238095,37.999999999999915,1008.0,"[2, 5, 11, 17, 22, 25, 29, 38, 44, 52, 55, 60, 65, 74, 78, 84, 89, 95, 98, 101, 105]","[37.999999999999915, 368.0, 461.0000000000001, 192.99999999999994, 951.0, 154.0, 881.0, 242.99999999999994, 491.00000000000017, 185.9999999999999, 321.0, 943.0, 810.0000000000002, 205.0, 478.0, 275.9999999999999, 346.9999999999998, 79.0, 1008.0, 113.99999999999989, 892.9999999999999]","[1, 1, 1, 15, 1, 24, 27, 35, 35, 49, 35, 35, 63, 73, 73, 73, 35, 92, 35, 99, 99]","[3, 8, 18, 18, 35, 27, 35, 39, 49, 53, 56, 73, 73, 75, 81, 85, 92, 97, 106, 102, 106]",0.05,30,52684909.0,1016.0,-1016.0,DWT,uc1.l0082987033,2.3283064365386963e-10,0.0,0.0,0.0,0.0,0.0,0.0,0.0,1.0,84,0.0,3.637978807091713e-12,1.0,84,,0.0,0.0,1.0,84,0.0,0.0,0.0,0.0,0.0,0.0,0.0,0.0,0.0,0.0,6.631732200427602e-14,0.0,0.0,0.0,8.526512829121202e-14,0.0,0.0,0.0,8.526512829121202e-14,8.526512829121202e-14,5.551115123125783e-17,2.3283064365386963e-10,0.0,2.7755575615628914e-17,0.0,0.0,0.0,5.551115123125783e-17,0.9518871872074545,0.5602915136486012,0.03315126585109256,0.08703322552190529,0.09760579388580103,0.0,0.0,0.0,406,0.9417093098374022,0.5324397498793713,381,0,0,0.0,0.0,575,0,0,0.34599379722297097,0.47061428157921226,461,86.23755948927744,0.8885819644841376,455.75,444.63939733182195,0.6498788375392264,194,rbio,366.5925925925926,360.0,210.3588723315502,135,0.8110455588331695,0.7500562468954116,0.20725123474815782,3,146.25
db15,1,periodic,2.0087320353983335e-26,317.0658030539928,11622481.522588106,0.5441176470588235,410.6783513321139,108,raw,1.0368660662573304e-13,-1.0684497731006171e-10,"[2, 5, 11, 17, 22, 25, 29, 38, 44, 52, 55, 60, 65, 74, 78, 84, 89, 95, 98, 101, 105]","[37.99999999999986, 367.99999999999966, 460.9999999999998, 193.0000000000001, 950.9999999999998, 154.00000000000034, 881.0000000000001, 242.99999999999991, 490.99999999999994, 185.99999999999977, 321.0, 943.0000000000002, 810.0, 205.0, 478.0, 275.9999999999999, 347.0000000000001, 78.99999999999977, 1007.9999999999999, 113.99999999999977, 892.9999999999995]",21,5.915542117183508,98145.32512483865,0.8176349979486839,4.3659237182512925e-06,0.9999999999999998,0.4907407407407407,67631.0,0.1291094199047374,0.15147910127183992,188156.12126451553,82872438.25058056,8,12069.579557418134,0.027777777777777776,"[0.0, 0.009259259259259259, 0.018518518518518517, 0.027777777777777776, 0.037037037037037035, 0.046296296296296294, 0.05555555555555555, 0.06481481481481481, 0.07407407407407407, 0.08333333333333333, 0.09259259259259259, 0.10185185185185185, 0.1111111111111111, 0.12037037037037036, 0.12962962962962962, 0.1388888888888889, 0.14814814814814814, 0.15740740740740738, 0.16666666666666666, 0.17592592592592593, 0.18518518518518517, 0.19444444444444442, 0.2037037037037037, 0.21296296296296297, 0.2222222222222222, 0.23148148148148145, 0.24074074074074073]","[67631.0, 1786.6346316370013, 1155.98318408694, 12069.579557418134, 1906.577854206845, 950.5914327636004, 9083.877197385176, 2481.2296367744834, 778.6316126029466, 8965.16239638599, 2042.642311477916, 1606.7171021541465, 6927.93983629832, 1790.9411989177936, 2115.0643759896484, 4469.1464533967255, 811.3124818658869, 852.445494225058, 2613.51850959583, 1125.8336361545933, 622.5282936168386, 1595.9028958466977, 1672.0836322356417, 807.7671822537579, 3024.634439411758, 842.7313814743666, 842.8235732269195]",3.0,0.3,145.15000000000015,15,0.5,1721880.1384885088,0.14445541615564295,0.12412575453778009,16430975.452705398,84089526828.82367,"[0.046875, 0.03125]",2,1721880.1384885088,0.046875,"[0.0, 0.015625, 0.03125, 0.046875, 0.0625, 0.078125, 0.09375, 0.109375, 0.125, 0.140625, 0.15625, 0.171875, 0.1875, 0.203125, 0.21875, 0.234375]","[154749.38571156558, 876106.906708278, 1710291.3768915327, 1721880.1384885088, 1236443.3975593026, 1200279.6938555266, 1385236.610142781, 1437054.04742228, 1048940.2936461219, 664501.8455342907, 393060.29715082515, 165807.0810689746, 58528.06662853267, 51528.95639390755, 141871.9518112762, 339557.7347245398]",3.0,0.3,flattop,64,32,145.15000000000015,15,21,449.52380952380946,37.99999999999986,1007.9999999999999,"[2, 5, 11, 17, 22, 25, 29, 38, 44, 52, 55, 60, 65, 74, 78, 84, 89, 95, 98, 101, 105]","[37.99999999999986, 367.99999999999966, 460.9999999999998, 193.0000000000001, 950.9999999999998, 154.00000000000034, 881.0000000000001, 242.99999999999991, 490.99999999999994, 185.99999999999977, 321.0, 943.0000000000002, 810.0, 205.0, 478.0, 275.9999999999999, 347.0000000000001, 78.99999999999977, 1007.9999999999999, 113.99999999999977, 892.9999999999995]","[1, 1, 1, 15, 1, 24, 27, 35, 35, 49, 35, 35, 63, 73, 73, 73, 35, 92, 35, 99, 99]","[3, 8, 18, 18, 35, 27, 35, 39, 49, 53, 56, 73, 73, 75, 81, 85, 92, 97, 106, 102, 106]",0.05,30,52684909.0,1016.0,-1016.0,DWT,uc1.l0082987033,0.0,0.0,5.684341886080802e-14,0.0,0.0,1.1368683772161603e-13,1.862645149230957e-09,0.0,1.0,84,0.0,3.637978807091713e-12,1.0,84,,0.0,0.0,1.0,84,0.0,0.0,0.0,1.52587890625e-05,0.0,0.0,0.0,0.0,5.684341886080802e-14,1.8189894035458565e-12,1.5970293870417486e-13,0.0,0.0,0.0,1.4210854715202004e-13,0.0,0.0,0.0,1.4210854715202004e-13,1.4210854715202004e-13,5.551115123125783e-17,0.0,0.0,1.3877787807814457e-17,0.0,0.0,0.0,2.7755575615628914e-17,0.9142770122516166,0.6038401203987839,0.24191560238034224,0.28573775879066676,0.027147070950518243,0.0,0.0,0.0,616,1.096598000637007,0.6200133725748124,170,0,0,0.0,0.0,365,0,0,0.41458351295438556,0.5639087280454306,221,199.85494739935763,0.7417894736442407,343.0,270.8129488659046,0.6493185094319395,195,db,413.2962962962963,398.0,188.41229481502944,243,0.9143723369387087,0.671803462110104,0.15839832550987273,5,147.5
db13,1,antireflect,1.8435065796533208e-26,317.4385761919808,10274417.18598082,0.5757575757575758,512.4819786221767,108,raw,1.016306380616125e-13,-1.1360845597607819e-10,"[2, 5, 11, 17, 22, 25, 29, 38, 44, 52, 55, 60, 65, 74, 78, 84, 89, 95, 98, 101, 105]","[38.00000000000006, 368.00000000000034, 461.0000000000002, 193.0, 951.0000000000002, 154.0000000000001, 881.0, 243.00000000000006, 490.9999999999999, 186.0, 320.99999999999966, 943.0, 810.0, 205.00000000000006, 478.0, 276.0, 347.0000000000002, 79.00000000000034, 1008.0000000000002, 114.00000000000011, 893.0]",21,5.94992512509127,287875.41534025886,0.9186683005673697,4.365923718251291e-06,1.0,0.4907407407407407,67631.0,0.12910941990473743,0.15147910127183992,188156.12126451556,82872438.25058056,8,12069.579557418134,0.027777777777777776,"[0.0, 0.009259259259259259, 0.018518518518518517, 0.027777777777777776, 0.037037037037037035, 0.046296296296296294, 0.05555555555555555, 0.06481481481481481, 0.07407407407407407, 0.08333333333333333, 0.09259259259259259, 0.10185185185185185, 0.1111111111111111, 0.12037037037037036, 0.12962962962962962, 0.1388888888888889, 0.14814814814814814, 0.15740740740740738, 0.16666666666666666, 0.17592592592592593, 0.18518518518518517, 0.19444444444444442, 0.2037037037037037, 0.21296296296296297, 0.2222222222222222, 0.23148148148148145, 0.24074074074074073]","[67631.0, 1786.634631637002, 1155.983184086939, 12069.579557418134, 1906.5778542068429, 950.5914327636015, 9083.877197385178, 2481.2296367744857, 778.6316126029458, 8965.162396385991, 2042.6423114779188, 1606.7171021541485, 6927.939836298324, 1790.9411989177927, 2115.064375989647, 4469.146453396725, 811.3124818658855, 852.4454942250568, 2613.5185095958277, 1125.833636154597, 622.528293616838, 1595.9028958466981, 1672.0836322356433, 807.7671822537558, 3024.6344394117596, 842.7313814743644, 842.8235732269189]",3.0,0.3,145.14999999999995,15,0.5,1721880.1384885083,0.14445541615564292,0.12412575453778008,16430975.452705402,84089526828.82367,"[0.046875, 0.03125]",2,1721880.1384885083,0.046875,"[0.0, 0.015625, 0.03125, 0.046875, 0.0625, 0.078125, 0.09375, 0.109375, 0.125, 0.140625, 0.15625, 0.171875, 0.1875, 0.203125, 0.21875, 0.234375]","[154749.3857115655, 876106.9067082782, 1710291.376891533, 1721880.1384885083, 1236443.3975593017, 1200279.6938555264, 1385236.6101427819, 1437054.0474222812, 1048940.2936461228, 664501.8455342911, 393060.29715082527, 165807.08106897454, 58528.06662853261, 51528.95639390753, 141871.95181127632, 339557.7347245401]",3.0,0.3,flattop,64,32,145.14999999999995,15,21,449.52380952380963,38.00000000000006,1008.0000000000002,"[2, 5, 11, 17, 22, 25, 29, 38, 44, 52, 55, 60, 65, 74, 78, 84, 89, 95, 98, 101, 105]","[38.00000000000006, 368.00000000000034, 461.0000000000002, 193.0, 951.0000000000002, 154.0000000000001, 881.0, 243.00000000000006, 490.9999999999999, 186.0, 320.99999999999966, 943.0, 810.0, 205.00000000000006, 478.0, 276.0, 347.0000000000002, 79.00000000000034, 1008.0000000000002, 114.00000000000011, 893.0]","[1, 1, 1, 15, 1, 24, 27, 35, 35, 49, 35, 35, 63, 73, 73, 73, 35, 92, 35, 99, 99]","[3, 8, 18, 18, 35, 27, 35, 39, 49, 53, 56, 73, 73, 75, 81, 85, 92, 97, 106, 102, 106]",0.05,30,52684909.0,1016.0000000000002,-1016.0000000000002,DWT,uc1.l0082987033,4.656612873077393e-10,0.0,1.1368683772161603e-13,0.0,0.0,2.2737367544323206e-13,1.862645149230957e-09,2.2737367544323206e-13,1.0,84,0.0,3.637978807091713e-12,1.0,84,,0.0,0.0,1.0,84,0.0,0.0,0.0,1.52587890625e-05,0.0,0.0,0.0,0.0,1.1368683772161603e-13,1.8189894035458565e-12,1.163936671911783e-13,0.0,2.2737367544323206e-13,0.0,5.684341886080802e-14,0.0,0.0,0.0,5.684341886080802e-14,5.684341886080802e-14,2.7755575615628914e-17,4.656612873077393e-10,0.0,0.0,2.9103830456733704e-11,0.0,0.0,0.0,0.9181041517822606,0.6478965631715407,0.11114855413780161,0.6389029964448965,0.540727944665833,0.0,0.0,0.0,556,1.4022374261683193,0.7928210294421579,42,0,0,0.0,0.0,452,0,0,0.5713560420404665,0.7771477853330848,38,271.2391318867296,0.6495618451075845,272.0,73.88762574533494,0.6490703282385468,196,db,413.2962962962963,398.0,188.41229481502944,243,0.9143723369387087,0.671803462110104,0.15839832550987273,5,148.25
db11,1,zero,1.8329621388868665e-26,317.4634881678298,9377817.953822957,0.59375,302.4039209691988,108,raw,9.908123704210287e-14,-1.1165268709589844e-10,"[2, 5, 11, 17, 22, 25, 29, 38, 44, 52, 55, 60, 65, 74, 78, 84, 89, 95, 98, 101, 105]","[38.00000000000003, 368.0000000000004, 461.00000000000006, 192.99999999999972, 950.9999999999999, 154.00000000000023, 880.9999999999999, 242.99999999999991, 490.99999999999994, 185.9999999999999, 320.9999999999998, 942.9999999999999, 810.0000000000002, 205.0000000000001, 478.0, 275.9999999999999, 346.9999999999998, 79.00000000000057, 1008.0, 114.00000000000011, 893.0000000000001]",21,5.618034947940368,132277.1766357422,0.8823287775879948,4.36592371825129e-06,1.0,0.4907407407407407,67631.0,0.12910941990473743,0.15147910127183992,188156.12126451553,82872438.25058056,8,12069.57955741813,0.027777777777777776,"[0.0, 0.009259259259259259, 0.018518518518518517, 0.027777777777777776, 0.037037037037037035, 0.046296296296296294, 0.05555555555555555, 0.06481481481481481, 0.07407407407407407, 0.08333333333333333, 0.09259259259259259, 0.10185185185185185, 0.1111111111111111, 0.12037037037037036, 0.12962962962962962, 0.1388888888888889, 0.14814814814814814, 0.15740740740740738, 0.16666666666666666, 0.17592592592592593, 0.18518518518518517, 0.19444444444444442, 0.2037037037037037, 0.21296296296296297, 0.2222222222222222, 0.23148148148148145, 0.24074074074074073]","[67631.0, 1786.6346316370023, 1155.9831840869376, 12069.57955741813, 1906.5778542068424, 950.5914327636021, 9083.877197385176, 2481.229636774481, 778.6316126029435, 8965.162396385991, 2042.642311477918, 1606.7171021541499, 6927.939836298324, 1790.9411989177963, 2115.0643759896484, 4469.146453396723, 811.3124818658858, 852.445494225058, 2613.5185095958273, 1125.8336361545937, 622.5282936168378, 1595.9028958466965, 1672.0836322356433, 807.7671822537562, 3024.6344394117614, 842.7313814743657, 842.8235732269205]",3.0,0.3,145.15,15,0.5,1721880.1384885088,0.14445541615564297,0.12412575453778012,16430975.452705402,84089526828.82365,"[0.046875, 0.03125]",2,1721880.1384885088,0.046875,"[0.0, 0.015625, 0.03125, 0.046875, 0.0625, 0.078125, 0.09375, 0.109375, 0.125, 0.140625, 0.15625, 0.171875, 0.1875, 0.203125, 0.21875, 0.234375]","[154749.38571156567, 876106.906708278, 1710291.3768915327, 1721880.1384885088, 1236443.3975593029, 1200279.6938555269, 1385236.6101427812, 1437054.04742228, 1048940.2936461216, 664501.84553429, 393060.29715082474, 165807.08106897416, 58528.06662853252, 51528.95639390758, 141871.9518112763, 339557.7347245401]",3.0,0.3,flattop,64,32,145.15,15,21,449.5238095238095,38.00000000000003,1008.0,"[2, 5, 11, 17, 22, 25, 29, 38, 44, 52, 55, 60, 65, 74, 78, 84, 89, 95, 98, 101, 105]","[38.00000000000003, 368.0000000000004, 461.00000000000006, 192.99999999999972, 950.9999999999999, 154.00000000000023, 880.9999999999999, 242.99999999999991, 490.99999999999994, 185.9999999999999, 320.9999999999998, 942.9999999999999, 810.0000000000002, 205.0000000000001, 478.0, 275.9999999999999, 346.9999999999998, 79.00000000000057, 1008.0, 114.00000000000011, 893.0000000000001]","[1, 1, 1, 15, 1, 24, 27, 35, 35, 49, 35, 35, 63, 73, 73, 73, 35, 92, 35, 99, 99]","[3, 8, 18, 18, 35, 27, 35, 39, 49, 53, 56, 73, 73, 75, 81, 85, 92, 97, 106, 102, 106]",0.05,30,52684909.0,1016.0,-1016.0,DWT,uc1.l0082987033,0.0,0.0,0.0,0.0,0.0,0.0,1.862645149230957e-09,0.0,1.0,84,0.0,0.0,1.0,84,,0.0,0.0,1.0,84,0.0,0.0,0.0,0.0,0.0,0.0,0.0,0.0,0.0,0.0,1.5699610923461258e-13,0.0,0.0,0.0,0.0,0.0,0.0,0.0,0.0,2.842170943040401e-14,2.7755575615628914e-17,0.0,0.0,4.163336342344337e-17,0.0,0.0,0.0,5.551115123125783e-17,0.9183599148666732,0.22263125084883015,0.02417523108343797,0.8397346368715084,0.11953866840661076,0.0,0.0,0.0,605,1.0581285119973858,0.5982628337457933,217,0,0,0.0,0.0,399,0,0,0.4248879404154121,0.5779246172480078,196,190.40198703444946,0.7540026007306855,354.25,288.4027353620178,0.6481576311146967,197,db,413.2962962962963,398.0,188.41229481502944,243,0.9143723369387087,0.671803462110104,0.15839832550987273,5,149.0
coif6,1,symmetric,4.4804143972932587e-26,313.58184127064504,11439551.274214659,0.5563380281690141,439.45763583011217,108,raw,1.5108901784009906e-13,-1.208129152274757e-10,"[2, 5, 11, 17, 22, 25, 29, 38, 44, 52, 55, 60, 65, 74, 78, 84, 89, 95, 98, 101, 105]","[37.99999999999994, 368.00000000000017, 461.0000000000002, 193.00000000000017, 951.0, 153.99999999999977, 881.0, 243.0, 491.0000000000002, 185.9999999999999, 321.0000000000001, 943.0000000000001, 810.0000000000005, 205.00000000000009, 478.0, 276.00000000000034, 346.9999999999999, 79.00000000000023, 1008.0000000000002, 113.99999999999977, 893.0000000000001]",21,6.027827620847136,96257.25190088396,0.7810292409014201,4.36592371825129e-06,0.9999999999999998,0.4907407407407407,67631.0,0.12910941990473737,0.15147910127183992,188156.12126451562,82872438.25058058,8,12069.579557418134,0.027777777777777776,"[0.0, 0.009259259259259259, 0.018518518518518517, 0.027777777777777776, 0.037037037037037035, 0.046296296296296294, 0.05555555555555555, 0.06481481481481481, 0.07407407407407407, 0.08333333333333333, 0.09259259259259259, 0.10185185185185185, 0.1111111111111111, 0.12037037037037036, 0.12962962962962962, 0.1388888888888889, 0.14814814814814814, 0.15740740740740738, 0.16666666666666666, 0.17592592592592593, 0.18518518518518517, 0.19444444444444442, 0.2037037037037037, 0.21296296296296297, 0.2222222222222222, 0.23148148148148145, 0.24074074074074073]","[67631.0, 1786.6346316370004, 1155.9831840869426, 12069.579557418134, 1906.5778542068442, 950.5914327635999, 9083.87719738518, 2481.2296367744852, 778.63161260295, 8965.162396385991, 2042.6423114779175, 1606.7171021541496, 6927.939836298326, 1790.9411989177936, 2115.0643759896475, 4469.146453396728, 811.3124818658865, 852.4454942250575, 2613.5185095958336, 1125.8336361545944, 622.5282936168392, 1595.9028958466959, 1672.0836322356408, 807.7671822537591, 3024.6344394117586, 842.7313814743638, 842.8235732269211]",3.0,0.3,145.15000000000012,15,0.5,1721880.138488509,0.1444554161556429,0.12412575453778005,16430975.452705411,84089526828.82384,"[0.046875, 0.03125]",2,1721880.138488509,0.046875,"[0.0, 0.015625, 0.03125, 0.046875, 0.0625, 0.078125, 0.09375, 0.109375, 0.125, 0.140625, 0.15625, 0.171875, 0.1875, 0.203125, 0.21875, 0.234375]","[154749.38571156518, 876106.9067082778, 1710291.3768915331, 1721880.138488509, 1236443.3975593033, 1200279.6938555283, 1385236.6101427833, 1437054.0474222826, 1048940.2936461235, 664501.8455342917, 393060.29715082573, 165807.08106897486, 58528.06662853277, 51528.95639390752, 141871.95181127617, 339557.7347245398]",3.0,0.3,flattop,64,32,145.15000000000012,15,21,449.52380952380963,37.99999999999994,1008.0000000000002,"[2, 5, 11, 17, 22, 25, 29, 38, 44, 52, 55, 60, 65, 74, 78, 84, 89, 95, 98, 101, 105]","[37.99999999999994, 368.00000000000017, 461.0000000000002, 193.00000000000017, 951.0, 153.99999999999977, 881.0, 243.0, 491.0000000000002, 185.9999999999999, 321.0000000000001, 943.0000000000001, 810.0000000000005, 205.00000000000009, 478.0, 276.00000000000034, 346.9999999999999, 79.00000000000023, 1008.0000000000002, 113.99999999999977, 893.0000000000001]","[1, 1, 1, 15, 1, 24, 27, 35, 35, 49, 35, 35, 63, 73, 73, 73, 35, 92, 35, 99, 99]","[3, 8, 18, 18, 35, 27, 35, 39, 49, 53, 56, 73, 73, 75, 81, 85, 92, 97, 106, 102, 106]",0.05,30,52684909.0,1016.0000000000002,-1016.0000000000002,DWT,uc1.l0082987033,2.3283064365386963e-10,0.0,1.1368683772161603e-13,1.4901161193847656e-08,0.0,2.2737367544323206e-13,1.1175870895385742e-08,2.2737367544323206e-13,1.0,84,0.0,3.637978807091713e-12,1.0,84,,0.0,0.0,1.0,84,0.0,0.0,0.0,0.00018310546875,0.0,0.0,0.0,0.0,1.1368683772161603e-13,1.8189894035458565e-12,1.529358650302692e-13,0.0,2.2737367544323206e-13,0.0,1.1368683772161603e-13,0.0,0.0,0.0,1.1368683772161603e-13,5.684341886080802e-14,8.326672684688674e-17,2.3283064365386963e-10,0.0,2.7755575615628914e-17,8.731149137020111e-11,0.0,0.0,2.7755575615628914e-17,0.8785083194314502,0.7477164176569411,0.22417071590535853,0.4221417892831857,0.02203624063943703,0.0,0.0,0.0,507,1.190719770409069,0.6732295519542998,124,0,0,0.0,0.0,523,0,0,0.4589146965832745,0.6242071735739811,142,220.76684533688476,0.7147715176526037,324.0,210.62384430664918,0.6480834332449065,198,coif,217.80246913580248,181.0,166.32516494453617,81,0.48186386976947454,0.5930495234160287,0.4847804341365592,1,148.75
bior1.5,1,constant,2.517921297769102e-26,316.08460159865587,9494149.680813393,0.5603448275862069,278.2444661299595,108,raw,1.1829220730524636e-13,-1.2116874170686804e-10,"[2, 5, 11, 17, 22, 25, 29, 38, 44, 52, 55, 60, 65, 74, 78, 84, 89, 95, 98, 101, 105]","[38.0, 368.00000000000006, 460.9999999999999, 193.0, 951.0000000000003, 154.0000000000001, 881.0000000000002, 243.00000000000006, 491.0, 186.0, 321.0, 943.0, 810.0, 205.0, 478.0, 276.0, 346.9999999999999, 79.00000000000023, 1008.0000000000001, 114.00000000000023, 893.0]",21,5.562918711287971,112742.17176212852,0.8721394170830172,4.36592371825129e-06,1.0,0.4907407407407407,67631.00000000003,0.1291094199047374,0.15147910127183992,188156.1212645156,82872438.25058065,8,12069.579557418137,0.027777777777777776,"[0.0, 0.009259259259259259, 0.018518518518518517, 0.027777777777777776, 0.037037037037037035, 0.046296296296296294, 0.05555555555555555, 0.06481481481481481, 0.07407407407407407, 0.08333333333333333, 0.09259259259259259, 0.10185185185185185, 0.1111111111111111, 0.12037037037037036, 0.12962962962962962, 0.1388888888888889, 0.14814814814814814, 0.15740740740740738, 0.16666666666666666, 0.17592592592592593, 0.18518518518518517, 0.19444444444444442, 0.2037037037037037, 0.21296296296296297, 0.2222222222222222, 0.23148148148148145, 0.24074074074074073]","[67631.00000000003, 1786.6346316369982, 1155.9831840869385, 12069.579557418137, 1906.5778542068433, 950.5914327635998, 9083.87719738518, 2481.2296367744834, 778.6316126029446, 8965.162396385995, 2042.6423114779182, 1606.7171021541506, 6927.939836298324, 1790.941198917794, 2115.0643759896493, 4469.146453396722, 811.3124818658853, 852.4454942250561, 2613.5185095958273, 1125.8336361545937, 622.5282936168372, 1595.9028958466993, 1672.083632235641, 807.7671822537571, 3024.6344394117605, 842.7313814743675, 842.8235732269209]",3.0,0.3,145.15000000000003,15,0.5,1721880.1384885097,0.14445541615564295,0.1241257545377801,16430975.452705406,84089526828.82378,"[0.046875, 0.03125]",2,1721880.1384885097,0.046875,"[0.0, 0.015625, 0.03125, 0.046875, 0.0625, 0.078125, 0.09375, 0.109375, 0.125, 0.140625, 0.15625, 0.171875, 0.1875, 0.203125, 0.21875, 0.234375]","[154749.38571156553, 876106.9067082782, 1710291.3768915334, 1721880.1384885097, 1236443.3975593033, 1200279.6938555276, 1385236.6101427823, 1437054.047422281, 1048940.2936461223, 664501.8455342907, 393060.2971508252, 165807.08106897445, 58528.0666285326, 51528.95639390751, 141871.9518112762, 339557.7347245397]",3.0,0.3,flattop,64,32,145.15000000000003,15,21,449.52380952380963,38.0,1008.0000000000001,"[2, 5, 11, 17, 22, 25, 29, 38, 44, 52, 55, 60, 65, 74, 78, 84, 89, 95, 98, 101, 105]","[38.0, 368.00000000000006, 460.9999999999999, 193.0, 951.0000000000003, 154.0000000000001, 881.0000000000002, 243.00000000000006, 491.0, 186.0, 321.0, 943.0, 810.0, 205.0, 478.0, 276.0, 346.9999999999999, 79.00000000000023, 1008.0000000000001, 114.00000000000023, 893.0]","[1, 1, 1, 15, 1, 24, 27, 35, 35, 49, 35, 35, 63, 73, 73, 73, 35, 92, 35, 99, 99]","[3, 8, 18, 18, 35, 27, 35, 39, 49, 53, 56, 73, 73, 75, 81, 85, 92, 97, 106, 102, 106]",0.05,30,52684909.00000001,1016.0000000000001,-1016.0000000000001,DWT,uc1.l0082987033,9.313225746154785e-10,0.0,1.1368683772161603e-13,8.940696716308594e-08,0.0,1.1368683772161603e-13,5.587935447692871e-09,1.1368683772161603e-13,1.0,84,0.0,7.275957614183426e-12,1.0,84,,0.0,0.0,1.0,84,0.0,0.0,7.450580596923828e-09,0.0001220703125,2.9103830456733704e-11,0.0,0.0,0.0,1.1368683772161603e-13,1.8189894035458565e-12,7.579122514774403e-14,0.0,1.1368683772161603e-13,0.0,2.842170943040401e-14,0.0,0.0,0.0,2.842170943040401e-14,0.0,5.551115123125783e-17,9.313225746154785e-10,0.0,2.7755575615628914e-17,5.820766091346741e-11,0.0,0.0,2.7755575615628914e-17,0.9042033387634641,0.15200842074507392,0.03545982347446709,0.4668657291465995,0.06665931300424861,3.135877575339459e-05,1.5679387876697293e-05,3.135877575339459e-05,257,0.8496661422281881,0.4803988062166005,520,0,0,3.135877575339459e-05,3.135877575339459e-05,305,0,0,0.3250393250267707,0.4421124010321131,530,142.2884394460773,0.8161648069172128,403.0,364.3117152831605,0.647746486145945,199,bior,385.74074074074076,410.0,199.97417605530825,135,0.8534087184529663,0.7130285416801533,0.18870533457887761,4,150.25
sym16,1,periodic,2.331589234475771e-19,246.4185026977501,11326767.35155449,0.572463768115942,424.4993927851261,108,raw,3.8135585224676175e-10,-9.20203916335463e-11,"[2, 5, 11, 17, 22, 25, 29, 38, 44, 52, 55, 60, 65, 74, 78, 84, 89, 95, 98, 101, 105]","[37.999999999774445, 367.9999999989185, 460.99999999934107, 192.99999999934994, 950.9999999990697, 153.99999999915997, 880.9999999977679, 242.99999999938652, 490.9999999992331, 185.99999999959812, 320.9999999991128, 942.999999999389, 809.9999999979304, 204.99999999947318, 477.9999999989832, 275.9999999995231, 346.9999999993041, 79.00000000020486, 1007.9999999988061, 113.99999999936688, 892.9999999976246]",21,5.983346101962594,98709.96463744878,0.8177281138875112,4.365923718265917e-06,1.0,0.4907407407407407,67630.99999999997,0.12910941990463745,0.15147910127184513,188156.1212643193,82872438.25057991,8,12069.579557415464,0.027777777777777776,"[0.0, 0.009259259259259259, 0.018518518518518517, 0.027777777777777776, 0.037037037037037035, 0.046296296296296294, 0.05555555555555555, 0.06481481481481481, 0.07407407407407407, 0.08333333333333333, 0.09259259259259259, 0.10185185185185185, 0.1111111111111111, 0.12037037037037036, 0.12962962962962962, 0.1388888888888889, 0.14814814814814814, 0.15740740740740738, 0.16666666666666666, 0.17592592592592593, 0.18518518518518517, 0.19444444444444442, 0.2037037037037037, 0.21296296296296297, 0.2222222222222222, 0.23148148148148145, 0.24074074074074073]","[67630.99999999997, 1786.6346316369552, 1155.9831840868203, 12069.579557415464, 1906.5778542061257, 950.5914327630728, 9083.877197378346, 2481.229636772113, 778.6316126020445, 8965.162396373882, 2042.6423114747827, 1606.717102151408, 6927.939836285395, 1790.9411989141915, 2115.064375985118, 4469.146453386628, 811.3124818639697, 852.4454942229609, 2613.518509589185, 1125.8336361516456, 622.5282936151624, 1595.9028958423005, 1672.083632230937, 807.7671822514402, 3024.6344394029197, 842.7313814718663, 842.8235732243987]",3.0,0.3,145.15000000051933,15,0.5,1721880.1384869227,0.14445541615552698,0.12412575453779781,16430975.452658195,84089526828.5146,"[0.046875, 0.03125]",2,1721880.1384869227,0.046875,"[0.0, 0.015625, 0.03125, 0.046875, 0.0625, 0.078125, 0.09375, 0.109375, 0.125, 0.140625, 0.15625, 0.171875, 0.1875, 0.203125, 0.21875, 0.234375]","[154749.3857115354, 876106.9067077483, 1710291.3768901262, 1721880.1384869227, 1236443.397557347, 1200279.693852502, 1385236.610138496, 1437054.0474173594, 1048940.293642085, 664501.8455314607, 393060.297149039, 165807.08106818056, 58528.0666282293, 51528.956393604756, 141871.95181042547, 339557.7347225173]",3.0,0.3,flattop,64,32,145.15000000051933,15,21,449.52380952291986,37.999999999774445,1007.9999999988061,"[2, 5, 11, 17, 22, 25, 29, 38, 44, 52, 55, 60, 65, 74, 78, 84, 89, 95, 98, 101, 105]","[37.999999999774445, 367.9999999989185, 460.99999999934107, 192.99999999934994, 950.9999999990697, 153.99999999915997, 880.9999999977679, 242.99999999938652, 490.9999999992331, 185.99999999959812, 320.9999999991128, 942.999999999389, 809.9999999979304, 204.99999999947318, 477.9999999989832, 275.9999999995231, 346.9999999993041, 79.00000000020486, 1007.9999999988061, 113.99999999936688, 892.9999999976246]","[1, 1, 1, 15, 1, 24, 27, 35, 35, 49, 35, 35, 63, 73, 73, 73, 35, 92, 35, 99, 99]","[3, 8, 18, 18, 35, 27, 35, 39, 49, 53, 56, 73, 73, 75, 81, 85, 92, 97, 106, 102, 106]",0.05,30,52684908.99997409,1015.9999999996601,-1015.9999999996601,DWT,uc1.l0082987033,1.58604234457016e-06,0.0,8.896563485905062e-10,6.556510925292969e-07,0.0,1.1939391697524115e-09,4.7205016016960144e-05,3.3992364478763193e-10,1.0,84,0.0,2.6666384655982256e-09,1.0,84,,0.0,0.0,1.0,84,0.0,0.0,2.5913119316101074e-05,0.309051513671875,2.9103830456733704e-11,0.0,0.0,0.0,8.896563485905062e-10,1.8682840163819492e-08,9.091522878450284e-10,0.0,3.3992364478763193e-10,0.0,5.19321474712342e-10,0.0,0.0,0.0,5.19321474712342e-10,2.255546860396862e-10,1.0000333894311098e-13,1.58604234457016e-06,5.218048215738236e-15,1.7735812818386876e-14,1.9621802493929863e-07,0.0,0.0,1.1593503934648197e-13,0.18896435322804273,0.6907203137547084,0.21323027318687304,0.6021374787466601,0.028675495112923083,0.10906582207030638,0.05453291103515319,0.10906582207030638,43,0.8176790949514497,0.46231342119014596,551,0,0,0.10906582207030638,0.10906582207030638,43,0,0,0.3447455828058415,0.46891648371147865,463,270.2887345044184,0.6507897487023018,275.0,79.22935640668221,0.6477462955397814,200,sym,445.72514619883043,505.0,280.45746329325993,171,0.986117580085908,1.0,0.009717693939864401,6,151.5
bior2.8,1,antireflect,1.3201908636649835e-26,318.8886558827591,10461902.339313636,0.5645161290322581,403.61725780806245,108,raw,7.651492608231446e-14,-1.1623635387536591e-10,"[2, 5, 11, 17, 22, 25, 29, 38, 44, 52, 55, 60, 65, 74, 78, 84, 89, 95, 98, 101, 105]","[38.000000000000085, 368.0, 461.0000000000001, 193.0, 951.0, 154.0, 881.0, 243.00000000000003, 491.0, 186.0, 321.0, 943.0000000000002, 810.0, 205.00000000000006, 478.00000000000006, 276.0, 346.9999999999999, 79.0, 1008.0000000000001, 114.00000000000011, 893.0]",21,5.748288227032538,256487.56818186102,0.925551006290423,4.365923718251291e-06,1.0,0.4907407407407407,67631.0,0.12910941990473737,0.15147910127183992,188156.12126451556,82872438.25058056,8,12069.579557418136,0.027777777777777776,"[0.0, 0.009259259259259259, 0.018518518518518517, 0.027777777777777776, 0.037037037037037035, 0.046296296296296294, 0.05555555555555555, 0.06481481481481481, 0.07407407407407407, 0.08333333333333333, 0.09259259259259259, 0.10185185185185185, 0.1111111111111111, 0.12037037037037036, 0.12962962962962962, 0.1388888888888889, 0.14814814814814814, 0.15740740740740738, 0.16666666666666666, 0.17592592592592593, 0.18518518518518517, 0.19444444444444442, 0.2037037037037037, 0.21296296296296297, 0.2222222222222222, 0.23148148148148145, 0.24074074074074073]","[67631.0, 1786.6346316370002, 1155.983184086937, 12069.579557418136, 1906.5778542068438, 950.5914327635985, 9083.877197385178, 2481.229636774484, 778.6316126029456, 8965.16239638599, 2042.6423114779168, 1606.7171021541499, 6927.939836298325, 1790.941198917792, 2115.064375989648, 4469.1464533967255, 811.3124818658872, 852.4454942250576, 2613.518509595829, 1125.8336361545953, 622.5282936168383, 1595.9028958466959, 1672.0836322356429, 807.7671822537566, 3024.6344394117605, 842.7313814743644, 842.8235732269195]",3.0,0.3,145.14999999999998,15,0.5,1721880.1384885092,0.14445541615564295,0.12412575453778009,16430975.452705404,84089526828.82372,"[0.046875, 0.03125]",2,1721880.1384885092,0.046875,"[0.0, 0.015625, 0.03125, 0.046875, 0.0625, 0.078125, 0.09375, 0.109375, 0.125, 0.140625, 0.15625, 0.171875, 0.1875, 0.203125, 0.21875, 0.234375]","[154749.3857115655, 876106.9067082782, 1710291.3768915334, 1721880.1384885092, 1236443.3975593026, 1200279.6938555264, 1385236.6101427814, 1437054.047422281, 1048940.293646123, 664501.8455342911, 393060.29715082527, 165807.08106897463, 58528.0666285326, 51528.95639390746, 141871.9518112761, 339557.7347245399]",3.0,0.3,flattop,64,32,145.14999999999998,15,21,449.5238095238095,38.000000000000085,1008.0000000000001,"[2, 5, 11, 17, 22, 25, 29, 38, 44, 52, 55, 60, 65, 74, 78, 84, 89, 95, 98, 101, 105]","[38.000000000000085, 368.0, 461.0000000000001, 193.0, 951.0, 154.0, 881.0, 243.00000000000003, 491.0, 186.0, 321.0, 943.0000000000002, 810.0, 205.00000000000006, 478.00000000000006, 276.0, 346.9999999999999, 79.0, 1008.0000000000001, 114.00000000000011, 893.0]","[1, 1, 1, 15, 1, 24, 27, 35, 35, 49, 35, 35, 63, 73, 73, 73, 35, 92, 35, 99, 99]","[3, 8, 18, 18, 35, 27, 35, 39, 49, 53, 56, 73, 73, 75, 81, 85, 92, 97, 106, 102, 106]",0.05,30,52684909.0,1016.0000000000001,-1016.0000000000001,DWT,uc1.l0082987033,4.656612873077393e-10,0.0,0.0,0.0,0.0,1.1368683772161603e-13,3.725290298461914e-09,1.1368683772161603e-13,1.0,84,0.0,5.4569682106375694e-12,1.0,84,,0.0,0.0,1.0,84,0.0,0.0,0.0,6.103515625e-05,0.0,0.0,0.0,0.0,0.0,0.0,4.3309271512996606e-14,0.0,1.1368683772161603e-13,0.0,2.842170943040401e-14,0.0,0.0,0.0,2.842170943040401e-14,8.526512829121202e-14,8.326672684688674e-17,4.656612873077393e-10,0.0,1.3877787807814457e-17,2.9103830456733704e-11,0.0,0.0,2.7755575615628914e-17,0.9329916443122076,0.3895304398808802,0.1293352826379672,0.5134258424941438,0.45576409971456666,0.0,0.0,0.0,518,1.2069038247302324,0.6823799699705368,113,0,0,0.0,0.0,512,0,0,0.48420946180795316,0.6586126393929409,102,235.32583793540394,0.6959614496958606,311.25,177.48507710918435,0.6469148333750621,201,bior,385.74074074074076,410.0,199.97417605530825,135,0.8534087184529663,0.7130285416801533,0.18870533457887761,4,151.75
db11,1,smooth,1.6288166234438942e-26,317.9763011816218,9802022.854163757,0.5859375,385.699468954672,108,raw,8.940996091647928e-14,-1.1132961219573256e-10,"[2, 5, 11, 17, 22, 25, 29, 38, 44, 52, 55, 60, 65, 74, 78, 84, 89, 95, 98, 101, 105]","[37.99999999999994, 368.0000000000002, 461.00000000000017, 192.99999999999983, 950.9999999999999, 154.00000000000023, 880.9999999999999, 242.99999999999991, 490.99999999999994, 185.9999999999999, 320.9999999999998, 942.9999999999999, 810.0000000000002, 205.0000000000001, 478.0, 275.9999999999999, 346.9999999999998, 79.00000000000045, 1007.9999999999999, 114.00000000000011, 892.9999999999998]",21,5.7790240001167525,96249.16615860873,0.838111661852189,4.36592371825129e-06,1.0,0.4907407407407407,67631.0,0.1291094199047374,0.15147910127183992,188156.12126451553,82872438.25058056,8,12069.579557418128,0.027777777777777776,"[0.0, 0.009259259259259259, 0.018518518518518517, 0.027777777777777776, 0.037037037037037035, 0.046296296296296294, 0.05555555555555555, 0.06481481481481481, 0.07407407407407407, 0.08333333333333333, 0.09259259259259259, 0.10185185185185185, 0.1111111111111111, 0.12037037037037036, 0.12962962962962962, 0.1388888888888889, 0.14814814814814814, 0.15740740740740738, 0.16666666666666666, 0.17592592592592593, 0.18518518518518517, 0.19444444444444442, 0.2037037037037037, 0.21296296296296297, 0.2222222222222222, 0.23148148148148145, 0.24074074074074073]","[67631.0, 1786.6346316370018, 1155.983184086937, 12069.579557418128, 1906.5778542068433, 950.5914327636025, 9083.877197385176, 2481.229636774481, 778.6316126029435, 8965.162396385991, 2042.642311477918, 1606.7171021541499, 6927.939836298322, 1790.9411989177959, 2115.0643759896475, 4469.146453396723, 811.3124818658863, 852.4454942250578, 2613.5185095958263, 1125.8336361545937, 622.5282936168383, 1595.9028958466977, 1672.0836322356427, 807.7671822537568, 3024.634439411761, 842.7313814743659, 842.8235732269202]",3.0,0.3,145.15,15,0.5,1721880.1384885088,0.14445541615564297,0.12412575453778013,16430975.4527054,84089526828.82365,"[0.046875, 0.03125]",2,1721880.1384885088,0.046875,"[0.0, 0.015625, 0.03125, 0.046875, 0.0625, 0.078125, 0.09375, 0.109375, 0.125, 0.140625, 0.15625, 0.171875, 0.1875, 0.203125, 0.21875, 0.234375]","[154749.38571156567, 876106.906708278, 1710291.3768915324, 1721880.1384885088, 1236443.3975593029, 1200279.6938555269, 1385236.6101427812, 1437054.04742228, 1048940.2936461216, 664501.84553429, 393060.29715082474, 165807.0810689742, 58528.06662853252, 51528.956393907574, 141871.95181127626, 339557.7347245401]",3.0,0.3,flattop,64,32,145.15,15,21,449.5238095238095,37.99999999999994,1007.9999999999999,"[2, 5, 11, 17, 22, 25, 29, 38, 44, 52, 55, 60, 65, 74, 78, 84, 89, 95, 98, 101, 105]","[37.99999999999994, 368.0000000000002, 461.00000000000017, 192.99999999999983, 950.9999999999999, 154.00000000000023, 880.9999999999999, 242.99999999999991, 490.99999999999994, 185.9999999999999, 320.9999999999998, 942.9999999999999, 810.0000000000002, 205.0000000000001, 478.0, 275.9999999999999, 346.9999999999998, 79.00000000000045, 1007.9999999999999, 114.00000000000011, 892.9999999999998]","[1, 1, 1, 15, 1, 24, 27, 35, 35, 49, 35, 35, 63, 73, 73, 73, 35, 92, 35, 99, 99]","[3, 8, 18, 18, 35, 27, 35, 39, 49, 53, 56, 73, 73, 75, 81, 85, 92, 97, 106, 102, 106]",0.05,30,52684909.0,1016.0,-1016.0,DWT,uc1.l0082987033,0.0,0.0,0.0,0.0,0.0,1.1368683772161603e-13,0.0,0.0,1.0,84,0.0,1.8189894035458565e-12,1.0,84,,0.0,0.0,1.0,84,0.0,0.0,0.0,0.0,0.0,0.0,0.0,0.0,0.0,0.0,1.5564269449983145e-13,0.0,0.0,0.0,0.0,0.0,0.0,0.0,0.0,5.684341886080802e-14,5.551115123125783e-17,0.0,0.0,5.551115123125783e-17,0.0,0.0,0.0,5.551115123125783e-17,0.923624797866304,0.42891352211713263,0.06532461925521878,0.7525314245810056,0.022014353322682825,0.0,0.0,0.0,624,1.1111122605674337,0.6282196936192278,165,0,0,0.0,0.0,364,0,0,0.43848174342846874,0.5964146534575189,172,215.85083584117373,0.7211229511095947,331.25,246.54260365267925,0.6465756874411023,202,db,413.2962962962963,398.0,188.41229481502944,243,0.9143723369387087,0.671803462110104,0.15839832550987273,5,152.75
sym16,1,symmetric,2.337170729644445e-19,246.4081187254493,11299830.77047482,0.572463768115942,410.4038948932695,108,raw,3.8005246686360035e-10,-9.155110037276387e-11,"[2, 5, 11, 17, 22, 25, 29, 38, 44, 52, 55, 60, 65, 74, 78, 84, 89, 95, 98, 101, 105]","[37.99999999977467, 367.9999999989153, 460.99999999934084, 192.99999999934988, 950.9999999991743, 153.99999999915997, 880.9999999977679, 242.99999999938652, 490.9999999992331, 185.99999999959812, 320.9999999991128, 942.999999999389, 809.9999999979304, 204.99999999947318, 477.9999999989833, 275.99999999952297, 346.9999999993041, 79.0000000002043, 1007.9999999987007, 113.99999999936847, 892.9999999976633]",21,5.981602807556614,98363.9098431281,0.8086320337494948,4.365923718265945e-06,1.0,0.4907407407407407,67630.99999999999,0.12910941990463687,0.15147910127184502,188156.12126431928,82872438.25058006,8,12069.579557415522,0.027777777777777776,"[0.0, 0.009259259259259259, 0.018518518518518517, 0.027777777777777776, 0.037037037037037035, 0.046296296296296294, 0.05555555555555555, 0.06481481481481481, 0.07407407407407407, 0.08333333333333333, 0.09259259259259259, 0.10185185185185185, 0.1111111111111111, 0.12037037037037036, 0.12962962962962962, 0.1388888888888889, 0.14814814814814814, 0.15740740740740738, 0.16666666666666666, 0.17592592592592593, 0.18518518518518517, 0.19444444444444442, 0.2037037037037037, 0.21296296296296297, 0.2222222222222222, 0.23148148148148145, 0.24074074074074073]","[67630.99999999999, 1786.634631637001, 1155.9831840869342, 12069.579557415522, 1906.5778542059127, 950.5914327629963, 9083.877197378446, 2481.229636772414, 778.6316126018245, 8965.162396374137, 2042.6423114745462, 1606.7171021512886, 6927.939836285559, 1790.9411989143587, 2115.064375985452, 4469.146453386491, 811.312481864307, 852.4454942227029, 2613.518509589013, 1125.8336361518448, 622.5282936154474, 1595.9028958420274, 1672.083632230686, 807.7671822516743, 3024.634439402843, 842.73138147178, 842.8235732242389]",3.0,0.3,145.1500000004833,15,0.5,1721880.1384869216,0.1444554161555274,0.12412575453779781,16430975.452658143,84089526828.51414,"[0.046875, 0.03125]",2,1721880.1384869216,0.046875,"[0.0, 0.015625, 0.03125, 0.046875, 0.0625, 0.078125, 0.09375, 0.109375, 0.125, 0.140625, 0.15625, 0.171875, 0.1875, 0.203125, 0.21875, 0.234375]","[154749.38571152103, 876106.9067077243, 1710291.3768901126, 1721880.1384869216, 1236443.397557347, 1200279.6938525017, 1385236.6101384957, 1437054.0474173597, 1048940.2936420846, 664501.8455314607, 393060.2971490389, 165807.08106818056, 58528.066628229295, 51528.956393604756, 141871.9518104255, 339557.7347225174]",3.0,0.3,flattop,64,32,145.1500000004833,15,21,449.5238095229216,37.99999999977467,1007.9999999987007,"[2, 5, 11, 17, 22, 25, 29, 38, 44, 52, 55, 60, 65, 74, 78, 84, 89, 95, 98, 101, 105]","[37.99999999977467, 367.9999999989153, 460.99999999934084, 192.99999999934988, 950.9999999991743, 153.99999999915997, 880.9999999977679, 242.99999999938652, 490.9999999992331, 185.99999999959812, 320.9999999991128, 942.999999999389, 809.9999999979304, 204.99999999947318, 477.9999999989833, 275.99999999952297, 346.9999999993041, 79.0000000002043, 1007.9999999987007, 113.99999999936847, 892.9999999976633]","[1, 1, 1, 15, 1, 24, 27, 35, 35, 49, 35, 35, 63, 73, 73, 73, 35, 92, 35, 99, 99]","[3, 8, 18, 18, 35, 27, 35, 39, 49, 53, 56, 73, 73, 75, 81, 85, 92, 97, 106, 102, 106]",0.05,30,52684908.99997418,1015.9999999996594,-1015.9999999996594,DWT,uc1.l0082987033,1.5872064977884293e-06,0.0,8.878942026058212e-10,5.066394805908203e-07,0.0,1.2993268683203496e-09,4.725717008113861e-05,3.406057658139616e-10,1.0,84,0.0,2.608430804684758e-09,1.0,84,,0.0,0.0,1.0,84,0.0,0.0,2.5823712348937988e-05,0.30950927734375,1.4551915228366852e-11,0.0,0.0,0.0,8.878942026058212e-10,1.8646460375748575e-08,9.074009691782217e-10,0.0,3.406057658139616e-10,0.0,4.832827471545897e-10,0.0,0.0,0.0,4.832827471545897e-10,2.2532731236424297e-10,1.0058620603103918e-13,1.5872064977884293e-06,5.10702591327572e-15,1.7735812818386876e-14,1.9624712876975536e-07,0.0,0.0,1.1551870571224754e-13,0.18885774439058167,0.6884865548456811,0.21061732875841982,0.6021374787466601,0.027738758491869485,0.10868951676126565,0.054344758380632824,0.10868951676126565,44,0.8148170833318114,0.4606952480076219,552,0,0,0.10868951676126565,0.10868951676126565,44,0,0,0.3435675730466424,0.46731417690433813,466,270.75388578313454,0.6501887780579657,276.5,80.95189322957643,0.6464768179695513,203,sym,445.72514619883043,505.0,280.45746329325993,171,0.986117580085908,1.0,0.009717693939864401,6,153.75
coif1,1,smooth,7.143106279705699e-27,321.55615199298205,9333238.704378989,0.5625,364.80751047048375,108,raw,5.516574851248557e-14,-1.1435696833928047e-10,"[2, 5, 11, 17, 22, 25, 29, 38, 44, 52, 55, 60, 65, 74, 78, 84, 89, 95, 98, 101, 105]","[38.0, 368.0, 461.0000000000001, 193.00000000000006, 951.0, 154.0, 881.0, 243.00000000000009, 491.00000000000017, 186.0000000000001, 320.9999999999999, 943.0000000000001, 810.0000000000001, 205.0, 477.9999999999998, 275.9999999999999, 347.0000000000001, 79.0, 1008.0, 114.0, 893.0]",21,5.648452320576213,102459.84067498567,0.7758611984154574,4.365923718251291e-06,1.0,0.4907407407407407,67631.0,0.1291094199047374,0.15147910127183992,188156.12126451556,82872438.25058056,8,12069.57955741813,0.027777777777777776,"[0.0, 0.009259259259259259, 0.018518518518518517, 0.027777777777777776, 0.037037037037037035, 0.046296296296296294, 0.05555555555555555, 0.06481481481481481, 0.07407407407407407, 0.08333333333333333, 0.09259259259259259, 0.10185185185185185, 0.1111111111111111, 0.12037037037037036, 0.12962962962962962, 0.1388888888888889, 0.14814814814814814, 0.15740740740740738, 0.16666666666666666, 0.17592592592592593, 0.18518518518518517, 0.19444444444444442, 0.2037037037037037, 0.21296296296296297, 0.2222222222222222, 0.23148148148148145, 0.24074074074074073]","[67631.0, 1786.6346316370004, 1155.983184086938, 12069.57955741813, 1906.5778542068433, 950.5914327636021, 9083.877197385178, 2481.2296367744834, 778.6316126029461, 8965.162396385991, 2042.6423114779177, 1606.7171021541494, 6927.939836298323, 1790.9411989177936, 2115.0643759896498, 4469.146453396725, 811.312481865886, 852.445494225057, 2613.518509595828, 1125.8336361545935, 622.5282936168368, 1595.9028958466974, 1672.0836322356424, 807.7671822537558, 3024.63443941176, 842.7313814743659, 842.82357322692]",3.0,0.3,145.15,15,0.5,1721880.1384885088,0.14445541615564292,0.12412575453778008,16430975.452705404,84089526828.8237,"[0.046875, 0.03125]",2,1721880.1384885088,0.046875,"[0.0, 0.015625, 0.03125, 0.046875, 0.0625, 0.078125, 0.09375, 0.109375, 0.125, 0.140625, 0.15625, 0.171875, 0.1875, 0.203125, 0.21875, 0.234375]","[154749.3857115655, 876106.9067082781, 1710291.3768915331, 1721880.1384885088, 1236443.3975593029, 1200279.6938555273, 1385236.6101427819, 1437054.0474222808, 1048940.293646122, 664501.8455342908, 393060.2971508252, 165807.08106897454, 58528.06662853262, 51528.956393907545, 141871.95181127626, 339557.7347245398]",3.0,0.3,flattop,64,32,145.15,15,21,449.5238095238095,38.0,1008.0,"[2, 5, 11, 17, 22, 25, 29, 38, 44, 52, 55, 60, 65, 74, 78, 84, 89, 95, 98, 101, 105]","[38.0, 368.0, 461.0000000000001, 193.00000000000006, 951.0, 154.0, 881.0, 243.00000000000009, 491.00000000000017, 186.0000000000001, 320.9999999999999, 943.0000000000001, 810.0000000000001, 205.0, 477.9999999999998, 275.9999999999999, 347.0000000000001, 79.0, 1008.0, 114.0, 893.0]","[1, 1, 1, 15, 1, 24, 27, 35, 35, 49, 35, 35, 63, 73, 73, 73, 35, 92, 35, 99, 99]","[3, 8, 18, 18, 35, 27, 35, 39, 49, 53, 56, 73, 73, 75, 81, 85, 92, 97, 106, 102, 106]",0.05,30,52684909.0,1016.0,-1016.0,DWT,uc1.l0082987033,0.0,0.0,0.0,0.0,0.0,0.0,3.725290298461914e-09,0.0,1.0,84,0.0,0.0,1.0,84,,0.0,0.0,1.0,84,0.0,0.0,0.0,4.57763671875e-05,0.0,0.0,0.0,0.0,0.0,0.0,6.361049253471373e-14,0.0,0.0,0.0,0.0,0.0,0.0,0.0,0.0,0.0,5.551115123125783e-17,0.0,0.0,0.0,2.9103830456733704e-11,0.0,0.0,0.0,0.9603779518835468,0.26160635274869065,0.01985088490473334,0.49092178770949735,0.0388260442930541,0.0,0.0,0.0,374,0.9288545227578607,0.525171690037672,406,0,0,0.0,0.0,594,0,0,0.35431660430790446,0.481934807867359,420,98.89219719809377,0.8722323033616359,448.5,434.7209424389106,0.6463874695102754,204,coif,217.80246913580248,181.0,166.32516494453617,81,0.48186386976947454,0.5930495234160287,0.4847804341365592,1,153.25
bior3.9,1,antireflect,1.0058297929344101e-26,320.0697781579351,10910230.564899892,0.5714285714285714,383.62581925936496,108,raw,6.70574706873594e-14,-1.0906253677944797e-10,"[2, 5, 11, 17, 22, 25, 29, 38, 44, 52, 55, 60, 65, 74, 78, 84, 89, 95, 98, 101, 105]","[37.99999999999997, 368.0, 460.9999999999999, 192.9999999999999, 950.9999999999998, 153.99999999999977, 881.0, 242.99999999999991, 491.00000000000006, 186.0, 321.0, 943.0000000000001, 809.9999999999998, 205.00000000000003, 478.0000000000001, 276.0, 346.9999999999999, 79.0, 1008.0, 114.0, 892.9999999999998]",21,5.7006587785474965,279706.6583667613,0.9528839005925945,4.365923718251291e-06,1.0,0.4907407407407407,67631.0,0.1291094199047374,0.15147910127183994,188156.12126451553,82872438.25058056,8,12069.57955741813,0.027777777777777776,"[0.0, 0.009259259259259259, 0.018518518518518517, 0.027777777777777776, 0.037037037037037035, 0.046296296296296294, 0.05555555555555555, 0.06481481481481481, 0.07407407407407407, 0.08333333333333333, 0.09259259259259259, 0.10185185185185185, 0.1111111111111111, 0.12037037037037036, 0.12962962962962962, 0.1388888888888889, 0.14814814814814814, 0.15740740740740738, 0.16666666666666666, 0.17592592592592593, 0.18518518518518517, 0.19444444444444442, 0.2037037037037037, 0.21296296296296297, 0.2222222222222222, 0.23148148148148145, 0.24074074074074073]","[67631.0, 1786.6346316370018, 1155.9831840869388, 12069.57955741813, 1906.5778542068454, 950.5914327636004, 9083.877197385176, 2481.229636774482, 778.6316126029458, 8965.162396385991, 2042.6423114779166, 1606.7171021541487, 6927.939836298324, 1790.9411989177922, 2115.0643759896493, 4469.1464533967255, 811.3124818658847, 852.445494225057, 2613.518509595828, 1125.8336361545935, 622.5282936168375, 1595.9028958466974, 1672.0836322356406, 807.7671822537562, 3024.634439411759, 842.7313814743646, 842.8235732269198]",3.0,0.3,145.15000000000003,15,0.5,1721880.1384885085,0.14445541615564295,0.12412575453778009,16430975.4527054,84089526828.82368,"[0.046875, 0.03125]",2,1721880.1384885085,0.046875,"[0.0, 0.015625, 0.03125, 0.046875, 0.0625, 0.078125, 0.09375, 0.109375, 0.125, 0.140625, 0.15625, 0.171875, 0.1875, 0.203125, 0.21875, 0.234375]","[154749.38571156547, 876106.9067082775, 1710291.376891532, 1721880.1384885085, 1236443.3975593026, 1200279.693855527, 1385236.6101427816, 1437054.047422281, 1048940.2936461226, 664501.8455342909, 393060.2971508254, 165807.08106897448, 58528.06662853254, 51528.95639390747, 141871.9518112762, 339557.7347245398]",3.0,0.3,flattop,64,32,145.15000000000003,15,21,449.5238095238095,37.99999999999997,1008.0,"[2, 5, 11, 17, 22, 25, 29, 38, 44, 52, 55, 60, 65, 74, 78, 84, 89, 95, 98, 101, 105]","[37.99999999999997, 368.0, 460.9999999999999, 192.9999999999999, 950.9999999999998, 153.99999999999977, 881.0, 242.99999999999991, 491.00000000000006, 186.0, 321.0, 943.0000000000001, 809.9999999999998, 205.00000000000003, 478.0000000000001, 276.0, 346.9999999999999, 79.0, 1008.0, 114.0, 892.9999999999998]","[1, 1, 1, 15, 1, 24, 27, 35, 35, 49, 35, 35, 63, 73, 73, 73, 35, 92, 35, 99, 99]","[3, 8, 18, 18, 35, 27, 35, 39, 49, 53, 56, 73, 73, 75, 81, 85, 92, 97, 106, 102, 106]",0.05,30,52684909.0,1016.0,-1016.0,DWT,uc1.l0082987033,2.3283064365386963e-10,0.0,0.0,0.0,0.0,0.0,0.0,0.0,1.0,84,0.0,0.0,1.0,84,,0.0,0.0,1.0,84,0.0,0.0,0.0,3.0517578125e-05,0.0,0.0,0.0,0.0,0.0,0.0,7.985146935208742e-14,0.0,0.0,0.0,2.842170943040401e-14,0.0,0.0,0.0,2.842170943040401e-14,2.842170943040401e-14,5.551115123125783e-17,2.3283064365386963e-10,2.7755575615628914e-17,1.3877787807814457e-17,0.0,0.0,0.0,2.7755575615628914e-17,0.945117839279602,0.3285007569308477,0.17282471938938943,0.5905826017557858,0.51861591520939,0.0,0.0,0.0,482,1.26141284851395,0.7131992160864985,88,0,0,0.0,0.0,543,0,0,0.5111283665130031,0.6952272293085582,69,251.92393031759937,0.6745168858945745,295.5,134.35127077199678,0.6463669700790702,205,bior,385.74074074074076,410.0,199.97417605530825,135,0.8534087184529663,0.7130285416801533,0.18870533457887761,4,154.75
db19,1,smooth,2.600891934756014e-26,315.94380003243776,12464386.835236346,0.5902777777777778,405.65731681470686,108,raw,1.2950957179108863e-13,-1.0641632020025391e-10,"[2, 5, 11, 17, 22, 25, 29, 38, 44, 52, 55, 60, 65, 74, 78, 84, 89, 95, 98, 101, 105]","[37.999999999999915, 368.00000000000006, 460.99999999999955, 193.0000000000001, 950.9999999999998, 153.99999999999977, 881.0, 242.99999999999997, 490.99999999999943, 186.00000000000023, 321.00000000000045, 943.0000000000002, 810.0, 204.99999999999994, 478.0, 276.00000000000034, 347.0000000000001, 79.00000000000011, 1007.9999999999998, 113.99999999999989, 892.9999999999995]",21,5.878379776957466,111823.36059648563,0.869175790185499,4.3659237182512925e-06,1.0,0.4907407407407407,67631.0,0.1291094199047374,0.15147910127183992,188156.12126451553,82872438.25058056,8,12069.579557418132,0.027777777777777776,"[0.0, 0.009259259259259259, 0.018518518518518517, 0.027777777777777776, 0.037037037037037035, 0.046296296296296294, 0.05555555555555555, 0.06481481481481481, 0.07407407407407407, 0.08333333333333333, 0.09259259259259259, 0.10185185185185185, 0.1111111111111111, 0.12037037037037036, 0.12962962962962962, 0.1388888888888889, 0.14814814814814814, 0.15740740740740738, 0.16666666666666666, 0.17592592592592593, 0.18518518518518517, 0.19444444444444442, 0.2037037037037037, 0.21296296296296297, 0.2222222222222222, 0.23148148148148145, 0.24074074074074073]","[67631.0, 1786.634631637001, 1155.9831840869379, 12069.579557418132, 1906.5778542068422, 950.5914327635995, 9083.877197385176, 2481.229636774481, 778.6316126029449, 8965.162396385991, 2042.6423114779159, 1606.7171021541494, 6927.939836298324, 1790.9411989177936, 2115.064375989646, 4469.146453396726, 811.3124818658833, 852.4454942250583, 2613.518509595829, 1125.8336361545946, 622.528293616836, 1595.9028958466963, 1672.0836322356413, 807.7671822537558, 3024.6344394117586, 842.7313814743646, 842.8235732269204]",3.0,0.3,145.15000000000003,15,0.5,1721880.1384885088,0.14445541615564295,0.1241257545377801,16430975.4527054,84089526828.82365,"[0.046875, 0.03125]",2,1721880.1384885088,0.046875,"[0.0, 0.015625, 0.03125, 0.046875, 0.0625, 0.078125, 0.09375, 0.109375, 0.125, 0.140625, 0.15625, 0.171875, 0.1875, 0.203125, 0.21875, 0.234375]","[154749.38571156558, 876106.906708278, 1710291.376891532, 1721880.1384885088, 1236443.397559302, 1200279.6938555269, 1385236.6101427812, 1437054.0474222803, 1048940.293646122, 664501.8455342908, 393060.2971508254, 165807.08106897466, 58528.06662853272, 51528.95639390758, 141871.95181127632, 339557.7347245399]",3.0,0.3,flattop,64,32,145.15000000000003,15,21,449.5238095238095,37.999999999999915,1007.9999999999998,"[2, 5, 11, 17, 22, 25, 29, 38, 44, 52, 55, 60, 65, 74, 78, 84, 89, 95, 98, 101, 105]","[37.999999999999915, 368.00000000000006, 460.99999999999955, 193.0000000000001, 950.9999999999998, 153.99999999999977, 881.0, 242.99999999999997, 490.99999999999943, 186.00000000000023, 321.00000000000045, 943.0000000000002, 810.0, 204.99999999999994, 478.0, 276.00000000000034, 347.0000000000001, 79.00000000000011, 1007.9999999999998, 113.99999999999989, 892.9999999999995]","[1, 1, 1, 15, 1, 24, 27, 35, 35, 49, 35, 35, 63, 73, 73, 73, 35, 92, 35, 99, 99]","[3, 8, 18, 18, 35, 27, 35, 39, 49, 53, 56, 73, 73, 75, 81, 85, 92, 97, 106, 102, 106]",0.05,30,52684909.0,1015.9999999999998,-1015.9999999999998,DWT,uc1.l0082987033,0.0,0.0,0.0,0.0,0.0,2.2737367544323206e-13,0.0,2.2737367544323206e-13,1.0,84,0.0,1.8189894035458565e-12,1.0,84,,0.0,0.0,1.0,84,0.0,0.0,0.0,0.0,0.0,0.0,0.0,0.0,0.0,0.0,1.9489172180848466e-13,0.0,2.2737367544323206e-13,0.0,2.842170943040401e-14,0.0,0.0,0.0,2.842170943040401e-14,8.526512829121202e-14,5.551115123125783e-17,0.0,0.0,2.7755575615628914e-17,0.0,0.0,0.0,2.7755575615628914e-17,0.9027577752688456,0.5562223983000526,0.3235834201877617,0.800977653631285,0.06417218067487225,0.0,0.0,0.0,551,1.3276175081276775,0.7506311412436029,61,0,0,0.0,0.0,470,0,0,0.5295426856125636,0.720274041197574,59,262.19124699348754,0.6612516188714631,285.25,107.28135515261312,0.6463557835959383,206,db,413.2962962962963,398.0,188.41229481502944,243,0.9143723369387087,0.671803462110104,0.15839832550987273,5,155.75
bior2.8,1,periodic,1.4258397908234716e-26,318.5543158080648,10547519.990195218,0.5564516129032258,354.30137468922226,108,raw,8.16466236183596e-14,-1.1675604927319295e-10,"[2, 5, 11, 17, 22, 25, 29, 38, 44, 52, 55, 60, 65, 74, 78, 84, 89, 95, 98, 101, 105]","[38.00000000000006, 368.0, 461.0000000000001, 193.0, 951.0, 154.0, 881.0, 243.00000000000003, 491.0, 186.0, 321.0, 943.0000000000002, 810.0, 205.00000000000006, 478.00000000000006, 276.0, 346.9999999999999, 79.0, 1008.0000000000001, 114.0, 893.0000000000002]",21,5.707284738277022,109432.00594146567,0.8530113576501162,4.365923718251291e-06,1.0,0.4907407407407407,67631.0,0.12910941990473743,0.15147910127183992,188156.12126451553,82872438.25058056,8,12069.579557418134,0.027777777777777776,"[0.0, 0.009259259259259259, 0.018518518518518517, 0.027777777777777776, 0.037037037037037035, 0.046296296296296294, 0.05555555555555555, 0.06481481481481481, 0.07407407407407407, 0.08333333333333333, 0.09259259259259259, 0.10185185185185185, 0.1111111111111111, 0.12037037037037036, 0.12962962962962962, 0.1388888888888889, 0.14814814814814814, 0.15740740740740738, 0.16666666666666666, 0.17592592592592593, 0.18518518518518517, 0.19444444444444442, 0.2037037037037037, 0.21296296296296297, 0.2222222222222222, 0.23148148148148145, 0.24074074074074073]","[67631.0, 1786.6346316370007, 1155.9831840869372, 12069.579557418134, 1906.5778542068433, 950.5914327635984, 9083.877197385178, 2481.229636774485, 778.6316126029453, 8965.162396385987, 2042.6423114779163, 1606.7171021541499, 6927.939836298325, 1790.9411989177922, 2115.064375989648, 4469.1464533967255, 811.3124818658872, 852.4454942250577, 2613.518509595828, 1125.8336361545955, 622.5282936168385, 1595.9028958466968, 1672.0836322356424, 807.7671822537565, 3024.6344394117605, 842.731381474364, 842.8235732269194]",3.0,0.3,145.14999999999998,15,0.5,1721880.1384885092,0.14445541615564295,0.12412575453778009,16430975.452705404,84089526828.82372,"[0.046875, 0.03125]",2,1721880.1384885092,0.046875,"[0.0, 0.015625, 0.03125, 0.046875, 0.0625, 0.078125, 0.09375, 0.109375, 0.125, 0.140625, 0.15625, 0.171875, 0.1875, 0.203125, 0.21875, 0.234375]","[154749.3857115655, 876106.9067082782, 1710291.3768915334, 1721880.1384885092, 1236443.3975593026, 1200279.6938555264, 1385236.6101427814, 1437054.047422281, 1048940.293646123, 664501.8455342911, 393060.29715082527, 165807.08106897463, 58528.0666285326, 51528.95639390746, 141871.9518112761, 339557.7347245399]",3.0,0.3,flattop,64,32,145.14999999999998,15,21,449.5238095238095,38.00000000000006,1008.0000000000001,"[2, 5, 11, 17, 22, 25, 29, 38, 44, 52, 55, 60, 65, 74, 78, 84, 89, 95, 98, 101, 105]","[38.00000000000006, 368.0, 461.0000000000001, 193.0, 951.0, 154.0, 881.0, 243.00000000000003, 491.0, 186.0, 321.0, 943.0000000000002, 810.0, 205.00000000000006, 478.00000000000006, 276.0, 346.9999999999999, 79.0, 1008.0000000000001, 114.0, 893.0000000000002]","[1, 1, 1, 15, 1, 24, 27, 35, 35, 49, 35, 35, 63, 73, 73, 73, 35, 92, 35, 99, 99]","[3, 8, 18, 18, 35, 27, 35, 39, 49, 53, 56, 73, 73, 75, 81, 85, 92, 97, 106, 102, 106]",0.05,30,52684909.0,1016.0000000000001,-1016.0000000000001,DWT,uc1.l0082987033,4.656612873077393e-10,0.0,0.0,0.0,0.0,1.1368683772161603e-13,3.725290298461914e-09,1.1368683772161603e-13,1.0,84,0.0,3.637978807091713e-12,1.0,84,,0.0,0.0,1.0,84,0.0,0.0,0.0,6.103515625e-05,0.0,0.0,0.0,0.0,0.0,0.0,4.736951571734002e-14,0.0,1.1368683772161603e-13,0.0,2.842170943040401e-14,0.0,0.0,0.0,2.842170943040401e-14,5.684341886080802e-14,2.7755575615628914e-17,4.656612873077393e-10,0.0,1.3877787807814457e-17,0.0,0.0,0.0,2.7755575615628914e-17,0.9295590844355833,0.3369908871841853,0.13764050011106063,0.42340962335555915,0.05769901655159649,0.0,0.0,0.0,487,0.9874946002718352,0.5583266221152134,304,0,0,0.0,0.0,567,0,0,0.37705982232759694,0.512869706975505,330,126.01322681898648,0.8371922134121621,422.0,394.6005529725947,0.6459862875846341,207,bior,385.74074074074076,410.0,199.97417605530825,135,0.8534087184529663,0.7130285416801533,0.18870533457887761,4,156.25
rbio1.3,1,antireflect,1.654071859239192e-26,317.9094793813407,9514402.890594156,0.5446428571428571,354.21345709584193,108,raw,1.0641693287888537e-13,-1.2196943455222773e-10,"[2, 5, 11, 17, 22, 25, 29, 38, 44, 52, 55, 60, 65, 74, 78, 84, 89, 95, 98, 101, 105]","[38.0, 367.9999999999999, 461.00000000000006, 193.0, 951.0000000000002, 154.0, 881.0000000000002, 243.0, 491.00000000000017, 186.0, 321.0000000000001, 943.0000000000001, 810.0000000000002, 205.00000000000003, 478.0, 275.9999999999999, 347.0, 78.99999999999989, 1008.0000000000002, 114.0, 893.0]",21,5.637758639249752,123692.20434072071,0.8411341758237431,4.365923718251291e-06,1.0,0.4907407407407407,67631.00000000003,0.12910941990473737,0.15147910127183994,188156.1212645156,82872438.25058065,8,12069.579557418136,0.027777777777777776,"[0.0, 0.009259259259259259, 0.018518518518518517, 0.027777777777777776, 0.037037037037037035, 0.046296296296296294, 0.05555555555555555, 0.06481481481481481, 0.07407407407407407, 0.08333333333333333, 0.09259259259259259, 0.10185185185185185, 0.1111111111111111, 0.12037037037037036, 0.12962962962962962, 0.1388888888888889, 0.14814814814814814, 0.15740740740740738, 0.16666666666666666, 0.17592592592592593, 0.18518518518518517, 0.19444444444444442, 0.2037037037037037, 0.21296296296296297, 0.2222222222222222, 0.23148148148148145, 0.24074074074074073]","[67631.00000000003, 1786.6346316370007, 1155.9831840869394, 12069.579557418136, 1906.5778542068424, 950.5914327636012, 9083.87719738518, 2481.229636774485, 778.6316126029448, 8965.162396385995, 2042.6423114779186, 1606.7171021541494, 6927.939836298324, 1790.9411989177936, 2115.0643759896484, 4469.146453396726, 811.3124818658863, 852.4454942250576, 2613.51850959583, 1125.8336361545937, 622.528293616836, 1595.9028958466956, 1672.083632235643, 807.7671822537577, 3024.6344394117605, 842.7313814743651, 842.82357322692]",3.0,0.3,145.15000000000003,15,0.5,1721880.1384885092,0.14445541615564295,0.12412575453778009,16430975.452705404,84089526828.82372,"[0.046875, 0.03125]",2,1721880.1384885092,0.046875,"[0.0, 0.015625, 0.03125, 0.046875, 0.0625, 0.078125, 0.09375, 0.109375, 0.125, 0.140625, 0.15625, 0.171875, 0.1875, 0.203125, 0.21875, 0.234375]","[154749.3857115653, 876106.906708278, 1710291.3768915334, 1721880.1384885092, 1236443.3975593029, 1200279.6938555273, 1385236.610142782, 1437054.047422281, 1048940.2936461226, 664501.8455342909, 393060.2971508254, 165807.08106897463, 58528.066628532666, 51528.95639390756, 141871.95181127626, 339557.73472454003]",3.0,0.3,flattop,64,32,145.15000000000003,15,21,449.5238095238095,38.0,1008.0000000000002,"[2, 5, 11, 17, 22, 25, 29, 38, 44, 52, 55, 60, 65, 74, 78, 84, 89, 95, 98, 101, 105]","[38.0, 367.9999999999999, 461.00000000000006, 193.0, 951.0000000000002, 154.0, 881.0000000000002, 243.0, 491.00000000000017, 186.0, 321.0000000000001, 943.0000000000001, 810.0000000000002, 205.00000000000003, 478.0, 275.9999999999999, 347.0, 78.99999999999989, 1008.0000000000002, 114.0, 893.0]","[1, 1, 1, 15, 1, 24, 27, 35, 35, 49, 35, 35, 63, 73, 73, 73, 35, 92, 35, 99, 99]","[3, 8, 18, 18, 35, 27, 35, 39, 49, 53, 56, 73, 73, 75, 81, 85, 92, 97, 106, 102, 106]",0.05,30,52684909.00000001,1016.0000000000002,-1016.0000000000002,DWT,uc1.l0082987033,4.656612873077393e-10,0.0,0.0,8.940696716308594e-08,0.0,2.2737367544323206e-13,3.725290298461914e-09,2.2737367544323206e-13,1.0,84,0.0,5.4569682106375694e-12,1.0,84,,0.0,0.0,1.0,84,0.0,0.0,7.450580596923828e-09,6.103515625e-05,2.9103830456733704e-11,0.0,0.0,0.0,0.0,0.0,8.255829882164975e-14,0.0,2.2737367544323206e-13,0.0,2.842170943040401e-14,0.0,0.0,0.0,2.842170943040401e-14,0.0,8.326672684688674e-17,4.656612873077393e-10,2.7755575615628914e-17,1.3877787807814457e-17,5.820766091346741e-11,0.0,0.0,2.7755575615628914e-17,0.922938760361711,0.24790407397618694,0.037424457052069836,0.2916001596169191,0.09629998461590145,3.135877575339459e-05,1.5679387876697293e-05,3.135877575339459e-05,278,0.8515875794242832,0.4814851813107094,516,0,0,3.135877575339459e-05,3.135877575339459e-05,302,0,0,0.31923348712455774,0.4342154090766344,542,138.74076545846214,0.8207483650407466,409.5,374.1330567782349,0.645839298799443,208,rbio,366.5925925925926,360.0,210.3588723315502,135,0.8110455588331695,0.7500562468954116,0.20725123474815782,3,156.75
coif2,1,reflect,1.5391435904696598e-26,318.2222317306615,9898000.384768803,0.5508474576271186,410.8392122164301,108,raw,8.575856074660098e-14,-1.1742651295776403e-10,"[2, 5, 11, 17, 22, 25, 29, 38, 44, 52, 55, 60, 65, 74, 78, 84, 89, 95, 98, 101, 105]","[37.99999999999994, 368.0000000000002, 461.0, 193.0, 951.0, 154.00000000000023, 881.0000000000001, 243.00000000000014, 491.00000000000017, 186.0, 320.9999999999999, 943.0000000000001, 810.0, 205.00000000000003, 477.9999999999999, 276.0000000000001, 347.0, 78.99999999999989, 1008.0000000000002, 114.0, 892.9999999999999]",21,5.735716300652912,99992.70510370538,0.7725766493734814,4.365923718251291e-06,1.0,0.4907407407407407,67631.0,0.12910941990473743,0.15147910127183992,188156.12126451553,82872438.25058056,8,12069.579557418134,0.027777777777777776,"[0.0, 0.009259259259259259, 0.018518518518518517, 0.027777777777777776, 0.037037037037037035, 0.046296296296296294, 0.05555555555555555, 0.06481481481481481, 0.07407407407407407, 0.08333333333333333, 0.09259259259259259, 0.10185185185185185, 0.1111111111111111, 0.12037037037037036, 0.12962962962962962, 0.1388888888888889, 0.14814814814814814, 0.15740740740740738, 0.16666666666666666, 0.17592592592592593, 0.18518518518518517, 0.19444444444444442, 0.2037037037037037, 0.21296296296296297, 0.2222222222222222, 0.23148148148148145, 0.24074074074074073]","[67631.0, 1786.6346316370007, 1155.98318408694, 12069.579557418134, 1906.5778542068442, 950.591432763601, 9083.87719738518, 2481.229636774482, 778.631612602946, 8965.16239638599, 2042.6423114779172, 1606.717102154152, 6927.939836298324, 1790.9411989177922, 2115.064375989649, 4469.146453396725, 811.312481865887, 852.4454942250568, 2613.518509595828, 1125.8336361545953, 622.5282936168379, 1595.9028958466968, 1672.0836322356427, 807.7671822537565, 3024.63443941176, 842.7313814743652, 842.8235732269209]",3.0,0.3,145.15000000000006,15,0.5,1721880.138488509,0.14445541615564295,0.1241257545377801,16430975.452705404,84089526828.82375,"[0.046875, 0.03125]",2,1721880.138488509,0.046875,"[0.0, 0.015625, 0.03125, 0.046875, 0.0625, 0.078125, 0.09375, 0.109375, 0.125, 0.140625, 0.15625, 0.171875, 0.1875, 0.203125, 0.21875, 0.234375]","[154749.38571156524, 876106.9067082778, 1710291.3768915331, 1721880.138488509, 1236443.3975593033, 1200279.6938555276, 1385236.6101427819, 1437054.047422281, 1048940.2936461226, 664501.8455342911, 393060.2971508254, 165807.08106897463, 58528.06662853264, 51528.95639390751, 141871.95181127626, 339557.7347245399]",3.0,0.3,flattop,64,32,145.15000000000006,15,21,449.5238095238095,37.99999999999994,1008.0000000000002,"[2, 5, 11, 17, 22, 25, 29, 38, 44, 52, 55, 60, 65, 74, 78, 84, 89, 95, 98, 101, 105]","[37.99999999999994, 368.0000000000002, 461.0, 193.0, 951.0, 154.00000000000023, 881.0000000000001, 243.00000000000014, 491.00000000000017, 186.0, 320.9999999999999, 943.0000000000001, 810.0, 205.00000000000003, 477.9999999999999, 276.0000000000001, 347.0, 78.99999999999989, 1008.0000000000002, 114.0, 892.9999999999999]","[1, 1, 1, 15, 1, 24, 27, 35, 35, 49, 35, 35, 63, 73, 73, 73, 35, 92, 35, 99, 99]","[3, 8, 18, 18, 35, 27, 35, 39, 49, 53, 56, 73, 73, 75, 81, 85, 92, 97, 106, 102, 106]",0.05,30,52684909.0,1016.0000000000002,-1016.0000000000002,DWT,uc1.l0082987033,2.3283064365386963e-10,0.0,0.0,0.0,0.0,2.2737367544323206e-13,3.725290298461914e-09,2.2737367544323206e-13,1.0,84,0.0,3.637978807091713e-12,1.0,84,,0.0,0.0,1.0,84,0.0,0.0,0.0,9.1552734375e-05,0.0,0.0,0.0,0.0,0.0,0.0,8.932537249555546e-14,0.0,2.2737367544323206e-13,0.0,5.684341886080802e-14,0.0,0.0,0.0,5.684341886080802e-14,5.684341886080802e-14,2.7755575615628914e-17,2.3283064365386963e-10,0.0,2.7755575615628914e-17,0.0,0.0,0.0,2.7755575615628914e-17,0.9261496861431333,0.37342148406837117,0.07463478200784873,0.36085597954739124,0.0321477486108372,0.0,0.0,0.0,493,0.9369194359872812,0.5297315689066755,387,0,0,0.0,0.0,569,0,0,0.3534419360755163,0.4807451005225761,423,80.44045416745648,0.896071764641529,468.0,457.9849038831281,0.6457103009254157,209,coif,217.80246913580248,181.0,166.32516494453617,81,0.48186386976947454,0.5930495234160287,0.4847804341365592,1,157.0
bior3.9,1,antisymmetric,1.0487905734913352e-26,319.88813535912533,10951315.278894288,0.5714285714285714,397.90242227852923,108,raw,7.021543840184875e-14,-1.0954326334911068e-10,"[2, 5, 11, 17, 22, 25, 29, 38, 44, 52, 55, 60, 65, 74, 78, 84, 89, 95, 98, 101, 105]","[37.99999999999997, 368.0000000000001, 460.9999999999999, 192.9999999999999, 950.9999999999998, 153.99999999999977, 881.0, 242.99999999999991, 491.00000000000006, 186.0, 321.0, 943.0000000000001, 809.9999999999998, 205.00000000000003, 478.0000000000001, 276.0, 346.9999999999999, 79.0, 1008.0, 114.0, 892.9999999999997]",21,5.678256929001831,278372.6478915507,0.9530676723784366,4.365923718251292e-06,1.0,0.4907407407407407,67631.0,0.1291094199047374,0.15147910127183992,188156.12126451553,82872438.25058056,8,12069.57955741813,0.027777777777777776,"[0.0, 0.009259259259259259, 0.018518518518518517, 0.027777777777777776, 0.037037037037037035, 0.046296296296296294, 0.05555555555555555, 0.06481481481481481, 0.07407407407407407, 0.08333333333333333, 0.09259259259259259, 0.10185185185185185, 0.1111111111111111, 0.12037037037037036, 0.12962962962962962, 0.1388888888888889, 0.14814814814814814, 0.15740740740740738, 0.16666666666666666, 0.17592592592592593, 0.18518518518518517, 0.19444444444444442, 0.2037037037037037, 0.21296296296296297, 0.2222222222222222, 0.23148148148148145, 0.24074074074074073]","[67631.0, 1786.6346316370016, 1155.9831840869388, 12069.57955741813, 1906.5778542068454, 950.5914327636007, 9083.877197385176, 2481.229636774482, 778.6316126029461, 8965.162396385991, 2042.642311477916, 1606.717102154149, 6927.939836298324, 1790.9411989177925, 2115.0643759896498, 4469.1464533967255, 811.3124818658852, 852.4454942250567, 2613.518509595828, 1125.8336361545935, 622.5282936168379, 1595.9028958466974, 1672.0836322356406, 807.7671822537558, 3024.634439411758, 842.7313814743649, 842.8235732269201]",3.0,0.3,145.15000000000003,15,0.5,1721880.1384885085,0.14445541615564295,0.12412575453778009,16430975.4527054,84089526828.82368,"[0.046875, 0.03125]",2,1721880.1384885085,0.046875,"[0.0, 0.015625, 0.03125, 0.046875, 0.0625, 0.078125, 0.09375, 0.109375, 0.125, 0.140625, 0.15625, 0.171875, 0.1875, 0.203125, 0.21875, 0.234375]","[154749.38571156547, 876106.9067082775, 1710291.376891532, 1721880.1384885085, 1236443.3975593026, 1200279.693855527, 1385236.6101427816, 1437054.047422281, 1048940.2936461226, 664501.8455342909, 393060.2971508254, 165807.08106897448, 58528.06662853254, 51528.95639390747, 141871.9518112762, 339557.7347245398]",3.0,0.3,flattop,64,32,145.15000000000003,15,21,449.5238095238095,37.99999999999997,1008.0,"[2, 5, 11, 17, 22, 25, 29, 38, 44, 52, 55, 60, 65, 74, 78, 84, 89, 95, 98, 101, 105]","[37.99999999999997, 368.0000000000001, 460.9999999999999, 192.9999999999999, 950.9999999999998, 153.99999999999977, 881.0, 242.99999999999991, 491.00000000000006, 186.0, 321.0, 943.0000000000001, 809.9999999999998, 205.00000000000003, 478.0000000000001, 276.0, 346.9999999999999, 79.0, 1008.0, 114.0, 892.9999999999997]","[1, 1, 1, 15, 1, 24, 27, 35, 35, 49, 35, 35, 63, 73, 73, 73, 35, 92, 35, 99, 99]","[3, 8, 18, 18, 35, 27, 35, 39, 49, 53, 56, 73, 73, 75, 81, 85, 92, 97, 106, 102, 106]",0.05,30,52684909.0,1016.0,-1016.0,DWT,uc1.l0082987033,2.3283064365386963e-10,0.0,0.0,0.0,0.0,0.0,0.0,0.0,1.0,84,0.0,0.0,1.0,84,,0.0,0.0,1.0,84,0.0,0.0,0.0,3.0517578125e-05,0.0,0.0,0.0,0.0,0.0,0.0,9.067878723033655e-14,0.0,0.0,0.0,2.842170943040401e-14,0.0,0.0,0.0,2.842170943040401e-14,2.842170943040401e-14,5.551115123125783e-17,2.3283064365386963e-10,0.0,1.3877787807814457e-17,0.0,0.0,0.0,2.7755575615628914e-17,0.9432529722467097,0.29979629322714446,0.17681008316695027,0.5905826017557858,0.5150048787911489,0.0,0.0,0.0,481,1.246489963763847,0.7047618597379716,95,0,0,0.0,0.0,548,0,0,0.5050893658375479,0.6870130937166875,77,249.01054194551685,0.6782809535587637,300.25,145.89409319576166,0.6451805284589684,210,bior,385.74074074074076,410.0,199.97417605530825,135,0.8534087184529663,0.7130285416801533,0.18870533457887761,4,158.5
bior2.8,1,antisymmetric,1.4493536892131704e-26,318.4832793086629,10592787.83736162,0.5645161290322581,355.13076904540566,108,raw,8.355456244586357e-14,-1.1680878486686264e-10,"[2, 5, 11, 17, 22, 25, 29, 38, 44, 52, 55, 60, 65, 74, 78, 84, 89, 95, 98, 101, 105]","[38.0, 368.0, 461.0000000000001, 193.0, 951.0, 154.0, 881.0, 243.00000000000003, 491.0, 186.0, 321.0, 943.0000000000002, 810.0, 205.00000000000006, 478.00000000000006, 276.0, 346.9999999999999, 79.0, 1008.0000000000001, 114.0, 892.9999999999999]",21,5.716159715347294,261495.0337050699,0.9390733084266205,4.365923718251291e-06,1.0,0.4907407407407407,67631.0,0.1291094199047374,0.15147910127183992,188156.12126451553,82872438.25058056,8,12069.579557418134,0.027777777777777776,"[0.0, 0.009259259259259259, 0.018518518518518517, 0.027777777777777776, 0.037037037037037035, 0.046296296296296294, 0.05555555555555555, 0.06481481481481481, 0.07407407407407407, 0.08333333333333333, 0.09259259259259259, 0.10185185185185185, 0.1111111111111111, 0.12037037037037036, 0.12962962962962962, 0.1388888888888889, 0.14814814814814814, 0.15740740740740738, 0.16666666666666666, 0.17592592592592593, 0.18518518518518517, 0.19444444444444442, 0.2037037037037037, 0.21296296296296297, 0.2222222222222222, 0.23148148148148145, 0.24074074074074073]","[67631.0, 1786.6346316370007, 1155.9831840869374, 12069.579557418134, 1906.577854206843, 950.5914327635982, 9083.877197385178, 2481.229636774484, 778.6316126029459, 8965.16239638599, 2042.642311477917, 1606.7171021541506, 6927.939836298325, 1790.941198917792, 2115.064375989648, 4469.146453396725, 811.3124818658875, 852.4454942250577, 2613.518509595829, 1125.8336361545958, 622.5282936168387, 1595.9028958466965, 1672.0836322356424, 807.7671822537563, 3024.6344394117596, 842.7313814743646, 842.8235732269196]",3.0,0.3,145.15000000000003,15,0.5,1721880.1384885092,0.14445541615564295,0.12412575453778009,16430975.452705404,84089526828.82372,"[0.046875, 0.03125]",2,1721880.1384885092,0.046875,"[0.0, 0.015625, 0.03125, 0.046875, 0.0625, 0.078125, 0.09375, 0.109375, 0.125, 0.140625, 0.15625, 0.171875, 0.1875, 0.203125, 0.21875, 0.234375]","[154749.3857115655, 876106.9067082782, 1710291.3768915334, 1721880.1384885092, 1236443.3975593026, 1200279.6938555264, 1385236.6101427814, 1437054.047422281, 1048940.293646123, 664501.8455342911, 393060.29715082527, 165807.08106897463, 58528.0666285326, 51528.95639390746, 141871.9518112761, 339557.7347245399]",3.0,0.3,flattop,64,32,145.15000000000003,15,21,449.5238095238095,38.0,1008.0000000000001,"[2, 5, 11, 17, 22, 25, 29, 38, 44, 52, 55, 60, 65, 74, 78, 84, 89, 95, 98, 101, 105]","[38.0, 368.0, 461.0000000000001, 193.0, 951.0, 154.0, 881.0, 243.00000000000003, 491.0, 186.0, 321.0, 943.0000000000002, 810.0, 205.00000000000006, 478.00000000000006, 276.0, 346.9999999999999, 79.0, 1008.0000000000001, 114.0, 892.9999999999999]","[1, 1, 1, 15, 1, 24, 27, 35, 35, 49, 35, 35, 63, 73, 73, 73, 35, 92, 35, 99, 99]","[3, 8, 18, 18, 35, 27, 35, 39, 49, 53, 56, 73, 73, 75, 81, 85, 92, 97, 106, 102, 106]",0.05,30,52684909.0,1016.0000000000001,-1016.0000000000001,DWT,uc1.l0082987033,4.656612873077393e-10,0.0,0.0,0.0,0.0,1.1368683772161603e-13,3.725290298461914e-09,1.1368683772161603e-13,1.0,84,0.0,3.637978807091713e-12,1.0,84,,0.0,0.0,1.0,84,0.0,0.0,0.0,6.103515625e-05,0.0,0.0,0.0,0.0,0.0,0.0,3.924902730865317e-14,0.0,1.1368683772161603e-13,0.0,2.842170943040401e-14,0.0,0.0,0.0,2.842170943040401e-14,0.0,5.551115123125783e-17,4.656612873077393e-10,0.0,1.3877787807814457e-17,0.0,0.0,0.0,2.7755575615628914e-17,0.9288297759976227,0.34836278112827695,0.14203164272458216,0.5134258424941438,0.46931882113797907,0.0,0.0,0.0,517,1.1955929429778525,0.6759848297842387,121,0,0,0.0,0.0,519,0,0,0.48039377269652095,0.6534226105417905,108,233.02270990899865,0.6989370673010353,316.25,187.0492669176655,0.6451726680174428,211,bior,385.74074074074076,410.0,199.97417605530825,135,0.8534087184529663,0.7130285416801533,0.18870533457887761,4,159.25
db15,1,symmetric,1.84657729376957e-26,317.4313482017792,10923467.772003202,0.5514705882352942,458.5051197158137,108,raw,1.0010099744990666e-13,-1.0761946889204023e-10,"[2, 5, 11, 17, 22, 25, 29, 38, 44, 52, 55, 60, 65, 74, 78, 84, 89, 95, 98, 101, 105]","[38.00000000000003, 367.9999999999997, 460.9999999999999, 193.00000000000034, 950.9999999999997, 154.00000000000034, 881.0000000000001, 242.99999999999991, 490.99999999999994, 185.99999999999977, 321.0, 943.0000000000002, 810.0, 205.0, 478.0, 275.99999999999966, 346.9999999999999, 79.00000000000011, 1007.9999999999999, 114.00000000000011, 892.9999999999995]",21,5.956850034835166,97683.53825073168,0.7920239618590469,4.3659237182512925e-06,0.9999999999999998,0.4907407407407407,67631.0,0.1291094199047374,0.15147910127183992,188156.12126451553,82872438.25058056,8,12069.579557418134,0.027777777777777776,"[0.0, 0.009259259259259259, 0.018518518518518517, 0.027777777777777776, 0.037037037037037035, 0.046296296296296294, 0.05555555555555555, 0.06481481481481481, 0.07407407407407407, 0.08333333333333333, 0.09259259259259259, 0.10185185185185185, 0.1111111111111111, 0.12037037037037036, 0.12962962962962962, 0.1388888888888889, 0.14814814814814814, 0.15740740740740738, 0.16666666666666666, 0.17592592592592593, 0.18518518518518517, 0.19444444444444442, 0.2037037037037037, 0.21296296296296297, 0.2222222222222222, 0.23148148148148145, 0.24074074074074073]","[67631.0, 1786.6346316370016, 1155.9831840869388, 12069.579557418134, 1906.577854206845, 950.5914327635993, 9083.877197385176, 2481.229636774483, 778.6316126029462, 8965.162396385991, 2042.6423114779152, 1606.7171021541462, 6927.939836298321, 1790.9411989177938, 2115.0643759896484, 4469.146453396726, 811.3124818658865, 852.4454942250575, 2613.518509595828, 1125.833636154592, 622.5282936168375, 1595.9028958466977, 1672.0836322356424, 807.7671822537574, 3024.6344394117605, 842.7313814743677, 842.8235732269205]",3.0,0.3,145.14999999999998,15,0.5,1721880.1384885088,0.14445541615564292,0.12412575453778008,16430975.452705398,84089526828.82367,"[0.046875, 0.03125]",2,1721880.1384885088,0.046875,"[0.0, 0.015625, 0.03125, 0.046875, 0.0625, 0.078125, 0.09375, 0.109375, 0.125, 0.140625, 0.15625, 0.171875, 0.1875, 0.203125, 0.21875, 0.234375]","[154749.3857115656, 876106.906708278, 1710291.3768915324, 1721880.1384885088, 1236443.3975593026, 1200279.6938555266, 1385236.6101427807, 1437054.04742228, 1048940.2936461219, 664501.8455342907, 393060.29715082515, 165807.08106897466, 58528.0666285327, 51528.95639390758, 141871.95181127623, 339557.7347245398]",3.0,0.3,flattop,64,32,145.14999999999998,15,21,449.5238095238095,38.00000000000003,1007.9999999999999,"[2, 5, 11, 17, 22, 25, 29, 38, 44, 52, 55, 60, 65, 74, 78, 84, 89, 95, 98, 101, 105]","[38.00000000000003, 367.9999999999997, 460.9999999999999, 193.00000000000034, 950.9999999999997, 154.00000000000034, 881.0000000000001, 242.99999999999991, 490.99999999999994, 185.99999999999977, 321.0, 943.0000000000002, 810.0, 205.0, 478.0, 275.99999999999966, 346.9999999999999, 79.00000000000011, 1007.9999999999999, 114.00000000000011, 892.9999999999995]","[1, 1, 1, 15, 1, 24, 27, 35, 35, 49, 35, 35, 63, 73, 73, 73, 35, 92, 35, 99, 99]","[3, 8, 18, 18, 35, 27, 35, 39, 49, 53, 56, 73, 73, 75, 81, 85, 92, 97, 106, 102, 106]",0.05,30,52684909.0,1016.0,-1016.0,DWT,uc1.l0082987033,0.0,0.0,0.0,0.0,0.0,1.1368683772161603e-13,1.862645149230957e-09,0.0,1.0,84,0.0,3.637978807091713e-12,1.0,84,,0.0,0.0,1.0,84,0.0,0.0,0.0,1.52587890625e-05,0.0,0.0,0.0,0.0,0.0,0.0,1.6240976817373716e-13,0.0,0.0,0.0,2.842170943040401e-14,0.0,0.0,0.0,2.842170943040401e-14,2.842170943040401e-14,5.551115123125783e-17,0.0,0.0,0.0,0.0,0.0,0.0,0.0,0.9180299443777866,0.6567697510746147,0.17410877568616195,0.3678113703581998,0.025897058862267806,0.0,0.0,0.0,617,1.1237406016952471,0.6353597215676031,153,0,0,0.0,0.0,385,0,0,0.42852338007180624,0.5828694741669771,189,213.27603397162716,0.7244495685121096,336.0,249.2972754834668,0.6451705206901633,212,db,413.2962962962963,398.0,188.41229481502944,243,0.9143723369387087,0.671803462110104,0.15839832550987273,5,160.25
bior2.4,1,antisymmetric,1.0096601508853167e-26,320.0532709525321,9745620.099884683,0.5517241379310345,317.45545683117905,108,raw,6.608705352509449e-14,-1.164928153940543e-10,"[2, 5, 11, 17, 22, 25, 29, 38, 44, 52, 55, 60, 65, 74, 78, 84, 89, 95, 98, 101, 105]","[38.000000000000085, 368.0, 460.9999999999999, 193.0000000000001, 951.0, 154.0000000000001, 881.0000000000001, 242.99999999999997, 491.0, 186.0, 321.0, 943.0000000000001, 810.0, 205.00000000000006, 477.99999999999994, 276.0000000000001, 347.0000000000001, 79.00000000000011, 1008.0000000000001, 114.00000000000011, 893.0]",21,5.60815970343908,150200.6992397966,0.8907328086391164,4.36592371825129e-06,1.0,0.4907407407407407,67631.0,0.12910941990473745,0.15147910127183992,188156.12126451553,82872438.25058056,8,12069.579557418134,0.027777777777777776,"[0.0, 0.009259259259259259, 0.018518518518518517, 0.027777777777777776, 0.037037037037037035, 0.046296296296296294, 0.05555555555555555, 0.06481481481481481, 0.07407407407407407, 0.08333333333333333, 0.09259259259259259, 0.10185185185185185, 0.1111111111111111, 0.12037037037037036, 0.12962962962962962, 0.1388888888888889, 0.14814814814814814, 0.15740740740740738, 0.16666666666666666, 0.17592592592592593, 0.18518518518518517, 0.19444444444444442, 0.2037037037037037, 0.21296296296296297, 0.2222222222222222, 0.23148148148148145, 0.24074074074074073]","[67631.0, 1786.6346316370025, 1155.983184086941, 12069.579557418134, 1906.5778542068433, 950.5914327636004, 9083.877197385176, 2481.229636774484, 778.6316126029461, 8965.162396385991, 2042.6423114779166, 1606.71710215415, 6927.939836298322, 1790.941198917793, 2115.0643759896475, 4469.146453396725, 811.3124818658853, 852.4454942250568, 2613.518509595828, 1125.8336361545946, 622.5282936168377, 1595.9028958466972, 1672.083632235643, 807.767182253757, 3024.63443941176, 842.7313814743651, 842.82357322692]",3.0,0.3,145.14999999999998,15,0.5,1721880.1384885088,0.14445541615564295,0.12412575453778009,16430975.452705404,84089526828.82368,"[0.046875, 0.03125]",2,1721880.1384885088,0.046875,"[0.0, 0.015625, 0.03125, 0.046875, 0.0625, 0.078125, 0.09375, 0.109375, 0.125, 0.140625, 0.15625, 0.171875, 0.1875, 0.203125, 0.21875, 0.234375]","[154749.38571156544, 876106.9067082778, 1710291.3768915324, 1721880.1384885088, 1236443.3975593022, 1200279.693855527, 1385236.6101427816, 1437054.047422281, 1048940.2936461223, 664501.8455342909, 393060.29715082527, 165807.08106897457, 58528.066628532644, 51528.95639390756, 141871.95181127623, 339557.73472454]",3.0,0.3,flattop,64,32,145.14999999999998,15,21,449.5238095238095,38.000000000000085,1008.0000000000001,"[2, 5, 11, 17, 22, 25, 29, 38, 44, 52, 55, 60, 65, 74, 78, 84, 89, 95, 98, 101, 105]","[38.000000000000085, 368.0, 460.9999999999999, 193.0000000000001, 951.0, 154.0000000000001, 881.0000000000001, 242.99999999999997, 491.0, 186.0, 321.0, 943.0000000000001, 810.0, 205.00000000000006, 477.99999999999994, 276.0000000000001, 347.0000000000001, 79.00000000000011, 1008.0000000000001, 114.00000000000011, 893.0]","[1, 1, 1, 15, 1, 24, 27, 35, 35, 49, 35, 35, 63, 73, 73, 73, 35, 92, 35, 99, 99]","[3, 8, 18, 18, 35, 27, 35, 39, 49, 53, 56, 73, 73, 75, 81, 85, 92, 97, 106, 102, 106]",0.05,30,52684909.0,1016.0000000000001,-1016.0000000000001,DWT,uc1.l0082987033,0.0,0.0,0.0,0.0,0.0,1.1368683772161603e-13,3.725290298461914e-09,1.1368683772161603e-13,1.0,84,0.0,3.637978807091713e-12,1.0,84,,0.0,0.0,1.0,84,0.0,0.0,0.0,3.0517578125e-05,0.0,0.0,0.0,0.0,0.0,0.0,6.49639072694949e-14,0.0,1.1368683772161603e-13,0.0,2.842170943040401e-14,0.0,0.0,0.0,2.842170943040401e-14,8.526512829121202e-14,0.0,0.0,0.0,1.3877787807814457e-17,0.0,0.0,0.0,2.7755575615628914e-17,0.9449483652164244,0.20997767076051738,0.05985335094143325,0.3706414948950107,0.16805589827033385,0.0,0.0,0.0,440,0.9173634872469678,0.5186746914316677,424,0,0,0.0,0.0,588,0,0,0.350695356016744,0.4770092537775376,440,77.03678774888441,0.9004692664743096,473.0,464.8662575855172,0.6446790776815992,213,bior,385.74074074074076,410.0,199.97417605530825,135,0.8534087184529663,0.7130285416801533,0.18870533457887761,4,160.75
sym7,1,antisymmetric,8.501462168285299e-20,250.80008684643366,9916253.281363098,0.5833333333333334,473.2298813031375,108,raw,2.2342601842713822e-10,-1.009497152629697e-09,"[2, 5, 11, 17, 22, 25, 29, 38, 44, 52, 55, 60, 65, 74, 78, 84, 89, 95, 98, 101, 105]","[37.99999999985502, 367.9999999995621, 461.0000000000465, 192.99999999941144, 951.000000000035, 153.99999999913632, 880.9999999986992, 242.99999999961062, 491.0000000000387, 185.99999999986915, 320.9999999997556, 943.0000000003297, 809.9999999987999, 204.9999999995346, 477.99999999959346, 275.99999999977376, 346.9999999997651, 79.00000000068462, 1007.9999999992986, 113.99999999912495, 892.9999999988975]",21,5.7449354474686105,205583.0075781825,0.9134667177336977,4.365923718256911e-06,0.9999999999999997,0.4907407407407407,67631.0000000009,0.1291094199046897,0.15147910127184805,188156.12126444592,82872438.25058466,8,12069.579557417734,0.027777777777777776,"[0.0, 0.009259259259259259, 0.018518518518518517, 0.027777777777777776, 0.037037037037037035, 0.046296296296296294, 0.05555555555555555, 0.06481481481481481, 0.07407407407407407, 0.08333333333333333, 0.09259259259259259, 0.10185185185185185, 0.1111111111111111, 0.12037037037037036, 0.12962962962962962, 0.1388888888888889, 0.14814814814814814, 0.15740740740740738, 0.16666666666666666, 0.17592592592592593, 0.18518518518518517, 0.19444444444444442, 0.2037037037037037, 0.21296296296296297, 0.2222222222222222, 0.23148148148148145, 0.24074074074074073]","[67631.0000000009, 1786.6346316375743, 1155.9831840871163, 12069.579557417734, 1906.5778542068015, 950.591432764487, 9083.877197385338, 2481.2296367745294, 778.6316126024476, 8965.162396386673, 2042.642311478749, 1606.7171021536094, 6927.939836298161, 1790.9411989171742, 2115.06437598977, 4469.146453395327, 811.3124818655317, 852.4454942242094, 2613.518509594501, 1125.8336361539448, 622.5282936161396, 1595.9028958441218, 1672.0836322322311, 807.7671822519432, 3024.6344394036278, 842.7313814721062, 842.8235732244276]",3.0,0.3,145.15000000019552,15,0.5,1721880.1384887502,0.14445541615554364,0.12412575453778489,16430975.452693457,84089526828.87547,"[0.046875, 0.03125]",2,1721880.1384887502,0.046875,"[0.0, 0.015625, 0.03125, 0.046875, 0.0625, 0.078125, 0.09375, 0.109375, 0.125, 0.140625, 0.15625, 0.171875, 0.1875, 0.203125, 0.21875, 0.234375]","[154749.38571160252, 876106.9067084175, 1710291.3768917792, 1721880.1384887502, 1236443.397559543, 1200279.6938558053, 1385236.6101430561, 1437054.0474224328, 1048940.293646068, 664501.8455340952, 393060.2971505914, 165807.08106881255, 58528.06662840399, 51528.956393625456, 141871.95181041534, 339557.7347225612]",3.0,0.3,flattop,64,32,145.15000000019552,15,21,449.5238095234202,37.99999999985502,1007.9999999992986,"[2, 5, 11, 17, 22, 25, 29, 38, 44, 52, 55, 60, 65, 74, 78, 84, 89, 95, 98, 101, 105]","[37.99999999985502, 367.9999999995621, 461.0000000000465, 192.99999999941144, 951.000000000035, 153.99999999913632, 880.9999999986992, 242.99999999961062, 491.0000000000387, 185.99999999986915, 320.9999999997556, 943.0000000003297, 809.9999999987999, 204.9999999995346, 477.99999999959346, 275.99999999977376, 346.9999999997651, 79.00000000068462, 1007.9999999992986, 113.99999999912495, 892.9999999988975]","[1, 1, 1, 15, 1, 24, 27, 35, 35, 49, 35, 35, 63, 73, 73, 73, 35, 92, 35, 99, 99]","[3, 8, 18, 18, 35, 27, 35, 39, 49, 53, 56, 73, 73, 75, 81, 85, 92, 97, 106, 102, 106]",0.05,30,52684908.999993995,1015.9999999998913,-1015.9999999998913,DWT,uc1.l0082987033,2.414453774690628e-07,0.0,3.893205757776741e-10,4.0978193283081055e-06,0.0,7.014477887423709e-10,1.1943280696868896e-05,1.0868461686186492e-10,1.0,84,0.0,3.965396899729967e-10,1.0,84,,0.0,0.0,1.0,84,0.0,0.0,6.0051679611206055e-06,0.05181884765625,9.022187441587448e-10,0.0,0.0,0.0,3.893205757776741e-10,8.176357368938625e-09,4.974908950403221e-10,0.0,1.0868461686186492e-10,0.0,1.9551293917174917e-10,0.0,0.0,0.0,1.9551293917174917e-10,1.4497913980449084e-10,4.776734563449736e-14,2.414453774690628e-07,8.132383655379272e-15,4.8155923693116165e-15,6.961636245250702e-08,0.0,0.0,9.928169397710462e-14,0.23394864043494057,0.3852343776694499,0.07640537807266226,0.7234636871508384,0.3179704124757747,0.02527517325723604,0.01263758662861802,0.02527517325723604,111,0.7877627019826656,0.4453987781859872,573,0,0,0.02527517325723604,0.02527517325723604,111,0,0,0.3474044991607332,0.47253309192867793,455,237.60681808399355,0.693014446919905,312.5,182.14089480094032,0.6446338384470326,214,sym,445.72514619883043,505.0,280.45746329325993,171,0.986117580085908,1.0,0.009717693939864401,6,162.0
coif1,1,reflect,7.166012463027671e-27,321.5422475203243,9345995.842669804,0.5625,417.8737928603881,108,raw,5.5494703482744874e-14,-1.1439649227895711e-10,"[2, 5, 11, 17, 22, 25, 29, 38, 44, 52, 55, 60, 65, 74, 78, 84, 89, 95, 98, 101, 105]","[37.99999999999997, 368.0, 461.0000000000001, 193.00000000000006, 951.0, 154.0, 881.0, 243.00000000000009, 491.00000000000017, 186.0000000000001, 320.9999999999999, 943.0000000000001, 810.0000000000001, 205.0, 477.9999999999998, 275.9999999999999, 347.0000000000001, 79.0, 1008.0, 114.0, 893.0]",21,5.672505361371307,101948.91554323785,0.7544842134200919,4.365923718251291e-06,1.0,0.4907407407407407,67631.0,0.1291094199047374,0.15147910127183992,188156.12126451556,82872438.25058056,8,12069.57955741813,0.027777777777777776,"[0.0, 0.009259259259259259, 0.018518518518518517, 0.027777777777777776, 0.037037037037037035, 0.046296296296296294, 0.05555555555555555, 0.06481481481481481, 0.07407407407407407, 0.08333333333333333, 0.09259259259259259, 0.10185185185185185, 0.1111111111111111, 0.12037037037037036, 0.12962962962962962, 0.1388888888888889, 0.14814814814814814, 0.15740740740740738, 0.16666666666666666, 0.17592592592592593, 0.18518518518518517, 0.19444444444444442, 0.2037037037037037, 0.21296296296296297, 0.2222222222222222, 0.23148148148148145, 0.24074074074074073]","[67631.0, 1786.6346316370004, 1155.983184086938, 12069.57955741813, 1906.5778542068438, 950.591432763602, 9083.877197385178, 2481.2296367744834, 778.6316126029461, 8965.162396385991, 2042.6423114779177, 1606.7171021541494, 6927.939836298323, 1790.9411989177936, 2115.0643759896498, 4469.146453396725, 811.3124818658858, 852.445494225057, 2613.518509595828, 1125.8336361545937, 622.5282936168369, 1595.9028958466974, 1672.0836322356424, 807.767182253756, 3024.63443941176, 842.7313814743659, 842.82357322692]",3.0,0.3,145.15000000000003,15,0.5,1721880.1384885088,0.14445541615564292,0.12412575453778008,16430975.452705404,84089526828.8237,"[0.046875, 0.03125]",2,1721880.1384885088,0.046875,"[0.0, 0.015625, 0.03125, 0.046875, 0.0625, 0.078125, 0.09375, 0.109375, 0.125, 0.140625, 0.15625, 0.171875, 0.1875, 0.203125, 0.21875, 0.234375]","[154749.3857115655, 876106.9067082781, 1710291.3768915331, 1721880.1384885088, 1236443.3975593029, 1200279.6938555273, 1385236.6101427819, 1437054.0474222808, 1048940.293646122, 664501.8455342908, 393060.2971508252, 165807.08106897454, 58528.06662853262, 51528.956393907545, 141871.95181127626, 339557.7347245398]",3.0,0.3,flattop,64,32,145.15000000000003,15,21,449.5238095238095,37.99999999999997,1008.0,"[2, 5, 11, 17, 22, 25, 29, 38, 44, 52, 55, 60, 65, 74, 78, 84, 89, 95, 98, 101, 105]","[37.99999999999997, 368.0, 461.0000000000001, 193.00000000000006, 951.0, 154.0, 881.0, 243.00000000000009, 491.00000000000017, 186.0000000000001, 320.9999999999999, 943.0000000000001, 810.0000000000001, 205.0, 477.9999999999998, 275.9999999999999, 347.0000000000001, 79.0, 1008.0, 114.0, 893.0]","[1, 1, 1, 15, 1, 24, 27, 35, 35, 49, 35, 35, 63, 73, 73, 73, 35, 92, 35, 99, 99]","[3, 8, 18, 18, 35, 27, 35, 39, 49, 53, 56, 73, 73, 75, 81, 85, 92, 97, 106, 102, 106]",0.05,30,52684909.0,1016.0,-1016.0,DWT,uc1.l0082987033,0.0,0.0,0.0,0.0,0.0,0.0,3.725290298461914e-09,0.0,1.0,84,0.0,0.0,1.0,84,,0.0,0.0,1.0,84,0.0,0.0,0.0,4.57763671875e-05,0.0,0.0,0.0,0.0,0.0,0.0,6.496390726949488e-14,0.0,0.0,0.0,2.842170943040401e-14,0.0,0.0,0.0,2.842170943040401e-14,2.842170943040401e-14,5.551115123125783e-17,0.0,0.0,0.0,2.9103830456733704e-11,0.0,0.0,0.0,0.9602351992237158,0.29242655958290986,0.021088372814628067,0.49092178770949735,0.03744301972764001,0.0,0.0,0.0,376,0.9442445087078534,0.5338731440684025,378,0,0,0.0,0.0,606,0,0,0.36042298781167825,0.4902405963200453,393,112.09036533083474,0.8551804065493092,438.25,421.0627640255039,0.6444829681325357,215,coif,217.80246913580248,181.0,166.32516494453617,81,0.48186386976947454,0.5930495234160287,0.4847804341365592,1,161.5
coif4,1,antisymmetric,2.1984917957224838e-26,316.673774619127,10712464.97291518,0.5538461538461539,419.8164675647386,108,raw,1.0302047281095799e-13,-1.1005352185122838e-10,"[2, 5, 11, 17, 22, 25, 29, 38, 44, 52, 55, 60, 65, 74, 78, 84, 89, 95, 98, 101, 105]","[38.00000000000017, 368.00000000000006, 461.00000000000017, 193.0, 951.0000000000002, 154.00000000000034, 880.9999999999999, 243.00000000000014, 491.00000000000057, 185.99999999999966, 320.9999999999999, 942.9999999999998, 810.0, 205.00000000000006, 478.0000000000002, 276.0000000000002, 347.0000000000002, 78.99999999999989, 1008.0, 114.00000000000023, 893.0000000000002]",21,5.887029228660429,307677.1068115844,0.9275995173419395,4.365923718251291e-06,1.0,0.4907407407407407,67631.0,0.12910941990473743,0.15147910127183992,188156.12126451556,82872438.25058056,8,12069.57955741813,0.027777777777777776,"[0.0, 0.009259259259259259, 0.018518518518518517, 0.027777777777777776, 0.037037037037037035, 0.046296296296296294, 0.05555555555555555, 0.06481481481481481, 0.07407407407407407, 0.08333333333333333, 0.09259259259259259, 0.10185185185185185, 0.1111111111111111, 0.12037037037037036, 0.12962962962962962, 0.1388888888888889, 0.14814814814814814, 0.15740740740740738, 0.16666666666666666, 0.17592592592592593, 0.18518518518518517, 0.19444444444444442, 0.2037037037037037, 0.21296296296296297, 0.2222222222222222, 0.23148148148148145, 0.24074074074074073]","[67631.0, 1786.634631637001, 1155.9831840869408, 12069.57955741813, 1906.5778542068415, 950.5914327636024, 9083.877197385176, 2481.229636774484, 778.6316126029453, 8965.162396385991, 2042.6423114779182, 1606.7171021541499, 6927.939836298324, 1790.9411989177956, 2115.0643759896507, 4469.1464533967255, 811.3124818658858, 852.4454942250592, 2613.518509595828, 1125.8336361545955, 622.528293616837, 1595.9028958466993, 1672.083632235644, 807.7671822537575, 3024.63443941176, 842.7313814743645, 842.8235732269206]",3.0,0.3,145.1499999999999,15,0.5,1721880.1384885085,0.14445541615564295,0.12412575453778009,16430975.452705398,84089526828.82365,"[0.046875, 0.03125]",2,1721880.1384885085,0.046875,"[0.0, 0.015625, 0.03125, 0.046875, 0.0625, 0.078125, 0.09375, 0.109375, 0.125, 0.140625, 0.15625, 0.171875, 0.1875, 0.203125, 0.21875, 0.234375]","[154749.38571156556, 876106.9067082778, 1710291.3768915324, 1721880.1384885085, 1236443.3975593022, 1200279.6938555269, 1385236.6101427814, 1437054.0474222803, 1048940.2936461219, 664501.8455342904, 393060.2971508249, 165807.08106897437, 58528.0666285326, 51528.95639390746, 141871.95181127606, 339557.7347245395]",3.0,0.3,flattop,64,32,145.1499999999999,15,21,449.5238095238095,38.00000000000017,1008.0,"[2, 5, 11, 17, 22, 25, 29, 38, 44, 52, 55, 60, 65, 74, 78, 84, 89, 95, 98, 101, 105]","[38.00000000000017, 368.00000000000006, 461.00000000000017, 193.0, 951.0000000000002, 154.00000000000034, 880.9999999999999, 243.00000000000014, 491.00000000000057, 185.99999999999966, 320.9999999999999, 942.9999999999998, 810.0, 205.00000000000006, 478.0000000000002, 276.0000000000002, 347.0000000000002, 78.99999999999989, 1008.0, 114.00000000000023, 893.0000000000002]","[1, 1, 1, 15, 1, 24, 27, 35, 35, 49, 35, 35, 63, 73, 73, 73, 35, 92, 35, 99, 99]","[3, 8, 18, 18, 35, 27, 35, 39, 49, 53, 56, 73, 73, 75, 81, 85, 92, 97, 106, 102, 106]",0.05,30,52684909.0,1016.0,-1016.0,DWT,uc1.l0082987033,2.3283064365386963e-10,0.0,0.0,0.0,0.0,0.0,1.862645149230957e-09,0.0,1.0,84,0.0,0.0,1.0,84,,0.0,0.0,1.0,84,0.0,0.0,0.0,0.0,0.0,0.0,0.0,0.0,0.0,0.0,1.8000415972589206e-13,0.0,0.0,0.0,1.1368683772161603e-13,0.0,0.0,0.0,1.1368683772161603e-13,1.7053025658242404e-13,2.7755575615628914e-17,2.3283064365386963e-10,0.0,1.3877787807814457e-17,2.9103830456733704e-11,0.0,0.0,2.7755575615628914e-17,0.9102521849040529,0.5673053167866953,0.15364075167693952,0.3943274602492485,0.5943291947118202,0.0,0.0,0.0,503,1.3020870071586765,0.7361962690296103,68,0,0,0.0,0.0,529,0,0,0.5239709816657513,0.7126955138622665,62,260.61273951977097,0.6632910342121823,290.5,115.22945886344134,0.6439840183980808,216,coif,217.80246913580248,181.0,166.32516494453617,81,0.48186386976947454,0.5930495234160287,0.4847804341365592,1,162.25
rbio1.3,1,antisymmetric,1.6544458377424078e-26,317.90849757126216,9458032.2820137,0.5535714285714286,318.5038133449662,108,raw,1.0668009685509281e-13,-1.219686573961105e-10,"[2, 5, 11, 17, 22, 25, 29, 38, 44, 52, 55, 60, 65, 74, 78, 84, 89, 95, 98, 101, 105]","[38.0, 367.9999999999999, 461.00000000000006, 193.0, 951.0000000000002, 154.0, 881.0000000000002, 243.0, 491.00000000000017, 186.0, 321.0000000000001, 943.0000000000001, 810.0000000000002, 205.00000000000003, 478.0, 275.9999999999999, 347.0, 78.99999999999989, 1008.0000000000002, 114.0, 893.0]",21,5.599505958327285,108884.31044598017,0.8401644397699731,4.365923718251291e-06,1.0,0.4907407407407407,67631.00000000003,0.12910941990473737,0.15147910127183994,188156.1212645156,82872438.25058065,8,12069.579557418136,0.027777777777777776,"[0.0, 0.009259259259259259, 0.018518518518518517, 0.027777777777777776, 0.037037037037037035, 0.046296296296296294, 0.05555555555555555, 0.06481481481481481, 0.07407407407407407, 0.08333333333333333, 0.09259259259259259, 0.10185185185185185, 0.1111111111111111, 0.12037037037037036, 0.12962962962962962, 0.1388888888888889, 0.14814814814814814, 0.15740740740740738, 0.16666666666666666, 0.17592592592592593, 0.18518518518518517, 0.19444444444444442, 0.2037037037037037, 0.21296296296296297, 0.2222222222222222, 0.23148148148148145, 0.24074074074074073]","[67631.00000000003, 1786.6346316370007, 1155.9831840869394, 12069.579557418136, 1906.5778542068424, 950.5914327636012, 9083.87719738518, 2481.2296367744843, 778.6316126029448, 8965.162396385995, 2042.6423114779186, 1606.7171021541494, 6927.939836298324, 1790.9411989177936, 2115.0643759896484, 4469.146453396726, 811.3124818658864, 852.4454942250576, 2613.51850959583, 1125.8336361545937, 622.5282936168361, 1595.9028958466956, 1672.083632235643, 807.7671822537577, 3024.6344394117605, 842.7313814743651, 842.82357322692]",3.0,0.3,145.15000000000003,15,0.5,1721880.1384885092,0.14445541615564295,0.12412575453778009,16430975.452705404,84089526828.82372,"[0.046875, 0.03125]",2,1721880.1384885092,0.046875,"[0.0, 0.015625, 0.03125, 0.046875, 0.0625, 0.078125, 0.09375, 0.109375, 0.125, 0.140625, 0.15625, 0.171875, 0.1875, 0.203125, 0.21875, 0.234375]","[154749.3857115653, 876106.906708278, 1710291.3768915334, 1721880.1384885092, 1236443.3975593029, 1200279.6938555273, 1385236.610142782, 1437054.047422281, 1048940.2936461226, 664501.8455342909, 393060.2971508254, 165807.08106897463, 58528.066628532666, 51528.95639390756, 141871.95181127626, 339557.73472454003]",3.0,0.3,flattop,64,32,145.15000000000003,15,21,449.5238095238095,38.0,1008.0000000000002,"[2, 5, 11, 17, 22, 25, 29, 38, 44, 52, 55, 60, 65, 74, 78, 84, 89, 95, 98, 101, 105]","[38.0, 367.9999999999999, 461.00000000000006, 193.0, 951.0000000000002, 154.0, 881.0000000000002, 243.0, 491.00000000000017, 186.0, 321.0000000000001, 943.0000000000001, 810.0000000000002, 205.00000000000003, 478.0, 275.9999999999999, 347.0, 78.99999999999989, 1008.0000000000002, 114.0, 893.0]","[1, 1, 1, 15, 1, 24, 27, 35, 35, 49, 35, 35, 63, 73, 73, 73, 35, 92, 35, 99, 99]","[3, 8, 18, 18, 35, 27, 35, 39, 49, 53, 56, 73, 73, 75, 81, 85, 92, 97, 106, 102, 106]",0.05,30,52684909.00000001,1016.0000000000002,-1016.0000000000002,DWT,uc1.l0082987033,4.656612873077393e-10,0.0,0.0,8.940696716308594e-08,0.0,2.2737367544323206e-13,3.725290298461914e-09,2.2737367544323206e-13,1.0,84,0.0,5.4569682106375694e-12,1.0,84,,0.0,0.0,1.0,84,0.0,0.0,7.450580596923828e-09,6.103515625e-05,2.9103830456733704e-11,0.0,0.0,0.0,0.0,0.0,8.255829882164975e-14,0.0,2.2737367544323206e-13,0.0,2.842170943040401e-14,0.0,0.0,0.0,2.842170943040401e-14,0.0,8.326672684688674e-17,4.656612873077393e-10,2.7755575615628914e-17,1.3877787807814457e-17,5.820766091346741e-11,0.0,0.0,2.7755575615628914e-17,0.922928680439688,0.19888925094248994,0.03195630698569106,0.39126097366320883,0.05621645819313045,3.135877575339459e-05,1.5679387876697293e-05,3.135877575339459e-05,279,0.848170959970439,0.4795534344452654,523,0,0,3.135877575339459e-05,3.135877575339459e-05,306,0,0,0.32025033404484166,0.4355985052093002,541,138.90854305381413,0.8205315981216872,412.25,376.90769575303307,0.6439544295517996,217,rbio,366.5925925925926,360.0,210.3588723315502,135,0.8110455588331695,0.7500562468954116,0.20725123474815782,3,163.5
db18,1,antireflect,2.705827965392747e-26,315.7720213017528,11023042.344203655,0.5492957746478874,431.1596585116894,108,raw,1.1276576380489004e-13,-1.0686529439141227e-10,"[2, 5, 11, 17, 22, 25, 29, 38, 44, 52, 55, 60, 65, 74, 78, 84, 89, 95, 98, 101, 105]","[38.00000000000006, 367.99999999999966, 461.0000000000001, 193.00000000000006, 950.9999999999999, 154.00000000000034, 881.0000000000002, 243.0000000000001, 490.9999999999999, 186.0, 320.9999999999998, 942.9999999999997, 810.0, 205.00000000000014, 478.00000000000006, 275.9999999999998, 347.0, 79.0, 1008.0000000000001, 114.00000000000011, 893.0000000000002]",21,6.022588457198429,351345.79797835194,0.9427449403290861,4.365923718251291e-06,1.0,0.4907407407407407,67631.0,0.12910941990473737,0.15147910127183992,188156.12126451556,82872438.25058056,8,12069.579557418134,0.027777777777777776,"[0.0, 0.009259259259259259, 0.018518518518518517, 0.027777777777777776, 0.037037037037037035, 0.046296296296296294, 0.05555555555555555, 0.06481481481481481, 0.07407407407407407, 0.08333333333333333, 0.09259259259259259, 0.10185185185185185, 0.1111111111111111, 0.12037037037037036, 0.12962962962962962, 0.1388888888888889, 0.14814814814814814, 0.15740740740740738, 0.16666666666666666, 0.17592592592592593, 0.18518518518518517, 0.19444444444444442, 0.2037037037037037, 0.21296296296296297, 0.2222222222222222, 0.23148148148148145, 0.24074074074074073]","[67631.0, 1786.634631636999, 1155.9831840869388, 12069.579557418134, 1906.5778542068433, 950.5914327636027, 9083.877197385176, 2481.2296367744834, 778.6316126029458, 8965.162396385991, 2042.6423114779177, 1606.7171021541467, 6927.939836298324, 1790.9411989177927, 2115.0643759896484, 4469.146453396725, 811.3124818658863, 852.4454942250568, 2613.5185095958273, 1125.8336361545935, 622.5282936168392, 1595.9028958466974, 1672.0836322356424, 807.7671822537545, 3024.6344394117596, 842.7313814743638, 842.8235732269211]",3.0,0.3,145.14999999999995,15,0.5,1721880.1384885088,0.14445541615564292,0.12412575453778008,16430975.4527054,84089526828.82372,"[0.046875, 0.03125]",2,1721880.1384885088,0.046875,"[0.0, 0.015625, 0.03125, 0.046875, 0.0625, 0.078125, 0.09375, 0.109375, 0.125, 0.140625, 0.15625, 0.171875, 0.1875, 0.203125, 0.21875, 0.234375]","[154749.3857115655, 876106.9067082775, 1710291.3768915324, 1721880.1384885088, 1236443.3975593029, 1200279.693855527, 1385236.6101427819, 1437054.047422281, 1048940.2936461223, 664501.8455342909, 393060.2971508249, 165807.08106897434, 58528.066628532426, 51528.95639390732, 141871.9518112761, 339557.73472453986]",3.0,0.3,flattop,64,32,145.14999999999995,15,21,449.5238095238095,38.00000000000006,1008.0000000000001,"[2, 5, 11, 17, 22, 25, 29, 38, 44, 52, 55, 60, 65, 74, 78, 84, 89, 95, 98, 101, 105]","[38.00000000000006, 367.99999999999966, 461.0000000000001, 193.00000000000006, 950.9999999999999, 154.00000000000034, 881.0000000000002, 243.0000000000001, 490.9999999999999, 186.0, 320.9999999999998, 942.9999999999997, 810.0, 205.00000000000014, 478.00000000000006, 275.9999999999998, 347.0, 79.0, 1008.0000000000001, 114.00000000000011, 893.0000000000002]","[1, 1, 1, 15, 1, 24, 27, 35, 35, 49, 35, 35, 63, 73, 73, 73, 35, 92, 35, 99, 99]","[3, 8, 18, 18, 35, 27, 35, 39, 49, 53, 56, 73, 73, 75, 81, 85, 92, 97, 106, 102, 106]",0.05,30,52684909.0,1016.0,-1016.0,DWT,uc1.l0082987033,0.0,0.0,0.0,0.0,0.0,1.1368683772161603e-13,0.0,0.0,1.0,84,0.0,3.637978807091713e-12,1.0,84,,0.0,0.0,1.0,84,0.0,0.0,0.0,6.103515625e-05,0.0,0.0,0.0,0.0,0.0,0.0,1.3940171768245776e-13,0.0,0.0,0.0,5.684341886080802e-14,0.0,0.0,0.0,5.684341886080802e-14,5.684341886080802e-14,8.326672684688674e-17,0.0,0.0,0.0,2.9103830456733704e-11,0.0,0.0,0.0,0.9009941793877778,0.7410032495104671,0.18376786430164857,0.3435360767959721,0.7125360881885934,0.0,0.0,0.0,553,1.4254109305325506,0.8059232625183609,34,0,0,0.0,0.0,473,0,0,0.5763674916368918,0.7839642651960815,35,278.18623857648555,0.6405862550691401,273.75,64.61443004305161,0.6434520422632523,218,db,413.2962962962963,398.0,188.41229481502944,243,0.9143723369387087,0.671803462110104,0.15839832550987273,5,164.75
db10,1,reflect,1.2626449214826387e-26,319.0822107489573,10387302.735375043,0.5634920634920635,369.557210463733,108,raw,8.052817671947803e-14,-1.1116851883485943e-10,"[2, 5, 11, 17, 22, 25, 29, 38, 44, 52, 55, 60, 65, 74, 78, 84, 89, 95, 98, 101, 105]","[38.0, 368.0000000000002, 460.9999999999999, 192.99999999999994, 950.9999999999999, 154.0, 881.0000000000002, 243.0, 491.0000000000003, 185.99999999999977, 320.9999999999998, 942.9999999999998, 810.0000000000002, 205.0000000000001, 478.00000000000006, 275.9999999999999, 347.00000000000045, 79.0, 1007.9999999999998, 113.99999999999977, 893.0000000000001]",21,5.816978733059161,96628.84961022012,0.8197669990729116,4.365923718251291e-06,1.0,0.4907407407407407,67631.0,0.1291094199047374,0.15147910127183992,188156.12126451553,82872438.25058056,8,12069.57955741813,0.027777777777777776,"[0.0, 0.009259259259259259, 0.018518518518518517, 0.027777777777777776, 0.037037037037037035, 0.046296296296296294, 0.05555555555555555, 0.06481481481481481, 0.07407407407407407, 0.08333333333333333, 0.09259259259259259, 0.10185185185185185, 0.1111111111111111, 0.12037037037037036, 0.12962962962962962, 0.1388888888888889, 0.14814814814814814, 0.15740740740740738, 0.16666666666666666, 0.17592592592592593, 0.18518518518518517, 0.19444444444444442, 0.2037037037037037, 0.21296296296296297, 0.2222222222222222, 0.23148148148148145, 0.24074074074074073]","[67631.0, 1786.6346316370013, 1155.983184086939, 12069.57955741813, 1906.5778542068438, 950.5914327636016, 9083.877197385176, 2481.2296367744834, 778.6316126029465, 8965.16239638599, 2042.6423114779172, 1606.7171021541496, 6927.939836298323, 1790.9411989177945, 2115.0643759896484, 4469.146453396725, 811.3124818658862, 852.4454942250563, 2613.518509595829, 1125.8336361545942, 622.5282936168388, 1595.902895846697, 1672.0836322356438, 807.7671822537567, 3024.6344394117586, 842.7313814743649, 842.8235732269192]",3.0,0.3,145.15,15,0.5,1721880.1384885088,0.14445541615564295,0.12412575453778009,16430975.452705402,84089526828.82372,"[0.046875, 0.03125]",2,1721880.1384885088,0.046875,"[0.0, 0.015625, 0.03125, 0.046875, 0.0625, 0.078125, 0.09375, 0.109375, 0.125, 0.140625, 0.15625, 0.171875, 0.1875, 0.203125, 0.21875, 0.234375]","[154749.38571156535, 876106.9067082779, 1710291.3768915324, 1721880.1384885088, 1236443.3975593029, 1200279.6938555273, 1385236.6101427816, 1437054.047422281, 1048940.2936461223, 664501.8455342907, 393060.29715082515, 165807.0810689745, 58528.06662853267, 51528.956393907516, 141871.9518112762, 339557.7347245398]",3.0,0.3,flattop,64,32,145.15,15,21,449.5238095238095,38.0,1007.9999999999998,"[2, 5, 11, 17, 22, 25, 29, 38, 44, 52, 55, 60, 65, 74, 78, 84, 89, 95, 98, 101, 105]","[38.0, 368.0000000000002, 460.9999999999999, 192.99999999999994, 950.9999999999999, 154.0, 881.0000000000002, 243.0, 491.0000000000003, 185.99999999999977, 320.9999999999998, 942.9999999999998, 810.0000000000002, 205.0000000000001, 478.00000000000006, 275.9999999999999, 347.00000000000045, 79.0, 1007.9999999999998, 113.99999999999977, 893.0000000000001]","[1, 1, 1, 15, 1, 24, 27, 35, 35, 49, 35, 35, 63, 73, 73, 73, 35, 92, 35, 99, 99]","[3, 8, 18, 18, 35, 27, 35, 39, 49, 53, 56, 73, 73, 75, 81, 85, 92, 97, 106, 102, 106]",0.05,30,52684909.0,1015.9999999999999,-1015.9999999999999,DWT,uc1.l0082987033,0.0,0.0,0.0,0.0,0.0,2.2737367544323206e-13,1.862645149230957e-09,1.1368683772161603e-13,1.0,84,0.0,0.0,1.0,84,,0.0,0.0,1.0,84,0.0,0.0,0.0,6.103515625e-05,0.0,0.0,0.0,0.0,0.0,0.0,1.5428927976505038e-13,0.0,1.1368683772161603e-13,0.0,0.0,0.0,0.0,0.0,0.0,0.0,5.551115123125783e-17,0.0,0.0,1.3877787807814457e-17,0.0,0.0,0.0,2.7755575615628914e-17,0.9349788086335796,0.4775465714512183,0.12209885501192119,0.5019952114924183,0.023042119443451657,0.0,0.0,0.0,597,1.0708249307860656,0.6054413526088759,197,0,0,0.0,0.0,438,0,0,0.41193231320651785,0.5603026158125524,229,187.85876787274705,0.757288413601102,365.25,298.48293233606216,0.6426945943974502,219,db,413.2962962962963,398.0,188.41229481502944,243,0.9143723369387087,0.671803462110104,0.15839832550987273,5,165.5
rbio1.3,1,periodic,1.6544458377424078e-26,317.90849757126216,9458129.742223874,0.5535714285714286,318.5038133449662,108,raw,1.0668009685509281e-13,-1.219686573961105e-10,"[2, 5, 11, 17, 22, 25, 29, 38, 44, 52, 55, 60, 65, 74, 78, 84, 89, 95, 98, 101, 105]","[38.0, 367.9999999999999, 461.00000000000006, 193.0, 951.0000000000002, 154.0, 881.0000000000002, 243.0, 491.00000000000017, 186.0, 321.0000000000001, 943.0000000000001, 810.0000000000002, 205.00000000000003, 478.0, 275.9999999999999, 347.0, 78.99999999999989, 1008.0000000000002, 114.0, 893.0]",21,5.598814716590731,107191.7927482761,0.8381398127647136,4.365923718251291e-06,1.0,0.4907407407407407,67631.00000000003,0.12910941990473737,0.15147910127183994,188156.1212645156,82872438.25058065,8,12069.579557418136,0.027777777777777776,"[0.0, 0.009259259259259259, 0.018518518518518517, 0.027777777777777776, 0.037037037037037035, 0.046296296296296294, 0.05555555555555555, 0.06481481481481481, 0.07407407407407407, 0.08333333333333333, 0.09259259259259259, 0.10185185185185185, 0.1111111111111111, 0.12037037037037036, 0.12962962962962962, 0.1388888888888889, 0.14814814814814814, 0.15740740740740738, 0.16666666666666666, 0.17592592592592593, 0.18518518518518517, 0.19444444444444442, 0.2037037037037037, 0.21296296296296297, 0.2222222222222222, 0.23148148148148145, 0.24074074074074073]","[67631.00000000003, 1786.6346316370007, 1155.9831840869394, 12069.579557418136, 1906.5778542068424, 950.5914327636012, 9083.87719738518, 2481.2296367744843, 778.6316126029448, 8965.162396385995, 2042.6423114779186, 1606.7171021541494, 6927.939836298324, 1790.9411989177936, 2115.0643759896484, 4469.146453396726, 811.3124818658864, 852.4454942250576, 2613.51850959583, 1125.8336361545937, 622.5282936168361, 1595.9028958466956, 1672.083632235643, 807.7671822537577, 3024.6344394117605, 842.7313814743651, 842.82357322692]",3.0,0.3,145.15000000000003,15,0.5,1721880.1384885092,0.14445541615564295,0.12412575453778009,16430975.452705404,84089526828.82372,"[0.046875, 0.03125]",2,1721880.1384885092,0.046875,"[0.0, 0.015625, 0.03125, 0.046875, 0.0625, 0.078125, 0.09375, 0.109375, 0.125, 0.140625, 0.15625, 0.171875, 0.1875, 0.203125, 0.21875, 0.234375]","[154749.3857115653, 876106.906708278, 1710291.3768915334, 1721880.1384885092, 1236443.3975593029, 1200279.6938555273, 1385236.610142782, 1437054.047422281, 1048940.2936461226, 664501.8455342909, 393060.2971508254, 165807.08106897463, 58528.066628532666, 51528.95639390756, 141871.95181127626, 339557.73472454003]",3.0,0.3,flattop,64,32,145.15000000000003,15,21,449.5238095238095,38.0,1008.0000000000002,"[2, 5, 11, 17, 22, 25, 29, 38, 44, 52, 55, 60, 65, 74, 78, 84, 89, 95, 98, 101, 105]","[38.0, 367.9999999999999, 461.00000000000006, 193.0, 951.0000000000002, 154.0, 881.0000000000002, 243.0, 491.00000000000017, 186.0, 321.0000000000001, 943.0000000000001, 810.0000000000002, 205.00000000000003, 478.0, 275.9999999999999, 347.0, 78.99999999999989, 1008.0000000000002, 114.0, 893.0]","[1, 1, 1, 15, 1, 24, 27, 35, 35, 49, 35, 35, 63, 73, 73, 73, 35, 92, 35, 99, 99]","[3, 8, 18, 18, 35, 27, 35, 39, 49, 53, 56, 73, 73, 75, 81, 85, 92, 97, 106, 102, 106]",0.05,30,52684909.00000001,1016.0000000000002,-1016.0000000000002,DWT,uc1.l0082987033,4.656612873077393e-10,0.0,0.0,8.940696716308594e-08,0.0,2.2737367544323206e-13,3.725290298461914e-09,2.2737367544323206e-13,1.0,84,0.0,5.4569682106375694e-12,1.0,84,,0.0,0.0,1.0,84,0.0,0.0,7.450580596923828e-09,6.103515625e-05,2.9103830456733704e-11,0.0,0.0,0.0,0.0,0.0,8.255829882164975e-14,0.0,2.2737367544323206e-13,0.0,2.842170943040401e-14,0.0,0.0,0.0,2.842170943040401e-14,0.0,8.326672684688674e-17,4.656612873077393e-10,2.7755575615628914e-17,1.3877787807814457e-17,5.820766091346741e-11,0.0,0.0,2.7755575615628914e-17,0.922928680439688,0.19800353285492955,0.031965760973649573,0.39126097366320883,0.05163497764369022,3.135877575339459e-05,1.5679387876697293e-05,3.135877575339459e-05,283,0.8459002357008621,0.47826957343899873,526,0,0,3.135877575339459e-05,3.135877575339459e-05,309,0,0,0.31915878511503326,0.4341138008026508,543,138.28081332322765,0.8213426184454423,415.25,380.4966485258665,0.6424219552175532,220,rbio,366.5925925925926,360.0,210.3588723315502,135,0.8110455588331695,0.7500562468954116,0.20725123474815782,3,165.75
coif5,1,smooth,2.9018255702822563e-26,315.4683100788409,9807538.993972348,0.5514705882352942,286.7740001932904,108,raw,1.2601442523208347e-13,-1.107334224315088e-10,"[2, 5, 11, 17, 22, 25, 29, 38, 44, 52, 55, 60, 65, 74, 78, 84, 89, 95, 98, 101, 105]","[37.99999999999994, 368.0000000000002, 460.99999999999955, 193.0, 951.0000000000001, 153.9999999999999, 881.0000000000005, 242.99999999999986, 491.00000000000006, 185.9999999999999, 320.9999999999999, 943.0000000000001, 810.0000000000002, 204.99999999999994, 478.00000000000006, 275.9999999999999, 347.0000000000002, 78.99999999999989, 1008.0, 114.00000000000023, 893.0]",21,5.798338098370077,105708.08301794984,0.8365350105951727,4.36592371825129e-06,1.0,0.4907407407407407,67631.0,0.1291094199047374,0.15147910127183992,188156.1212645156,82872438.25058056,8,12069.57955741813,0.027777777777777776,"[0.0, 0.009259259259259259, 0.018518518518518517, 0.027777777777777776, 0.037037037037037035, 0.046296296296296294, 0.05555555555555555, 0.06481481481481481, 0.07407407407407407, 0.08333333333333333, 0.09259259259259259, 0.10185185185185185, 0.1111111111111111, 0.12037037037037036, 0.12962962962962962, 0.1388888888888889, 0.14814814814814814, 0.15740740740740738, 0.16666666666666666, 0.17592592592592593, 0.18518518518518517, 0.19444444444444442, 0.2037037037037037, 0.21296296296296297, 0.2222222222222222, 0.23148148148148145, 0.24074074074074073]","[67631.0, 1786.6346316370036, 1155.9831840869394, 12069.57955741813, 1906.5778542068429, 950.5914327636033, 9083.877197385174, 2481.2296367744843, 778.6316126029491, 8965.162396385993, 2042.642311477915, 1606.717102154149, 6927.939836298324, 1790.9411989177945, 2115.064375989649, 4469.1464533967255, 811.312481865885, 852.4454942250569, 2613.518509595829, 1125.8336361545955, 622.5282936168343, 1595.9028958466972, 1672.083632235645, 807.7671822537558, 3024.634439411761, 842.7313814743654, 842.8235732269201]",3.0,0.3,145.1500000000001,15,0.5,1721880.1384885088,0.14445541615564297,0.12412575453778012,16430975.452705408,84089526828.82368,"[0.046875, 0.03125]",2,1721880.1384885088,0.046875,"[0.0, 0.015625, 0.03125, 0.046875, 0.0625, 0.078125, 0.09375, 0.109375, 0.125, 0.140625, 0.15625, 0.171875, 0.1875, 0.203125, 0.21875, 0.234375]","[154749.3857115654, 876106.906708278, 1710291.376891533, 1721880.1384885088, 1236443.3975593026, 1200279.6938555262, 1385236.6101427814, 1437054.047422281, 1048940.2936461223, 664501.8455342911, 393060.2971508255, 165807.08106897463, 58528.06662853269, 51528.95639390755, 141871.9518112763, 339557.73472454003]",3.0,0.3,flattop,64,32,145.1500000000001,15,21,449.5238095238095,37.99999999999994,1008.0,"[2, 5, 11, 17, 22, 25, 29, 38, 44, 52, 55, 60, 65, 74, 78, 84, 89, 95, 98, 101, 105]","[37.99999999999994, 368.0000000000002, 460.99999999999955, 193.0, 951.0000000000001, 153.9999999999999, 881.0000000000005, 242.99999999999986, 491.00000000000006, 185.9999999999999, 320.9999999999999, 943.0000000000001, 810.0000000000002, 204.99999999999994, 478.00000000000006, 275.9999999999999, 347.0000000000002, 78.99999999999989, 1008.0, 114.00000000000023, 893.0]","[1, 1, 1, 15, 1, 24, 27, 35, 35, 49, 35, 35, 63, 73, 73, 73, 35, 92, 35, 99, 99]","[3, 8, 18, 18, 35, 27, 35, 39, 49, 53, 56, 73, 73, 75, 81, 85, 92, 97, 106, 102, 106]",0.05,30,52684909.0,1015.9999999999999,-1015.9999999999999,DWT,uc1.l0082987033,0.0,0.0,0.0,0.0,0.0,0.0,7.450580596923828e-09,1.1368683772161603e-13,1.0,84,0.0,0.0,1.0,84,,0.0,0.0,1.0,84,0.0,0.0,0.0,3.0517578125e-05,0.0,0.0,0.0,0.0,0.0,0.0,1.421085471520201e-13,0.0,1.1368683772161603e-13,0.0,8.526512829121202e-14,0.0,0.0,0.0,8.526512829121202e-14,5.684341886080802e-14,5.551115123125783e-17,0.0,0.0,4.163336342344337e-17,5.820766091346741e-11,0.0,0.0,5.551115123125783e-17,0.8978760758855248,0.45366151585542547,0.06585970448881977,0.3678113703581998,0.04761871992317952,0.0,0.0,0.0,383,0.9646582918159893,0.5454150386410114,342,0,0,0.0,0.0,614,0,0,0.3665654773022299,0.4985954954595837,376,124.79149276559947,0.838770681181396,428.75,407.2000448674837,0.6424150563529719,221,coif,217.80246913580248,181.0,166.32516494453617,81,0.48186386976947454,0.5930495234160287,0.4847804341365592,1,166.0
sym13,1,smooth,5.963418215270811e-22,272.340070436415,9509033.992601134,0.5909090909090909,286.6995552858825,108,raw,1.9555287430513867e-11,-6.844991240584372e-11,"[2, 5, 11, 17, 22, 25, 29, 38, 44, 52, 55, 60, 65, 74, 78, 84, 89, 95, 98, 101, 105]","[37.999999999990536, 367.9999999999496, 460.9999999999619, 192.99999999997573, 950.9999999999502, 153.99999999997215, 880.999999999897, 242.9999999999739, 490.99999999995237, 185.99999999998147, 320.9999999999559, 942.9999999999561, 809.9999999999056, 204.99999999998138, 477.9999999999512, 275.99999999997897, 346.99999999996476, 78.99999999999818, 1007.9999999999434, 113.99999999998204, 892.9999999998813]",21,5.692272436396433,111489.39676425038,0.8675692525176983,4.3659237182520345e-06,1.0,0.4907407407407407,67630.99999999996,0.1291094199047327,0.15147910127184,188156.12126450555,82872438.25058034,8,12069.579557417974,0.027777777777777776,"[0.0, 0.009259259259259259, 0.018518518518518517, 0.027777777777777776, 0.037037037037037035, 0.046296296296296294, 0.05555555555555555, 0.06481481481481481, 0.07407407407407407, 0.08333333333333333, 0.09259259259259259, 0.10185185185185185, 0.1111111111111111, 0.12037037037037036, 0.12962962962962962, 0.1388888888888889, 0.14814814814814814, 0.15740740740740738, 0.16666666666666666, 0.17592592592592593, 0.18518518518518517, 0.19444444444444442, 0.2037037037037037, 0.21296296296296297, 0.2222222222222222, 0.23148148148148145, 0.24074074074074073]","[67630.99999999996, 1786.6346316369704, 1155.9831840869224, 12069.579557417974, 1906.5778542067926, 950.591432763525, 9083.877197384725, 2481.229636774336, 778.6316126028986, 8965.16239638522, 2042.642311477693, 1606.7171021539998, 6927.939836297583, 1790.941198917607, 2115.064375989408, 4469.146453396205, 811.3124818658026, 852.4454942249549, 2613.5185095955094, 1125.8336361544655, 622.5282936167704, 1595.9028958465044, 1672.083632235443, 807.7671822536705, 3024.6344394114053, 842.7313814742657, 842.8235732268171]",3.0,0.3,145.15000000002468,15,0.5,1721880.1384883937,0.14445541615563856,0.12412575453778085,16430975.45270283,84089526828.80301,"[0.046875, 0.03125]",2,1721880.1384883937,0.046875,"[0.0, 0.015625, 0.03125, 0.046875, 0.0625, 0.078125, 0.09375, 0.109375, 0.125, 0.140625, 0.15625, 0.171875, 0.1875, 0.203125, 0.21875, 0.234375]","[154749.38571156125, 876106.9067082359, 1710291.3768914284, 1721880.1384883937, 1236443.3975591678, 1200279.6938553296, 1385236.6101425148, 1437054.0474219872, 1048940.2936458944, 664501.8455341395, 393060.297150734, 165807.08106893592, 58528.066628519155, 51528.9563938956, 141871.9518112432, 339557.73472446087]",3.0,0.3,flattop,64,32,145.15000000002468,15,21,449.52380952376683,37.999999999990536,1007.9999999999434,"[2, 5, 11, 17, 22, 25, 29, 38, 44, 52, 55, 60, 65, 74, 78, 84, 89, 95, 98, 101, 105]","[37.999999999990536, 367.9999999999496, 460.9999999999619, 192.99999999997573, 950.9999999999502, 153.99999999997215, 880.999999999897, 242.9999999999739, 490.99999999995237, 185.99999999998147, 320.9999999999559, 942.9999999999561, 809.9999999999056, 204.99999999998138, 477.9999999999512, 275.99999999997897, 346.99999999996476, 78.99999999999818, 1007.9999999999434, 113.99999999998204, 892.9999999998813]","[1, 1, 1, 15, 1, 24, 27, 35, 35, 49, 35, 35, 63, 73, 73, 73, 35, 92, 35, 99, 99]","[3, 8, 18, 18, 35, 27, 35, 39, 49, 53, 56, 73, 73, 75, 81, 85, 92, 97, 106, 102, 106]",0.05,30,52684908.999998555,1015.9999999999818,-1015.9999999999818,DWT,uc1.l0082987033,1.150183379650116e-07,0.0,4.268940756446682e-11,2.2351741790771484e-07,0.0,5.661604518536478e-11,2.5704503059387207e-06,1.8189894035458565e-11,1.0,84,0.0,1.5643308870494366e-10,1.0,84,,0.0,0.0,1.0,84,0.0,0.0,1.4454126358032227e-06,0.0206451416015625,4.3655745685100555e-11,0.0,0.0,0.0,4.268940756446682e-11,8.967617759481072e-10,4.267858024658856e-11,0.0,1.8189894035458565e-11,0.0,2.467004378559068e-11,0.0,0.0,0.0,2.467004378559068e-11,9.464429240324534e-12,4.746203430272544e-15,1.150183379650116e-07,8.326672684688674e-17,7.771561172376096e-16,9.98261384665966e-09,0.0,0.0,4.3576253716537394e-15,0.4550925864058777,0.31775497215127685,0.036903654799686395,0.8080243778567804,0.06326817311047407,0.00608360249615855,0.003041801248079275,0.00608360249615855,188,0.79890188570591,0.4516968407977805,563,0,0,0.00608360249615855,0.00608360249615855,186,0,0,0.33620875286481905,0.4573048475437091,487,197.59723344891918,0.7447064167326626,356.0,275.38574569682544,0.642379048159613,222,sym,445.72514619883043,505.0,280.45746329325993,171,0.986117580085908,1.0,0.009717693939864401,6,168.0
coif1,1,constant,7.176764344995128e-27,321.5357362513479,9333806.60579576,0.5625,365.34740558413506,108,raw,5.5692076464900457e-14,-1.1441769753872746e-10,"[2, 5, 11, 17, 22, 25, 29, 38, 44, 52, 55, 60, 65, 74, 78, 84, 89, 95, 98, 101, 105]","[37.99999999999997, 368.0, 461.0000000000001, 193.00000000000006, 951.0, 154.0, 881.0, 243.00000000000009, 491.00000000000017, 186.0000000000001, 320.9999999999999, 943.0000000000001, 810.0000000000001, 205.0, 477.9999999999998, 275.9999999999999, 347.0000000000001, 79.0, 1008.0, 114.0, 893.0]",21,5.645128373163656,104140.00426498725,0.7795060870778596,4.365923718251291e-06,1.0,0.4907407407407407,67631.0,0.1291094199047374,0.15147910127183992,188156.12126451556,82872438.25058056,8,12069.57955741813,0.027777777777777776,"[0.0, 0.009259259259259259, 0.018518518518518517, 0.027777777777777776, 0.037037037037037035, 0.046296296296296294, 0.05555555555555555, 0.06481481481481481, 0.07407407407407407, 0.08333333333333333, 0.09259259259259259, 0.10185185185185185, 0.1111111111111111, 0.12037037037037036, 0.12962962962962962, 0.1388888888888889, 0.14814814814814814, 0.15740740740740738, 0.16666666666666666, 0.17592592592592593, 0.18518518518518517, 0.19444444444444442, 0.2037037037037037, 0.21296296296296297, 0.2222222222222222, 0.23148148148148145, 0.24074074074074073]","[67631.0, 1786.6346316370004, 1155.9831840869379, 12069.57955741813, 1906.5778542068435, 950.5914327636021, 9083.877197385178, 2481.229636774484, 778.6316126029461, 8965.162396385991, 2042.6423114779177, 1606.717102154149, 6927.939836298323, 1790.9411989177936, 2115.0643759896498, 4469.146453396725, 811.312481865886, 852.445494225057, 2613.518509595828, 1125.8336361545937, 622.528293616837, 1595.9028958466974, 1672.0836322356424, 807.7671822537561, 3024.63443941176, 842.7313814743659, 842.82357322692]",3.0,0.3,145.15000000000003,15,0.5,1721880.1384885088,0.14445541615564292,0.12412575453778008,16430975.452705404,84089526828.8237,"[0.046875, 0.03125]",2,1721880.1384885088,0.046875,"[0.0, 0.015625, 0.03125, 0.046875, 0.0625, 0.078125, 0.09375, 0.109375, 0.125, 0.140625, 0.15625, 0.171875, 0.1875, 0.203125, 0.21875, 0.234375]","[154749.3857115655, 876106.9067082781, 1710291.3768915331, 1721880.1384885088, 1236443.3975593029, 1200279.6938555273, 1385236.6101427819, 1437054.0474222808, 1048940.293646122, 664501.8455342908, 393060.2971508252, 165807.08106897454, 58528.06662853262, 51528.956393907545, 141871.95181127626, 339557.7347245398]",3.0,0.3,flattop,64,32,145.15000000000003,15,21,449.5238095238095,37.99999999999997,1008.0,"[2, 5, 11, 17, 22, 25, 29, 38, 44, 52, 55, 60, 65, 74, 78, 84, 89, 95, 98, 101, 105]","[37.99999999999997, 368.0, 461.0000000000001, 193.00000000000006, 951.0, 154.0, 881.0, 243.00000000000009, 491.00000000000017, 186.0000000000001, 320.9999999999999, 943.0000000000001, 810.0000000000001, 205.0, 477.9999999999998, 275.9999999999999, 347.0000000000001, 79.0, 1008.0, 114.0, 893.0]","[1, 1, 1, 15, 1, 24, 27, 35, 35, 49, 35, 35, 63, 73, 73, 73, 35, 92, 35, 99, 99]","[3, 8, 18, 18, 35, 27, 35, 39, 49, 53, 56, 73, 73, 75, 81, 85, 92, 97, 106, 102, 106]",0.05,30,52684909.0,1016.0,-1016.0,DWT,uc1.l0082987033,0.0,0.0,0.0,0.0,0.0,0.0,3.725290298461914e-09,0.0,1.0,84,0.0,0.0,1.0,84,,0.0,0.0,1.0,84,0.0,0.0,0.0,4.57763671875e-05,0.0,0.0,0.0,0.0,0.0,0.0,6.496390726949488e-14,0.0,0.0,0.0,2.842170943040401e-14,0.0,0.0,0.0,2.842170943040401e-14,2.842170943040401e-14,5.551115123125783e-17,0.0,0.0,0.0,2.9103830456733704e-11,0.0,0.0,0.0,0.9601683501609622,0.2573472344262381,0.019905973367462658,0.49092178770949735,0.04337408347628503,0.0,0.0,0.0,371,0.9284459624677407,0.5249406912183869,409,0,0,0.0,0.0,603,0,0,0.35434348582808906,0.48197137160755016,418,103.85045337728029,0.8658262876262528,450.25,435.2024439933157,0.6420539706865114,223,coif,217.80246913580248,181.0,166.32516494453617,81,0.48186386976947454,0.5930495234160287,0.4847804341365592,1,167.5
rbio1.3,1,symmetric,1.6544458377424078e-26,317.90849757126216,9458196.777071226,0.5535714285714286,318.5038133449662,108,raw,1.0668009685509281e-13,-1.2197176602057942e-10,"[2, 5, 11, 17, 22, 25, 29, 38, 44, 52, 55, 60, 65, 74, 78, 84, 89, 95, 98, 101, 105]","[38.0, 367.9999999999999, 461.00000000000006, 193.0, 951.0000000000002, 154.0, 881.0000000000002, 243.0, 491.00000000000017, 186.0, 321.0000000000001, 943.0000000000001, 810.0000000000002, 205.00000000000003, 478.0, 275.9999999999999, 347.0, 78.99999999999989, 1008.0000000000002, 114.0, 893.0]",21,5.598898241688456,107125.9496758909,0.8386549605932999,4.365923718251291e-06,1.0,0.4907407407407407,67631.00000000003,0.12910941990473737,0.15147910127183994,188156.1212645156,82872438.25058065,8,12069.579557418136,0.027777777777777776,"[0.0, 0.009259259259259259, 0.018518518518518517, 0.027777777777777776, 0.037037037037037035, 0.046296296296296294, 0.05555555555555555, 0.06481481481481481, 0.07407407407407407, 0.08333333333333333, 0.09259259259259259, 0.10185185185185185, 0.1111111111111111, 0.12037037037037036, 0.12962962962962962, 0.1388888888888889, 0.14814814814814814, 0.15740740740740738, 0.16666666666666666, 0.17592592592592593, 0.18518518518518517, 0.19444444444444442, 0.2037037037037037, 0.21296296296296297, 0.2222222222222222, 0.23148148148148145, 0.24074074074074073]","[67631.00000000003, 1786.6346316370007, 1155.9831840869394, 12069.579557418136, 1906.5778542068424, 950.5914327636012, 9083.87719738518, 2481.229636774485, 778.6316126029448, 8965.162396385995, 2042.6423114779186, 1606.7171021541494, 6927.939836298324, 1790.9411989177936, 2115.0643759896484, 4469.146453396726, 811.3124818658861, 852.4454942250576, 2613.51850959583, 1125.8336361545937, 622.528293616836, 1595.9028958466956, 1672.083632235643, 807.7671822537577, 3024.6344394117605, 842.7313814743652, 842.82357322692]",3.0,0.3,145.15000000000003,15,0.5,1721880.1384885092,0.14445541615564295,0.12412575453778009,16430975.452705404,84089526828.82372,"[0.046875, 0.03125]",2,1721880.1384885092,0.046875,"[0.0, 0.015625, 0.03125, 0.046875, 0.0625, 0.078125, 0.09375, 0.109375, 0.125, 0.140625, 0.15625, 0.171875, 0.1875, 0.203125, 0.21875, 0.234375]","[154749.3857115653, 876106.906708278, 1710291.3768915334, 1721880.1384885092, 1236443.3975593029, 1200279.6938555273, 1385236.610142782, 1437054.047422281, 1048940.2936461226, 664501.8455342909, 393060.2971508254, 165807.08106897463, 58528.066628532666, 51528.95639390756, 141871.95181127626, 339557.73472454003]",3.0,0.3,flattop,64,32,145.15000000000003,15,21,449.5238095238095,38.0,1008.0000000000002,"[2, 5, 11, 17, 22, 25, 29, 38, 44, 52, 55, 60, 65, 74, 78, 84, 89, 95, 98, 101, 105]","[38.0, 367.9999999999999, 461.00000000000006, 193.0, 951.0000000000002, 154.0, 881.0000000000002, 243.0, 491.00000000000017, 186.0, 321.0000000000001, 943.0000000000001, 810.0000000000002, 205.00000000000003, 478.0, 275.9999999999999, 347.0, 78.99999999999989, 1008.0000000000002, 114.0, 893.0]","[1, 1, 1, 15, 1, 24, 27, 35, 35, 49, 35, 35, 63, 73, 73, 73, 35, 92, 35, 99, 99]","[3, 8, 18, 18, 35, 27, 35, 39, 49, 53, 56, 73, 73, 75, 81, 85, 92, 97, 106, 102, 106]",0.05,30,52684909.00000001,1016.0000000000002,-1016.0000000000002,DWT,uc1.l0082987033,4.656612873077393e-10,0.0,0.0,8.940696716308594e-08,0.0,2.2737367544323206e-13,3.725290298461914e-09,2.2737367544323206e-13,1.0,84,0.0,5.4569682106375694e-12,1.0,84,,0.0,0.0,1.0,84,0.0,0.0,7.450580596923828e-09,6.103515625e-05,2.9103830456733704e-11,0.0,0.0,0.0,0.0,0.0,8.255829882164975e-14,0.0,2.2737367544323206e-13,0.0,2.842170943040401e-14,0.0,0.0,0.0,2.842170943040401e-14,0.0,8.326672684688674e-17,4.656612873077393e-10,2.7755575615628914e-17,1.3877787807814457e-17,5.820766091346741e-11,0.0,0.0,2.7755575615628914e-17,0.922928680439688,0.19811055719375115,0.031972263592908653,0.39126097366320883,0.051456746860131845,3.135877575339459e-05,1.5679387876697293e-05,3.135877575339459e-05,284,0.845885706866479,0.47826135887760046,527,0,0,3.135877575339459e-05,3.135877575339459e-05,310,0,0,0.3191458443499377,0.43409619901638347,544,138.28081332322765,0.8213426184454423,416.25,381.58101885048677,0.6417759603855119,224,rbio,366.5925925925926,360.0,210.3588723315502,135,0.8110455588331695,0.7500562468954116,0.20725123474815782,3,168.75
db10,1,periodic,1.5673906542906847e-26,318.1432505826272,10762867.598797273,0.5793650793650794,374.1302126128776,108,raw,9.13836907380351e-14,-1.1232303975816713e-10,"[2, 5, 11, 17, 22, 25, 29, 38, 44, 52, 55, 60, 65, 74, 78, 84, 89, 95, 98, 101, 105]","[38.000000000000114, 368.0000000000001, 461.0, 192.9999999999999, 950.9999999999999, 154.0, 881.0000000000002, 243.0, 491.0000000000003, 185.99999999999977, 320.9999999999998, 942.9999999999998, 810.0000000000002, 205.0000000000001, 478.00000000000006, 275.9999999999999, 347.00000000000045, 78.99999999999989, 1007.9999999999995, 113.99999999999989, 893.0000000000002]",21,5.799699395225297,99671.76964885807,0.8300230240498527,4.365923718251291e-06,1.0,0.4907407407407407,67631.0,0.12910941990473737,0.15147910127183992,188156.12126451556,82872438.25058056,8,12069.57955741813,0.027777777777777776,"[0.0, 0.009259259259259259, 0.018518518518518517, 0.027777777777777776, 0.037037037037037035, 0.046296296296296294, 0.05555555555555555, 0.06481481481481481, 0.07407407407407407, 0.08333333333333333, 0.09259259259259259, 0.10185185185185185, 0.1111111111111111, 0.12037037037037036, 0.12962962962962962, 0.1388888888888889, 0.14814814814814814, 0.15740740740740738, 0.16666666666666666, 0.17592592592592593, 0.18518518518518517, 0.19444444444444442, 0.2037037037037037, 0.21296296296296297, 0.2222222222222222, 0.23148148148148145, 0.24074074074074073]","[67631.0, 1786.6346316370023, 1155.98318408694, 12069.57955741813, 1906.5778542068433, 950.5914327636011, 9083.877197385176, 2481.229636774484, 778.6316126029462, 8965.16239638599, 2042.6423114779159, 1606.7171021541496, 6927.939836298322, 1790.9411989177954, 2115.0643759896484, 4469.146453396725, 811.3124818658855, 852.4454942250575, 2613.518509595829, 1125.833636154594, 622.5282936168386, 1595.9028958466965, 1672.0836322356438, 807.7671822537565, 3024.634439411759, 842.7313814743645, 842.823573226919]",3.0,0.3,145.14999999999995,15,0.5,1721880.1384885088,0.14445541615564295,0.12412575453778009,16430975.452705402,84089526828.82372,"[0.046875, 0.03125]",2,1721880.1384885088,0.046875,"[0.0, 0.015625, 0.03125, 0.046875, 0.0625, 0.078125, 0.09375, 0.109375, 0.125, 0.140625, 0.15625, 0.171875, 0.1875, 0.203125, 0.21875, 0.234375]","[154749.38571156547, 876106.9067082779, 1710291.3768915324, 1721880.1384885088, 1236443.3975593029, 1200279.6938555273, 1385236.6101427814, 1437054.047422281, 1048940.2936461223, 664501.8455342907, 393060.29715082515, 165807.0810689745, 58528.06662853267, 51528.956393907516, 141871.9518112762, 339557.7347245398]",3.0,0.3,flattop,64,32,145.14999999999995,15,21,449.5238095238095,38.000000000000114,1007.9999999999995,"[2, 5, 11, 17, 22, 25, 29, 38, 44, 52, 55, 60, 65, 74, 78, 84, 89, 95, 98, 101, 105]","[38.000000000000114, 368.0000000000001, 461.0, 192.9999999999999, 950.9999999999999, 154.0, 881.0000000000002, 243.0, 491.0000000000003, 185.99999999999977, 320.9999999999998, 942.9999999999998, 810.0000000000002, 205.0000000000001, 478.00000000000006, 275.9999999999999, 347.00000000000045, 78.99999999999989, 1007.9999999999995, 113.99999999999989, 893.0000000000002]","[1, 1, 1, 15, 1, 24, 27, 35, 35, 49, 35, 35, 63, 73, 73, 73, 35, 92, 35, 99, 99]","[3, 8, 18, 18, 35, 27, 35, 39, 49, 53, 56, 73, 73, 75, 81, 85, 92, 97, 106, 102, 106]",0.05,30,52684909.0,1015.9999999999998,-1015.9999999999998,DWT,uc1.l0082987033,0.0,0.0,0.0,0.0,0.0,4.547473508864641e-13,1.862645149230957e-09,2.2737367544323206e-13,1.0,84,0.0,0.0,1.0,84,,0.0,0.0,1.0,84,0.0,0.0,0.0,6.103515625e-05,0.0,0.0,0.0,0.0,0.0,0.0,1.678234271128618e-13,0.0,2.2737367544323206e-13,0.0,5.684341886080802e-14,0.0,0.0,0.0,5.684341886080802e-14,1.1368683772161603e-13,8.326672684688674e-17,0.0,0.0,1.3877787807814457e-17,2.9103830456733704e-11,0.0,0.0,2.7755575615628914e-17,0.9253388126036687,0.455405804695996,0.15852998613800548,0.6791699920191547,0.03127900759501015,0.0,0.0,0.0,630,1.146350782824868,0.6481434532984292,142,0,0,0.0,0.0,375,0,0,0.449944720610367,0.6120063802876431,153,229.92607507631664,0.702937887498299,325.0,224.31370466733924,0.6415206233357128,225,db,413.2962962962963,398.0,188.41229481502944,243,0.9143723369387087,0.671803462110104,0.15839832550987273,5,170.0
coif5,1,constant,2.8387751320057026e-26,315.56371319077743,9352174.61399713,0.5735294117647058,248.70562987321009,108,raw,1.2282356202056822e-13,-1.104769609128204e-10,"[2, 5, 11, 17, 22, 25, 29, 38, 44, 52, 55, 60, 65, 74, 78, 84, 89, 95, 98, 101, 105]","[37.99999999999986, 368.0000000000003, 460.9999999999996, 193.00000000000023, 951.0, 154.0, 881.0000000000005, 242.99999999999986, 491.00000000000006, 185.9999999999999, 320.9999999999999, 943.0000000000001, 810.0000000000002, 204.99999999999994, 478.00000000000006, 276.0, 347.00000000000034, 79.0, 1007.9999999999999, 114.0, 893.0000000000002]",21,5.637853726670824,132947.76694961073,0.8700645617332883,4.36592371825129e-06,1.0,0.4907407407407407,67631.0,0.12910941990473743,0.15147910127183992,188156.12126451556,82872438.25058056,8,12069.579557418134,0.027777777777777776,"[0.0, 0.009259259259259259, 0.018518518518518517, 0.027777777777777776, 0.037037037037037035, 0.046296296296296294, 0.05555555555555555, 0.06481481481481481, 0.07407407407407407, 0.08333333333333333, 0.09259259259259259, 0.10185185185185185, 0.1111111111111111, 0.12037037037037036, 0.12962962962962962, 0.1388888888888889, 0.14814814814814814, 0.15740740740740738, 0.16666666666666666, 0.17592592592592593, 0.18518518518518517, 0.19444444444444442, 0.2037037037037037, 0.21296296296296297, 0.2222222222222222, 0.23148148148148145, 0.24074074074074073]","[67631.0, 1786.6346316370036, 1155.9831840869388, 12069.579557418134, 1906.5778542068438, 950.5914327636042, 9083.877197385174, 2481.229636774484, 778.6316126029484, 8965.162396385991, 2042.6423114779145, 1606.7171021541483, 6927.939836298324, 1790.9411989177945, 2115.064375989649, 4469.146453396726, 811.3124818658857, 852.4454942250571, 2613.518509595828, 1125.8336361545955, 622.528293616835, 1595.9028958466952, 1672.0836322356447, 807.7671822537565, 3024.6344394117586, 842.7313814743655, 842.8235732269205]",3.0,0.3,145.15000000000012,15,0.5,1721880.1384885088,0.14445541615564297,0.12412575453778012,16430975.452705408,84089526828.82368,"[0.046875, 0.03125]",2,1721880.1384885088,0.046875,"[0.0, 0.015625, 0.03125, 0.046875, 0.0625, 0.078125, 0.09375, 0.109375, 0.125, 0.140625, 0.15625, 0.171875, 0.1875, 0.203125, 0.21875, 0.234375]","[154749.3857115654, 876106.906708278, 1710291.376891533, 1721880.1384885088, 1236443.3975593026, 1200279.6938555264, 1385236.6101427814, 1437054.0474222808, 1048940.2936461226, 664501.845534291, 393060.2971508254, 165807.0810689747, 58528.06662853269, 51528.95639390753, 141871.95181127626, 339557.73472454003]",3.0,0.3,flattop,64,32,145.15000000000012,15,21,449.5238095238095,37.99999999999986,1007.9999999999999,"[2, 5, 11, 17, 22, 25, 29, 38, 44, 52, 55, 60, 65, 74, 78, 84, 89, 95, 98, 101, 105]","[37.99999999999986, 368.0000000000003, 460.9999999999996, 193.00000000000023, 951.0, 154.0, 881.0000000000005, 242.99999999999986, 491.00000000000006, 185.9999999999999, 320.9999999999999, 943.0000000000001, 810.0000000000002, 204.99999999999994, 478.00000000000006, 276.0, 347.00000000000034, 79.0, 1007.9999999999999, 114.0, 893.0000000000002]","[1, 1, 1, 15, 1, 24, 27, 35, 35, 49, 35, 35, 63, 73, 73, 73, 35, 92, 35, 99, 99]","[3, 8, 18, 18, 35, 27, 35, 39, 49, 53, 56, 73, 73, 75, 81, 85, 92, 97, 106, 102, 106]",0.05,30,52684909.0,1015.9999999999999,-1015.9999999999999,DWT,uc1.l0082987033,0.0,0.0,0.0,0.0,0.0,1.1368683772161603e-13,7.450580596923828e-09,1.1368683772161603e-13,1.0,84,0.0,3.637978807091713e-12,1.0,84,,0.0,0.0,1.0,84,0.0,0.0,0.0,3.0517578125e-05,0.0,0.0,0.0,0.0,0.0,0.0,1.461687913563635e-13,0.0,1.1368683772161603e-13,0.0,1.1368683772161603e-13,0.0,0.0,0.0,1.1368683772161603e-13,1.4210854715202004e-13,2.7755575615628914e-17,0.0,0.0,4.163336342344337e-17,2.9103830456733704e-11,0.0,0.0,5.551115123125783e-17,0.8988555483416397,0.24802591362256432,0.021687735668684083,0.6140322050607949,0.12135389106797456,0.0,0.0,0.0,380,0.9683245921021159,0.5474879543347778,333,0,0,0.0,0.0,623,0,0,0.38079105875233155,0.5179448648642375,311,143.74369551392508,0.8142846311189599,411.75,382.58648176194356,0.6411539434664567,226,coif,217.80246913580248,181.0,166.32516494453617,81,0.48186386976947454,0.5930495234160287,0.4847804341365592,1,169.75
coif5,1,zero,3.2136652078231786e-26,315.0250168018851,9356579.942245156,0.5735294117647058,248.64150430157136,108,raw,1.2611311172316122e-13,-1.1140000033549374e-10,"[2, 5, 11, 17, 22, 25, 29, 38, 44, 52, 55, 60, 65, 74, 78, 84, 89, 95, 98, 101, 105]","[37.999999999999915, 368.0, 460.99999999999943, 193.00000000000017, 951.0, 153.9999999999999, 881.0000000000005, 242.99999999999986, 491.00000000000006, 185.9999999999999, 320.9999999999999, 943.0000000000001, 810.0000000000002, 204.99999999999994, 478.00000000000006, 275.9999999999999, 347.00000000000034, 78.99999999999977, 1007.9999999999998, 113.99999999999989, 893.0000000000001]",21,5.630787031715139,139960.4527465398,0.8766130326174385,4.36592371825129e-06,1.0,0.4907407407407407,67631.0,0.12910941990473743,0.15147910127183992,188156.12126451553,82872438.25058056,8,12069.579557418134,0.027777777777777776,"[0.0, 0.009259259259259259, 0.018518518518518517, 0.027777777777777776, 0.037037037037037035, 0.046296296296296294, 0.05555555555555555, 0.06481481481481481, 0.07407407407407407, 0.08333333333333333, 0.09259259259259259, 0.10185185185185185, 0.1111111111111111, 0.12037037037037036, 0.12962962962962962, 0.1388888888888889, 0.14814814814814814, 0.15740740740740738, 0.16666666666666666, 0.17592592592592593, 0.18518518518518517, 0.19444444444444442, 0.2037037037037037, 0.21296296296296297, 0.2222222222222222, 0.23148148148148145, 0.24074074074074073]","[67631.0, 1786.634631637004, 1155.9831840869397, 12069.579557418134, 1906.5778542068438, 950.5914327636026, 9083.877197385174, 2481.229636774485, 778.6316126029485, 8965.162396385991, 2042.6423114779138, 1606.7171021541487, 6927.939836298324, 1790.941198917794, 2115.0643759896475, 4469.146453396727, 811.3124818658839, 852.445494225058, 2613.51850959583, 1125.833636154595, 622.5282936168353, 1595.902895846695, 1672.0836322356433, 807.7671822537567, 3024.634439411759, 842.7313814743661, 842.8235732269208]",3.0,0.3,145.1500000000001,15,0.5,1721880.1384885088,0.14445541615564297,0.12412575453778012,16430975.452705408,84089526828.82367,"[0.046875, 0.03125]",2,1721880.1384885088,0.046875,"[0.0, 0.015625, 0.03125, 0.046875, 0.0625, 0.078125, 0.09375, 0.109375, 0.125, 0.140625, 0.15625, 0.171875, 0.1875, 0.203125, 0.21875, 0.234375]","[154749.3857115654, 876106.906708278, 1710291.376891533, 1721880.1384885088, 1236443.3975593026, 1200279.6938555262, 1385236.6101427814, 1437054.0474222808, 1048940.2936461223, 664501.8455342911, 393060.2971508255, 165807.0810689747, 58528.06662853271, 51528.95639390753, 141871.9518112763, 339557.73472454003]",3.0,0.3,flattop,64,32,145.1500000000001,15,21,449.5238095238095,37.999999999999915,1007.9999999999998,"[2, 5, 11, 17, 22, 25, 29, 38, 44, 52, 55, 60, 65, 74, 78, 84, 89, 95, 98, 101, 105]","[37.999999999999915, 368.0, 460.99999999999943, 193.00000000000017, 951.0, 153.9999999999999, 881.0000000000005, 242.99999999999986, 491.00000000000006, 185.9999999999999, 320.9999999999999, 943.0000000000001, 810.0000000000002, 204.99999999999994, 478.00000000000006, 275.9999999999999, 347.00000000000034, 78.99999999999977, 1007.9999999999998, 113.99999999999989, 893.0000000000001]","[1, 1, 1, 15, 1, 24, 27, 35, 35, 49, 35, 35, 63, 73, 73, 73, 35, 92, 35, 99, 99]","[3, 8, 18, 18, 35, 27, 35, 39, 49, 53, 56, 73, 73, 75, 81, 85, 92, 97, 106, 102, 106]",0.05,30,52684909.0,1015.9999999999998,-1015.9999999999998,DWT,uc1.l0082987033,0.0,0.0,0.0,0.0,0.0,2.2737367544323206e-13,7.450580596923828e-09,2.2737367544323206e-13,1.0,84,0.0,3.637978807091713e-12,1.0,84,,0.0,0.0,1.0,84,0.0,0.0,0.0,1.52587890625e-05,0.0,0.0,0.0,0.0,0.0,0.0,1.6240976817373724e-13,0.0,2.2737367544323206e-13,0.0,8.526512829121202e-14,0.0,0.0,0.0,8.526512829121202e-14,8.526512829121202e-14,2.7755575615628914e-17,0.0,0.0,4.163336342344337e-17,0.0,0.0,0.0,5.551115123125783e-17,0.8933249292201213,0.2389710501637633,0.022115068219431357,0.6140322050607949,0.14033654845557486,0.0,0.0,0.0,388,0.968285518130218,0.5474658620228439,334,0,0,0.0,0.0,621,0,0,0.3817559602239372,0.5192573057706905,308,142.77575657886274,0.8155351982185236,412.75,383.5682886048532,0.6411332321841972,227,coif,217.80246913580248,181.0,166.32516494453617,81,0.48186386976947454,0.5930495234160287,0.4847804341365592,1,170.5
db11,1,reflect,1.7970134552652393e-26,317.5495098225023,10419406.005356837,0.5546875,417.51236656449913,108,raw,9.54627323692505e-14,-1.1278267209036195e-10,"[2, 5, 11, 17, 22, 25, 29, 38, 44, 52, 55, 60, 65, 74, 78, 84, 89, 95, 98, 101, 105]","[38.0, 368.0000000000001, 461.00000000000006, 192.99999999999966, 950.9999999999999, 154.00000000000023, 880.9999999999999, 242.99999999999991, 490.99999999999994, 185.9999999999999, 320.9999999999998, 942.9999999999999, 810.0000000000002, 205.0000000000001, 478.0, 275.9999999999999, 346.99999999999966, 79.00000000000023, 1008.0, 114.00000000000023, 893.0000000000001]",21,5.87693652195501,95547.51931448176,0.7995475864698968,4.365923718251291e-06,1.0,0.4907407407407407,67631.0,0.1291094199047374,0.15147910127183992,188156.12126451553,82872438.25058056,8,12069.57955741813,0.027777777777777776,"[0.0, 0.009259259259259259, 0.018518518518518517, 0.027777777777777776, 0.037037037037037035, 0.046296296296296294, 0.05555555555555555, 0.06481481481481481, 0.07407407407407407, 0.08333333333333333, 0.09259259259259259, 0.10185185185185185, 0.1111111111111111, 0.12037037037037036, 0.12962962962962962, 0.1388888888888889, 0.14814814814814814, 0.15740740740740738, 0.16666666666666666, 0.17592592592592593, 0.18518518518518517, 0.19444444444444442, 0.2037037037037037, 0.21296296296296297, 0.2222222222222222, 0.23148148148148145, 0.24074074074074073]","[67631.0, 1786.6346316370027, 1155.9831840869379, 12069.57955741813, 1906.5778542068429, 950.5914327636017, 9083.877197385178, 2481.229636774481, 778.6316126029435, 8965.162396385991, 2042.6423114779175, 1606.7171021541499, 6927.939836298323, 1790.9411989177959, 2115.0643759896475, 4469.146453396723, 811.3124818658861, 852.4454942250585, 2613.5185095958273, 1125.8336361545935, 622.5282936168385, 1595.9028958466965, 1672.0836322356427, 807.7671822537562, 3024.6344394117614, 842.7313814743652, 842.8235732269203]",3.0,0.3,145.15,15,0.5,1721880.1384885088,0.14445541615564297,0.12412575453778013,16430975.4527054,84089526828.82365,"[0.046875, 0.03125]",2,1721880.1384885088,0.046875,"[0.0, 0.015625, 0.03125, 0.046875, 0.0625, 0.078125, 0.09375, 0.109375, 0.125, 0.140625, 0.15625, 0.171875, 0.1875, 0.203125, 0.21875, 0.234375]","[154749.38571156567, 876106.906708278, 1710291.3768915324, 1721880.1384885088, 1236443.3975593029, 1200279.6938555269, 1385236.6101427812, 1437054.04742228, 1048940.2936461216, 664501.84553429, 393060.29715082474, 165807.0810689742, 58528.06662853252, 51528.956393907574, 141871.95181127626, 339557.7347245401]",3.0,0.3,flattop,64,32,145.15,15,21,449.5238095238095,38.0,1008.0,"[2, 5, 11, 17, 22, 25, 29, 38, 44, 52, 55, 60, 65, 74, 78, 84, 89, 95, 98, 101, 105]","[38.0, 368.0000000000001, 461.00000000000006, 192.99999999999966, 950.9999999999999, 154.00000000000023, 880.9999999999999, 242.99999999999991, 490.99999999999994, 185.9999999999999, 320.9999999999998, 942.9999999999999, 810.0000000000002, 205.0000000000001, 478.0, 275.9999999999999, 346.99999999999966, 79.00000000000023, 1008.0, 114.00000000000023, 893.0000000000001]","[1, 1, 1, 15, 1, 24, 27, 35, 35, 49, 35, 35, 63, 73, 73, 73, 35, 92, 35, 99, 99]","[3, 8, 18, 18, 35, 27, 35, 39, 49, 53, 56, 73, 73, 75, 81, 85, 92, 97, 106, 102, 106]",0.05,30,52684909.0,1016.0,-1016.0,DWT,uc1.l0082987033,0.0,0.0,0.0,0.0,0.0,0.0,0.0,0.0,1.0,84,0.0,0.0,1.0,84,,0.0,0.0,1.0,84,0.0,0.0,0.0,0.0,0.0,0.0,0.0,0.0,0.0,0.0,1.3940171768245776e-13,0.0,0.0,0.0,0.0,0.0,0.0,0.0,0.0,0.0,5.551115123125783e-17,0.0,0.0,5.551115123125783e-17,0.0,0.0,0.0,5.551115123125783e-17,0.9192430709783647,0.5543730929224429,0.1252129866898038,0.4037185754189946,0.020115063658944318,0.0,0.0,0.0,622,1.0608723380243177,0.5998141851322889,216,0,0,0.0,0.0,398,0,0,0.40453255793371007,0.5502376073079918,245,185.8572480875219,0.7598743564760699,370.25,311.73182122661973,0.6407575916747275,228,db,413.2962962962963,398.0,188.41229481502944,243,0.9143723369387087,0.671803462110104,0.15839832550987273,5,172.25
rbio1.3,1,zero,1.6544458377424078e-26,317.90849757126216,9459865.99157802,0.5535714285714286,318.5038133449662,108,raw,1.0668009685509281e-13,-1.2197176602057942e-10,"[2, 5, 11, 17, 22, 25, 29, 38, 44, 52, 55, 60, 65, 74, 78, 84, 89, 95, 98, 101, 105]","[38.0, 367.9999999999999, 461.00000000000006, 193.0, 951.0000000000002, 154.0, 881.0000000000002, 243.0, 491.00000000000017, 186.0, 321.0000000000001, 943.0000000000001, 810.0000000000002, 205.00000000000003, 478.0, 275.9999999999999, 347.0, 78.99999999999989, 1008.0000000000002, 114.0, 893.0]",21,5.594719733304745,107716.38958864797,0.841531882143522,4.365923718251291e-06,1.0,0.4907407407407407,67631.00000000003,0.12910941990473737,0.15147910127183994,188156.1212645156,82872438.25058065,8,12069.579557418136,0.027777777777777776,"[0.0, 0.009259259259259259, 0.018518518518518517, 0.027777777777777776, 0.037037037037037035, 0.046296296296296294, 0.05555555555555555, 0.06481481481481481, 0.07407407407407407, 0.08333333333333333, 0.09259259259259259, 0.10185185185185185, 0.1111111111111111, 0.12037037037037036, 0.12962962962962962, 0.1388888888888889, 0.14814814814814814, 0.15740740740740738, 0.16666666666666666, 0.17592592592592593, 0.18518518518518517, 0.19444444444444442, 0.2037037037037037, 0.21296296296296297, 0.2222222222222222, 0.23148148148148145, 0.24074074074074073]","[67631.00000000003, 1786.6346316370007, 1155.9831840869394, 12069.579557418136, 1906.5778542068424, 950.5914327636012, 9083.87719738518, 2481.229636774485, 778.6316126029448, 8965.162396385995, 2042.6423114779186, 1606.7171021541494, 6927.939836298324, 1790.9411989177936, 2115.0643759896484, 4469.146453396726, 811.3124818658861, 852.4454942250576, 2613.51850959583, 1125.8336361545937, 622.528293616836, 1595.9028958466956, 1672.083632235643, 807.7671822537577, 3024.6344394117605, 842.7313814743652, 842.82357322692]",3.0,0.3,145.15000000000003,15,0.5,1721880.1384885092,0.14445541615564295,0.12412575453778009,16430975.452705404,84089526828.82372,"[0.046875, 0.03125]",2,1721880.1384885092,0.046875,"[0.0, 0.015625, 0.03125, 0.046875, 0.0625, 0.078125, 0.09375, 0.109375, 0.125, 0.140625, 0.15625, 0.171875, 0.1875, 0.203125, 0.21875, 0.234375]","[154749.3857115653, 876106.906708278, 1710291.3768915334, 1721880.1384885092, 1236443.3975593029, 1200279.6938555273, 1385236.610142782, 1437054.047422281, 1048940.2936461226, 664501.8455342909, 393060.2971508254, 165807.08106897463, 58528.066628532666, 51528.95639390756, 141871.95181127626, 339557.73472454003]",3.0,0.3,flattop,64,32,145.15000000000003,15,21,449.5238095238095,38.0,1008.0000000000002,"[2, 5, 11, 17, 22, 25, 29, 38, 44, 52, 55, 60, 65, 74, 78, 84, 89, 95, 98, 101, 105]","[38.0, 367.9999999999999, 461.00000000000006, 193.0, 951.0000000000002, 154.0, 881.0000000000002, 243.0, 491.00000000000017, 186.0, 321.0000000000001, 943.0000000000001, 810.0000000000002, 205.00000000000003, 478.0, 275.9999999999999, 347.0, 78.99999999999989, 1008.0000000000002, 114.0, 893.0]","[1, 1, 1, 15, 1, 24, 27, 35, 35, 49, 35, 35, 63, 73, 73, 73, 35, 92, 35, 99, 99]","[3, 8, 18, 18, 35, 27, 35, 39, 49, 53, 56, 73, 73, 75, 81, 85, 92, 97, 106, 102, 106]",0.05,30,52684909.00000001,1016.0000000000002,-1016.0000000000002,DWT,uc1.l0082987033,4.656612873077393e-10,0.0,0.0,8.940696716308594e-08,0.0,2.2737367544323206e-13,3.725290298461914e-09,2.2737367544323206e-13,1.0,84,0.0,5.4569682106375694e-12,1.0,84,,0.0,0.0,1.0,84,0.0,0.0,7.450580596923828e-09,6.103515625e-05,2.9103830456733704e-11,0.0,0.0,0.0,0.0,0.0,8.255829882164975e-14,0.0,2.2737367544323206e-13,0.0,2.842170943040401e-14,0.0,0.0,0.0,2.842170943040401e-14,0.0,8.326672684688674e-17,4.656612873077393e-10,2.7755575615628914e-17,1.3877787807814457e-17,5.820766091346741e-11,0.0,0.0,2.7755575615628914e-17,0.922928680439688,0.19275645274843084,0.0321341833529747,0.39126097366320883,0.053055010192668485,3.135877575339459e-05,1.5679387876697293e-05,3.135877575339459e-05,286,0.8439289198568666,0.47715499710005244,529,0,0,3.135877575339459e-05,3.135877575339459e-05,313,0,0,0.3184270600793942,0.43311852211637164,546,138.02535998866296,0.8216726615133554,418.5,384.12589464397524,0.6404874935473754,229,rbio,366.5925925925926,360.0,210.3588723315502,135,0.8110455588331695,0.7500562468954116,0.20725123474815782,3,172.5
db22,1,symmetric,3.024235600396398e-26,315.28886689707855,11633068.20185638,0.5866666666666667,437.33762009098126,108,raw,1.3385177739851143e-13,-1.1178213910056974e-10,"[2, 5, 11, 17, 22, 25, 29, 38, 44, 52, 55, 60, 65, 74, 78, 84, 89, 95, 98, 101, 105]","[38.000000000000085, 368.00000000000017, 460.99999999999966, 192.99999999999983, 951.0, 153.99999999999955, 880.9999999999999, 243.00000000000003, 490.9999999999996, 185.99999999999977, 321.0000000000002, 942.9999999999993, 810.0000000000003, 205.0, 477.9999999999999, 276.0000000000001, 347.0000000000001, 79.00000000000011, 1008.0, 114.0, 893.0000000000001]",21,6.0979544437730215,103413.21035059323,0.7966536625611412,4.365923718251292e-06,1.0,0.4907407407407407,67631.0,0.12910941990473737,0.15147910127183992,188156.12126451556,82872438.25058056,8,12069.579557418134,0.027777777777777776,"[0.0, 0.009259259259259259, 0.018518518518518517, 0.027777777777777776, 0.037037037037037035, 0.046296296296296294, 0.05555555555555555, 0.06481481481481481, 0.07407407407407407, 0.08333333333333333, 0.09259259259259259, 0.10185185185185185, 0.1111111111111111, 0.12037037037037036, 0.12962962962962962, 0.1388888888888889, 0.14814814814814814, 0.15740740740740738, 0.16666666666666666, 0.17592592592592593, 0.18518518518518517, 0.19444444444444442, 0.2037037037037037, 0.21296296296296297, 0.2222222222222222, 0.23148148148148145, 0.24074074074074073]","[67631.0, 1786.634631637003, 1155.9831840869385, 12069.579557418134, 1906.5778542068438, 950.5914327636007, 9083.877197385176, 2481.229636774482, 778.6316126029442, 8965.162396385991, 2042.6423114779175, 1606.71710215415, 6927.939836298324, 1790.9411989177938, 2115.064375989648, 4469.146453396726, 811.3124818658849, 852.4454942250563, 2613.5185095958277, 1125.8336361545917, 622.5282936168364, 1595.9028958466963, 1672.083632235644, 807.7671822537571, 3024.63443941176, 842.7313814743649, 842.8235732269194]",3.0,0.3,145.14999999999998,15,0.5,1721880.1384885085,0.14445541615564292,0.12412575453778008,16430975.4527054,84089526828.8237,"[0.046875, 0.03125]",2,1721880.1384885085,0.046875,"[0.0, 0.015625, 0.03125, 0.046875, 0.0625, 0.078125, 0.09375, 0.109375, 0.125, 0.140625, 0.15625, 0.171875, 0.1875, 0.203125, 0.21875, 0.234375]","[154749.3857115655, 876106.906708278, 1710291.3768915324, 1721880.1384885085, 1236443.3975593024, 1200279.693855527, 1385236.610142782, 1437054.0474222812, 1048940.2936461223, 664501.8455342905, 393060.297150825, 165807.08106897428, 58528.06662853257, 51528.95639390764, 141871.95181127626, 339557.7347245398]",3.0,0.3,flattop,64,32,145.14999999999998,15,21,449.52380952380946,38.000000000000085,1008.0,"[2, 5, 11, 17, 22, 25, 29, 38, 44, 52, 55, 60, 65, 74, 78, 84, 89, 95, 98, 101, 105]","[38.000000000000085, 368.00000000000017, 460.99999999999966, 192.99999999999983, 951.0, 153.99999999999955, 880.9999999999999, 243.00000000000003, 490.9999999999996, 185.99999999999977, 321.0000000000002, 942.9999999999993, 810.0000000000003, 205.0, 477.9999999999999, 276.0000000000001, 347.0000000000001, 79.00000000000011, 1008.0, 114.0, 893.0000000000001]","[1, 1, 1, 15, 1, 24, 27, 35, 35, 49, 35, 35, 63, 73, 73, 73, 35, 92, 35, 99, 99]","[3, 8, 18, 18, 35, 27, 35, 39, 49, 53, 56, 73, 73, 75, 81, 85, 92, 97, 106, 102, 106]",0.05,30,52684909.0,1016.0,-1016.0,DWT,uc1.l0082987033,2.3283064365386963e-10,0.0,5.684341886080802e-14,0.0,0.0,0.0,0.0,0.0,1.0,84,0.0,3.637978807091713e-12,1.0,84,,0.0,0.0,1.0,84,0.0,0.0,0.0,4.57763671875e-05,0.0,0.0,0.0,0.0,5.684341886080802e-14,1.8189894035458565e-12,1.8135757446067323e-13,0.0,0.0,0.0,2.842170943040401e-14,0.0,0.0,0.0,2.842170943040401e-14,8.526512829121202e-14,8.326672684688674e-17,2.3283064365386963e-10,0.0,0.0,2.9103830456733704e-11,0.0,0.0,0.0,0.8960337915993399,0.8375729645116454,0.24294254802455892,0.7606703910614525,0.04140672314276259,0.0,0.0,0.0,577,1.3987088769093923,0.7908259977851124,45,0,0,0.0,0.0,455,0,0,0.555725283667952,0.755887120601345,44,276.73979957112545,0.6424550393137913,280.25,81.83239190089328,0.6401874679773091,230,db,413.2962962962963,398.0,188.41229481502944,243,0.9143723369387087,0.671803462110104,0.15839832550987273,5,173.75
db21,1,reflect,2.9268353826848187e-26,315.43104014577415,11741750.267468827,0.5743243243243243,492.9113240951692,108,raw,1.30981645282999e-13,-1.0738243627628278e-10,"[2, 5, 11, 17, 22, 25, 29, 38, 44, 52, 55, 60, 65, 74, 78, 84, 89, 95, 98, 101, 105]","[38.00000000000006, 367.99999999999966, 460.99999999999994, 192.9999999999999, 951.0000000000001, 154.00000000000057, 881.0, 243.00000000000003, 491.00000000000034, 185.99999999999955, 320.9999999999991, 943.0, 810.0, 204.99999999999994, 478.0000000000004, 276.0, 346.9999999999999, 79.00000000000011, 1008.0000000000001, 114.00000000000011, 892.9999999999997]",21,6.107683159231311,97086.34791782995,0.7692673794296739,4.365923718251292e-06,1.0,0.4907407407407407,67631.0,0.1291094199047374,0.15147910127183992,188156.12126451553,82872438.25058056,8,12069.579557418134,0.027777777777777776,"[0.0, 0.009259259259259259, 0.018518518518518517, 0.027777777777777776, 0.037037037037037035, 0.046296296296296294, 0.05555555555555555, 0.06481481481481481, 0.07407407407407407, 0.08333333333333333, 0.09259259259259259, 0.10185185185185185, 0.1111111111111111, 0.12037037037037036, 0.12962962962962962, 0.1388888888888889, 0.14814814814814814, 0.15740740740740738, 0.16666666666666666, 0.17592592592592593, 0.18518518518518517, 0.19444444444444442, 0.2037037037037037, 0.21296296296296297, 0.2222222222222222, 0.23148148148148145, 0.24074074074074073]","[67631.0, 1786.6346316370002, 1155.9831840869379, 12069.579557418134, 1906.5778542068435, 950.5914327636009, 9083.877197385176, 2481.2296367744825, 778.6316126029461, 8965.162396385991, 2042.6423114779177, 1606.7171021541499, 6927.939836298322, 1790.9411989177927, 2115.06437598965, 4469.146453396724, 811.3124818658863, 852.4454942250574, 2613.5185095958263, 1125.8336361545962, 622.5282936168363, 1595.902895846697, 1672.0836322356429, 807.7671822537582, 3024.63443941176, 842.7313814743658, 842.8235732269216]",3.0,0.3,145.14999999999995,15,0.5,1721880.1384885085,0.14445541615564297,0.1241257545377801,16430975.4527054,84089526828.82367,"[0.046875, 0.03125]",2,1721880.1384885085,0.046875,"[0.0, 0.015625, 0.03125, 0.046875, 0.0625, 0.078125, 0.09375, 0.109375, 0.125, 0.140625, 0.15625, 0.171875, 0.1875, 0.203125, 0.21875, 0.234375]","[154749.38571156544, 876106.9067082774, 1710291.3768915324, 1721880.1384885085, 1236443.3975593024, 1200279.6938555269, 1385236.6101427812, 1437054.0474222805, 1048940.2936461219, 664501.8455342908, 393060.29715082527, 165807.0810689746, 58528.06662853265, 51528.95639390749, 141871.9518112762, 339557.73472454]",3.0,0.3,flattop,64,32,145.14999999999995,15,21,449.5238095238095,38.00000000000006,1008.0000000000001,"[2, 5, 11, 17, 22, 25, 29, 38, 44, 52, 55, 60, 65, 74, 78, 84, 89, 95, 98, 101, 105]","[38.00000000000006, 367.99999999999966, 460.99999999999994, 192.9999999999999, 951.0000000000001, 154.00000000000057, 881.0, 243.00000000000003, 491.00000000000034, 185.99999999999955, 320.9999999999991, 943.0, 810.0, 204.99999999999994, 478.0000000000004, 276.0, 346.9999999999999, 79.00000000000011, 1008.0000000000001, 114.00000000000011, 892.9999999999997]","[1, 1, 1, 15, 1, 24, 27, 35, 35, 49, 35, 35, 63, 73, 73, 73, 35, 92, 35, 99, 99]","[3, 8, 18, 18, 35, 27, 35, 39, 49, 53, 56, 73, 73, 75, 81, 85, 92, 97, 106, 102, 106]",0.05,30,52684909.0,1016.0000000000001,-1016.0000000000001,DWT,uc1.l0082987033,2.3283064365386963e-10,0.0,0.0,0.0,0.0,1.1368683772161603e-13,0.0,1.1368683772161603e-13,1.0,84,0.0,3.637978807091713e-12,1.0,84,,0.0,0.0,1.0,84,0.0,0.0,0.0,1.52587890625e-05,0.0,0.0,0.0,0.0,0.0,0.0,2.0165879548239028e-13,0.0,1.1368683772161603e-13,0.0,5.684341886080802e-14,0.0,0.0,0.0,5.684341886080802e-14,5.684341886080802e-14,5.551115123125783e-17,2.3283064365386963e-10,0.0,2.7755575615628914e-17,0.0,0.0,0.0,5.551115123125783e-17,0.8974934377080155,0.8500387905670739,0.2534850959809937,0.6229050279329612,0.0242805227999185,0.0,0.0,0.0,569,1.3491322261919951,0.762795501291045,59,0,0,0.0,0.0,468,0,0,0.5296405749977927,0.7204071885056287,58,268.76321672927395,0.6527607019001629,288.5,105.02890685541917,0.6400108419061538,231,db,413.2962962962963,398.0,188.41229481502944,243,0.9143723369387087,0.671803462110104,0.15839832550987273,5,174.5
bior1.5,1,reflect,2.517710934861043e-26,316.08496445061166,9883971.079311706,0.5431034482758621,317.1278454206206,108,raw,1.1809483432309077e-13,-1.216504674772529e-10,"[2, 5, 11, 17, 22, 25, 29, 38, 44, 52, 55, 60, 65, 74, 78, 84, 89, 95, 98, 101, 105]","[38.0, 368.00000000000006, 460.9999999999999, 193.0, 951.0000000000003, 154.0000000000001, 881.0000000000002, 243.00000000000006, 491.0, 186.0, 321.0, 943.0, 810.0, 205.0, 478.0, 276.0, 346.9999999999999, 79.00000000000023, 1008.0000000000001, 114.00000000000023, 893.0000000000002]",21,5.663336309211624,105533.20428123885,0.8163924000777918,4.36592371825129e-06,1.0,0.4907407407407407,67631.00000000003,0.1291094199047374,0.15147910127183992,188156.1212645156,82872438.25058065,8,12069.579557418137,0.027777777777777776,"[0.0, 0.009259259259259259, 0.018518518518518517, 0.027777777777777776, 0.037037037037037035, 0.046296296296296294, 0.05555555555555555, 0.06481481481481481, 0.07407407407407407, 0.08333333333333333, 0.09259259259259259, 0.10185185185185185, 0.1111111111111111, 0.12037037037037036, 0.12962962962962962, 0.1388888888888889, 0.14814814814814814, 0.15740740740740738, 0.16666666666666666, 0.17592592592592593, 0.18518518518518517, 0.19444444444444442, 0.2037037037037037, 0.21296296296296297, 0.2222222222222222, 0.23148148148148145, 0.24074074074074073]","[67631.00000000003, 1786.6346316369984, 1155.983184086939, 12069.579557418137, 1906.5778542068433, 950.5914327635995, 9083.87719738518, 2481.2296367744834, 778.6316126029446, 8965.162396385995, 2042.642311477918, 1606.7171021541508, 6927.939836298324, 1790.941198917794, 2115.0643759896493, 4469.146453396722, 811.3124818658857, 852.4454942250563, 2613.5185095958273, 1125.8336361545937, 622.5282936168369, 1595.9028958466993, 1672.083632235641, 807.7671822537571, 3024.6344394117605, 842.7313814743674, 842.8235732269214]",3.0,0.3,145.15000000000003,15,0.5,1721880.1384885097,0.14445541615564295,0.1241257545377801,16430975.452705406,84089526828.82378,"[0.046875, 0.03125]",2,1721880.1384885097,0.046875,"[0.0, 0.015625, 0.03125, 0.046875, 0.0625, 0.078125, 0.09375, 0.109375, 0.125, 0.140625, 0.15625, 0.171875, 0.1875, 0.203125, 0.21875, 0.234375]","[154749.38571156553, 876106.9067082782, 1710291.3768915334, 1721880.1384885097, 1236443.3975593033, 1200279.6938555276, 1385236.6101427823, 1437054.047422281, 1048940.2936461223, 664501.8455342907, 393060.2971508252, 165807.08106897445, 58528.0666285326, 51528.95639390751, 141871.9518112762, 339557.7347245397]",3.0,0.3,flattop,64,32,145.15000000000003,15,21,449.52380952380963,38.0,1008.0000000000001,"[2, 5, 11, 17, 22, 25, 29, 38, 44, 52, 55, 60, 65, 74, 78, 84, 89, 95, 98, 101, 105]","[38.0, 368.00000000000006, 460.9999999999999, 193.0, 951.0000000000003, 154.0000000000001, 881.0000000000002, 243.00000000000006, 491.0, 186.0, 321.0, 943.0, 810.0, 205.0, 478.0, 276.0, 346.9999999999999, 79.00000000000023, 1008.0000000000001, 114.00000000000023, 893.0000000000002]","[1, 1, 1, 15, 1, 24, 27, 35, 35, 49, 35, 35, 63, 73, 73, 73, 35, 92, 35, 99, 99]","[3, 8, 18, 18, 35, 27, 35, 39, 49, 53, 56, 73, 73, 75, 81, 85, 92, 97, 106, 102, 106]",0.05,30,52684909.00000001,1016.0000000000001,-1016.0000000000001,DWT,uc1.l0082987033,9.313225746154785e-10,0.0,1.1368683772161603e-13,8.940696716308594e-08,0.0,1.1368683772161603e-13,5.587935447692871e-09,1.1368683772161603e-13,1.0,84,0.0,7.275957614183426e-12,1.0,84,,0.0,0.0,1.0,84,0.0,0.0,7.450580596923828e-09,0.0001220703125,2.9103830456733704e-11,0.0,0.0,0.0,1.1368683772161603e-13,1.8189894035458565e-12,8.661854302599316e-14,0.0,1.1368683772161603e-13,0.0,2.842170943040401e-14,0.0,0.0,0.0,2.842170943040401e-14,0.0,5.551115123125783e-17,9.313225746154785e-10,0.0,2.7755575615628914e-17,5.820766091346741e-11,0.0,0.0,2.7755575615628914e-17,0.9042070640454716,0.28067785444235915,0.07327388934590458,0.27441726064342187,0.04714534021681726,3.135877575339459e-05,1.5679387876697293e-05,3.135877575339459e-05,334,0.8481251506655105,0.47952753399530335,524,0,0,3.135877575339459e-05,3.135877575339459e-05,308,0,0,0.31594428173879496,0.4297414935266696,555,127.22781404499044,0.8356229792700383,430.25,401.9711066776742,0.639872213149231,232,bior,385.74074074074076,410.0,199.97417605530825,135,0.8534087184529663,0.7130285416801533,0.18870533457887761,4,175.0
db10,1,symmetric,1.4120493335173855e-26,318.59652441024224,10294270.555943366,0.5793650793650794,363.751141451968,108,raw,8.684411214845672e-14,-1.1193967974776409e-10,"[2, 5, 11, 17, 22, 25, 29, 38, 44, 52, 55, 60, 65, 74, 78, 84, 89, 95, 98, 101, 105]","[37.999999999999915, 368.00000000000045, 460.9999999999999, 193.0000000000001, 950.9999999999999, 154.0, 881.0000000000002, 243.0, 491.0000000000003, 185.99999999999977, 320.9999999999998, 942.9999999999998, 810.0000000000002, 205.0000000000001, 478.00000000000006, 275.9999999999999, 347.00000000000045, 78.99999999999989, 1007.9999999999995, 113.99999999999989, 893.0000000000001]",21,5.796869422153785,102358.92872186958,0.8075380004826781,4.365923718251291e-06,1.0,0.4907407407407407,67631.0,0.1291094199047374,0.15147910127183992,188156.12126451553,82872438.25058056,8,12069.57955741813,0.027777777777777776,"[0.0, 0.009259259259259259, 0.018518518518518517, 0.027777777777777776, 0.037037037037037035, 0.046296296296296294, 0.05555555555555555, 0.06481481481481481, 0.07407407407407407, 0.08333333333333333, 0.09259259259259259, 0.10185185185185185, 0.1111111111111111, 0.12037037037037036, 0.12962962962962962, 0.1388888888888889, 0.14814814814814814, 0.15740740740740738, 0.16666666666666666, 0.17592592592592593, 0.18518518518518517, 0.19444444444444442, 0.2037037037037037, 0.21296296296296297, 0.2222222222222222, 0.23148148148148145, 0.24074074074074073]","[67631.0, 1786.6346316370023, 1155.9831840869397, 12069.57955741813, 1906.5778542068433, 950.5914327636017, 9083.877197385176, 2481.2296367744843, 778.6316126029465, 8965.16239638599, 2042.6423114779159, 1606.7171021541496, 6927.939836298323, 1790.9411989177943, 2115.0643759896484, 4469.146453396725, 811.3124818658861, 852.4454942250566, 2613.518509595829, 1125.8336361545953, 622.5282936168387, 1595.902895846697, 1672.0836322356438, 807.7671822537562, 3024.6344394117586, 842.731381474365, 842.8235732269197]",3.0,0.3,145.15000000000006,15,0.5,1721880.1384885088,0.14445541615564295,0.12412575453778009,16430975.452705402,84089526828.82372,"[0.046875, 0.03125]",2,1721880.1384885088,0.046875,"[0.0, 0.015625, 0.03125, 0.046875, 0.0625, 0.078125, 0.09375, 0.109375, 0.125, 0.140625, 0.15625, 0.171875, 0.1875, 0.203125, 0.21875, 0.234375]","[154749.38571156535, 876106.9067082779, 1710291.3768915324, 1721880.1384885088, 1236443.3975593029, 1200279.6938555273, 1385236.6101427816, 1437054.047422281, 1048940.2936461223, 664501.8455342907, 393060.29715082515, 165807.0810689745, 58528.06662853267, 51528.956393907516, 141871.9518112762, 339557.7347245398]",3.0,0.3,flattop,64,32,145.15000000000006,15,21,449.5238095238095,37.999999999999915,1007.9999999999995,"[2, 5, 11, 17, 22, 25, 29, 38, 44, 52, 55, 60, 65, 74, 78, 84, 89, 95, 98, 101, 105]","[37.999999999999915, 368.00000000000045, 460.9999999999999, 193.0000000000001, 950.9999999999999, 154.0, 881.0000000000002, 243.0, 491.0000000000003, 185.99999999999977, 320.9999999999998, 942.9999999999998, 810.0000000000002, 205.0000000000001, 478.00000000000006, 275.9999999999999, 347.00000000000045, 78.99999999999989, 1007.9999999999995, 113.99999999999989, 893.0000000000001]","[1, 1, 1, 15, 1, 24, 27, 35, 35, 49, 35, 35, 63, 73, 73, 73, 35, 92, 35, 99, 99]","[3, 8, 18, 18, 35, 27, 35, 39, 49, 53, 56, 73, 73, 75, 81, 85, 92, 97, 106, 102, 106]",0.05,30,52684909.0,1015.9999999999998,-1015.9999999999998,DWT,uc1.l0082987033,0.0,0.0,0.0,0.0,0.0,4.547473508864641e-13,1.862645149230957e-09,2.2737367544323206e-13,1.0,84,0.0,0.0,1.0,84,,0.0,0.0,1.0,84,0.0,0.0,0.0,6.103515625e-05,0.0,0.0,0.0,0.0,0.0,0.0,1.8271098919545437e-13,0.0,2.2737367544323206e-13,0.0,5.684341886080802e-14,0.0,0.0,0.0,5.684341886080802e-14,8.526512829121202e-14,5.551115123125783e-17,0.0,0.0,1.3877787807814457e-17,0.0,0.0,0.0,2.7755575615628914e-17,0.9299924263088694,0.4517796371713862,0.11307440182709161,0.6791699920191547,0.0385528854652117,0.0,0.0,0.0,631,1.1275116262783071,0.637491848079276,148,0,0,0.0,0.0,381,0,0,0.44251386855834274,0.6018990745265194,169,225.26040486512494,0.7089658851871771,332.25,236.9194619462964,0.6398511596478521,233,db,413.2962962962963,398.0,188.41229481502944,243,0.9143723369387087,0.671803462110104,0.15839832550987273,5,176.0
db19,1,antisymmetric,2.2924882247133878e-26,316.4919519757283,11546817.346817382,0.5555555555555556,462.6424292973093,108,raw,1.1500265760265334e-13,-1.0695710983554883e-10,"[2, 5, 11, 17, 22, 25, 29, 38, 44, 52, 55, 60, 65, 74, 78, 84, 89, 95, 98, 101, 105]","[38.0, 368.0, 460.99999999999955, 193.0000000000001, 950.9999999999997, 153.9999999999999, 881.0, 242.99999999999997, 490.99999999999943, 186.00000000000023, 321.00000000000045, 943.0000000000002, 810.0, 204.99999999999994, 478.0, 276.00000000000034, 346.9999999999999, 79.00000000000034, 1007.9999999999998, 114.00000000000011, 893.0000000000002]",21,6.048844593002589,385137.6470292048,0.9443058179274076,4.365923718251292e-06,1.0,0.4907407407407407,67631.0,0.1291094199047374,0.15147910127183992,188156.12126451553,82872438.25058056,8,12069.579557418134,0.027777777777777776,"[0.0, 0.009259259259259259, 0.018518518518518517, 0.027777777777777776, 0.037037037037037035, 0.046296296296296294, 0.05555555555555555, 0.06481481481481481, 0.07407407407407407, 0.08333333333333333, 0.09259259259259259, 0.10185185185185185, 0.1111111111111111, 0.12037037037037036, 0.12962962962962962, 0.1388888888888889, 0.14814814814814814, 0.15740740740740738, 0.16666666666666666, 0.17592592592592593, 0.18518518518518517, 0.19444444444444442, 0.2037037037037037, 0.21296296296296297, 0.2222222222222222, 0.23148148148148145, 0.24074074074074073]","[67631.0, 1786.6346316370016, 1155.9831840869383, 12069.579557418134, 1906.5778542068442, 950.5914327636009, 9083.877197385176, 2481.2296367744807, 778.631612602945, 8965.16239638599, 2042.6423114779154, 1606.7171021541494, 6927.939836298323, 1790.941198917794, 2115.0643759896466, 4469.1464533967255, 811.3124818658845, 852.4454942250575, 2613.51850959583, 1125.8336361545944, 622.5282936168364, 1595.9028958466947, 1672.0836322356422, 807.7671822537555, 3024.6344394117605, 842.7313814743642, 842.8235732269211]",3.0,0.3,145.15,15,0.5,1721880.1384885088,0.14445541615564295,0.12412575453778009,16430975.4527054,84089526828.82372,"[0.046875, 0.03125]",2,1721880.1384885088,0.046875,"[0.0, 0.015625, 0.03125, 0.046875, 0.0625, 0.078125, 0.09375, 0.109375, 0.125, 0.140625, 0.15625, 0.171875, 0.1875, 0.203125, 0.21875, 0.234375]","[154749.38571156558, 876106.9067082778, 1710291.3768915324, 1721880.1384885088, 1236443.397559303, 1200279.693855527, 1385236.6101427814, 1437054.0474222805, 1048940.293646122, 664501.8455342908, 393060.29715082544, 165807.08106897474, 58528.06662853273, 51528.95639390758, 141871.95181127626, 339557.7347245398]",3.0,0.3,flattop,64,32,145.15,15,21,449.5238095238095,38.0,1007.9999999999998,"[2, 5, 11, 17, 22, 25, 29, 38, 44, 52, 55, 60, 65, 74, 78, 84, 89, 95, 98, 101, 105]","[38.0, 368.0, 460.99999999999955, 193.0000000000001, 950.9999999999997, 153.9999999999999, 881.0, 242.99999999999997, 490.99999999999943, 186.00000000000023, 321.00000000000045, 943.0000000000002, 810.0, 204.99999999999994, 478.0, 276.00000000000034, 346.9999999999999, 79.00000000000034, 1007.9999999999998, 114.00000000000011, 893.0000000000002]","[1, 1, 1, 15, 1, 24, 27, 35, 35, 49, 35, 35, 63, 73, 73, 73, 35, 92, 35, 99, 99]","[3, 8, 18, 18, 35, 27, 35, 39, 49, 53, 56, 73, 73, 75, 81, 85, 92, 97, 106, 102, 106]",0.05,30,52684909.0,1015.9999999999998,-1015.9999999999998,DWT,uc1.l0082987033,0.0,0.0,0.0,0.0,0.0,2.2737367544323206e-13,0.0,2.2737367544323206e-13,1.0,84,0.0,3.637978807091713e-12,1.0,84,,0.0,0.0,1.0,84,0.0,0.0,0.0,6.103515625e-05,0.0,0.0,0.0,0.0,0.0,0.0,1.8812464813457894e-13,0.0,2.2737367544323206e-13,0.0,0.0,0.0,0.0,0.0,0.0,0.0,5.551115123125783e-17,0.0,0.0,1.3877787807814457e-17,0.0,0.0,0.0,2.7755575615628914e-17,0.9083854714657584,0.7746463777554672,0.23457590749000498,0.41340782122905073,0.8040073321029788,0.0,0.0,0.0,548,1.536608486835003,0.8687940427542467,21,0,0,0.0,0.0,488,0,0,0.6270045820086521,0.8528398869495267,20,288.27460866333683,0.6275521851894873,269.25,39.4115673804755,0.639841984067612,234,db,413.2962962962963,398.0,188.41229481502944,243,0.9143723369387087,0.671803462110104,0.15839832550987273,5,176.75
rbio1.3,1,constant,1.654071859239192e-26,317.9094793813407,9459322.04981744,0.5535714285714286,318.5038133449662,108,raw,1.0641693287888537e-13,-1.2197265419899912e-10,"[2, 5, 11, 17, 22, 25, 29, 38, 44, 52, 55, 60, 65, 74, 78, 84, 89, 95, 98, 101, 105]","[38.0, 367.9999999999999, 461.00000000000006, 193.0, 951.0000000000002, 154.0, 881.0000000000002, 243.0, 491.00000000000017, 186.0, 321.0000000000001, 943.0000000000001, 810.0000000000002, 205.00000000000003, 478.0, 275.9999999999999, 347.0, 78.99999999999989, 1008.0000000000002, 114.0, 893.0]",21,5.595352113634984,106429.79294882018,0.8397260217582245,4.365923718251291e-06,1.0,0.4907407407407407,67631.00000000003,0.12910941990473737,0.15147910127183994,188156.1212645156,82872438.25058065,8,12069.579557418136,0.027777777777777776,"[0.0, 0.009259259259259259, 0.018518518518518517, 0.027777777777777776, 0.037037037037037035, 0.046296296296296294, 0.05555555555555555, 0.06481481481481481, 0.07407407407407407, 0.08333333333333333, 0.09259259259259259, 0.10185185185185185, 0.1111111111111111, 0.12037037037037036, 0.12962962962962962, 0.1388888888888889, 0.14814814814814814, 0.15740740740740738, 0.16666666666666666, 0.17592592592592593, 0.18518518518518517, 0.19444444444444442, 0.2037037037037037, 0.21296296296296297, 0.2222222222222222, 0.23148148148148145, 0.24074074074074073]","[67631.00000000003, 1786.6346316370007, 1155.9831840869394, 12069.579557418136, 1906.5778542068424, 950.5914327636012, 9083.87719738518, 2481.229636774485, 778.6316126029448, 8965.162396385995, 2042.6423114779186, 1606.7171021541494, 6927.939836298324, 1790.9411989177936, 2115.0643759896484, 4469.146453396726, 811.3124818658861, 852.4454942250576, 2613.51850959583, 1125.8336361545937, 622.528293616836, 1595.9028958466956, 1672.083632235643, 807.7671822537577, 3024.6344394117605, 842.7313814743651, 842.82357322692]",3.0,0.3,145.15000000000003,15,0.5,1721880.1384885092,0.14445541615564295,0.12412575453778009,16430975.452705404,84089526828.82372,"[0.046875, 0.03125]",2,1721880.1384885092,0.046875,"[0.0, 0.015625, 0.03125, 0.046875, 0.0625, 0.078125, 0.09375, 0.109375, 0.125, 0.140625, 0.15625, 0.171875, 0.1875, 0.203125, 0.21875, 0.234375]","[154749.3857115653, 876106.906708278, 1710291.3768915334, 1721880.1384885092, 1236443.3975593029, 1200279.6938555273, 1385236.610142782, 1437054.047422281, 1048940.2936461226, 664501.8455342909, 393060.2971508254, 165807.08106897463, 58528.066628532666, 51528.95639390756, 141871.95181127626, 339557.73472454003]",3.0,0.3,flattop,64,32,145.15000000000003,15,21,449.5238095238095,38.0,1008.0000000000002,"[2, 5, 11, 17, 22, 25, 29, 38, 44, 52, 55, 60, 65, 74, 78, 84, 89, 95, 98, 101, 105]","[38.0, 367.9999999999999, 461.00000000000006, 193.0, 951.0000000000002, 154.0, 881.0000000000002, 243.0, 491.00000000000017, 186.0, 321.0000000000001, 943.0000000000001, 810.0000000000002, 205.00000000000003, 478.0, 275.9999999999999, 347.0, 78.99999999999989, 1008.0000000000002, 114.0, 893.0]","[1, 1, 1, 15, 1, 24, 27, 35, 35, 49, 35, 35, 63, 73, 73, 73, 35, 92, 35, 99, 99]","[3, 8, 18, 18, 35, 27, 35, 39, 49, 53, 56, 73, 73, 75, 81, 85, 92, 97, 106, 102, 106]",0.05,30,52684909.00000001,1016.0000000000002,-1016.0000000000002,DWT,uc1.l0082987033,4.656612873077393e-10,0.0,0.0,8.940696716308594e-08,0.0,2.2737367544323206e-13,3.725290298461914e-09,2.2737367544323206e-13,1.0,84,0.0,5.4569682106375694e-12,1.0,84,,0.0,0.0,1.0,84,0.0,0.0,7.450580596923828e-09,6.103515625e-05,2.9103830456733704e-11,0.0,0.0,0.0,0.0,0.0,8.255829882164975e-14,0.0,2.2737367544323206e-13,0.0,2.842170943040401e-14,0.0,0.0,0.0,2.842170943040401e-14,0.0,8.326672684688674e-17,4.656612873077393e-10,2.7755575615628914e-17,1.3877787807814457e-17,5.820766091346741e-11,0.0,0.0,2.7755575615628914e-17,0.922938760361711,0.19356674915718375,0.032081419062342964,0.39126097366320883,0.049572318408504436,3.135877575339459e-05,1.5679387876697293e-05,3.135877575339459e-05,285,0.8429206571554753,0.47658492825297455,530,0,0,3.135877575339459e-05,3.135877575339459e-05,314,0,0,0.31788404413059024,0.43237992199497194,547,138.66746794640287,0.8208430646687301,419.0,384.3038279002101,0.639749697709042,235,rbio,366.5925925925926,360.0,210.3588723315502,135,0.8110455588331695,0.7500562468954116,0.20725123474815782,3,177.0
rbio3.9,1,periodization,7.117205346650942e-27,321.5719281484632,9232697.864119804,0.5555555555555556,496.025471022417,108,raw,4.712279948964556e-14,-1.1148393319615545e-10,"[2, 5, 11, 17, 22, 25, 29, 38, 44, 52, 55, 60, 65, 74, 78, 84, 89, 95, 98, 101, 105]","[37.99999999999994, 368.0, 460.99999999999994, 192.9999999999999, 951.0, 154.0, 881.0, 243.0, 491.0, 186.0000000000001, 320.9999999999999, 943.0000000000002, 810.0000000000001, 204.99999999999997, 478.0, 275.9999999999999, 347.0000000000002, 78.99999999999989, 1008.0, 114.00000000000023, 892.9999999999999]",21,5.767298415233384,100678.5901995211,0.6254353628816507,4.365923718251291e-06,1.0,0.4907407407407407,67631.0,0.1291094199047374,0.15147910127183992,188156.12126451553,82872438.25058056,8,12069.57955741813,0.027777777777777776,"[0.0, 0.009259259259259259, 0.018518518518518517, 0.027777777777777776, 0.037037037037037035, 0.046296296296296294, 0.05555555555555555, 0.06481481481481481, 0.07407407407407407, 0.08333333333333333, 0.09259259259259259, 0.10185185185185185, 0.1111111111111111, 0.12037037037037036, 0.12962962962962962, 0.1388888888888889, 0.14814814814814814, 0.15740740740740738, 0.16666666666666666, 0.17592592592592593, 0.18518518518518517, 0.19444444444444442, 0.2037037037037037, 0.21296296296296297, 0.2222222222222222, 0.23148148148148145, 0.24074074074074073]","[67631.0, 1786.634631637001, 1155.9831840869383, 12069.57955741813, 1906.5778542068435, 950.5914327636021, 9083.877197385176, 2481.229636774485, 778.6316126029457, 8965.162396385991, 2042.6423114779168, 1606.7171021541496, 6927.939836298322, 1790.941198917793, 2115.0643759896484, 4469.146453396725, 811.3124818658856, 852.4454942250558, 2613.518509595828, 1125.8336361545935, 622.5282936168365, 1595.9028958466974, 1672.0836322356427, 807.7671822537554, 3024.634439411759, 842.731381474365, 842.8235732269188]",3.0,0.3,145.15000000000003,15,0.5,1721880.1384885088,0.14445541615564297,0.1241257545377801,16430975.452705402,84089526828.82368,"[0.046875, 0.03125]",2,1721880.1384885088,0.046875,"[0.0, 0.015625, 0.03125, 0.046875, 0.0625, 0.078125, 0.09375, 0.109375, 0.125, 0.140625, 0.15625, 0.171875, 0.1875, 0.203125, 0.21875, 0.234375]","[154749.38571156544, 876106.906708278, 1710291.376891533, 1721880.1384885088, 1236443.3975593026, 1200279.6938555269, 1385236.6101427812, 1437054.0474222805, 1048940.293646122, 664501.8455342908, 393060.29715082527, 165807.08106897474, 58528.06662853272, 51528.956393907545, 141871.95181127632, 339557.7347245399]",3.0,0.3,flattop,64,32,145.15000000000003,15,21,449.5238095238095,37.99999999999994,1008.0,"[2, 5, 11, 17, 22, 25, 29, 38, 44, 52, 55, 60, 65, 74, 78, 84, 89, 95, 98, 101, 105]","[37.99999999999994, 368.0, 460.99999999999994, 192.9999999999999, 951.0, 154.0, 881.0, 243.0, 491.0, 186.0000000000001, 320.9999999999999, 943.0000000000002, 810.0000000000001, 204.99999999999997, 478.0, 275.9999999999999, 347.0000000000002, 78.99999999999989, 1008.0, 114.00000000000023, 892.9999999999999]","[1, 1, 1, 15, 1, 24, 27, 35, 35, 49, 35, 35, 63, 73, 73, 73, 35, 92, 35, 99, 99]","[3, 8, 18, 18, 35, 27, 35, 39, 49, 53, 56, 73, 73, 75, 81, 85, 92, 97, 106, 102, 106]",0.05,30,52684909.0,1016.0,-1016.0,DWT,uc1.l0082987033,0.0,0.0,0.0,0.0,0.0,0.0,1.862645149230957e-09,0.0,1.0,84,0.0,0.0,1.0,84,,0.0,0.0,1.0,84,0.0,0.0,0.0,3.0517578125e-05,0.0,0.0,0.0,0.0,0.0,0.0,7.714463988252517e-14,0.0,0.0,0.0,2.842170943040401e-14,0.0,0.0,0.0,2.842170943040401e-14,5.684341886080802e-14,5.551115123125783e-17,0.0,0.0,2.7755575615628914e-17,0.0,0.0,0.0,5.551115123125783e-17,0.9605399204969758,0.4138890204569796,0.010098064841555239,0.41340782122905073,0.03400437275715684,0.0,0.0,0.0,395,0.9672823725419358,0.5468986863768796,337,0,0,0.0,0.0,619,0,0,0.36638783995634366,0.4983538764693392,378,126.85786009020752,0.8361009559558042,432.25,409.83538737737905,0.6388192118280314,236,rbio,366.5925925925926,360.0,210.3588723315502,135,0.8110455588331695,0.7500562468954116,0.20725123474815782,3,177.75
db24,1,symmetric,3.054001951886738e-26,315.2463300089337,11768216.412039751,0.5909090909090909,465.66548403833565,108,raw,1.3105566015130738e-13,-1.104397684414955e-10,"[2, 5, 11, 17, 22, 25, 29, 38, 44, 52, 55, 60, 65, 74, 78, 84, 89, 95, 98, 101, 105]","[37.999999999999886, 367.9999999999993, 460.99999999999983, 192.99999999999977, 951.0, 154.0, 880.9999999999995, 243.0000000000001, 490.99999999999983, 185.99999999999966, 321.00000000000045, 943.0000000000002, 810.0, 204.99999999999991, 478.0, 276.0, 347.00000000000034, 79.00000000000057, 1008.0000000000002, 114.00000000000034, 892.9999999999999]",21,6.0958141182127,102131.75179866102,0.8125512847781664,4.3659237182512925e-06,1.0,0.4907407407407407,67631.0,0.12910941990473743,0.15147910127183992,188156.1212645155,82872438.25058056,8,12069.579557418134,0.027777777777777776,"[0.0, 0.009259259259259259, 0.018518518518518517, 0.027777777777777776, 0.037037037037037035, 0.046296296296296294, 0.05555555555555555, 0.06481481481481481, 0.07407407407407407, 0.08333333333333333, 0.09259259259259259, 0.10185185185185185, 0.1111111111111111, 0.12037037037037036, 0.12962962962962962, 0.1388888888888889, 0.14814814814814814, 0.15740740740740738, 0.16666666666666666, 0.17592592592592593, 0.18518518518518517, 0.19444444444444442, 0.2037037037037037, 0.21296296296296297, 0.2222222222222222, 0.23148148148148145, 0.24074074074074073]","[67631.0, 1786.6346316370018, 1155.983184086942, 12069.579557418134, 1906.5778542068442, 950.5914327635994, 9083.877197385176, 2481.229636774485, 778.6316126029452, 8965.162396385993, 2042.6423114779195, 1606.7171021541496, 6927.939836298324, 1790.9411989177954, 2115.0643759896466, 4469.146453396726, 811.3124818658848, 852.4454942250571, 2613.518509595828, 1125.833636154592, 622.5282936168378, 1595.9028958466977, 1672.0836322356406, 807.7671822537584, 3024.63443941176, 842.7313814743654, 842.8235732269208]",3.0,0.3,145.15000000000012,15,0.5,1721880.1384885085,0.14445541615564295,0.12412575453778008,16430975.452705404,84089526828.82373,"[0.046875, 0.03125]",2,1721880.1384885085,0.046875,"[0.0, 0.015625, 0.03125, 0.046875, 0.0625, 0.078125, 0.09375, 0.109375, 0.125, 0.140625, 0.15625, 0.171875, 0.1875, 0.203125, 0.21875, 0.234375]","[154749.38571156535, 876106.9067082775, 1710291.376891532, 1721880.1384885085, 1236443.3975593029, 1200279.6938555276, 1385236.610142782, 1437054.0474222815, 1048940.2936461228, 664501.8455342909, 393060.29715082544, 165807.08106897466, 58528.06662853267, 51528.95639390756, 141871.9518112762, 339557.7347245397]",3.0,0.3,flattop,64,32,145.15000000000012,15,21,449.5238095238095,37.999999999999886,1008.0000000000002,"[2, 5, 11, 17, 22, 25, 29, 38, 44, 52, 55, 60, 65, 74, 78, 84, 89, 95, 98, 101, 105]","[37.999999999999886, 367.9999999999993, 460.99999999999983, 192.99999999999977, 951.0, 154.0, 880.9999999999995, 243.0000000000001, 490.99999999999983, 185.99999999999966, 321.00000000000045, 943.0000000000002, 810.0, 204.99999999999991, 478.0, 276.0, 347.00000000000034, 79.00000000000057, 1008.0000000000002, 114.00000000000034, 892.9999999999999]","[1, 1, 1, 15, 1, 24, 27, 35, 35, 49, 35, 35, 63, 73, 73, 73, 35, 92, 35, 99, 99]","[3, 8, 18, 18, 35, 27, 35, 39, 49, 53, 56, 73, 73, 75, 81, 85, 92, 97, 106, 102, 106]",0.05,30,52684909.0,1016.0000000000002,-1016.0000000000002,DWT,uc1.l0082987033,2.3283064365386963e-10,0.0,0.0,0.0,0.0,2.2737367544323206e-13,3.725290298461914e-09,2.2737367544323206e-13,1.0,84,0.0,3.637978807091713e-12,1.0,84,,0.0,0.0,1.0,84,0.0,0.0,0.0,7.62939453125e-05,0.0,0.0,0.0,0.0,0.0,0.0,2.2060660176932637e-13,0.0,2.2737367544323206e-13,0.0,1.1368683772161603e-13,0.0,0.0,0.0,1.1368683772161603e-13,1.1368683772161603e-13,2.7755575615628914e-17,2.3283064365386963e-10,0.0,0.0,2.9103830456733704e-11,0.0,0.0,2.7755575615628914e-17,0.8955970793217105,0.8348304723243318,0.2560524063903843,0.8080243778567804,0.03793793966206081,0.0,0.0,0.0,568,1.421184613957921,0.8035337152170866,37,0,0,0.0,0.0,471,0,0,0.5664884551110536,0.7705269847748201,41,280.23368224870234,0.6379409790068445,279.25,72.33145323645354,0.638576432655877,237,db,413.2962962962963,398.0,188.41229481502944,243,0.9143723369387087,0.671803462110104,0.15839832550987273,5,179.0
rbio1.3,1,smooth,1.654071859239192e-26,317.9094793813407,9458776.518806452,0.5535714285714286,318.5038133449662,108,raw,1.0641693287888537e-13,-1.2196943455222773e-10,"[2, 5, 11, 17, 22, 25, 29, 38, 44, 52, 55, 60, 65, 74, 78, 84, 89, 95, 98, 101, 105]","[38.0, 367.9999999999999, 461.00000000000006, 193.0, 951.0000000000002, 154.0, 881.0000000000002, 243.0, 491.00000000000017, 186.0, 321.0000000000001, 943.0000000000001, 810.0000000000002, 205.00000000000003, 478.0, 275.9999999999999, 347.0, 78.99999999999989, 1008.0000000000002, 114.0, 893.0]",21,5.597466523985055,105090.83769132655,0.8377935131962959,4.365923718251291e-06,1.0,0.4907407407407407,67631.00000000003,0.12910941990473737,0.15147910127183994,188156.1212645156,82872438.25058065,8,12069.579557418136,0.027777777777777776,"[0.0, 0.009259259259259259, 0.018518518518518517, 0.027777777777777776, 0.037037037037037035, 0.046296296296296294, 0.05555555555555555, 0.06481481481481481, 0.07407407407407407, 0.08333333333333333, 0.09259259259259259, 0.10185185185185185, 0.1111111111111111, 0.12037037037037036, 0.12962962962962962, 0.1388888888888889, 0.14814814814814814, 0.15740740740740738, 0.16666666666666666, 0.17592592592592593, 0.18518518518518517, 0.19444444444444442, 0.2037037037037037, 0.21296296296296297, 0.2222222222222222, 0.23148148148148145, 0.24074074074074073]","[67631.00000000003, 1786.6346316370007, 1155.9831840869394, 12069.579557418136, 1906.5778542068424, 950.5914327636012, 9083.87719738518, 2481.229636774485, 778.6316126029448, 8965.162396385995, 2042.6423114779186, 1606.7171021541494, 6927.939836298324, 1790.9411989177936, 2115.0643759896484, 4469.146453396726, 811.3124818658863, 852.4454942250576, 2613.51850959583, 1125.8336361545937, 622.528293616836, 1595.9028958466956, 1672.083632235643, 807.7671822537577, 3024.6344394117605, 842.7313814743651, 842.82357322692]",3.0,0.3,145.15000000000003,15,0.5,1721880.1384885092,0.14445541615564295,0.12412575453778009,16430975.452705404,84089526828.82372,"[0.046875, 0.03125]",2,1721880.1384885092,0.046875,"[0.0, 0.015625, 0.03125, 0.046875, 0.0625, 0.078125, 0.09375, 0.109375, 0.125, 0.140625, 0.15625, 0.171875, 0.1875, 0.203125, 0.21875, 0.234375]","[154749.3857115653, 876106.906708278, 1710291.3768915334, 1721880.1384885092, 1236443.3975593029, 1200279.6938555273, 1385236.610142782, 1437054.047422281, 1048940.2936461226, 664501.8455342909, 393060.2971508254, 165807.08106897463, 58528.066628532666, 51528.95639390756, 141871.95181127626, 339557.73472454003]",3.0,0.3,flattop,64,32,145.15000000000003,15,21,449.5238095238095,38.0,1008.0000000000002,"[2, 5, 11, 17, 22, 25, 29, 38, 44, 52, 55, 60, 65, 74, 78, 84, 89, 95, 98, 101, 105]","[38.0, 367.9999999999999, 461.00000000000006, 193.0, 951.0000000000002, 154.0, 881.0000000000002, 243.0, 491.00000000000017, 186.0, 321.0000000000001, 943.0000000000001, 810.0000000000002, 205.00000000000003, 478.0, 275.9999999999999, 347.0, 78.99999999999989, 1008.0000000000002, 114.0, 893.0]","[1, 1, 1, 15, 1, 24, 27, 35, 35, 49, 35, 35, 63, 73, 73, 73, 35, 92, 35, 99, 99]","[3, 8, 18, 18, 35, 27, 35, 39, 49, 53, 56, 73, 73, 75, 81, 85, 92, 97, 106, 102, 106]",0.05,30,52684909.00000001,1016.0000000000002,-1016.0000000000002,DWT,uc1.l0082987033,4.656612873077393e-10,0.0,0.0,8.940696716308594e-08,0.0,2.2737367544323206e-13,3.725290298461914e-09,2.2737367544323206e-13,1.0,84,0.0,5.4569682106375694e-12,1.0,84,,0.0,0.0,1.0,84,0.0,0.0,7.450580596923828e-09,6.103515625e-05,2.9103830456733704e-11,0.0,0.0,0.0,0.0,0.0,8.255829882164975e-14,0.0,2.2737367544323206e-13,0.0,2.842170943040401e-14,0.0,0.0,0.0,2.842170943040401e-14,0.0,8.326672684688674e-17,4.656612873077393e-10,2.7755575615628914e-17,1.3877787807814457e-17,5.820766091346741e-11,0.0,0.0,2.7755575615628914e-17,0.922938760361711,0.19627603505898517,0.03202850060875409,0.39126097366320883,0.045947896946265554,3.135877575339459e-05,1.5679387876697293e-05,3.135877575339459e-05,282,0.8427990722946861,0.4765161845204964,531,0,0,3.135877575339459e-05,3.135877575339459e-05,315,0,0,0.31769043332778496,0.4321165762078523,549,140.27205708907246,0.8187699520813018,419.25,383.67702639331554,0.6385516427073176,238,rbio,366.5925925925926,360.0,210.3588723315502,135,0.8110455588331695,0.7500562468954116,0.20725123474815782,3,179.25
coif3,1,periodization,3.232633660459923e-26,314.9994582038282,9360552.885786181,0.5555555555555556,431.58677079184395,108,raw,1.2950957179108855e-13,-1.1660072907204784e-10,"[2, 5, 11, 17, 22, 25, 29, 38, 44, 52, 55, 60, 65, 74, 78, 84, 89, 95, 98, 101, 105]","[38.0, 368.00000000000017, 461.00000000000017, 193.0000000000001, 951.0000000000005, 154.0000000000001, 881.0000000000001, 243.00000000000006, 490.99999999999994, 186.00000000000023, 321.0000000000001, 943.0000000000001, 810.0000000000003, 205.0, 478.0, 276.0000000000002, 347.0000000000002, 78.99999999999966, 1008.0000000000001, 114.00000000000011, 893.0000000000006]",21,5.62839713025937,95467.34242112485,0.7714022387194733,4.365923718251288e-06,0.9999999999999998,0.4907407407407407,67631.0,0.12910941990473743,0.15147910127183994,188156.12126451556,82872438.25058056,8,12069.579557418136,0.027777777777777776,"[0.0, 0.009259259259259259, 0.018518518518518517, 0.027777777777777776, 0.037037037037037035, 0.046296296296296294, 0.05555555555555555, 0.06481481481481481, 0.07407407407407407, 0.08333333333333333, 0.09259259259259259, 0.10185185185185185, 0.1111111111111111, 0.12037037037037036, 0.12962962962962962, 0.1388888888888889, 0.14814814814814814, 0.15740740740740738, 0.16666666666666666, 0.17592592592592593, 0.18518518518518517, 0.19444444444444442, 0.2037037037037037, 0.21296296296296297, 0.2222222222222222, 0.23148148148148145, 0.24074074074074073]","[67631.0, 1786.6346316370016, 1155.9831840869367, 12069.579557418136, 1906.5778542068456, 950.5914327636001, 9083.877197385173, 2481.229636774484, 778.6316126029441, 8965.162396385991, 2042.6423114779186, 1606.7171021541499, 6927.939836298325, 1790.9411989177959, 2115.0643759896493, 4469.146453396726, 811.3124818658854, 852.4454942250567, 2613.5185095958245, 1125.8336361545935, 622.5282936168358, 1595.9028958466995, 1672.0836322356429, 807.7671822537583, 3024.6344394117605, 842.731381474367, 842.8235732269209]",3.0,0.3,145.15000000000003,15,0.5,1721880.1384885088,0.144455416155643,0.12412575453778012,16430975.452705408,84089526828.82372,"[0.046875, 0.03125]",2,1721880.1384885088,0.046875,"[0.0, 0.015625, 0.03125, 0.046875, 0.0625, 0.078125, 0.09375, 0.109375, 0.125, 0.140625, 0.15625, 0.171875, 0.1875, 0.203125, 0.21875, 0.234375]","[154749.38571156547, 876106.9067082779, 1710291.3768915324, 1721880.1384885088, 1236443.397559303, 1200279.6938555273, 1385236.6101427823, 1437054.0474222815, 1048940.2936461226, 664501.8455342909, 393060.29715082515, 165807.08106897442, 58528.06662853266, 51528.95639390757, 141871.95181127632, 339557.73472454]",3.0,0.3,flattop,64,32,145.15000000000003,15,21,449.52380952380963,38.0,1008.0000000000001,"[2, 5, 11, 17, 22, 25, 29, 38, 44, 52, 55, 60, 65, 74, 78, 84, 89, 95, 98, 101, 105]","[38.0, 368.00000000000017, 461.00000000000017, 193.0000000000001, 951.0000000000005, 154.0000000000001, 881.0000000000001, 243.00000000000006, 490.99999999999994, 186.00000000000023, 321.0000000000001, 943.0000000000001, 810.0000000000003, 205.0, 478.0, 276.0000000000002, 347.0000000000002, 78.99999999999966, 1008.0000000000001, 114.00000000000011, 893.0000000000006]","[1, 1, 1, 15, 1, 24, 27, 35, 35, 49, 35, 35, 63, 73, 73, 73, 35, 92, 35, 99, 99]","[3, 8, 18, 18, 35, 27, 35, 39, 49, 53, 56, 73, 73, 75, 81, 85, 92, 97, 106, 102, 106]",0.05,30,52684909.00000001,1016.0000000000001,-1016.0000000000001,DWT,uc1.l0082987033,0.0,0.0,1.1368683772161603e-13,0.0,0.0,1.1368683772161603e-13,7.450580596923828e-09,1.1368683772161603e-13,1.0,84,0.0,5.4569682106375694e-12,1.0,84,,0.0,0.0,1.0,84,0.0,0.0,7.450580596923828e-09,6.103515625e-05,0.0,0.0,0.0,0.0,1.1368683772161603e-13,1.8189894035458565e-12,1.732370860519863e-13,0.0,1.1368683772161603e-13,0.0,2.842170943040401e-14,0.0,0.0,0.0,2.842170943040401e-14,0.0,2.7755575615628914e-17,0.0,2.7755575615628914e-17,4.163336342344337e-17,2.9103830456733704e-11,0.0,0.0,8.326672684688674e-17,0.8930625274776051,0.2359087655317422,0.022500457911589316,0.41340782122905073,0.019898032618189163,3.135877575339459e-05,1.5679387876697293e-05,3.135877575339459e-05,337,0.8383644697471246,0.4740088729259601,535,0,0,3.135877575339459e-05,3.135877575339459e-05,317,0,0,0.3169555209536353,0.4311169621634386,550,124.83689358518978,0.8387120237917445,434.75,407.7773797619201,0.6385097586658981,239,coif,217.80246913580248,181.0,166.32516494453617,81,0.48186386976947454,0.5930495234160287,0.4847804341365592,1,179.5
sym14,1,zero,4.602645731479707e-21,263.46494762919474,9369099.007828046,0.6044776119402985,285.1784848550675,108,raw,5.377910462635152e-11,3.888012133808938e-11,"[2, 5, 11, 17, 22, 25, 29, 38, 44, 52, 55, 60, 65, 74, 78, 84, 89, 95, 98, 101, 105]","[37.99999999997053, 367.99999999984766, 460.99999999989893, 192.99999999991888, 950.9999999998867, 153.9999999998986, 880.9999999996957, 242.99999999991866, 490.99999999988034, 185.99999999994338, 320.999999999873, 942.9999999998968, 809.9999999997183, 204.99999999993437, 477.99999999985675, 275.99999999993554, 346.999999999901, 79.00000000001125, 1007.9999999998445, 113.99999999992883, 892.9999999996627]",21,5.623263128714822,138301.3319224628,0.9044149894164565,4.36592371825336e-06,0.9999999999999994,0.4907407407407407,67630.99999999985,0.12910941990472363,0.1514791012718404,188156.12126448774,82872438.2505801,8,12069.579557417826,0.027777777777777776,"[0.0, 0.009259259259259259, 0.018518518518518517, 0.027777777777777776, 0.037037037037037035, 0.046296296296296294, 0.05555555555555555, 0.06481481481481481, 0.07407407407407407, 0.08333333333333333, 0.09259259259259259, 0.10185185185185185, 0.1111111111111111, 0.12037037037037036, 0.12962962962962962, 0.1388888888888889, 0.14814814814814814, 0.15740740740740738, 0.16666666666666666, 0.17592592592592593, 0.18518518518518517, 0.19444444444444442, 0.2037037037037037, 0.21296296296296297, 0.2222222222222222, 0.23148148148148145, 0.24074074074074073]","[67630.99999999985, 1786.634631636915, 1155.9831840869076, 12069.579557417826, 1906.5778542067317, 950.5914327634027, 9083.87719738419, 2481.2296367741637, 778.6316126028496, 8965.16239638414, 2042.6423114773393, 1606.7171021537706, 6927.9398362963875, 1790.941198917304, 2115.0643759889867, 4469.1464533952485, 811.3124818656491, 852.4454942247471, 2613.518509594857, 1125.8336361541942, 622.5282936166394, 1595.9028958460756, 1672.0836322349955, 807.767182253487, 3024.634439410625, 842.7313814740388, 842.8235732265827]",3.0,0.3,145.15000000006475,15,0.5,1721880.1384882545,0.1444554161556283,0.1241257545377826,16430975.45269848,84089526828.77406,"[0.046875, 0.03125]",2,1721880.1384882545,0.046875,"[0.0, 0.015625, 0.03125, 0.046875, 0.0625, 0.078125, 0.09375, 0.109375, 0.125, 0.140625, 0.15625, 0.171875, 0.1875, 0.203125, 0.21875, 0.234375]","[154749.38571155595, 876106.9067081851, 1710291.3768913024, 1721880.1384882545, 1236443.39755899, 1200279.6938550472, 1385236.610142109, 1437054.0474215187, 1048940.2936455077, 664501.8455338683, 393060.2971505637, 165807.08106886054, 58528.066628490895, 51528.9563938693, 141871.95181117012, 339557.73472428607]",3.0,0.3,flattop,64,32,145.15000000006475,15,21,449.52380952368685,37.99999999997053,1007.9999999998445,"[2, 5, 11, 17, 22, 25, 29, 38, 44, 52, 55, 60, 65, 74, 78, 84, 89, 95, 98, 101, 105]","[37.99999999997053, 367.99999999984766, 460.99999999989893, 192.99999999991888, 950.9999999998867, 153.9999999998986, 880.9999999996957, 242.99999999991866, 490.99999999988034, 185.99999999994338, 320.999999999873, 942.9999999998968, 809.9999999997183, 204.99999999993437, 477.99999999985675, 275.99999999993554, 346.999999999901, 79.00000000001125, 1007.9999999998445, 113.99999999992883, 892.9999999996627]","[1, 1, 1, 15, 1, 24, 27, 35, 35, 49, 35, 35, 63, 73, 73, 73, 35, 92, 35, 99, 99]","[3, 8, 18, 18, 35, 27, 35, 39, 49, 53, 56, 73, 73, 75, 81, 85, 92, 97, 106, 102, 106]",0.05,30,52684908.99999614,1015.9999999999513,-1015.9999999999513,DWT,uc1.l0082987033,2.5425106287002563e-07,0.0,1.226680979016237e-10,4.6193599700927734e-07,0.0,1.5552359400317073e-10,6.919726729393005e-06,4.865796654485166e-11,1.0,84,0.0,3.0377123039215803e-10,1.0,84,,0.0,0.0,1.0,84,0.0,0.0,3.859400749206543e-06,0.049591064453125,1.4551915228366852e-10,0.0,0.0,0.0,1.226680979016237e-10,2.5756889954209328e-09,1.238212072556572e-10,0.0,4.865796654485166e-11,0.0,6.474465408246033e-11,0.0,0.0,0.0,6.474465408246033e-11,2.9473312679328956e-11,1.3822276656583199e-14,2.5425106287002563e-07,4.718447854656915e-16,2.525757381022231e-15,2.7794158086180687e-08,0.0,0.0,1.4627188349436437e-14,0.36397461176274815,0.2293303461610629,0.023329462227620463,0.9594763612107058,0.13584546999004904,0.016243845840258397,0.008121922920129199,0.016243845840258397,139,0.7828434037322926,0.442617421027627,580,0,0,0.016243845840258397,0.016243845840258397,139,0,0,0.3423912502704373,0.4657141646998642,471,227.5395570005356,0.7060212441853545,332.25,219.34912174037365,0.6383788391469408,240,sym,445.72514619883043,505.0,280.45746329325993,171,0.986117580085908,1.0,0.009717693939864401,6,181.5
db22,1,reflect,2.826485701699829e-26,315.5825551833919,11832610.347893436,0.5733333333333334,475.5888216588106,108,raw,1.2962470603067945e-13,-1.121686077354418e-10,"[2, 5, 11, 17, 22, 25, 29, 38, 44, 52, 55, 60, 65, 74, 78, 84, 89, 95, 98, 101, 105]","[38.00000000000006, 368.0000000000003, 460.9999999999997, 192.99999999999983, 950.9999999999999, 153.99999999999977, 880.9999999999999, 243.0, 490.9999999999996, 185.99999999999977, 321.0000000000002, 942.9999999999994, 810.0000000000003, 205.0, 478.0, 275.9999999999999, 347.0000000000002, 79.0, 1007.9999999999999, 114.00000000000023, 893.0000000000002]",21,6.088399486339139,100025.01638942893,0.7817628238289623,4.365923718251291e-06,1.0,0.4907407407407407,67631.0,0.1291094199047374,0.15147910127183992,188156.12126451553,82872438.25058056,8,12069.579557418134,0.027777777777777776,"[0.0, 0.009259259259259259, 0.018518518518518517, 0.027777777777777776, 0.037037037037037035, 0.046296296296296294, 0.05555555555555555, 0.06481481481481481, 0.07407407407407407, 0.08333333333333333, 0.09259259259259259, 0.10185185185185185, 0.1111111111111111, 0.12037037037037036, 0.12962962962962962, 0.1388888888888889, 0.14814814814814814, 0.15740740740740738, 0.16666666666666666, 0.17592592592592593, 0.18518518518518517, 0.19444444444444442, 0.2037037037037037, 0.21296296296296297, 0.2222222222222222, 0.23148148148148145, 0.24074074074074073]","[67631.0, 1786.634631637003, 1155.9831840869376, 12069.579557418134, 1906.5778542068433, 950.5914327636018, 9083.877197385176, 2481.229636774482, 778.6316126029448, 8965.16239638599, 2042.6423114779168, 1606.71710215415, 6927.939836298324, 1790.9411989177927, 2115.064375989647, 4469.146453396723, 811.3124818658864, 852.4454942250557, 2613.5185095958277, 1125.833636154593, 622.5282936168369, 1595.9028958466981, 1672.083632235643, 807.7671822537571, 3024.6344394117596, 842.731381474365, 842.82357322692]",3.0,0.3,145.1499999999999,15,0.5,1721880.1384885076,0.14445541615564295,0.12412575453778009,16430975.452705396,84089526828.82362,"[0.046875, 0.03125]",2,1721880.1384885076,0.046875,"[0.0, 0.015625, 0.03125, 0.046875, 0.0625, 0.078125, 0.09375, 0.109375, 0.125, 0.140625, 0.15625, 0.171875, 0.1875, 0.203125, 0.21875, 0.234375]","[154749.38571156573, 876106.9067082782, 1710291.3768915322, 1721880.1384885076, 1236443.397559302, 1200279.6938555269, 1385236.6101427816, 1437054.047422281, 1048940.2936461219, 664501.8455342907, 393060.29715082503, 165807.08106897428, 58528.0666285326, 51528.95639390761, 141871.9518112763, 339557.7347245399]",3.0,0.3,flattop,64,32,145.1499999999999,15,21,449.52380952380946,38.00000000000006,1007.9999999999999,"[2, 5, 11, 17, 22, 25, 29, 38, 44, 52, 55, 60, 65, 74, 78, 84, 89, 95, 98, 101, 105]","[38.00000000000006, 368.0000000000003, 460.9999999999997, 192.99999999999983, 950.9999999999999, 153.99999999999977, 880.9999999999999, 243.0, 490.9999999999996, 185.99999999999977, 321.0000000000002, 942.9999999999994, 810.0000000000003, 205.0, 478.0, 275.9999999999999, 347.0000000000002, 79.0, 1007.9999999999999, 114.00000000000023, 893.0000000000002]","[1, 1, 1, 15, 1, 24, 27, 35, 35, 49, 35, 35, 63, 73, 73, 73, 35, 92, 35, 99, 99]","[3, 8, 18, 18, 35, 27, 35, 39, 49, 53, 56, 73, 73, 75, 81, 85, 92, 97, 106, 102, 106]",0.05,30,52684909.0,1016.0,-1016.0,DWT,uc1.l0082987033,1.1641532182693481e-09,0.0,5.684341886080802e-14,0.0,0.0,1.1368683772161603e-13,3.725290298461914e-09,0.0,1.0,84,0.0,3.637978807091713e-12,1.0,84,,0.0,0.0,1.0,84,0.0,0.0,0.0,3.0517578125e-05,0.0,0.0,0.0,0.0,5.684341886080802e-14,1.8189894035458565e-12,1.8677123339979778e-13,0.0,0.0,0.0,1.1368683772161603e-13,0.0,0.0,0.0,1.1368683772161603e-13,5.684341886080802e-14,5.551115123125783e-17,1.1641532182693481e-09,0.0,1.3877787807814457e-17,0.0,0.0,0.0,2.7755575615628914e-17,0.8990489928992602,0.8253297821667132,0.26229884781579743,0.6118435754189948,0.0322352121140376,0.0,0.0,0.0,573,1.3408752257440242,0.7581270168581677,60,0,0,0.0,0.0,469,0,0,0.5261512820829607,0.7156611176468066,60,269.5236538784676,0.6517782249632201,290.5,107.49587495874958,0.6382276137735998,241,db,413.2962962962963,398.0,188.41229481502944,243,0.9143723369387087,0.671803462110104,0.15839832550987273,5,182.0
sym19,1,reflect,5.903370082859854e-19,242.38402301142943,11807770.335483441,0.5625,447.3612618304743,108,raw,6.18642585718758e-10,1.4533961797934029e-09,"[2, 5, 11, 17, 22, 25, 29, 38, 44, 52, 55, 60, 65, 74, 78, 84, 89, 95, 98, 101, 105]","[38.00000000002393, 368.00000000110333, 461.0000000012311, 193.00000000032344, 951.0000000019771, 154.0000000001295, 881.0000000024621, 243.00000000049255, 491.00000000175027, 186.000000000382, 321.0000000011088, 943.0000000018247, 810.0000000022405, 205.0000000001439, 478.00000000123055, 276.00000000040336, 347.0000000010002, 79.00000000049761, 1008.0000000024233, 113.99999999992008, 893.0000000023317]",21,6.050276974163755,91257.07022807673,0.8126170847621108,4.365923718230147e-06,0.9999999999999994,0.4907407407407407,67630.99999999843,0.12910941990485475,0.15147910127184788,188156.12126479714,82872438.2505866,8,12069.579557428917,0.027777777777777776,"[0.0, 0.009259259259259259, 0.018518518518518517, 0.027777777777777776, 0.037037037037037035, 0.046296296296296294, 0.05555555555555555, 0.06481481481481481, 0.07407407407407407, 0.08333333333333333, 0.09259259259259259, 0.10185185185185185, 0.1111111111111111, 0.12037037037037036, 0.12962962962962962, 0.1388888888888889, 0.14814814814814814, 0.15740740740740738, 0.16666666666666666, 0.17592592592592593, 0.18518518518518517, 0.19444444444444442, 0.2037037037037037, 0.21296296296296297, 0.2222222222222222, 0.23148148148148145, 0.24074074074074073]","[67630.99999999843, 1786.6346316358024, 1155.9831840861245, 12069.579557428917, 1906.577854211466, 950.5914327651919, 9083.877197407592, 2481.229636779644, 778.6316126073616, 8965.162396415997, 2042.6423114869272, 1606.717102160567, 6927.939836321614, 1790.9411989226664, 2115.0643759948234, 4469.146453410147, 811.3124818666939, 852.4454942279758, 2613.518509602917, 1125.8336361567256, 622.5282936173896, 1595.9028958508736, 1672.0836322397704, 807.7671822547842, 3024.6344394179723, 842.7313814764374, 842.8235732291424]",3.0,0.3,145.1499999992813,15,0.5,1721880.1384940818,0.14445541615569402,0.12412575453777205,16430975.45278724,84089526829.66039,"[0.046875, 0.03125]",2,1721880.1384940818,0.046875,"[0.0, 0.015625, 0.03125, 0.046875, 0.0625, 0.078125, 0.09375, 0.109375, 0.125, 0.140625, 0.15625, 0.171875, 0.1875, 0.203125, 0.21875, 0.234375]","[154749.38571180962, 876106.90671038, 1710291.376896586, 1721880.1384940818, 1236443.3975652605, 1200279.6938632866, 1385236.610152418, 1437054.047432118, 1048940.293653016, 664501.845538409, 393060.2971530974, 165807.08106986328, 58528.06662881076, 51528.95639411748, 141871.95181184434, 339557.73472590966]",3.0,0.3,flattop,64,32,145.1499999992813,15,21,449.52380952490483,38.00000000002393,1008.0000000024233,"[2, 5, 11, 17, 22, 25, 29, 38, 44, 52, 55, 60, 65, 74, 78, 84, 89, 95, 98, 101, 105]","[38.00000000002393, 368.00000000110333, 461.0000000012311, 193.00000000032344, 951.0000000019771, 154.0000000001295, 881.0000000024621, 243.00000000049255, 491.00000000175027, 186.000000000382, 321.0000000011088, 943.0000000018247, 810.0000000022405, 205.0000000001439, 478.00000000123055, 276.00000000040336, 347.0000000010002, 79.00000000049761, 1008.0000000024233, 113.99999999992008, 893.0000000023317]","[1, 1, 1, 15, 1, 24, 27, 35, 35, 49, 35, 35, 63, 73, 73, 73, 35, 92, 35, 99, 99]","[3, 8, 18, 18, 35, 27, 35, 39, 49, 53, 56, 73, 73, 75, 81, 85, 92, 97, 106, 102, 106]",0.05,30,52684909.000044376,1016.000000000572,-1016.000000000572,DWT,uc1.l0082987033,5.5730342864990234e-06,0.0,1.0953158380289096e-09,6.034970283508301e-06,0.0,2.4233486328739673e-09,8.183903992176056e-05,5.719584805774502e-10,1.0,84,0.0,1.0786607163026929e-08,1.0,84,,0.0,0.0,1.0,84,0.0,0.0,4.437565803527832e-05,0.83673095703125,1.57160684466362e-09,0.0,0.0,0.0,1.0953158380289096e-09,2.3001121007837355e-08,1.1028557115163755e-09,0.0,5.719584805774502e-10,0.0,7.186997663666261e-10,0.0,0.0,0.0,7.186997663666261e-10,2.3931079340400174e-11,1.172950625516478e-13,5.5730342864990234e-06,7.965850201685498e-15,8.021361352916756e-15,2.816086634993553e-07,0.0,0.0,5.109801470837283e-14,0.14754367367898658,0.7764817500075103,0.25988927802527984,0.49092178770949735,0.00850123588958461,0.18677286838721815,0.09338643419360908,0.18677286838721815,36,0.8064809276634198,0.4559820094395544,557,0,0,0.18677286838721815,0.18677286838721815,36,0,0,0.3366675450621718,0.4579288880961244,485,281.553428914182,0.6362358799558372,278.5,67.32562365654671,0.6382083792544044,242,sym,445.72514619883043,505.0,280.45746329325993,171,0.986117580085908,1.0,0.009717693939864401,6,183.0
db10,1,smooth,1.397978392333888e-26,318.6400185233506,9721048.76763662,0.5873015873015873,351.31694532298866,108,raw,8.506775530905646e-14,-1.1103951091939799e-10,"[2, 5, 11, 17, 22, 25, 29, 38, 44, 52, 55, 60, 65, 74, 78, 84, 89, 95, 98, 101, 105]","[38.00000000000003, 368.00000000000034, 460.9999999999999, 192.99999999999994, 950.9999999999999, 154.0, 881.0000000000002, 243.0, 491.0000000000003, 185.99999999999977, 320.9999999999998, 942.9999999999998, 810.0000000000002, 205.0000000000001, 478.00000000000006, 275.9999999999999, 347.00000000000045, 78.99999999999989, 1007.9999999999995, 113.99999999999977, 893.0]",21,5.725199818711556,96986.4397000152,0.8534643675780655,4.365923718251291e-06,1.0,0.4907407407407407,67631.0,0.1291094199047374,0.15147910127183994,188156.12126451553,82872438.25058056,8,12069.57955741813,0.027777777777777776,"[0.0, 0.009259259259259259, 0.018518518518518517, 0.027777777777777776, 0.037037037037037035, 0.046296296296296294, 0.05555555555555555, 0.06481481481481481, 0.07407407407407407, 0.08333333333333333, 0.09259259259259259, 0.10185185185185185, 0.1111111111111111, 0.12037037037037036, 0.12962962962962962, 0.1388888888888889, 0.14814814814814814, 0.15740740740740738, 0.16666666666666666, 0.17592592592592593, 0.18518518518518517, 0.19444444444444442, 0.2037037037037037, 0.21296296296296297, 0.2222222222222222, 0.23148148148148145, 0.24074074074074073]","[67631.0, 1786.634631637001, 1155.9831840869394, 12069.57955741813, 1906.5778542068438, 950.5914327636018, 9083.877197385176, 2481.229636774484, 778.6316126029465, 8965.162396385991, 2042.6423114779166, 1606.717102154149, 6927.939836298322, 1790.941198917794, 2115.0643759896484, 4469.146453396724, 811.3124818658864, 852.4454942250567, 2613.518509595828, 1125.833636154595, 622.528293616839, 1595.9028958466974, 1672.0836322356442, 807.7671822537558, 3024.6344394117577, 842.7313814743644, 842.8235732269195]",3.0,0.3,145.14999999999998,15,0.5,1721880.1384885088,0.14445541615564295,0.12412575453778009,16430975.452705402,84089526828.82372,"[0.046875, 0.03125]",2,1721880.1384885088,0.046875,"[0.0, 0.015625, 0.03125, 0.046875, 0.0625, 0.078125, 0.09375, 0.109375, 0.125, 0.140625, 0.15625, 0.171875, 0.1875, 0.203125, 0.21875, 0.234375]","[154749.38571156535, 876106.9067082779, 1710291.3768915324, 1721880.1384885088, 1236443.3975593029, 1200279.6938555273, 1385236.6101427816, 1437054.047422281, 1048940.2936461223, 664501.8455342907, 393060.29715082515, 165807.0810689745, 58528.06662853267, 51528.956393907516, 141871.9518112762, 339557.7347245398]",3.0,0.3,flattop,64,32,145.14999999999998,15,21,449.5238095238095,38.00000000000003,1007.9999999999995,"[2, 5, 11, 17, 22, 25, 29, 38, 44, 52, 55, 60, 65, 74, 78, 84, 89, 95, 98, 101, 105]","[38.00000000000003, 368.00000000000034, 460.9999999999999, 192.99999999999994, 950.9999999999999, 154.0, 881.0000000000002, 243.0, 491.0000000000003, 185.99999999999977, 320.9999999999998, 942.9999999999998, 810.0000000000002, 205.0000000000001, 478.00000000000006, 275.9999999999999, 347.00000000000045, 78.99999999999989, 1007.9999999999995, 113.99999999999977, 893.0]","[1, 1, 1, 15, 1, 24, 27, 35, 35, 49, 35, 35, 63, 73, 73, 73, 35, 92, 35, 99, 99]","[3, 8, 18, 18, 35, 27, 35, 39, 49, 53, 56, 73, 73, 75, 81, 85, 92, 97, 106, 102, 106]",0.05,30,52684909.0,1015.9999999999998,-1015.9999999999998,DWT,uc1.l0082987033,0.0,0.0,0.0,0.0,0.0,4.547473508864641e-13,1.862645149230957e-09,2.2737367544323206e-13,1.0,84,0.0,0.0,1.0,84,,0.0,0.0,1.0,84,0.0,0.0,0.0,6.103515625e-05,0.0,0.0,0.0,0.0,0.0,0.0,1.7188367131720523e-13,0.0,2.2737367544323206e-13,0.0,2.842170943040401e-14,0.0,0.0,0.0,2.842170943040401e-14,2.842170943040401e-14,5.551115123125783e-17,0.0,2.7755575615628914e-17,1.3877787807814457e-17,0.0,0.0,0.0,2.7755575615628914e-17,0.9304389661012098,0.3599462585714336,0.05746984408481497,0.7677573822825222,0.02401008098576883,0.0,0.0,0.0,613,1.0836784162961668,0.6127086765469371,183,0,0,0.0,0.0,427,0,0,0.4279245064051499,0.5820548974241214,190,206.9981883978698,0.7325604801061114,353.25,272.0925454887813,0.6380825656344511,243,db,413.2962962962963,398.0,188.41229481502944,243,0.9143723369387087,0.671803462110104,0.15839832550987273,5,183.5
db16,1,periodic,1.778267782791543e-26,317.5950515081781,11771253.705955263,0.5362318840579711,333.0556323734295,108,raw,9.421270348226515e-14,-1.1410772327025206e-10,"[2, 5, 11, 17, 22, 25, 29, 38, 44, 52, 55, 60, 65, 74, 78, 84, 89, 95, 98, 101, 105]","[38.00000000000003, 368.0000000000001, 460.9999999999999, 193.00000000000006, 951.0, 154.0, 881.0000000000002, 243.00000000000014, 490.99999999999994, 186.0000000000001, 320.9999999999999, 943.0, 809.9999999999998, 205.00000000000003, 478.00000000000034, 276.0, 347.0000000000001, 79.00000000000034, 1008.0000000000002, 114.00000000000023, 893.0000000000003]",21,5.912910123480019,97450.34413640662,0.8373093785386856,4.36592371825129e-06,1.0,0.4907407407407407,67631.0,0.12910941990473743,0.15147910127183992,188156.12126451553,82872438.25058056,8,12069.57955741813,0.027777777777777776,"[0.0, 0.009259259259259259, 0.018518518518518517, 0.027777777777777776, 0.037037037037037035, 0.046296296296296294, 0.05555555555555555, 0.06481481481481481, 0.07407407407407407, 0.08333333333333333, 0.09259259259259259, 0.10185185185185185, 0.1111111111111111, 0.12037037037037036, 0.12962962962962962, 0.1388888888888889, 0.14814814814814814, 0.15740740740740738, 0.16666666666666666, 0.17592592592592593, 0.18518518518518517, 0.19444444444444442, 0.2037037037037037, 0.21296296296296297, 0.2222222222222222, 0.23148148148148145, 0.24074074074074073]","[67631.0, 1786.6346316369993, 1155.9831840869379, 12069.57955741813, 1906.5778542068429, 950.5914327636024, 9083.877197385178, 2481.229636774482, 778.6316126029448, 8965.162396385991, 2042.6423114779175, 1606.717102154149, 6927.939836298323, 1790.9411989177943, 2115.064375989648, 4469.1464533967255, 811.3124818658869, 852.4454942250555, 2613.518509595828, 1125.8336361545933, 622.528293616838, 1595.9028958466981, 1672.0836322356424, 807.7671822537552, 3024.6344394117596, 842.7313814743655, 842.82357322692]",3.0,0.3,145.15000000000003,15,0.5,1721880.1384885088,0.14445541615564297,0.12412575453778009,16430975.4527054,84089526828.8237,"[0.046875, 0.03125]",2,1721880.1384885088,0.046875,"[0.0, 0.015625, 0.03125, 0.046875, 0.0625, 0.078125, 0.09375, 0.109375, 0.125, 0.140625, 0.15625, 0.171875, 0.1875, 0.203125, 0.21875, 0.234375]","[154749.38571156538, 876106.9067082778, 1710291.3768915322, 1721880.1384885088, 1236443.3975593029, 1200279.6938555273, 1385236.6101427819, 1437054.047422281, 1048940.293646122, 664501.8455342907, 393060.29715082515, 165807.0810689744, 58528.066628532484, 51528.95639390741, 141871.9518112762, 339557.73472454003]",3.0,0.3,flattop,64,32,145.15000000000003,15,21,449.5238095238095,38.00000000000003,1008.0000000000002,"[2, 5, 11, 17, 22, 25, 29, 38, 44, 52, 55, 60, 65, 74, 78, 84, 89, 95, 98, 101, 105]","[38.00000000000003, 368.0000000000001, 460.9999999999999, 193.00000000000006, 951.0, 154.0, 881.0000000000002, 243.00000000000014, 490.99999999999994, 186.0000000000001, 320.9999999999999, 943.0, 809.9999999999998, 205.00000000000003, 478.00000000000034, 276.0, 347.0000000000001, 79.00000000000034, 1008.0000000000002, 114.00000000000023, 893.0000000000003]","[1, 1, 1, 15, 1, 24, 27, 35, 35, 49, 35, 35, 63, 73, 73, 73, 35, 92, 35, 99, 99]","[3, 8, 18, 18, 35, 27, 35, 39, 49, 53, 56, 73, 73, 75, 81, 85, 92, 97, 106, 102, 106]",0.05,30,52684909.0,1016.0000000000002,-1016.0000000000002,DWT,uc1.l0082987033,0.0,0.0,0.0,0.0,0.0,2.2737367544323206e-13,0.0,2.2737367544323206e-13,1.0,84,0.0,0.0,1.0,84,,0.0,0.0,1.0,84,0.0,0.0,0.0,4.57763671875e-05,0.0,0.0,0.0,0.0,0.0,0.0,1.3398805874333316e-13,0.0,2.2737367544323206e-13,0.0,2.842170943040401e-14,0.0,0.0,0.0,2.842170943040401e-14,2.842170943040401e-14,2.7755575615628914e-17,0.0,0.0,1.3877787807814457e-17,0.0,0.0,0.0,5.551115123125783e-17,0.9197106325266101,0.6004676324452265,0.25634703473206727,0.19771678406606835,0.025265825108863944,0.0,0.0,0.0,607,1.0694267567745859,0.6046508290224747,200,0,0,0.0,0.0,439,0,0,0.39990158177576723,0.5439386402887182,262,183.7552720332127,0.7625900878123867,377.0,313.9188967575405,0.6377549922266068,244,db,413.2962962962963,398.0,188.41229481502944,243,0.9143723369387087,0.671803462110104,0.15839832550987273,5,184.25
db18,1,smooth,2.4004745175169753e-26,316.2920521114989,11987653.440093132,0.5704225352112676,380.5016496033755,108,raw,1.089498861498821e-13,-1.0831224805940627e-10,"[2, 5, 11, 17, 22, 25, 29, 38, 44, 52, 55, 60, 65, 74, 78, 84, 89, 95, 98, 101, 105]","[37.999999999999886, 367.9999999999998, 460.9999999999999, 192.99999999999977, 951.0, 154.0, 881.0000000000002, 243.0000000000001, 490.9999999999999, 186.0, 320.9999999999998, 942.9999999999997, 810.0, 205.0000000000001, 478.00000000000006, 275.9999999999999, 346.9999999999998, 79.0, 1007.9999999999999, 113.99999999999966, 893.0]",21,5.854088919935946,107052.7207154519,0.87576248741941,4.365923718251292e-06,1.0,0.4907407407407407,67631.0,0.1291094199047374,0.15147910127183992,188156.12126451553,82872438.25058056,8,12069.579557418134,0.027777777777777776,"[0.0, 0.009259259259259259, 0.018518518518518517, 0.027777777777777776, 0.037037037037037035, 0.046296296296296294, 0.05555555555555555, 0.06481481481481481, 0.07407407407407407, 0.08333333333333333, 0.09259259259259259, 0.10185185185185185, 0.1111111111111111, 0.12037037037037036, 0.12962962962962962, 0.1388888888888889, 0.14814814814814814, 0.15740740740740738, 0.16666666666666666, 0.17592592592592593, 0.18518518518518517, 0.19444444444444442, 0.2037037037037037, 0.21296296296296297, 0.2222222222222222, 0.23148148148148145, 0.24074074074074073]","[67631.0, 1786.634631637001, 1155.9831840869394, 12069.579557418134, 1906.5778542068422, 950.5914327636032, 9083.877197385176, 2481.2296367744834, 778.6316126029443, 8965.162396385991, 2042.6423114779163, 1606.7171021541494, 6927.939836298327, 1790.9411989177938, 2115.0643759896475, 4469.1464533967255, 811.312481865886, 852.4454942250571, 2613.5185095958273, 1125.8336361545935, 622.528293616839, 1595.9028958466984, 1672.0836322356422, 807.7671822537552, 3024.6344394117586, 842.7313814743642, 842.82357322692]",3.0,0.3,145.15000000000006,15,0.5,1721880.1384885085,0.14445541615564292,0.12412575453778008,16430975.452705402,84089526828.82368,"[0.046875, 0.03125]",2,1721880.1384885085,0.046875,"[0.0, 0.015625, 0.03125, 0.046875, 0.0625, 0.078125, 0.09375, 0.109375, 0.125, 0.140625, 0.15625, 0.171875, 0.1875, 0.203125, 0.21875, 0.234375]","[154749.38571156553, 876106.9067082778, 1710291.376891532, 1721880.1384885085, 1236443.3975593024, 1200279.693855527, 1385236.610142782, 1437054.0474222815, 1048940.2936461223, 664501.8455342909, 393060.2971508249, 165807.08106897434, 58528.0666285324, 51528.956393907334, 141871.95181127614, 339557.7347245398]",3.0,0.3,flattop,64,32,145.15000000000006,15,21,449.52380952380946,37.999999999999886,1007.9999999999999,"[2, 5, 11, 17, 22, 25, 29, 38, 44, 52, 55, 60, 65, 74, 78, 84, 89, 95, 98, 101, 105]","[37.999999999999886, 367.9999999999998, 460.9999999999999, 192.99999999999977, 951.0, 154.0, 881.0000000000002, 243.0000000000001, 490.9999999999999, 186.0, 320.9999999999998, 942.9999999999997, 810.0, 205.0000000000001, 478.00000000000006, 275.9999999999999, 346.9999999999998, 79.0, 1007.9999999999999, 113.99999999999966, 893.0]","[1, 1, 1, 15, 1, 24, 27, 35, 35, 49, 35, 35, 63, 73, 73, 73, 35, 92, 35, 99, 99]","[3, 8, 18, 18, 35, 27, 35, 39, 49, 53, 56, 73, 73, 75, 81, 85, 92, 97, 106, 102, 106]",0.05,30,52684909.0,1016.0,-1016.0,DWT,uc1.l0082987033,2.3283064365386963e-10,0.0,5.684341886080802e-14,0.0,0.0,1.1368683772161603e-13,1.862645149230957e-09,0.0,1.0,84,0.0,3.637978807091713e-12,1.0,84,,0.0,0.0,1.0,84,0.0,0.0,0.0,3.0517578125e-05,0.0,0.0,0.0,0.0,5.684341886080802e-14,1.8189894035458565e-12,1.2722098506942751e-13,0.0,0.0,0.0,5.684341886080802e-14,0.0,0.0,0.0,5.684341886080802e-14,1.1368683772161603e-13,5.551115123125783e-17,2.3283064365386963e-10,0.0,0.0,0.0,0.0,0.0,0.0,0.9063331651308871,0.5250974671962729,0.27733858068817346,0.579353214257613,0.051258523197028,0.0,0.0,0.0,542,1.1972626180026118,0.6769288592668783,118,0,0,0.0,0.0,517,0,0,0.46787619009399495,0.6363964291741521,131,234.10966091413943,0.6975327378370292,327.0,201.13218832970753,0.6375260588409952,245,db,413.2962962962963,398.0,188.41229481502944,243,0.9143723369387087,0.671803462110104,0.15839832550987273,5,185.0
coif2,1,periodization,1.9386658480526616e-26,317.21999351434255,9407937.928647919,0.5740740740740741,408.2961454466833,108,raw,1.0538894859682509e-13,-1.1821632561748242e-10,"[2, 5, 11, 17, 22, 25, 29, 38, 44, 52, 55, 60, 65, 74, 78, 84, 89, 95, 98, 101, 105]","[38.00000000000003, 367.99999999999994, 460.99999999999983, 192.99999999999994, 951.0000000000002, 153.9999999999999, 881.0000000000001, 242.99999999999997, 491.00000000000017, 185.9999999999999, 321.00000000000034, 943.0000000000001, 810.0000000000001, 205.0, 477.99999999999994, 276.0, 346.9999999999999, 79.00000000000023, 1008.0, 114.00000000000011, 893.0]",21,5.600048533437947,95467.34242112483,0.8380673740952036,4.365923718251291e-06,1.0,0.4907407407407407,67631.0,0.1291094199047374,0.15147910127183992,188156.12126451556,82872438.25058056,8,12069.579557418136,0.027777777777777776,"[0.0, 0.009259259259259259, 0.018518518518518517, 0.027777777777777776, 0.037037037037037035, 0.046296296296296294, 0.05555555555555555, 0.06481481481481481, 0.07407407407407407, 0.08333333333333333, 0.09259259259259259, 0.10185185185185185, 0.1111111111111111, 0.12037037037037036, 0.12962962962962962, 0.1388888888888889, 0.14814814814814814, 0.15740740740740738, 0.16666666666666666, 0.17592592592592593, 0.18518518518518517, 0.19444444444444442, 0.2037037037037037, 0.21296296296296297, 0.2222222222222222, 0.23148148148148145, 0.24074074074074073]","[67631.0, 1786.6346316370025, 1155.983184086939, 12069.579557418136, 1906.577854206843, 950.5914327636023, 9083.877197385176, 2481.2296367744834, 778.6316126029429, 8965.162396385995, 2042.6423114779159, 1606.7171021541499, 6927.939836298323, 1790.9411989177934, 2115.064375989647, 4469.146453396726, 811.3124818658847, 852.4454942250575, 2613.5185095958273, 1125.8336361545955, 622.5282936168362, 1595.902895846697, 1672.0836322356438, 807.7671822537573, 3024.634439411759, 842.7313814743648, 842.8235732269203]",3.0,0.3,145.15000000000003,15,0.5,1721880.1384885092,0.14445541615564295,0.1241257545377801,16430975.452705404,84089526828.82368,"[0.046875, 0.03125]",2,1721880.1384885092,0.046875,"[0.0, 0.015625, 0.03125, 0.046875, 0.0625, 0.078125, 0.09375, 0.109375, 0.125, 0.140625, 0.15625, 0.171875, 0.1875, 0.203125, 0.21875, 0.234375]","[154749.38571156547, 876106.9067082782, 1710291.3768915334, 1721880.1384885092, 1236443.3975593029, 1200279.6938555269, 1385236.6101427814, 1437054.047422281, 1048940.2936461219, 664501.8455342905, 393060.2971508251, 165807.0810689745, 58528.0666285326, 51528.95639390755, 141871.95181127632, 339557.73472454]",3.0,0.3,flattop,64,32,145.15000000000003,15,21,449.5238095238095,38.00000000000003,1008.0,"[2, 5, 11, 17, 22, 25, 29, 38, 44, 52, 55, 60, 65, 74, 78, 84, 89, 95, 98, 101, 105]","[38.00000000000003, 367.99999999999994, 460.99999999999983, 192.99999999999994, 951.0000000000002, 153.9999999999999, 881.0000000000001, 242.99999999999997, 491.00000000000017, 185.9999999999999, 321.00000000000034, 943.0000000000001, 810.0000000000001, 205.0, 477.99999999999994, 276.0, 346.9999999999999, 79.00000000000023, 1008.0, 114.00000000000011, 893.0]","[1, 1, 1, 15, 1, 24, 27, 35, 35, 49, 35, 35, 63, 73, 73, 73, 35, 92, 35, 99, 99]","[3, 8, 18, 18, 35, 27, 35, 39, 49, 53, 56, 73, 73, 75, 81, 85, 92, 97, 106, 102, 106]",0.05,30,52684909.0,1016.0000000000001,-1016.0000000000001,DWT,uc1.l0082987033,4.656612873077393e-10,0.0,0.0,0.0,0.0,0.0,3.725290298461914e-09,1.1368683772161603e-13,1.0,84,0.0,5.4569682106375694e-12,1.0,84,,0.0,0.0,1.0,84,0.0,0.0,0.0,3.0517578125e-05,0.0,0.0,0.0,0.0,0.0,0.0,1.028595198433669e-13,0.0,1.1368683772161603e-13,0.0,2.842170943040401e-14,0.0,0.0,0.0,2.842170943040401e-14,2.842170943040401e-14,5.551115123125783e-17,4.656612873077393e-10,0.0,2.7755575615628914e-17,2.9103830456733704e-11,0.0,0.0,2.7755575615628914e-17,0.9158600351304585,0.19958447601927637,0.02709697605809731,0.6201117318435755,0.01989803261818912,0.0,0.0,0.0,492,0.9188606529016679,0.5195211846099651,422,0,0,0.0,0.0,590,0,0,0.3565102503339194,0.4849185640989969,407,83.5,0.8921188630490956,477.75,467.6116788496701,0.6374354005167959,246,coif,217.80246913580248,181.0,166.32516494453617,81,0.48186386976947454,0.5930495234160287,0.4847804341365592,1,184.75
db17,1,periodic,2.288654945055425e-26,316.49921991095704,11840370.688084008,0.55,396.24848788796913,108,raw,1.1237101784057882e-13,-1.0054312937768431e-10,"[2, 5, 11, 17, 22, 25, 29, 38, 44, 52, 55, 60, 65, 74, 78, 84, 89, 95, 98, 101, 105]","[37.99999999999997, 367.9999999999999, 461.00000000000017, 193.0000000000001, 951.0, 154.0, 880.9999999999998, 243.0, 491.0000000000001, 186.0, 321.0, 943.0000000000001, 810.0000000000002, 205.0, 478.0000000000001, 276.0000000000002, 347.0, 78.99999999999989, 1007.9999999999998, 114.0, 893.0]",21,5.940436342726496,98014.06279726312,0.83290480685144,4.365923718251291e-06,0.9999999999999998,0.4907407407407407,67631.0,0.12910941990473745,0.15147910127183992,188156.1212645155,82872438.25058056,8,12069.57955741813,0.027777777777777776,"[0.0, 0.009259259259259259, 0.018518518518518517, 0.027777777777777776, 0.037037037037037035, 0.046296296296296294, 0.05555555555555555, 0.06481481481481481, 0.07407407407407407, 0.08333333333333333, 0.09259259259259259, 0.10185185185185185, 0.1111111111111111, 0.12037037037037036, 0.12962962962962962, 0.1388888888888889, 0.14814814814814814, 0.15740740740740738, 0.16666666666666666, 0.17592592592592593, 0.18518518518518517, 0.19444444444444442, 0.2037037037037037, 0.21296296296296297, 0.2222222222222222, 0.23148148148148145, 0.24074074074074073]","[67631.0, 1786.6346316370002, 1155.9831840869379, 12069.57955741813, 1906.5778542068442, 950.5914327636003, 9083.877197385173, 2481.229636774485, 778.6316126029432, 8965.162396385993, 2042.6423114779168, 1606.7171021541492, 6927.939836298322, 1790.9411989177927, 2115.064375989649, 4469.1464533967255, 811.3124818658866, 852.4454942250569, 2613.5185095958273, 1125.833636154594, 622.5282936168385, 1595.902895846698, 1672.0836322356438, 807.767182253759, 3024.634439411759, 842.7313814743657, 842.8235732269193]",3.0,0.3,145.14999999999995,15,0.5,1721880.138488508,0.14445541615564295,0.12412575453778008,16430975.452705398,84089526828.82368,"[0.046875, 0.03125]",2,1721880.138488508,0.046875,"[0.0, 0.015625, 0.03125, 0.046875, 0.0625, 0.078125, 0.09375, 0.109375, 0.125, 0.140625, 0.15625, 0.171875, 0.1875, 0.203125, 0.21875, 0.234375]","[154749.3857115655, 876106.9067082775, 1710291.3768915317, 1721880.138488508, 1236443.3975593024, 1200279.6938555266, 1385236.6101427819, 1437054.047422281, 1048940.2936461226, 664501.845534291, 393060.29715082527, 165807.08106897457, 58528.066628532746, 51528.95639390756, 141871.95181127623, 339557.7347245398]",3.0,0.3,flattop,64,32,145.14999999999995,15,21,449.5238095238095,37.99999999999997,1007.9999999999998,"[2, 5, 11, 17, 22, 25, 29, 38, 44, 52, 55, 60, 65, 74, 78, 84, 89, 95, 98, 101, 105]","[37.99999999999997, 367.9999999999999, 461.00000000000017, 193.0000000000001, 951.0, 154.0, 880.9999999999998, 243.0, 491.0000000000001, 186.0, 321.0, 943.0000000000001, 810.0000000000002, 205.0, 478.0000000000001, 276.0000000000002, 347.0, 78.99999999999989, 1007.9999999999998, 114.0, 893.0]","[1, 1, 1, 15, 1, 24, 27, 35, 35, 49, 35, 35, 63, 73, 73, 73, 35, 92, 35, 99, 99]","[3, 8, 18, 18, 35, 27, 35, 39, 49, 53, 56, 73, 73, 75, 81, 85, 92, 97, 106, 102, 106]",0.05,30,52684909.0,1015.9999999999998,-1015.9999999999998,DWT,uc1.l0082987033,6.984919309616089e-10,0.0,0.0,0.0,0.0,2.2737367544323206e-13,1.862645149230957e-09,2.2737367544323206e-13,1.0,84,0.0,0.0,1.0,84,,0.0,0.0,1.0,84,0.0,0.0,0.0,3.0517578125e-05,0.0,0.0,0.0,0.0,0.0,0.0,8.526512829121205e-14,0.0,2.2737367544323206e-13,0.0,5.684341886080802e-14,0.0,0.0,0.0,5.684341886080802e-14,2.842170943040401e-14,0.0,6.984919309616089e-10,0.0,0.0,2.9103830456733704e-11,0.0,0.0,2.7755575615628914e-17,0.9084600889727232,0.6357381738195017,0.26305162848992547,0.35139664804469345,0.026791756615266483,0.0,0.0,0.0,639,1.1457463164023314,0.647801689712295,143,0,0,0.0,0.0,376,0,0,0.4370876591884221,0.5945184461891913,177,227.97569314877992,0.70545776078969,333.75,237.14603002510987,0.6371281052010466,247,db,413.2962962962963,398.0,188.41229481502944,243,0.9143723369387087,0.671803462110104,0.15839832550987273,5,186.5
rbio3.3,1,reflect,8.489779496129657e-27,320.80605900662164,9536077.955898698,0.5350877192982456,529.3872783214676,108,raw,5.704079184296357e-14,-1.1092882168384284e-10,"[2, 5, 11, 17, 22, 25, 29, 38, 44, 52, 55, 60, 65, 74, 78, 84, 89, 95, 98, 101, 105]","[37.999999999999915, 368.0, 461.0000000000001, 192.99999999999994, 951.0, 154.0, 881.0, 242.99999999999994, 491.00000000000017, 185.9999999999999, 321.0, 943.0, 810.0000000000002, 205.0, 478.0, 275.9999999999999, 346.9999999999998, 79.0, 1008.0000000000001, 113.99999999999989, 893.0]",21,5.868355650699369,114559.49440858606,0.5780619236125595,4.365923718251291e-06,1.0,0.4907407407407407,67631.0,0.12910941990473743,0.15147910127183992,188156.12126451553,82872438.25058056,8,12069.57955741813,0.027777777777777776,"[0.0, 0.009259259259259259, 0.018518518518518517, 0.027777777777777776, 0.037037037037037035, 0.046296296296296294, 0.05555555555555555, 0.06481481481481481, 0.07407407407407407, 0.08333333333333333, 0.09259259259259259, 0.10185185185185185, 0.1111111111111111, 0.12037037037037036, 0.12962962962962962, 0.1388888888888889, 0.14814814814814814, 0.15740740740740738, 0.16666666666666666, 0.17592592592592593, 0.18518518518518517, 0.19444444444444442, 0.2037037037037037, 0.21296296296296297, 0.2222222222222222, 0.23148148148148145, 0.24074074074074073]","[67631.0, 1786.6346316370007, 1155.9831840869383, 12069.57955741813, 1906.5778542068433, 950.5914327636021, 9083.877197385176, 2481.2296367744852, 778.6316126029438, 8965.162396385991, 2042.642311477917, 1606.7171021541506, 6927.939836298323, 1790.9411989177927, 2115.0643759896493, 4469.146453396725, 811.3124818658866, 852.4454942250594, 2613.518509595828, 1125.833636154594, 622.5282936168355, 1595.902895846697, 1672.0836322356427, 807.7671822537562, 3024.6344394117605, 842.7313814743665, 842.8235732269212]",3.0,0.3,145.1500000000001,15,0.5,1721880.1384885085,0.14445541615564297,0.1241257545377801,16430975.4527054,84089526828.82365,"[0.046875, 0.03125]",2,1721880.1384885085,0.046875,"[0.0, 0.015625, 0.03125, 0.046875, 0.0625, 0.078125, 0.09375, 0.109375, 0.125, 0.140625, 0.15625, 0.171875, 0.1875, 0.203125, 0.21875, 0.234375]","[154749.3857115655, 876106.906708278, 1710291.376891532, 1721880.1384885085, 1236443.3975593026, 1200279.6938555266, 1385236.6101427814, 1437054.047422281, 1048940.2936461219, 664501.8455342904, 393060.29715082515, 165807.0810689745, 58528.066628532586, 51528.956393907545, 141871.95181127626, 339557.73472454003]",3.0,0.3,flattop,64,32,145.1500000000001,15,21,449.5238095238095,37.999999999999915,1008.0000000000001,"[2, 5, 11, 17, 22, 25, 29, 38, 44, 52, 55, 60, 65, 74, 78, 84, 89, 95, 98, 101, 105]","[37.999999999999915, 368.0, 461.0000000000001, 192.99999999999994, 951.0, 154.0, 881.0, 242.99999999999994, 491.00000000000017, 185.9999999999999, 321.0, 943.0, 810.0000000000002, 205.0, 478.0, 275.9999999999999, 346.9999999999998, 79.0, 1008.0000000000001, 113.99999999999989, 893.0]","[1, 1, 1, 15, 1, 24, 27, 35, 35, 49, 35, 35, 63, 73, 73, 73, 35, 92, 35, 99, 99]","[3, 8, 18, 18, 35, 27, 35, 39, 49, 53, 56, 73, 73, 75, 81, 85, 92, 97, 106, 102, 106]",0.05,30,52684909.0,1016.0,-1016.0,DWT,uc1.l0082987033,2.3283064365386963e-10,0.0,0.0,0.0,0.0,1.1368683772161603e-13,0.0,0.0,1.0,84,0.0,0.0,1.0,84,,0.0,0.0,1.0,84,0.0,0.0,0.0,0.0,0.0,0.0,0.0,0.0,0.0,0.0,6.631732200427603e-14,0.0,0.0,0.0,8.526512829121202e-14,0.0,0.0,0.0,8.526512829121202e-14,8.526512829121202e-14,2.7755575615628914e-17,2.3283064365386963e-10,0.0,2.7755575615628914e-17,0.0,0.0,0.0,5.551115123125783e-17,0.9526769932381549,0.5433780495443687,0.03952701568623164,0.18494560423404904,0.07157862839344478,0.0,0.0,0.0,403,0.9656684216091908,0.5459861631364576,338,0,0,0.0,0.0,618,0,0,0.35842125821924986,0.4875178812262558,402,122.33935044239308,0.8419388237178385,440.25,419.03883564068394,0.6365701870527176,248,rbio,366.5925925925926,360.0,210.3588723315502,135,0.8110455588331695,0.7500562468954116,0.20725123474815782,3,186.75
db17,1,reflect,2.5868209935725166e-26,315.96735934337687,11358656.606869332,0.55,411.8899814872343,108,raw,1.1681190993907942e-13,-1.0045397846880692e-10,"[2, 5, 11, 17, 22, 25, 29, 38, 44, 52, 55, 60, 65, 74, 78, 84, 89, 95, 98, 101, 105]","[38.0, 367.9999999999999, 461.0000000000002, 192.99999999999966, 950.9999999999998, 153.9999999999999, 880.9999999999998, 243.0, 491.0000000000001, 186.0, 321.0, 943.0000000000001, 810.0000000000002, 205.0, 478.0, 276.0, 346.9999999999998, 78.99999999999966, 1008.0, 114.0, 892.9999999999997]",21,5.9563599473243185,90934.08602556176,0.8125107903594703,4.365923718251291e-06,0.9999999999999997,0.4907407407407407,67631.0,0.12910941990473745,0.15147910127183994,188156.1212645155,82872438.25058056,8,12069.57955741813,0.027777777777777776,"[0.0, 0.009259259259259259, 0.018518518518518517, 0.027777777777777776, 0.037037037037037035, 0.046296296296296294, 0.05555555555555555, 0.06481481481481481, 0.07407407407407407, 0.08333333333333333, 0.09259259259259259, 0.10185185185185185, 0.1111111111111111, 0.12037037037037036, 0.12962962962962962, 0.1388888888888889, 0.14814814814814814, 0.15740740740740738, 0.16666666666666666, 0.17592592592592593, 0.18518518518518517, 0.19444444444444442, 0.2037037037037037, 0.21296296296296297, 0.2222222222222222, 0.23148148148148145, 0.24074074074074073]","[67631.0, 1786.634631637001, 1155.9831840869392, 12069.57955741813, 1906.5778542068433, 950.5914327635995, 9083.877197385176, 2481.229636774484, 778.631612602945, 8965.162396385993, 2042.6423114779166, 1606.717102154149, 6927.93983629832, 1790.9411989177909, 2115.06437598965, 4469.146453396724, 811.3124818658866, 852.4454942250576, 2613.51850959583, 1125.8336361545942, 622.5282936168395, 1595.9028958466959, 1672.0836322356445, 807.7671822537571, 3024.63443941176, 842.7313814743644, 842.8235732269181]",3.0,0.3,145.14999999999995,15,0.5,1721880.138488508,0.14445541615564295,0.12412575453778008,16430975.452705398,84089526828.82368,"[0.046875, 0.03125]",2,1721880.138488508,0.046875,"[0.0, 0.015625, 0.03125, 0.046875, 0.0625, 0.078125, 0.09375, 0.109375, 0.125, 0.140625, 0.15625, 0.171875, 0.1875, 0.203125, 0.21875, 0.234375]","[154749.3857115655, 876106.9067082775, 1710291.3768915315, 1721880.138488508, 1236443.3975593026, 1200279.693855527, 1385236.6101427816, 1437054.047422281, 1048940.2936461226, 664501.8455342909, 393060.2971508253, 165807.08106897457, 58528.0666285327, 51528.95639390757, 141871.95181127626, 339557.7347245398]",3.0,0.3,flattop,64,32,145.14999999999995,15,21,449.5238095238095,38.0,1008.0,"[2, 5, 11, 17, 22, 25, 29, 38, 44, 52, 55, 60, 65, 74, 78, 84, 89, 95, 98, 101, 105]","[38.0, 367.9999999999999, 461.0000000000002, 192.99999999999966, 950.9999999999998, 153.9999999999999, 880.9999999999998, 243.0, 491.0000000000001, 186.0, 321.0, 943.0000000000001, 810.0000000000002, 205.0, 478.0, 276.0, 346.9999999999998, 78.99999999999966, 1008.0, 114.0, 892.9999999999997]","[1, 1, 1, 15, 1, 24, 27, 35, 35, 49, 35, 35, 63, 73, 73, 73, 35, 92, 35, 99, 99]","[3, 8, 18, 18, 35, 27, 35, 39, 49, 53, 56, 73, 73, 75, 81, 85, 92, 97, 106, 102, 106]",0.05,30,52684909.0,1016.0,-1016.0,DWT,uc1.l0082987033,6.984919309616089e-10,0.0,0.0,0.0,0.0,0.0,1.862645149230957e-09,0.0,1.0,84,0.0,0.0,1.0,84,,0.0,0.0,1.0,84,0.0,0.0,0.0,3.0517578125e-05,0.0,0.0,0.0,0.0,0.0,0.0,1.2451415559986516e-13,0.0,0.0,0.0,5.684341886080802e-14,0.0,0.0,0.0,5.684341886080802e-14,0.0,0.0,6.984919309616089e-10,2.7755575615628914e-17,0.0,2.9103830456733704e-11,0.0,0.0,2.7755575615628914e-17,0.9029996509863301,0.6561417806412768,0.2163236446788224,0.35139664804469345,0.007626949113377718,0.0,0.0,0.0,636,1.1216419421150763,0.6341731454445094,155,0,0,0.0,0.0,387,0,0,0.4268977346929001,0.580658301775342,194,220.09846281456245,0.7156350609630976,343.0,253.76591068748385,0.6362413030913678,249,db,413.2962962962963,398.0,188.41229481502944,243,0.9143723369387087,0.671803462110104,0.15839832550987273,5,188.0
sym19,1,symmetric,5.967880642938255e-19,242.33682182480067,11584437.233927032,0.5625,469.9962093361546,108,raw,6.228979472140323e-10,-1.3119927504435084e-10,"[2, 5, 11, 17, 22, 25, 29, 38, 44, 52, 55, 60, 65, 74, 78, 84, 89, 95, 98, 101, 105]","[38.0000000002853, 368.00000000108525, 461.00000000123157, 193.0000000003235, 951.0000000019144, 154.00000000012938, 881.0000000024621, 243.00000000049255, 491.00000000175027, 186.000000000382, 321.0000000011088, 943.0000000018247, 810.0000000022405, 205.0000000001439, 478.00000000123055, 276.00000000040325, 347.000000001, 79.00000000049579, 1008.0000000024909, 114.00000000001705, 893.000000002856]",21,6.056788162910419,94638.63870489398,0.8048353377003474,4.365923718229272e-06,1.0,0.4907407407407407,67631.00000000001,0.1291094199048583,0.15147910127184983,188156.12126480308,82872438.25058983,8,12069.579557427794,0.027777777777777776,"[0.0, 0.009259259259259259, 0.018518518518518517, 0.027777777777777776, 0.037037037037037035, 0.046296296296296294, 0.05555555555555555, 0.06481481481481481, 0.07407407407407407, 0.08333333333333333, 0.09259259259259259, 0.10185185185185185, 0.1111111111111111, 0.12037037037037036, 0.12962962962962962, 0.1388888888888889, 0.14814814814814814, 0.15740740740740738, 0.16666666666666666, 0.17592592592592593, 0.18518518518518517, 0.19444444444444442, 0.2037037037037037, 0.21296296296296297, 0.2222222222222222, 0.23148148148148145, 0.24074074074074073]","[67631.00000000001, 1786.6346316368645, 1155.9831840866004, 12069.579557427794, 1906.5778542109047, 950.5914327659589, 9083.877197407062, 2481.22963677985, 778.6316126069094, 8965.162396416112, 2042.6423114867762, 1606.717102160663, 6927.939836321846, 1790.941198922917, 2115.0643759946292, 4469.146453410517, 811.3124818665653, 852.4454942283438, 2613.518509602788, 1125.833636156355, 622.5282936170943, 1595.9028958511042, 1672.083632240052, 807.7671822545145, 3024.6344394182015, 842.7313814764126, 842.8235732292619]",3.0,0.3,145.14999999926843,15,0.5,1721880.1384940837,0.14445541615569318,0.12412575453777208,16430975.452787345,84089526829.6613,"[0.046875, 0.03125]",2,1721880.1384940837,0.046875,"[0.0, 0.015625, 0.03125, 0.046875, 0.0625, 0.078125, 0.09375, 0.109375, 0.125, 0.140625, 0.15625, 0.171875, 0.1875, 0.203125, 0.21875, 0.234375]","[154749.38571183893, 876106.906710428, 1710291.3768966123, 1721880.1384940837, 1236443.3975652603, 1200279.6938632864, 1385236.6101524183, 1437054.0474321186, 1048940.2936530162, 664501.8455384091, 393060.2971530974, 165807.08106986328, 58528.066628810746, 51528.95639411748, 141871.95181184425, 339557.73472590966]",3.0,0.3,flattop,64,32,145.14999999926843,15,21,449.52380952494605,38.0000000002853,1008.0000000024909,"[2, 5, 11, 17, 22, 25, 29, 38, 44, 52, 55, 60, 65, 74, 78, 84, 89, 95, 98, 101, 105]","[38.0000000002853, 368.00000000108525, 461.00000000123157, 193.0000000003235, 951.0000000019144, 154.00000000012938, 881.0000000024621, 243.00000000049255, 491.00000000175027, 186.000000000382, 321.0000000011088, 943.0000000018247, 810.0000000022405, 205.0000000001439, 478.00000000123055, 276.00000000040325, 347.000000001, 79.00000000049579, 1008.0000000024909, 114.00000000001705, 893.000000002856]","[1, 1, 1, 15, 1, 24, 27, 35, 35, 49, 35, 35, 63, 73, 73, 73, 35, 92, 35, 99, 99]","[3, 8, 18, 18, 35, 27, 35, 39, 49, 53, 56, 73, 73, 75, 81, 85, 92, 97, 106, 102, 106]",0.05,30,52684909.00004634,1016.0000000005716,-1016.0000000005716,DWT,uc1.l0082987033,5.574896931648254e-06,0.0,1.1365273167029954e-09,9.268522262573242e-06,0.0,2.4908786144806072e-09,8.194521069526672e-05,5.716174200642854e-10,1.0,84,0.0,9.664290701039135e-09,1.0,84,,0.0,0.0,1.0,84,0.0,0.0,4.634261131286621e-05,0.837646484375,1.4551915228366852e-11,0.0,0.0,0.0,1.1365273167029954e-09,2.3866959963925183e-08,1.1365584452418952e-09,0.0,5.716174200642854e-10,0.0,7.315748007385992e-10,0.0,0.0,0.0,7.315748007385992e-10,2.8529711926239543e-10,1.208477762304483e-13,5.574896931648254e-06,9.908740494779522e-15,7.993605777301127e-15,2.87545844912529e-07,0.0,0.0,5.026534743990396e-14,0.14705907457880651,0.7848248192110416,0.23822517070315952,0.49092178770949735,0.017654812377531803,0.19505158518611435,0.09752579259305717,0.19505158518611435,35,0.8031910797391962,0.4541219388343087,559,0,0,0.19505158518611435,0.19505158518611435,35,0,0,0.33573713291600743,0.45666335892405796,489,283.7669231370469,0.6333760682983891,279.5,65.59876718856599,0.636132478593639,250,sym,445.72514619883043,505.0,280.45746329325993,171,0.986117580085908,1.0,0.009717693939864401,6,189.0
bior3.9,1,smooth,9.920510224565498e-27,320.12968302131156,9970634.568921626,0.5793650793650794,311.16381406327076,108,raw,6.557717332119254e-14,-1.0901413105557433e-10,"[2, 5, 11, 17, 22, 25, 29, 38, 44, 52, 55, 60, 65, 74, 78, 84, 89, 95, 98, 101, 105]","[37.99999999999997, 368.0, 460.9999999999999, 192.9999999999999, 950.9999999999998, 153.99999999999977, 881.0, 242.99999999999991, 491.00000000000006, 186.0, 321.0, 943.0000000000001, 809.9999999999998, 205.00000000000003, 478.0000000000001, 276.0, 346.9999999999999, 79.0, 1008.0, 114.0, 892.9999999999998]",21,5.54855691508337,128269.5209926985,0.9220376166306801,4.365923718251291e-06,1.0,0.4907407407407407,67631.0,0.1291094199047374,0.15147910127183992,188156.12126451553,82872438.25058056,8,12069.57955741813,0.027777777777777776,"[0.0, 0.009259259259259259, 0.018518518518518517, 0.027777777777777776, 0.037037037037037035, 0.046296296296296294, 0.05555555555555555, 0.06481481481481481, 0.07407407407407407, 0.08333333333333333, 0.09259259259259259, 0.10185185185185185, 0.1111111111111111, 0.12037037037037036, 0.12962962962962962, 0.1388888888888889, 0.14814814814814814, 0.15740740740740738, 0.16666666666666666, 0.17592592592592593, 0.18518518518518517, 0.19444444444444442, 0.2037037037037037, 0.21296296296296297, 0.2222222222222222, 0.23148148148148145, 0.24074074074074073]","[67631.0, 1786.6346316370018, 1155.9831840869392, 12069.57955741813, 1906.577854206845, 950.5914327636004, 9083.877197385176, 2481.229636774482, 778.6316126029456, 8965.162396385991, 2042.6423114779166, 1606.7171021541487, 6927.939836298324, 1790.9411989177922, 2115.0643759896493, 4469.1464533967255, 811.3124818658847, 852.445494225057, 2613.518509595828, 1125.8336361545935, 622.5282936168376, 1595.9028958466974, 1672.0836322356406, 807.7671822537561, 3024.634439411759, 842.7313814743649, 842.82357322692]",3.0,0.3,145.15000000000003,15,0.5,1721880.1384885085,0.14445541615564295,0.12412575453778009,16430975.4527054,84089526828.82368,"[0.046875, 0.03125]",2,1721880.1384885085,0.046875,"[0.0, 0.015625, 0.03125, 0.046875, 0.0625, 0.078125, 0.09375, 0.109375, 0.125, 0.140625, 0.15625, 0.171875, 0.1875, 0.203125, 0.21875, 0.234375]","[154749.38571156547, 876106.9067082775, 1710291.376891532, 1721880.1384885085, 1236443.3975593026, 1200279.693855527, 1385236.6101427816, 1437054.047422281, 1048940.2936461226, 664501.8455342909, 393060.2971508254, 165807.08106897448, 58528.06662853254, 51528.95639390747, 141871.9518112762, 339557.7347245398]",3.0,0.3,flattop,64,32,145.15000000000003,15,21,449.5238095238095,37.99999999999997,1008.0,"[2, 5, 11, 17, 22, 25, 29, 38, 44, 52, 55, 60, 65, 74, 78, 84, 89, 95, 98, 101, 105]","[37.99999999999997, 368.0, 460.9999999999999, 192.9999999999999, 950.9999999999998, 153.99999999999977, 881.0, 242.99999999999991, 491.00000000000006, 186.0, 321.0, 943.0000000000001, 809.9999999999998, 205.00000000000003, 478.0000000000001, 276.0, 346.9999999999999, 79.0, 1008.0, 114.0, 892.9999999999998]","[1, 1, 1, 15, 1, 24, 27, 35, 35, 49, 35, 35, 63, 73, 73, 73, 35, 92, 35, 99, 99]","[3, 8, 18, 18, 35, 27, 35, 39, 49, 53, 56, 73, 73, 75, 81, 85, 92, 97, 106, 102, 106]",0.05,30,52684909.0,1016.0,-1016.0,DWT,uc1.l0082987033,2.3283064365386963e-10,0.0,0.0,0.0,0.0,0.0,0.0,0.0,1.0,84,0.0,0.0,1.0,84,,0.0,0.0,1.0,84,0.0,0.0,0.0,3.0517578125e-05,0.0,0.0,0.0,0.0,0.0,0.0,7.985146935208742e-14,0.0,0.0,0.0,2.842170943040401e-14,0.0,0.0,0.0,2.842170943040401e-14,2.842170943040401e-14,5.551115123125783e-17,2.3283064365386963e-10,0.0,1.3877787807814457e-17,0.0,0.0,0.0,2.7755575615628914e-17,0.9457328628618893,0.13360602691439372,0.0816805569054134,0.6791699920191547,0.10869033494317573,0.0,0.0,0.0,478,0.9902271404119691,0.5598715924935985,297,0,0,0.0,0.0,596,0,0,0.3897759547288054,0.5301659520599344,280,151.50220020404544,0.8042607232505873,412.75,373.5408154516223,0.635495994700229,251,bior,385.74074074074076,410.0,199.97417605530825,135,0.8534087184529663,0.7130285416801533,0.18870533457887761,4,189.25
bior3.7,1,zero,8.855146267796881e-27,320.6230657199443,9964998.279345531,0.5819672131147541,293.25866672408205,108,raw,6.601303865678614e-14,-1.1041356717811439e-10,"[2, 5, 11, 17, 22, 25, 29, 38, 44, 52, 55, 60, 65, 74, 78, 84, 89, 95, 98, 101, 105]","[37.99999999999997, 367.9999999999999, 460.9999999999998, 193.0, 950.9999999999999, 154.0, 880.9999999999999, 242.99999999999997, 491.0, 186.0000000000001, 320.9999999999999, 943.0, 810.0, 204.99999999999994, 478.0000000000001, 276.0, 347.0000000000001, 79.0, 1008.0, 114.0, 893.0]",21,5.490357210682674,140980.36342436925,0.926778957449632,4.365923718251291e-06,1.0,0.4907407407407407,67631.0,0.12910941990473743,0.15147910127183992,188156.12126451553,82872438.25058056,8,12069.57955741813,0.027777777777777776,"[0.0, 0.009259259259259259, 0.018518518518518517, 0.027777777777777776, 0.037037037037037035, 0.046296296296296294, 0.05555555555555555, 0.06481481481481481, 0.07407407407407407, 0.08333333333333333, 0.09259259259259259, 0.10185185185185185, 0.1111111111111111, 0.12037037037037036, 0.12962962962962962, 0.1388888888888889, 0.14814814814814814, 0.15740740740740738, 0.16666666666666666, 0.17592592592592593, 0.18518518518518517, 0.19444444444444442, 0.2037037037037037, 0.21296296296296297, 0.2222222222222222, 0.23148148148148145, 0.24074074074074073]","[67631.0, 1786.6346316370011, 1155.9831840869374, 12069.57955741813, 1906.577854206844, 950.5914327636016, 9083.877197385176, 2481.229636774482, 778.6316126029443, 8965.162396385991, 2042.642311477918, 1606.7171021541485, 6927.939836298323, 1790.9411989177936, 2115.064375989649, 4469.146453396725, 811.3124818658846, 852.4454942250571, 2613.5185095958273, 1125.8336361545944, 622.528293616837, 1595.9028958466977, 1672.0836322356404, 807.7671822537561, 3024.6344394117596, 842.7313814743655, 842.8235732269202]",3.0,0.3,145.15000000000003,15,0.5,1721880.138488509,0.14445541615564292,0.12412575453778009,16430975.4527054,84089526828.82367,"[0.046875, 0.03125]",2,1721880.138488509,0.046875,"[0.0, 0.015625, 0.03125, 0.046875, 0.0625, 0.078125, 0.09375, 0.109375, 0.125, 0.140625, 0.15625, 0.171875, 0.1875, 0.203125, 0.21875, 0.234375]","[154749.3857115657, 876106.9067082785, 1710291.3768915327, 1721880.138488509, 1236443.3975593024, 1200279.6938555269, 1385236.6101427814, 1437054.0474222803, 1048940.2936461219, 664501.8455342905, 393060.29715082503, 165807.0810689744, 58528.0666285325, 51528.95639390742, 141871.9518112762, 339557.7347245399]",3.0,0.3,flattop,64,32,145.15000000000003,15,21,449.5238095238095,37.99999999999997,1008.0,"[2, 5, 11, 17, 22, 25, 29, 38, 44, 52, 55, 60, 65, 74, 78, 84, 89, 95, 98, 101, 105]","[37.99999999999997, 367.9999999999999, 460.9999999999998, 193.0, 950.9999999999999, 154.0, 880.9999999999999, 242.99999999999997, 491.0, 186.0000000000001, 320.9999999999999, 943.0, 810.0, 204.99999999999994, 478.0000000000001, 276.0, 347.0000000000001, 79.0, 1008.0, 114.0, 893.0]","[1, 1, 1, 15, 1, 24, 27, 35, 35, 49, 35, 35, 63, 73, 73, 73, 35, 92, 35, 99, 99]","[3, 8, 18, 18, 35, 27, 35, 39, 49, 53, 56, 73, 73, 75, 81, 85, 92, 97, 106, 102, 106]",0.05,30,52684909.0,1016.0,-1016.0,DWT,uc1.l0082987033,2.3283064365386963e-10,0.0,0.0,0.0,0.0,0.0,0.0,0.0,1.0,84,0.0,0.0,1.0,84,,0.0,0.0,1.0,84,0.0,0.0,0.0,1.52587890625e-05,0.0,0.0,0.0,0.0,0.0,0.0,5.413658939124573e-14,0.0,0.0,0.0,2.842170943040401e-14,0.0,0.0,0.0,2.842170943040401e-14,2.842170943040401e-14,2.7755575615628914e-17,2.3283064365386963e-10,0.0,1.3877787807814457e-17,0.0,0.0,0.0,0.0,0.9507982611893133,0.05903221553642782,0.08113381671587538,0.7082150380071434,0.14309734731692833,0.0,0.0,0.0,442,0.9810869269693683,0.5547037419601225,314,0,0,0.0,0.0,615,0,0,0.3884553357531377,0.5283696708680111,288,149.50891835160425,0.8068360228015449,414.75,379.312475948805,0.6354916548116252,252,bior,385.74074074074076,410.0,199.97417605530825,135,0.8534087184529663,0.7130285416801533,0.18870533457887761,4,190.0
db8,1,periodic,8.24412236682972e-27,320.9335788182974,10489470.391923003,0.5409836065573771,311.38378763122086,108,raw,6.019875955745288e-14,-1.0734513278265537e-10,"[2, 5, 11, 17, 22, 25, 29, 38, 44, 52, 55, 60, 65, 74, 78, 84, 89, 95, 98, 101, 105]","[37.999999999999915, 367.99999999999983, 461.0000000000002, 193.0000000000001, 951.0000000000001, 154.0000000000001, 880.9999999999999, 243.00000000000009, 491.00000000000006, 185.9999999999999, 320.9999999999999, 942.9999999999998, 810.0, 205.0, 478.0, 275.9999999999999, 346.9999999999999, 79.00000000000011, 1007.9999999999999, 114.0, 892.9999999999998]",21,5.729004024964216,99309.90653680389,0.8314776817426399,4.365923718251291e-06,1.0,0.4907407407407407,67631.0,0.12910941990473737,0.15147910127183992,188156.12126451556,82872438.25058056,8,12069.579557418134,0.027777777777777776,"[0.0, 0.009259259259259259, 0.018518518518518517, 0.027777777777777776, 0.037037037037037035, 0.046296296296296294, 0.05555555555555555, 0.06481481481481481, 0.07407407407407407, 0.08333333333333333, 0.09259259259259259, 0.10185185185185185, 0.1111111111111111, 0.12037037037037036, 0.12962962962962962, 0.1388888888888889, 0.14814814814814814, 0.15740740740740738, 0.16666666666666666, 0.17592592592592593, 0.18518518518518517, 0.19444444444444442, 0.2037037037037037, 0.21296296296296297, 0.2222222222222222, 0.23148148148148145, 0.24074074074074073]","[67631.0, 1786.6346316370004, 1155.9831840869385, 12069.579557418134, 1906.5778542068429, 950.5914327636008, 9083.877197385176, 2481.2296367744834, 778.6316126029443, 8965.16239638599, 2042.6423114779184, 1606.7171021541496, 6927.939836298322, 1790.941198917794, 2115.0643759896466, 4469.146453396724, 811.3124818658864, 852.4454942250563, 2613.518509595829, 1125.833636154593, 622.5282936168371, 1595.9028958466974, 1672.0836322356427, 807.7671822537565, 3024.6344394117596, 842.7313814743659, 842.8235732269194]",3.0,0.3,145.15000000000006,15,0.5,1721880.1384885083,0.14445541615564295,0.12412575453778009,16430975.452705396,84089526828.82364,"[0.046875, 0.03125]",2,1721880.1384885083,0.046875,"[0.0, 0.015625, 0.03125, 0.046875, 0.0625, 0.078125, 0.09375, 0.109375, 0.125, 0.140625, 0.15625, 0.171875, 0.1875, 0.203125, 0.21875, 0.234375]","[154749.38571156538, 876106.9067082775, 1710291.3768915324, 1721880.1384885083, 1236443.3975593017, 1200279.6938555266, 1385236.610142781, 1437054.0474222803, 1048940.293646122, 664501.8455342904, 393060.29715082503, 165807.08106897457, 58528.066628532644, 51528.956393907516, 141871.95181127609, 339557.7347245399]",3.0,0.3,flattop,64,32,145.15000000000006,15,21,449.5238095238095,37.999999999999915,1007.9999999999999,"[2, 5, 11, 17, 22, 25, 29, 38, 44, 52, 55, 60, 65, 74, 78, 84, 89, 95, 98, 101, 105]","[37.999999999999915, 367.99999999999983, 461.0000000000002, 193.0000000000001, 951.0000000000001, 154.0000000000001, 880.9999999999999, 243.00000000000009, 491.00000000000006, 185.9999999999999, 320.9999999999999, 942.9999999999998, 810.0, 205.0, 478.0, 275.9999999999999, 346.9999999999999, 79.00000000000011, 1007.9999999999999, 114.0, 892.9999999999998]","[1, 1, 1, 15, 1, 24, 27, 35, 35, 49, 35, 35, 63, 73, 73, 73, 35, 92, 35, 99, 99]","[3, 8, 18, 18, 35, 27, 35, 39, 49, 53, 56, 73, 73, 75, 81, 85, 92, 97, 106, 102, 106]",0.05,30,52684909.0,1015.9999999999999,-1015.9999999999999,DWT,uc1.l0082987033,4.656612873077393e-10,0.0,0.0,0.0,0.0,1.1368683772161603e-13,3.725290298461914e-09,1.1368683772161603e-13,1.0,84,0.0,3.637978807091713e-12,1.0,84,,0.0,0.0,1.0,84,0.0,0.0,0.0,1.52587890625e-05,0.0,0.0,0.0,0.0,0.0,0.0,1.0556634931292917e-13,0.0,1.1368683772161603e-13,0.0,5.684341886080802e-14,0.0,0.0,0.0,5.684341886080802e-14,8.526512829121202e-14,8.326672684688674e-17,4.656612873077393e-10,0.0,1.3877787807814457e-17,2.9103830456733704e-11,0.0,0.0,2.7755575615628914e-17,0.9539861973155696,0.3648207534241146,0.13200948205681304,0.2507555636963099,0.030299479397647676,0.0,0.0,0.0,539,0.9332288533673885,0.5276449240508609,395,0,0,0.0,0.0,561,0,0,0.346374295178091,0.47113182777000645,460,76.07178627235373,0.9017160384078117,488.75,479.4221595492248,0.6351280450436991,253,db,413.2962962962963,398.0,188.41229481502944,243,0.9143723369387087,0.671803462110104,0.15839832550987273,5,191.0
bior3.3,1,symmetric,4.4167153400501904e-27,323.644029015612,10037073.058096759,0.5789473684210527,359.0621059721076,108,raw,3.847128377182582e-14,-1.0909084746657594e-10,"[2, 5, 11, 17, 22, 25, 29, 38, 44, 52, 55, 60, 65, 74, 78, 84, 89, 95, 98, 101, 105]","[38.00000000000003, 367.9999999999999, 461.0, 193.0, 951.0, 153.9999999999999, 881.0, 242.99999999999997, 490.9999999999999, 186.0000000000001, 320.9999999999999, 943.0, 810.0, 205.0, 478.0, 275.9999999999999, 347.0, 78.99999999999989, 1008.0, 113.99999999999989, 893.0]",21,5.508190177016883,122626.32513098983,0.9016188465023991,4.365923718251291e-06,1.0,0.4907407407407407,67631.0,0.12910941990473743,0.15147910127183992,188156.12126451553,82872438.25058056,8,12069.57955741813,0.027777777777777776,"[0.0, 0.009259259259259259, 0.018518518518518517, 0.027777777777777776, 0.037037037037037035, 0.046296296296296294, 0.05555555555555555, 0.06481481481481481, 0.07407407407407407, 0.08333333333333333, 0.09259259259259259, 0.10185185185185185, 0.1111111111111111, 0.12037037037037036, 0.12962962962962962, 0.1388888888888889, 0.14814814814814814, 0.15740740740740738, 0.16666666666666666, 0.17592592592592593, 0.18518518518518517, 0.19444444444444442, 0.2037037037037037, 0.21296296296296297, 0.2222222222222222, 0.23148148148148145, 0.24074074074074073]","[67631.0, 1786.634631637001, 1155.9831840869394, 12069.57955741813, 1906.577854206843, 950.5914327636011, 9083.877197385176, 2481.2296367744843, 778.6316126029446, 8965.162396385991, 2042.6423114779172, 1606.717102154149, 6927.939836298324, 1790.9411989177925, 2115.064375989647, 4469.146453396725, 811.3124818658858, 852.4454942250578, 2613.518509595828, 1125.833636154593, 622.5282936168376, 1595.9028958466977, 1672.0836322356427, 807.7671822537562, 3024.6344394117596, 842.7313814743649, 842.8235732269194]",3.0,0.3,145.14999999999998,15,0.5,1721880.1384885083,0.14445541615564295,0.12412575453778009,16430975.452705398,84089526828.82367,"[0.046875, 0.03125]",2,1721880.1384885083,0.046875,"[0.0, 0.015625, 0.03125, 0.046875, 0.0625, 0.078125, 0.09375, 0.109375, 0.125, 0.140625, 0.15625, 0.171875, 0.1875, 0.203125, 0.21875, 0.234375]","[154749.38571156544, 876106.9067082776, 1710291.3768915322, 1721880.1384885083, 1236443.3975593017, 1200279.693855527, 1385236.610142782, 1437054.0474222808, 1048940.293646122, 664501.8455342907, 393060.2971508249, 165807.0810689744, 58528.06662853257, 51528.95639390755, 141871.9518112762, 339557.7347245398]",3.0,0.3,flattop,64,32,145.14999999999998,15,21,449.5238095238095,38.00000000000003,1008.0,"[2, 5, 11, 17, 22, 25, 29, 38, 44, 52, 55, 60, 65, 74, 78, 84, 89, 95, 98, 101, 105]","[38.00000000000003, 367.9999999999999, 461.0, 193.0, 951.0, 153.9999999999999, 881.0, 242.99999999999997, 490.9999999999999, 186.0000000000001, 320.9999999999999, 943.0, 810.0, 205.0, 478.0, 275.9999999999999, 347.0, 78.99999999999989, 1008.0, 113.99999999999989, 893.0]","[1, 1, 1, 15, 1, 24, 27, 35, 35, 49, 35, 35, 63, 73, 73, 73, 35, 92, 35, 99, 99]","[3, 8, 18, 18, 35, 27, 35, 39, 49, 53, 56, 73, 73, 75, 81, 85, 92, 97, 106, 102, 106]",0.05,30,52684909.0,1016.0,-1016.0,DWT,uc1.l0082987033,4.656612873077393e-10,0.0,0.0,0.0,0.0,0.0,1.862645149230957e-09,0.0,1.0,84,0.0,0.0,1.0,84,,0.0,0.0,1.0,84,0.0,0.0,0.0,1.52587890625e-05,0.0,0.0,0.0,0.0,0.0,0.0,4.601610098255887e-14,0.0,0.0,0.0,2.842170943040401e-14,0.0,0.0,0.0,2.842170943040401e-14,2.842170943040401e-14,2.7755575615628914e-17,4.656612873077393e-10,0.0,1.3877787807814457e-17,0.0,0.0,0.0,2.7755575615628914e-17,0.981813500409275,0.08188237055716352,0.0881253272944821,0.6745074977947666,0.0934147534162165,0.0,0.0,0.0,453,0.9812608496557811,0.554802077349488,313,0,0,0.0,0.0,612,0,0,0.38394868989438075,0.5222398155926461,302,145.2882192975971,0.8122891223545257,420.0,386.5616144067089,0.6348267317198986,254,bior,385.74074074074076,410.0,199.97417605530825,135,0.8534087184529663,0.7130285416801533,0.18870533457887761,4,191.5
coif4,1,periodization,2.4550571183173923e-26,316.194407104943,9384769.980372565,0.5740740740740741,416.38712623010616,108,raw,1.2001099702485122e-13,-1.0602096978118491e-10,"[2, 5, 11, 17, 22, 25, 29, 38, 44, 52, 55, 60, 65, 74, 78, 84, 89, 95, 98, 101, 105]","[38.000000000000085, 368.0000000000002, 461.00000000000006, 193.00000000000034, 951.0, 153.99999999999966, 881.0000000000001, 243.00000000000006, 490.99999999999994, 186.0, 320.9999999999999, 942.9999999999998, 810.0000000000002, 204.99999999999994, 478.00000000000017, 276.00000000000045, 347.0000000000002, 79.0, 1007.9999999999998, 114.0, 892.9999999999998]",21,5.613873233993581,95467.34242112482,0.8306578363709614,4.365923718251291e-06,1.0,0.4907407407407407,67631.0,0.12910941990473743,0.15147910127183992,188156.12126451556,82872438.25058056,8,12069.57955741813,0.027777777777777776,"[0.0, 0.009259259259259259, 0.018518518518518517, 0.027777777777777776, 0.037037037037037035, 0.046296296296296294, 0.05555555555555555, 0.06481481481481481, 0.07407407407407407, 0.08333333333333333, 0.09259259259259259, 0.10185185185185185, 0.1111111111111111, 0.12037037037037036, 0.12962962962962962, 0.1388888888888889, 0.14814814814814814, 0.15740740740740738, 0.16666666666666666, 0.17592592592592593, 0.18518518518518517, 0.19444444444444442, 0.2037037037037037, 0.21296296296296297, 0.2222222222222222, 0.23148148148148145, 0.24074074074074073]","[67631.0, 1786.6346316369998, 1155.983184086942, 12069.57955741813, 1906.5778542068424, 950.5914327636008, 9083.877197385176, 2481.2296367744816, 778.6316126029456, 8965.162396385993, 2042.642311477916, 1606.7171021541499, 6927.939836298322, 1790.941198917794, 2115.0643759896466, 4469.146453396727, 811.312481865887, 852.4454942250578, 2613.518509595829, 1125.8336361545937, 622.5282936168379, 1595.9028958466995, 1672.0836322356442, 807.7671822537579, 3024.6344394117596, 842.7313814743648, 842.8235732269214]",3.0,0.3,145.14999999999992,15,0.5,1721880.1384885078,0.14445541615564297,0.12412575453778008,16430975.452705402,84089526828.82368,"[0.046875, 0.03125]",2,1721880.1384885078,0.046875,"[0.0, 0.015625, 0.03125, 0.046875, 0.0625, 0.078125, 0.09375, 0.109375, 0.125, 0.140625, 0.15625, 0.171875, 0.1875, 0.203125, 0.21875, 0.234375]","[154749.38571156535, 876106.9067082774, 1710291.3768915315, 1721880.1384885078, 1236443.3975593026, 1200279.6938555273, 1385236.6101427819, 1437054.0474222812, 1048940.2936461223, 664501.8455342909, 393060.2971508254, 165807.0810689747, 58528.06662853273, 51528.956393907574, 141871.9518112763, 339557.73472454003]",3.0,0.3,flattop,64,32,145.14999999999992,15,21,449.5238095238095,38.000000000000085,1007.9999999999998,"[2, 5, 11, 17, 22, 25, 29, 38, 44, 52, 55, 60, 65, 74, 78, 84, 89, 95, 98, 101, 105]","[38.000000000000085, 368.0000000000002, 461.00000000000006, 193.00000000000034, 951.0, 153.99999999999966, 881.0000000000001, 243.00000000000006, 490.99999999999994, 186.0, 320.9999999999999, 942.9999999999998, 810.0000000000002, 204.99999999999994, 478.00000000000017, 276.00000000000045, 347.0000000000002, 79.0, 1007.9999999999998, 114.0, 892.9999999999998]","[1, 1, 1, 15, 1, 24, 27, 35, 35, 49, 35, 35, 63, 73, 73, 73, 35, 92, 35, 99, 99]","[3, 8, 18, 18, 35, 27, 35, 39, 49, 53, 56, 73, 73, 75, 81, 85, 92, 97, 106, 102, 106]",0.05,30,52684909.0,1015.9999999999998,-1015.9999999999998,DWT,uc1.l0082987033,9.313225746154785e-10,0.0,0.0,0.0,0.0,2.2737367544323206e-13,1.862645149230957e-09,2.2737367544323206e-13,1.0,84,0.0,0.0,1.0,84,,0.0,0.0,1.0,84,0.0,0.0,0.0,3.0517578125e-05,0.0,0.0,0.0,0.0,0.0,0.0,1.529358650302692e-13,0.0,2.2737367544323206e-13,0.0,8.526512829121202e-14,0.0,0.0,0.0,8.526512829121202e-14,8.526512829121202e-14,2.7755575615628914e-17,9.313225746154785e-10,0.0,0.0,2.9103830456733704e-11,0.0,0.0,5.551115123125783e-17,0.9053306758781021,0.2172986658456488,0.02484960245170953,0.6201117318435755,0.019898032618189086,0.0,0.0,0.0,501,0.9202764454602463,0.5203216696724954,420,0,0,0.0,0.0,592,0,0,0.35749774172744503,0.48626173139407486,404,86.3302766511649,0.888462174869296,479.25,468.30746340889834,0.6346380641788341,255,coif,217.80246913580248,181.0,166.32516494453617,81,0.48186386976947454,0.5930495234160287,0.4847804341365592,1,191.5
db13,1,antisymmetric,1.844920685868606e-26,317.4352461083869,10433999.961966325,0.5833333333333334,535.1945547748957,108,raw,9.922926677871958e-14,-1.1260081755892837e-10,"[2, 5, 11, 17, 22, 25, 29, 38, 44, 52, 55, 60, 65, 74, 78, 84, 89, 95, 98, 101, 105]","[38.0, 368.0000000000002, 461.0000000000002, 193.0000000000001, 951.0000000000002, 154.0000000000001, 881.0, 243.00000000000006, 490.9999999999999, 186.0, 320.99999999999966, 943.0, 810.0, 205.00000000000006, 478.0, 275.99999999999966, 347.0000000000001, 79.00000000000057, 1008.0, 114.00000000000023, 893.0]",21,5.939758054420656,297243.75541869365,0.9230911140810248,4.365923718251291e-06,1.0,0.4907407407407407,67631.0,0.1291094199047374,0.15147910127183992,188156.12126451556,82872438.25058056,8,12069.579557418134,0.027777777777777776,"[0.0, 0.009259259259259259, 0.018518518518518517, 0.027777777777777776, 0.037037037037037035, 0.046296296296296294, 0.05555555555555555, 0.06481481481481481, 0.07407407407407407, 0.08333333333333333, 0.09259259259259259, 0.10185185185185185, 0.1111111111111111, 0.12037037037037036, 0.12962962962962962, 0.1388888888888889, 0.14814814814814814, 0.15740740740740738, 0.16666666666666666, 0.17592592592592593, 0.18518518518518517, 0.19444444444444442, 0.2037037037037037, 0.21296296296296297, 0.2222222222222222, 0.23148148148148145, 0.24074074074074073]","[67631.0, 1786.6346316370016, 1155.9831840869394, 12069.579557418134, 1906.5778542068433, 950.5914327636016, 9083.877197385176, 2481.2296367744852, 778.6316126029449, 8965.162396385991, 2042.642311477918, 1606.7171021541499, 6927.939836298326, 1790.9411989177934, 2115.0643759896475, 4469.146453396724, 811.3124818658861, 852.4454942250564, 2613.5185095958277, 1125.8336361545967, 622.5282936168385, 1595.9028958466984, 1672.0836322356436, 807.7671822537558, 3024.63443941176, 842.7313814743658, 842.8235732269205]",3.0,0.3,145.15,15,0.5,1721880.1384885083,0.14445541615564295,0.12412575453778008,16430975.452705402,84089526828.82368,"[0.046875, 0.03125]",2,1721880.1384885083,0.046875,"[0.0, 0.015625, 0.03125, 0.046875, 0.0625, 0.078125, 0.09375, 0.109375, 0.125, 0.140625, 0.15625, 0.171875, 0.1875, 0.203125, 0.21875, 0.234375]","[154749.3857115655, 876106.906708278, 1710291.376891533, 1721880.1384885083, 1236443.3975593017, 1200279.6938555264, 1385236.6101427819, 1437054.0474222812, 1048940.2936461228, 664501.8455342911, 393060.29715082527, 165807.08106897454, 58528.06662853261, 51528.95639390753, 141871.95181127632, 339557.73472454015]",3.0,0.3,flattop,64,32,145.15,15,21,449.5238095238095,38.0,1008.0,"[2, 5, 11, 17, 22, 25, 29, 38, 44, 52, 55, 60, 65, 74, 78, 84, 89, 95, 98, 101, 105]","[38.0, 368.0000000000002, 461.0000000000002, 193.0000000000001, 951.0000000000002, 154.0000000000001, 881.0, 243.00000000000006, 490.9999999999999, 186.0, 320.99999999999966, 943.0, 810.0, 205.00000000000006, 478.0, 275.99999999999966, 347.0000000000001, 79.00000000000057, 1008.0, 114.00000000000023, 893.0]","[1, 1, 1, 15, 1, 24, 27, 35, 35, 49, 35, 35, 63, 73, 73, 73, 35, 92, 35, 99, 99]","[3, 8, 18, 18, 35, 27, 35, 39, 49, 53, 56, 73, 73, 75, 81, 85, 92, 97, 106, 102, 106]",0.05,30,52684909.0,1015.9999999999999,-1015.9999999999999,DWT,uc1.l0082987033,4.656612873077393e-10,0.0,0.0,0.0,0.0,0.0,1.862645149230957e-09,1.1368683772161603e-13,1.0,84,0.0,3.637978807091713e-12,1.0,84,,0.0,0.0,1.0,84,0.0,0.0,0.0,3.0517578125e-05,0.0,0.0,0.0,0.0,0.0,0.0,1.2992781453898974e-13,0.0,1.1368683772161603e-13,0.0,0.0,0.0,0.0,0.0,0.0,0.0,5.551115123125783e-17,4.656612873077393e-10,0.0,0.0,2.9103830456733704e-11,0.0,0.0,2.7755575615628914e-17,0.9180699629063359,0.6348690535258426,0.126628652527241,0.7234636871508384,0.5660871287429704,0.0,0.0,0.0,557,1.447411157127867,0.8183621277003588,32,0,0,0.0,0.0,496,0,0,0.5938236969706456,0.80770786868892,30,287.16008891673414,0.628992133182514,278.75,58.483983015416314,0.6344250071597324,256,db,413.2962962962963,398.0,188.41229481502944,243,0.9143723369387087,0.671803462110104,0.15839832550987273,5,193.25
sym10,1,symmetric,3.3718639668627324e-23,284.81632265879523,10320525.778192887,0.5555555555555556,394.0169485669255,108,raw,4.515351056018822e-12,-1.032438579074223e-10,"[2, 5, 11, 17, 22, 25, 29, 38, 44, 52, 55, 60, 65, 74, 78, 84, 89, 95, 98, 101, 105]","[38.00000000000276, 368.0000000000134, 461.00000000000745, 193.00000000000887, 951.0000000000089, 154.00000000001125, 881.0000000000277, 243.0000000000079, 491.00000000000824, 186.00000000000512, 321.0000000000108, 943.0000000000058, 810.0000000000257, 205.00000000000708, 478.00000000001245, 276.00000000000625, 347.0000000000083, 78.99999999999659, 1008.0000000000143, 114.00000000000887, 893.0000000000284]",21,5.8147447831352155,101644.46105744567,0.8011960837290423,4.365923718251119e-06,1.0,0.4907407407407407,67631.0,0.12910941990473862,0.15147910127183983,188156.12126451786,82872438.25058056,8,12069.579557418157,0.027777777777777776,"[0.0, 0.009259259259259259, 0.018518518518518517, 0.027777777777777776, 0.037037037037037035, 0.046296296296296294, 0.05555555555555555, 0.06481481481481481, 0.07407407407407407, 0.08333333333333333, 0.09259259259259259, 0.10185185185185185, 0.1111111111111111, 0.12037037037037036, 0.12962962962962962, 0.1388888888888889, 0.14814814814814814, 0.15740740740740738, 0.16666666666666666, 0.17592592592592593, 0.18518518518518517, 0.19444444444444442, 0.2037037037037037, 0.21296296296296297, 0.2222222222222222, 0.23148148148148145, 0.24074074074074073]","[67631.0, 1786.6346316369998, 1155.9831840869408, 12069.579557418157, 1906.5778542068506, 950.5914327636041, 9083.87719738524, 2481.229636774505, 778.6316126029542, 8965.162396386115, 2042.6423114779511, 1606.717102154181, 6927.939836298467, 1790.9411989178338, 2115.0643759896993, 4469.1464533968465, 811.3124818659085, 852.4454942250836, 2613.5185095959127, 1125.8336361546292, 622.5282936168556, 1595.9028958467557, 1672.0836322357065, 807.7671822537845, 3024.634439411875, 842.7313814743992, 842.823573226954]",3.0,0.3,145.14999999999424,15,0.5,1721880.1384885232,0.1444554161556445,0.12412575453777987,16430975.452705944,84089526828.82687,"[0.046875, 0.03125]",2,1721880.1384885232,0.046875,"[0.0, 0.015625, 0.03125, 0.046875, 0.0625, 0.078125, 0.09375, 0.109375, 0.125, 0.140625, 0.15625, 0.171875, 0.1875, 0.203125, 0.21875, 0.234375]","[154749.3857115659, 876106.9067082829, 1710291.376891545, 1721880.1384885232, 1236443.397559322, 1200279.6938555585, 1385236.610142828, 1437054.0474223355, 1048940.2936461684, 664501.8455343238, 393060.29715084645, 165807.08106898417, 58528.066628536515, 51528.95639391158, 141871.95181128735, 339557.7347245662]",3.0,0.3,flattop,64,32,145.14999999999424,15,21,449.52380952382026,38.00000000000276,1008.0000000000143,"[2, 5, 11, 17, 22, 25, 29, 38, 44, 52, 55, 60, 65, 74, 78, 84, 89, 95, 98, 101, 105]","[38.00000000000276, 368.0000000000134, 461.00000000000745, 193.00000000000887, 951.0000000000089, 154.00000000001125, 881.0000000000277, 243.0000000000079, 491.00000000000824, 186.00000000000512, 321.0000000000108, 943.0000000000058, 810.0000000000257, 205.00000000000708, 478.00000000001245, 276.00000000000625, 347.0000000000083, 78.99999999999659, 1008.0000000000143, 114.00000000000887, 893.0000000000284]","[1, 1, 1, 15, 1, 24, 27, 35, 35, 49, 35, 35, 63, 73, 73, 73, 35, 92, 35, 99, 99]","[3, 8, 18, 18, 35, 27, 35, 39, 49, 53, 56, 73, 73, 75, 81, 85, 92, 97, 106, 102, 106]",0.05,30,52684909.00000028,1016.0000000000038,-1016.0000000000038,DWT,uc1.l0082987033,1.4435499906539917e-08,0.0,1.0743406164692715e-11,0.0,0.0,1.432454155292362e-11,5.438923835754395e-07,3.751665644813329e-12,1.0,84,0.0,2.7284841053187847e-11,1.0,84,,0.0,0.0,1.0,84,0.0,0.0,2.8312206268310547e-07,0.0032196044921875,0.0,0.0,0.0,0.0,1.0743406164692715e-11,2.255546860396862e-10,1.109529399573581e-11,0.0,3.751665644813329e-12,0.0,5.7696070143720135e-12,0.0,0.0,0.0,5.7696070143720135e-12,2.7569058147491887e-12,1.1657341758564144e-15,1.4435499906539917e-08,8.326672684688674e-17,2.0816681711721685e-16,2.3283064365386963e-09,0.0,0.0,1.582067810090848e-15,0.5831821755116526,0.47468411429664004,0.1156212520190954,0.41340782122905073,0.03661889108973046,0.0011916334786289944,0.0005958167393144972,0.0011916334786289944,209,0.8250726733923717,0.4664937292901877,549,0,0,0.0011916334786289944,0.0011916334786289944,213,0,0,0.3247028508292339,0.441654735131699,532,190.3704721501385,0.7540433176354799,375.75,303.4736147840626,0.6342891006782051,257,sym,445.72514619883043,505.0,280.45746329325993,171,0.986117580085908,1.0,0.009717693939864401,6,194.25
db21,1,symmetric,3.251679538333662e-26,314.97394573027236,11611544.26453307,0.581081081081081,449.6086097002156,108,raw,1.3698507349023134e-13,-1.055145970596534e-10,"[2, 5, 11, 17, 22, 25, 29, 38, 44, 52, 55, 60, 65, 74, 78, 84, 89, 95, 98, 101, 105]","[38.00000000000023, 368.0, 460.99999999999966, 193.00000000000034, 951.0, 154.00000000000034, 881.0000000000002, 243.00000000000009, 491.00000000000034, 185.99999999999955, 320.9999999999991, 943.0, 810.0, 204.99999999999991, 478.0000000000001, 275.9999999999999, 346.9999999999998, 78.99999999999989, 1008.0, 113.99999999999989, 893.0]",21,6.084736483850531,97058.59840216936,0.7805068792412878,4.365923718251291e-06,1.0,0.4907407407407407,67631.0,0.12910941990473743,0.15147910127183992,188156.12126451553,82872438.25058056,8,12069.579557418134,0.027777777777777776,"[0.0, 0.009259259259259259, 0.018518518518518517, 0.027777777777777776, 0.037037037037037035, 0.046296296296296294, 0.05555555555555555, 0.06481481481481481, 0.07407407407407407, 0.08333333333333333, 0.09259259259259259, 0.10185185185185185, 0.1111111111111111, 0.12037037037037036, 0.12962962962962962, 0.1388888888888889, 0.14814814814814814, 0.15740740740740738, 0.16666666666666666, 0.17592592592592593, 0.18518518518518517, 0.19444444444444442, 0.2037037037037037, 0.21296296296296297, 0.2222222222222222, 0.23148148148148145, 0.24074074074074073]","[67631.0, 1786.634631636999, 1155.9831840869376, 12069.579557418134, 1906.577854206841, 950.5914327636021, 9083.877197385174, 2481.2296367744807, 778.6316126029457, 8965.162396385993, 2042.6423114779166, 1606.71710215415, 6927.939836298323, 1790.941198917794, 2115.0643759896507, 4469.146453396726, 811.3124818658857, 852.4454942250583, 2613.518509595828, 1125.8336361545958, 622.5282936168358, 1595.902895846697, 1672.0836322356424, 807.7671822537578, 3024.634439411758, 842.731381474366, 842.8235732269219]",3.0,0.3,145.14999999999984,15,0.5,1721880.1384885083,0.14445541615564297,0.1241257545377801,16430975.4527054,84089526828.82365,"[0.046875, 0.03125]",2,1721880.1384885083,0.046875,"[0.0, 0.015625, 0.03125, 0.046875, 0.0625, 0.078125, 0.09375, 0.109375, 0.125, 0.140625, 0.15625, 0.171875, 0.1875, 0.203125, 0.21875, 0.234375]","[154749.38571156544, 876106.9067082775, 1710291.3768915317, 1721880.1384885083, 1236443.3975593022, 1200279.6938555269, 1385236.6101427816, 1437054.0474222808, 1048940.2936461223, 664501.8455342909, 393060.2971508254, 165807.0810689746, 58528.06662853264, 51528.95639390745, 141871.95181127614, 339557.7347245399]",3.0,0.3,flattop,64,32,145.14999999999984,15,21,449.5238095238095,38.00000000000023,1008.0,"[2, 5, 11, 17, 22, 25, 29, 38, 44, 52, 55, 60, 65, 74, 78, 84, 89, 95, 98, 101, 105]","[38.00000000000023, 368.0, 460.99999999999966, 193.00000000000034, 951.0, 154.00000000000034, 881.0000000000002, 243.00000000000009, 491.00000000000034, 185.99999999999955, 320.9999999999991, 943.0, 810.0, 204.99999999999991, 478.0000000000001, 275.9999999999999, 346.9999999999998, 78.99999999999989, 1008.0, 113.99999999999989, 893.0]","[1, 1, 1, 15, 1, 24, 27, 35, 35, 49, 35, 35, 63, 73, 73, 73, 35, 92, 35, 99, 99]","[3, 8, 18, 18, 35, 27, 35, 39, 49, 53, 56, 73, 73, 75, 81, 85, 92, 97, 106, 102, 106]",0.05,30,52684909.0,1016.0,-1016.0,DWT,uc1.l0082987033,4.656612873077393e-10,0.0,0.0,0.0,0.0,0.0,0.0,0.0,1.0,84,0.0,3.637978807091713e-12,1.0,84,,0.0,0.0,1.0,84,0.0,0.0,0.0,0.0,0.0,0.0,0.0,0.0,0.0,0.0,1.9218489233892239e-13,0.0,0.0,0.0,1.7053025658242404e-13,0.0,0.0,0.0,1.7053025658242404e-13,2.2737367544323206e-13,2.7755575615628914e-17,4.656612873077393e-10,0.0,2.7755575615628914e-17,0.0,0.0,0.0,5.551115123125783e-17,0.8928005992802109,0.8206362178354962,0.24085464934354325,0.6983240223463683,0.024205407563943224,0.0,0.0,0.0,586,1.3554375651217707,0.7663605218845593,56,0,0,0.0,0.0,465,0,0,0.5353641792739124,0.7281923278233544,56,275.5302463735455,0.6440177695432229,290.75,101.08334050967483,0.6341858873555908,258,db,413.2962962962963,398.0,188.41229481502944,243,0.9143723369387087,0.671803462110104,0.15839832550987273,5,194.75
db22,1,antireflect,3.0792601093890924e-26,315.2105593526967,11184099.668407202,0.5866666666666667,492.52066024122064,108,raw,1.308089439236128e-13,-1.0949430251372468e-10,"[2, 5, 11, 17, 22, 25, 29, 38, 44, 52, 55, 60, 65, 74, 78, 84, 89, 95, 98, 101, 105]","[37.99999999999997, 368.00000000000034, 460.99999999999966, 192.99999999999966, 950.9999999999999, 153.99999999999977, 880.9999999999998, 243.0, 490.9999999999996, 185.99999999999977, 321.0000000000002, 942.9999999999993, 810.0000000000003, 204.99999999999994, 477.9999999999999, 275.99999999999966, 347.00000000000034, 79.00000000000045, 1008.0000000000003, 113.99999999999932, 892.9999999999997]",21,6.092280135864302,358420.1672688671,0.9378710600700597,4.365923718251291e-06,1.0,0.4907407407407407,67631.0,0.1291094199047374,0.15147910127183992,188156.12126451553,82872438.25058056,8,12069.57955741813,0.027777777777777776,"[0.0, 0.009259259259259259, 0.018518518518518517, 0.027777777777777776, 0.037037037037037035, 0.046296296296296294, 0.05555555555555555, 0.06481481481481481, 0.07407407407407407, 0.08333333333333333, 0.09259259259259259, 0.10185185185185185, 0.1111111111111111, 0.12037037037037036, 0.12962962962962962, 0.1388888888888889, 0.14814814814814814, 0.15740740740740738, 0.16666666666666666, 0.17592592592592593, 0.18518518518518517, 0.19444444444444442, 0.2037037037037037, 0.21296296296296297, 0.2222222222222222, 0.23148148148148145, 0.24074074074074073]","[67631.0, 1786.6346316370013, 1155.983184086937, 12069.57955741813, 1906.5778542068447, 950.5914327636016, 9083.877197385176, 2481.2296367744816, 778.6316126029465, 8965.162396385993, 2042.642311477918, 1606.71710215415, 6927.939836298325, 1790.9411989177931, 2115.0643759896466, 4469.146453396723, 811.3124818658868, 852.445494225056, 2613.5185095958263, 1125.833636154593, 622.5282936168377, 1595.9028958466988, 1672.0836322356447, 807.7671822537568, 3024.634439411758, 842.731381474366, 842.8235732269188]",3.0,0.3,145.15000000000003,15,0.5,1721880.1384885083,0.14445541615564292,0.12412575453778006,16430975.4527054,84089526828.82368,"[0.046875, 0.03125]",2,1721880.1384885083,0.046875,"[0.0, 0.015625, 0.03125, 0.046875, 0.0625, 0.078125, 0.09375, 0.109375, 0.125, 0.140625, 0.15625, 0.171875, 0.1875, 0.203125, 0.21875, 0.234375]","[154749.38571156567, 876106.9067082782, 1710291.376891532, 1721880.1384885083, 1236443.3975593024, 1200279.6938555273, 1385236.6101427819, 1437054.047422281, 1048940.2936461226, 664501.8455342907, 393060.29715082503, 165807.0810689744, 58528.06662853266, 51528.956393907625, 141871.95181127626, 339557.7347245398]",3.0,0.3,flattop,64,32,145.15000000000003,15,21,449.52380952380946,37.99999999999997,1008.0000000000003,"[2, 5, 11, 17, 22, 25, 29, 38, 44, 52, 55, 60, 65, 74, 78, 84, 89, 95, 98, 101, 105]","[37.99999999999997, 368.00000000000034, 460.99999999999966, 192.99999999999966, 950.9999999999999, 153.99999999999977, 880.9999999999998, 243.0, 490.9999999999996, 185.99999999999977, 321.0000000000002, 942.9999999999993, 810.0000000000003, 204.99999999999994, 477.9999999999999, 275.99999999999966, 347.00000000000034, 79.00000000000045, 1008.0000000000003, 113.99999999999932, 892.9999999999997]","[1, 1, 1, 15, 1, 24, 27, 35, 35, 49, 35, 35, 63, 73, 73, 73, 35, 92, 35, 99, 99]","[3, 8, 18, 18, 35, 27, 35, 39, 49, 53, 56, 73, 73, 75, 81, 85, 92, 97, 106, 102, 106]",0.05,30,52684909.0,1016.0000000000002,-1016.0000000000002,DWT,uc1.l0082987033,4.656612873077393e-10,0.0,5.684341886080802e-14,0.0,0.0,3.410605131648481e-13,0.0,2.2737367544323206e-13,1.0,84,0.0,0.0,1.0,84,,0.0,0.0,1.0,84,0.0,0.0,0.0,3.0517578125e-05,0.0,0.0,0.0,0.0,5.684341886080802e-14,1.8189894035458565e-12,2.9369099744750814e-13,0.0,2.2737367544323206e-13,0.0,2.842170943040401e-14,0.0,0.0,0.0,2.842170943040401e-14,2.842170943040401e-14,5.551115123125783e-17,4.656612873077393e-10,0.0,1.3877787807814457e-17,0.0,0.0,0.0,0.0,0.8952298337276193,0.8303022271076885,0.19939099912690814,0.7606703910614525,0.731685716785103,0.0,0.0,0.0,571,1.6489269564924922,0.9322985841945273,9,0,0,0.0,0.0,480,0,0,0.6834558335617543,0.9296238218268045,9,300.50665550033995,0.611748507105504,267.25,17.6946624845997,0.633232134689703,259,db,413.2962962962963,398.0,188.41229481502944,243,0.9143723369387087,0.671803462110104,0.15839832550987273,5,195.5
db22,1,antisymmetric,2.991854321090604e-26,315.3356186807473,11648638.451557484,0.58,462.06965152160933,108,raw,1.315326448581834e-13,-1.1118428400180918e-10,"[2, 5, 11, 17, 22, 25, 29, 38, 44, 52, 55, 60, 65, 74, 78, 84, 89, 95, 98, 101, 105]","[37.999999999999886, 367.9999999999999, 460.9999999999999, 192.99999999999983, 950.9999999999999, 153.99999999999966, 880.9999999999998, 243.0, 490.9999999999996, 185.99999999999977, 321.0000000000002, 942.9999999999993, 810.0000000000003, 205.0, 477.9999999999998, 276.0, 347.0, 79.00000000000011, 1008.0, 113.99999999999955, 893.0]",21,6.089803562127036,386183.9824624947,0.9465300180149839,4.365923718251291e-06,0.9999999999999998,0.4907407407407407,67631.0,0.12910941990473743,0.15147910127183992,188156.12126451553,82872438.25058056,8,12069.57955741813,0.027777777777777776,"[0.0, 0.009259259259259259, 0.018518518518518517, 0.027777777777777776, 0.037037037037037035, 0.046296296296296294, 0.05555555555555555, 0.06481481481481481, 0.07407407407407407, 0.08333333333333333, 0.09259259259259259, 0.10185185185185185, 0.1111111111111111, 0.12037037037037036, 0.12962962962962962, 0.1388888888888889, 0.14814814814814814, 0.15740740740740738, 0.16666666666666666, 0.17592592592592593, 0.18518518518518517, 0.19444444444444442, 0.2037037037037037, 0.21296296296296297, 0.2222222222222222, 0.23148148148148145, 0.24074074074074073]","[67631.0, 1786.6346316370023, 1155.9831840869383, 12069.57955741813, 1906.5778542068429, 950.5914327636011, 9083.877197385176, 2481.2296367744816, 778.631612602945, 8965.162396385991, 2042.6423114779177, 1606.717102154151, 6927.939836298325, 1790.9411989177916, 2115.0643759896484, 4469.146453396724, 811.3124818658871, 852.4454942250554, 2613.518509595826, 1125.8336361545926, 622.5282936168369, 1595.9028958466984, 1672.0836322356424, 807.7671822537576, 3024.6344394117596, 842.7313814743657, 842.8235732269195]",3.0,0.3,145.15000000000006,15,0.5,1721880.1384885083,0.14445541615564292,0.12412575453778006,16430975.4527054,84089526828.82365,"[0.046875, 0.03125]",2,1721880.1384885083,0.046875,"[0.0, 0.015625, 0.03125, 0.046875, 0.0625, 0.078125, 0.09375, 0.109375, 0.125, 0.140625, 0.15625, 0.171875, 0.1875, 0.203125, 0.21875, 0.234375]","[154749.38571156556, 876106.9067082779, 1710291.376891532, 1721880.1384885083, 1236443.3975593022, 1200279.6938555273, 1385236.610142782, 1437054.0474222812, 1048940.2936461223, 664501.8455342907, 393060.29715082503, 165807.0810689743, 58528.06662853257, 51528.95639390763, 141871.95181127635, 339557.7347245399]",3.0,0.3,flattop,64,32,145.15000000000006,15,21,449.52380952380946,37.999999999999886,1008.0,"[2, 5, 11, 17, 22, 25, 29, 38, 44, 52, 55, 60, 65, 74, 78, 84, 89, 95, 98, 101, 105]","[37.999999999999886, 367.9999999999999, 460.9999999999999, 192.99999999999983, 950.9999999999999, 153.99999999999966, 880.9999999999998, 243.0, 490.9999999999996, 185.99999999999977, 321.0000000000002, 942.9999999999993, 810.0000000000003, 205.0, 477.9999999999998, 276.0, 347.0, 79.00000000000011, 1008.0, 113.99999999999955, 893.0]","[1, 1, 1, 15, 1, 24, 27, 35, 35, 49, 35, 35, 63, 73, 73, 73, 35, 92, 35, 99, 99]","[3, 8, 18, 18, 35, 27, 35, 39, 49, 53, 56, 73, 73, 75, 81, 85, 92, 97, 106, 102, 106]",0.05,30,52684909.0,1016.0000000000002,-1016.0000000000002,DWT,uc1.l0082987033,4.656612873077393e-10,0.0,5.684341886080802e-14,0.0,0.0,0.0,0.0,2.2737367544323206e-13,1.0,84,0.0,0.0,1.0,84,,0.0,0.0,1.0,84,0.0,0.0,0.0,0.0,0.0,0.0,0.0,0.0,5.684341886080802e-14,1.8189894035458565e-12,1.840644039302355e-13,0.0,2.2737367544323206e-13,0.0,5.684341886080802e-14,0.0,0.0,0.0,5.684341886080802e-14,1.1368683772161603e-13,2.7755575615628914e-17,4.656612873077393e-10,0.0,1.3877787807814457e-17,0.0,0.0,0.0,0.0,0.8965137768267426,0.8271288855134613,0.2444529177736295,0.6862569832402231,0.8068396602034829,0.0,0.0,0.0,572,1.6709378251170734,0.9447434663494284,8,0,0,0.0,0.0,479,0,0,0.692238444711508,0.9415697649905407,7,301.4680745949727,0.6105063635723867,266.5,14.722495103961066,0.6330955590471753,260,db,413.2962962962963,398.0,188.41229481502944,243,0.9143723369387087,0.671803462110104,0.15839832550987273,5,196.25
db14,1,reflect,2.107661036327161e-26,316.85701544247536,10916792.004862908,0.5597014925373134,487.4009047296659,108,raw,1.0635114188483351e-13,-1.160754825590977e-10,"[2, 5, 11, 17, 22, 25, 29, 38, 44, 52, 55, 60, 65, 74, 78, 84, 89, 95, 98, 101, 105]","[37.99999999999994, 367.99999999999994, 460.99999999999994, 192.99999999999966, 951.0000000000002, 154.0000000000001, 881.0, 243.0, 491.00000000000006, 186.0000000000001, 320.9999999999999, 943.0, 810.0, 204.99999999999994, 478.0000000000003, 275.9999999999999, 347.0000000000001, 79.0, 1008.0000000000001, 113.99999999999955, 893.0000000000003]",21,5.956986290586093,93507.46751014909,0.754035200651573,4.365923718251291e-06,0.9999999999999998,0.4907407407407407,67631.0,0.1291094199047374,0.15147910127183992,188156.12126451556,82872438.25058058,8,12069.57955741813,0.027777777777777776,"[0.0, 0.009259259259259259, 0.018518518518518517, 0.027777777777777776, 0.037037037037037035, 0.046296296296296294, 0.05555555555555555, 0.06481481481481481, 0.07407407407407407, 0.08333333333333333, 0.09259259259259259, 0.10185185185185185, 0.1111111111111111, 0.12037037037037036, 0.12962962962962962, 0.1388888888888889, 0.14814814814814814, 0.15740740740740738, 0.16666666666666666, 0.17592592592592593, 0.18518518518518517, 0.19444444444444442, 0.2037037037037037, 0.21296296296296297, 0.2222222222222222, 0.23148148148148145, 0.24074074074074073]","[67631.0, 1786.6346316370007, 1155.9831840869394, 12069.57955741813, 1906.5778542068417, 950.5914327636002, 9083.877197385178, 2481.2296367744843, 778.6316126029438, 8965.162396385993, 2042.642311477918, 1606.7171021541496, 6927.939836298324, 1790.9411989177959, 2115.064375989646, 4469.1464533967255, 811.3124818658844, 852.4454942250583, 2613.518509595829, 1125.833636154596, 622.5282936168369, 1595.9028958466988, 1672.0836322356415, 807.7671822537566, 3024.634439411758, 842.731381474365, 842.8235732269185]",3.0,0.3,145.15,15,0.5,1721880.1384885088,0.14445541615564295,0.12412575453778009,16430975.452705404,84089526828.82368,"[0.046875, 0.03125]",2,1721880.1384885088,0.046875,"[0.0, 0.015625, 0.03125, 0.046875, 0.0625, 0.078125, 0.09375, 0.109375, 0.125, 0.140625, 0.15625, 0.171875, 0.1875, 0.203125, 0.21875, 0.234375]","[154749.38571156535, 876106.9067082778, 1710291.3768915327, 1721880.1384885088, 1236443.3975593026, 1200279.6938555273, 1385236.6101427816, 1437054.0474222808, 1048940.293646122, 664501.8455342907, 393060.2971508251, 165807.08106897463, 58528.06662853264, 51528.956393907494, 141871.95181127614, 339557.7347245398]",3.0,0.3,flattop,64,32,145.15,15,21,449.5238095238095,37.99999999999994,1008.0000000000001,"[2, 5, 11, 17, 22, 25, 29, 38, 44, 52, 55, 60, 65, 74, 78, 84, 89, 95, 98, 101, 105]","[37.99999999999994, 367.99999999999994, 460.99999999999994, 192.99999999999966, 951.0000000000002, 154.0000000000001, 881.0, 243.0, 491.00000000000006, 186.0000000000001, 320.9999999999999, 943.0, 810.0, 204.99999999999994, 478.0000000000003, 275.9999999999999, 347.0000000000001, 79.0, 1008.0000000000001, 113.99999999999955, 893.0000000000003]","[1, 1, 1, 15, 1, 24, 27, 35, 35, 49, 35, 35, 63, 73, 73, 73, 35, 92, 35, 99, 99]","[3, 8, 18, 18, 35, 27, 35, 39, 49, 53, 56, 73, 73, 75, 81, 85, 92, 97, 106, 102, 106]",0.05,30,52684909.0,1016.0000000000001,-1016.0000000000001,DWT,uc1.l0082987033,0.0,0.0,0.0,1.4901161193847656e-08,0.0,1.1368683772161603e-13,3.725290298461914e-09,1.1368683772161603e-13,1.0,84,0.0,0.0,1.0,84,,0.0,0.0,1.0,84,0.0,0.0,0.0,3.0517578125e-05,0.0,0.0,0.0,0.0,0.0,0.0,1.2451415559986514e-13,0.0,1.1368683772161603e-13,0.0,0.0,0.0,0.0,0.0,0.0,5.684341886080802e-14,5.551115123125783e-17,0.0,0.0,1.3877787807814457e-17,2.9103830456733704e-11,0.0,0.0,2.7755575615628914e-17,0.9121334583306986,0.6569443414917551,0.17346120246581567,0.45968481614274953,0.014592842134124082,0.0,0.0,0.0,645,1.152193910287954,0.6514471408509032,140,0,0,0.0,0.0,383,0,0,0.4433633321130286,0.6030544989408436,167,234.26960963812613,0.6973260857388551,333.75,231.31770173102944,0.6330622676756291,261,db,413.2962962962963,398.0,188.41229481502944,243,0.9143723369387087,0.671803462110104,0.15839832550987273,5,197.0
db10,1,zero,1.3327191435227156e-26,318.8476367509883,9430265.731145727,0.5952380952380952,277.8839842844161,108,raw,8.309402548750061e-14,-1.1183665105107883e-10,"[2, 5, 11, 17, 22, 25, 29, 38, 44, 52, 55, 60, 65, 74, 78, 84, 89, 95, 98, 101, 105]","[37.99999999999997, 368.00000000000017, 461.0, 193.0, 950.9999999999999, 154.0, 881.0000000000002, 243.0, 491.0000000000003, 185.99999999999977, 320.9999999999998, 942.9999999999998, 810.0000000000002, 205.0000000000001, 478.00000000000006, 275.9999999999999, 347.00000000000045, 78.99999999999989, 1007.9999999999998, 113.99999999999977, 892.9999999999999]",21,5.586789439665034,129872.728898967,0.890677767969283,4.365923718251291e-06,1.0,0.4907407407407407,67631.0,0.1291094199047374,0.15147910127183992,188156.12126451553,82872438.25058056,8,12069.57955741813,0.027777777777777776,"[0.0, 0.009259259259259259, 0.018518518518518517, 0.027777777777777776, 0.037037037037037035, 0.046296296296296294, 0.05555555555555555, 0.06481481481481481, 0.07407407407407407, 0.08333333333333333, 0.09259259259259259, 0.10185185185185185, 0.1111111111111111, 0.12037037037037036, 0.12962962962962962, 0.1388888888888889, 0.14814814814814814, 0.15740740740740738, 0.16666666666666666, 0.17592592592592593, 0.18518518518518517, 0.19444444444444442, 0.2037037037037037, 0.21296296296296297, 0.2222222222222222, 0.23148148148148145, 0.24074074074074073]","[67631.0, 1786.6346316370018, 1155.9831840869401, 12069.57955741813, 1906.5778542068438, 950.5914327636009, 9083.877197385176, 2481.229636774484, 778.6316126029467, 8965.16239638599, 2042.642311477916, 1606.7171021541494, 6927.939836298322, 1790.941198917794, 2115.064375989648, 4469.1464533967255, 811.3124818658853, 852.4454942250571, 2613.518509595829, 1125.8336361545946, 622.5282936168383, 1595.9028958466972, 1672.0836322356445, 807.7671822537558, 3024.6344394117586, 842.731381474365, 842.8235732269198]",3.0,0.3,145.15,15,0.5,1721880.1384885088,0.14445541615564295,0.12412575453778009,16430975.452705402,84089526828.82372,"[0.046875, 0.03125]",2,1721880.1384885088,0.046875,"[0.0, 0.015625, 0.03125, 0.046875, 0.0625, 0.078125, 0.09375, 0.109375, 0.125, 0.140625, 0.15625, 0.171875, 0.1875, 0.203125, 0.21875, 0.234375]","[154749.38571156547, 876106.9067082779, 1710291.3768915324, 1721880.1384885088, 1236443.3975593029, 1200279.6938555273, 1385236.6101427814, 1437054.047422281, 1048940.2936461223, 664501.8455342907, 393060.29715082515, 165807.0810689745, 58528.06662853267, 51528.956393907516, 141871.9518112762, 339557.7347245398]",3.0,0.3,flattop,64,32,145.15,15,21,449.5238095238095,37.99999999999997,1007.9999999999998,"[2, 5, 11, 17, 22, 25, 29, 38, 44, 52, 55, 60, 65, 74, 78, 84, 89, 95, 98, 101, 105]","[37.99999999999997, 368.00000000000017, 461.0, 193.0, 950.9999999999999, 154.0, 881.0000000000002, 243.0, 491.0000000000003, 185.99999999999977, 320.9999999999998, 942.9999999999998, 810.0000000000002, 205.0000000000001, 478.00000000000006, 275.9999999999999, 347.00000000000045, 78.99999999999989, 1007.9999999999998, 113.99999999999977, 892.9999999999999]","[1, 1, 1, 15, 1, 24, 27, 35, 35, 49, 35, 35, 63, 73, 73, 73, 35, 92, 35, 99, 99]","[3, 8, 18, 18, 35, 27, 35, 39, 49, 53, 56, 73, 73, 75, 81, 85, 92, 97, 106, 102, 106]",0.05,30,52684909.0,1015.9999999999998,-1015.9999999999998,DWT,uc1.l0082987033,0.0,0.0,0.0,0.0,0.0,2.2737367544323206e-13,1.862645149230957e-09,2.2737367544323206e-13,1.0,84,0.0,0.0,1.0,84,,0.0,0.0,1.0,84,0.0,0.0,0.0,6.103515625e-05,0.0,0.0,0.0,0.0,0.0,0.0,1.5022903556070692e-13,0.0,2.2737367544323206e-13,0.0,0.0,0.0,0.0,0.0,0.0,2.842170943040401e-14,5.551115123125783e-17,0.0,0.0,1.3877787807814457e-17,0.0,0.0,0.0,2.7755575615628914e-17,0.9325705143414158,0.18259502275235898,0.02926285252785762,0.8563447725458898,0.11303006258634407,0.0,0.0,0.0,633,1.0532211802978513,0.595488242441045,226,0,0,0.0,0.0,413,0,0,0.4227606449507733,0.5750311098070274,203,199.69706223844824,0.7419934596402478,368.75,299.5811823809815,0.6327861355048784,262,db,413.2962962962963,398.0,188.41229481502944,243,0.9143723369387087,0.671803462110104,0.15839832550987273,5,197.75
rbio3.7,1,periodization,7.50189190622844e-27,321.3433150901415,9233736.742217524,0.5555555555555556,512.5427409306603,108,raw,5.26985862355408e-14,-1.1153433732147345e-10,"[2, 5, 11, 17, 22, 25, 29, 38, 44, 52, 55, 60, 65, 74, 78, 84, 89, 95, 98, 101, 105]","[38.0, 368.0, 460.99999999999994, 192.9999999999999, 951.0, 154.0, 880.9999999999999, 242.9999999999999, 491.0, 186.0000000000001, 320.9999999999999, 943.0000000000002, 810.0000000000001, 205.0, 478.0, 275.9999999999999, 347.0000000000002, 78.99999999999989, 1008.0, 114.00000000000023, 892.9999999999999]",21,5.762204575028691,100298.55631572053,0.6278051540207569,4.365923718251292e-06,1.0,0.4907407407407407,67631.0,0.1291094199047374,0.15147910127183992,188156.12126451553,82872438.25058056,8,12069.57955741813,0.027777777777777776,"[0.0, 0.009259259259259259, 0.018518518518518517, 0.027777777777777776, 0.037037037037037035, 0.046296296296296294, 0.05555555555555555, 0.06481481481481481, 0.07407407407407407, 0.08333333333333333, 0.09259259259259259, 0.10185185185185185, 0.1111111111111111, 0.12037037037037036, 0.12962962962962962, 0.1388888888888889, 0.14814814814814814, 0.15740740740740738, 0.16666666666666666, 0.17592592592592593, 0.18518518518518517, 0.19444444444444442, 0.2037037037037037, 0.21296296296296297, 0.2222222222222222, 0.23148148148148145, 0.24074074074074073]","[67631.0, 1786.6346316370004, 1155.9831840869388, 12069.57955741813, 1906.5778542068435, 950.5914327636024, 9083.877197385176, 2481.229636774485, 778.6316126029457, 8965.162396385991, 2042.6423114779168, 1606.7171021541492, 6927.939836298324, 1790.9411989177931, 2115.064375989649, 4469.146453396725, 811.3124818658856, 852.4454942250562, 2613.518509595828, 1125.833636154594, 622.5282936168365, 1595.9028958466974, 1672.0836322356427, 807.7671822537558, 3024.634439411759, 842.731381474365, 842.8235732269188]",3.0,0.3,145.15,15,0.5,1721880.1384885088,0.14445541615564295,0.12412575453778009,16430975.4527054,84089526828.82368,"[0.046875, 0.03125]",2,1721880.1384885088,0.046875,"[0.0, 0.015625, 0.03125, 0.046875, 0.0625, 0.078125, 0.09375, 0.109375, 0.125, 0.140625, 0.15625, 0.171875, 0.1875, 0.203125, 0.21875, 0.234375]","[154749.3857115655, 876106.9067082781, 1710291.3768915324, 1721880.1384885088, 1236443.3975593026, 1200279.6938555269, 1385236.6101427812, 1437054.0474222805, 1048940.293646122, 664501.8455342908, 393060.29715082527, 165807.0810689747, 58528.0666285327, 51528.956393907545, 141871.95181127635, 339557.7347245399]",3.0,0.3,flattop,64,32,145.15,15,21,449.5238095238095,38.0,1008.0,"[2, 5, 11, 17, 22, 25, 29, 38, 44, 52, 55, 60, 65, 74, 78, 84, 89, 95, 98, 101, 105]","[38.0, 368.0, 460.99999999999994, 192.9999999999999, 951.0, 154.0, 880.9999999999999, 242.9999999999999, 491.0, 186.0000000000001, 320.9999999999999, 943.0000000000002, 810.0000000000001, 205.0, 478.0, 275.9999999999999, 347.0000000000002, 78.99999999999989, 1008.0, 114.00000000000023, 892.9999999999999]","[1, 1, 1, 15, 1, 24, 27, 35, 35, 49, 35, 35, 63, 73, 73, 73, 35, 92, 35, 99, 99]","[3, 8, 18, 18, 35, 27, 35, 39, 49, 53, 56, 73, 73, 75, 81, 85, 92, 97, 106, 102, 106]",0.05,30,52684909.0,1016.0,-1016.0,DWT,uc1.l0082987033,0.0,0.0,0.0,0.0,0.0,0.0,0.0,0.0,1.0,84,0.0,0.0,1.0,84,,0.0,0.0,1.0,84,0.0,0.0,0.0,3.0517578125e-05,0.0,0.0,0.0,0.0,0.0,0.0,8.39117135564309e-14,0.0,0.0,0.0,0.0,0.0,0.0,0.0,0.0,0.0,5.551115123125783e-17,0.0,0.0,1.3877787807814457e-17,0.0,0.0,0.0,2.7755575615628914e-17,0.9581928252168634,0.40736206155700055,0.010198839721977208,0.41340782122905073,0.032975658050585444,0.0,0.0,0.0,434,0.9622495374814615,0.5440531358308774,348,0,0,0.0,0.0,622,0,0,0.3644274411550955,0.49568737874347507,380,122.58330500792783,0.8416236369406618,446.0,424.76342418548006,0.6326981233798916,263,rbio,366.5925925925926,360.0,210.3588723315502,135,0.8110455588331695,0.7500562468954116,0.20725123474815782,3,198.0
db20,1,periodic,2.6941352937531375e-26,315.790829099008,11817851.985496445,0.5821917808219178,456.95403299231447,108,raw,1.259239626152622e-13,-1.105645575094634e-10,"[2, 5, 11, 17, 22, 25, 29, 38, 44, 52, 55, 60, 65, 74, 78, 84, 89, 95, 98, 101, 105]","[37.999999999999886, 368.00000000000006, 460.99999999999983, 193.00000000000006, 950.9999999999997, 153.99999999999977, 881.0000000000002, 243.0, 491.00000000000006, 186.0000000000001, 320.99999999999966, 943.0000000000003, 810.0000000000001, 205.00000000000006, 478.0, 275.9999999999998, 347.0, 78.99999999999989, 1007.9999999999995, 114.00000000000045, 893.0000000000002]",21,6.060764953189086,100159.55043425356,0.788937103597809,4.3659237182512925e-06,1.0,0.4907407407407407,67631.0,0.1291094199047374,0.15147910127183992,188156.12126451553,82872438.25058056,8,12069.57955741813,0.027777777777777776,"[0.0, 0.009259259259259259, 0.018518518518518517, 0.027777777777777776, 0.037037037037037035, 0.046296296296296294, 0.05555555555555555, 0.06481481481481481, 0.07407407407407407, 0.08333333333333333, 0.09259259259259259, 0.10185185185185185, 0.1111111111111111, 0.12037037037037036, 0.12962962962962962, 0.1388888888888889, 0.14814814814814814, 0.15740740740740738, 0.16666666666666666, 0.17592592592592593, 0.18518518518518517, 0.19444444444444442, 0.2037037037037037, 0.21296296296296297, 0.2222222222222222, 0.23148148148148145, 0.24074074074074073]","[67631.0, 1786.6346316369998, 1155.9831840869385, 12069.57955741813, 1906.5778542068415, 950.5914327636024, 9083.87719738518, 2481.229636774482, 778.6316126029452, 8965.162396385991, 2042.6423114779166, 1606.7171021541512, 6927.939836298324, 1790.9411989177945, 2115.0643759896484, 4469.146453396726, 811.3124818658877, 852.4454942250545, 2613.5185095958286, 1125.8336361545946, 622.528293616838, 1595.902895846695, 1672.0836322356422, 807.7671822537559, 3024.63443941176, 842.7313814743648, 842.8235732269194]",3.0,0.3,145.15000000000015,15,0.5,1721880.1384885092,0.14445541615564295,0.12412575453778008,16430975.452705402,84089526828.82372,"[0.046875, 0.03125]",2,1721880.1384885092,0.046875,"[0.0, 0.015625, 0.03125, 0.046875, 0.0625, 0.078125, 0.09375, 0.109375, 0.125, 0.140625, 0.15625, 0.171875, 0.1875, 0.203125, 0.21875, 0.234375]","[154749.38571156544, 876106.906708278, 1710291.3768915324, 1721880.1384885092, 1236443.3975593033, 1200279.693855527, 1385236.6101427814, 1437054.0474222805, 1048940.2936461223, 664501.8455342912, 393060.29715082573, 165807.08106897486, 58528.06662853269, 51528.95639390746, 141871.9518112761, 339557.7347245398]",3.0,0.3,flattop,64,32,145.15000000000015,15,21,449.5238095238095,37.999999999999886,1007.9999999999995,"[2, 5, 11, 17, 22, 25, 29, 38, 44, 52, 55, 60, 65, 74, 78, 84, 89, 95, 98, 101, 105]","[37.999999999999886, 368.00000000000006, 460.99999999999983, 193.00000000000006, 950.9999999999997, 153.99999999999977, 881.0000000000002, 243.0, 491.00000000000006, 186.0000000000001, 320.99999999999966, 943.0000000000003, 810.0000000000001, 205.00000000000006, 478.0, 275.9999999999998, 347.0, 78.99999999999989, 1007.9999999999995, 114.00000000000045, 893.0000000000002]","[1, 1, 1, 15, 1, 24, 27, 35, 35, 49, 35, 35, 63, 73, 73, 73, 35, 92, 35, 99, 99]","[3, 8, 18, 18, 35, 27, 35, 39, 49, 53, 56, 73, 73, 75, 81, 85, 92, 97, 106, 102, 106]",0.05,30,52684909.0,1015.9999999999998,-1015.9999999999998,DWT,uc1.l0082987033,4.656612873077393e-10,0.0,0.0,0.0,0.0,4.547473508864641e-13,1.862645149230957e-09,2.2737367544323206e-13,1.0,84,0.0,0.0,1.0,84,,0.0,0.0,1.0,84,0.0,0.0,0.0,6.103515625e-05,0.0,0.0,0.0,0.0,0.0,0.0,1.7594391552154865e-13,0.0,2.2737367544323206e-13,0.0,1.4210854715202004e-13,0.0,0.0,0.0,1.4210854715202004e-13,1.1368683772161603e-13,5.551115123125783e-17,4.656612873077393e-10,0.0,0.0,0.0,0.0,0.0,2.7755575615628914e-17,0.901187272872862,0.7899204534790303,0.26086723403065326,0.7107216652636412,0.032599382669203814,0.0,0.0,0.0,594,1.363434626651697,0.7708820375967689,52,0,0,0.0,0.0,461,0,0,0.5390592016630782,0.7332182280592934,54,279.2828613908606,0.6391694297275703,290.25,96.1492540336875,0.6320847148637851,264,db,413.2962962962963,398.0,188.41229481502944,243,0.9143723369387087,0.671803462110104,0.15839832550987273,5,199.25
db18,1,antisymmetric,2.5214682501355403e-26,316.0784880720866,11266170.217384206,0.5563380281690141,444.9518067039642,108,raw,1.142460611710569e-13,-1.074831335046162e-10,"[2, 5, 11, 17, 22, 25, 29, 38, 44, 52, 55, 60, 65, 74, 78, 84, 89, 95, 98, 101, 105]","[38.000000000000114, 367.99999999999966, 460.99999999999983, 193.0000000000001, 951.0, 154.00000000000034, 881.0000000000002, 243.0000000000001, 490.9999999999999, 186.0, 320.9999999999998, 942.9999999999997, 810.0, 205.0000000000001, 478.00000000000006, 275.9999999999999, 346.99999999999955, 78.99999999999977, 1008.0000000000002, 113.99999999999977, 893.0000000000002]",21,6.011339286100489,364792.6794068279,0.9448848070725057,4.365923718251291e-06,1.0,0.4907407407407407,67631.0,0.1291094199047374,0.15147910127183992,188156.12126451553,82872438.25058056,8,12069.579557418134,0.027777777777777776,"[0.0, 0.009259259259259259, 0.018518518518518517, 0.027777777777777776, 0.037037037037037035, 0.046296296296296294, 0.05555555555555555, 0.06481481481481481, 0.07407407407407407, 0.08333333333333333, 0.09259259259259259, 0.10185185185185185, 0.1111111111111111, 0.12037037037037036, 0.12962962962962962, 0.1388888888888889, 0.14814814814814814, 0.15740740740740738, 0.16666666666666666, 0.17592592592592593, 0.18518518518518517, 0.19444444444444442, 0.2037037037037037, 0.21296296296296297, 0.2222222222222222, 0.23148148148148145, 0.24074074074074073]","[67631.0, 1786.6346316369988, 1155.9831840869374, 12069.579557418134, 1906.5778542068422, 950.5914327636027, 9083.877197385178, 2481.2296367744834, 778.6316126029454, 8965.162396385991, 2042.6423114779159, 1606.7171021541474, 6927.939836298325, 1790.941198917792, 2115.0643759896484, 4469.146453396725, 811.312481865886, 852.4454942250569, 2613.518509595828, 1125.833636154593, 622.5282936168386, 1595.9028958466995, 1672.0836322356406, 807.7671822537567, 3024.634439411759, 842.7313814743635, 842.82357322692]",3.0,0.3,145.14999999999995,15,0.5,1721880.1384885088,0.14445541615564297,0.12412575453778009,16430975.4527054,84089526828.82368,"[0.046875, 0.03125]",2,1721880.1384885088,0.046875,"[0.0, 0.015625, 0.03125, 0.046875, 0.0625, 0.078125, 0.09375, 0.109375, 0.125, 0.140625, 0.15625, 0.171875, 0.1875, 0.203125, 0.21875, 0.234375]","[154749.3857115655, 876106.9067082778, 1710291.3768915324, 1721880.1384885088, 1236443.3975593029, 1200279.6938555269, 1385236.6101427819, 1437054.047422281, 1048940.2936461226, 664501.8455342909, 393060.29715082503, 165807.08106897442, 58528.06662853243, 51528.95639390735, 141871.95181127609, 339557.7347245398]",3.0,0.3,flattop,64,32,145.14999999999995,15,21,449.5238095238095,38.000000000000114,1008.0000000000002,"[2, 5, 11, 17, 22, 25, 29, 38, 44, 52, 55, 60, 65, 74, 78, 84, 89, 95, 98, 101, 105]","[38.000000000000114, 367.99999999999966, 460.99999999999983, 193.0000000000001, 951.0, 154.00000000000034, 881.0000000000002, 243.0000000000001, 490.9999999999999, 186.0, 320.9999999999998, 942.9999999999997, 810.0, 205.0000000000001, 478.00000000000006, 275.9999999999999, 346.99999999999955, 78.99999999999977, 1008.0000000000002, 113.99999999999977, 893.0000000000002]","[1, 1, 1, 15, 1, 24, 27, 35, 35, 49, 35, 35, 63, 73, 73, 73, 35, 92, 35, 99, 99]","[3, 8, 18, 18, 35, 27, 35, 39, 49, 53, 56, 73, 73, 75, 81, 85, 92, 97, 106, 102, 106]",0.05,30,52684909.0,1016.0000000000002,-1016.0000000000002,DWT,uc1.l0082987033,0.0,0.0,0.0,0.0,0.0,2.2737367544323206e-13,0.0,2.2737367544323206e-13,1.0,84,0.0,3.637978807091713e-12,1.0,84,,0.0,0.0,1.0,84,0.0,0.0,0.0,3.0517578125e-05,0.0,0.0,0.0,0.0,0.0,0.0,1.7865074499111093e-13,0.0,2.2737367544323206e-13,0.0,5.684341886080802e-14,0.0,0.0,0.0,5.684341886080802e-14,1.1368683772161603e-13,5.551115123125783e-17,0.0,0.0,1.3877787807814457e-17,0.0,0.0,0.0,5.551115123125783e-17,0.904140573191537,0.726589197544831,0.2073521350652548,0.4221417892831857,0.7489354864334461,0.0,0.0,0.0,566,1.477885920506618,0.8355924717370093,28,0,0,0.0,0.0,493,0,0,0.6018318363036509,0.8186003897954754,26,291.646332624522,0.6231959526814961,278.25,51.3011207017815,0.6318499143252442,265,db,413.2962962962963,398.0,188.41229481502944,243,0.9143723369387087,0.671803462110104,0.15839832550987273,5,200.0
db17,1,constant,2.745048960917513e-26,315.70952216214954,9454347.055686923,0.6,206.13641117899002,108,raw,1.1980540016843909e-13,-1.003986893621806e-10,"[2, 5, 11, 17, 22, 25, 29, 38, 44, 52, 55, 60, 65, 74, 78, 84, 89, 95, 98, 101, 105]","[38.00000000000006, 367.9999999999999, 461.0000000000002, 192.99999999999983, 950.9999999999998, 154.0, 880.9999999999998, 243.0, 491.0000000000001, 186.0, 321.0, 943.0000000000001, 810.0000000000002, 205.0, 478.0000000000001, 276.00000000000034, 346.9999999999999, 78.99999999999977, 1008.0000000000001, 114.00000000000011, 892.9999999999998]",21,5.579135186123838,133646.60546590187,0.9046230485740834,4.3659237182512925e-06,0.9999999999999997,0.4907407407407407,67631.0,0.12910941990473743,0.15147910127183992,188156.12126451553,82872438.25058056,8,12069.57955741813,0.027777777777777776,"[0.0, 0.009259259259259259, 0.018518518518518517, 0.027777777777777776, 0.037037037037037035, 0.046296296296296294, 0.05555555555555555, 0.06481481481481481, 0.07407407407407407, 0.08333333333333333, 0.09259259259259259, 0.10185185185185185, 0.1111111111111111, 0.12037037037037036, 0.12962962962962962, 0.1388888888888889, 0.14814814814814814, 0.15740740740740738, 0.16666666666666666, 0.17592592592592593, 0.18518518518518517, 0.19444444444444442, 0.2037037037037037, 0.21296296296296297, 0.2222222222222222, 0.23148148148148145, 0.24074074074074073]","[67631.0, 1786.6346316369995, 1155.983184086937, 12069.57955741813, 1906.5778542068429, 950.5914327635988, 9083.877197385176, 2481.229636774485, 778.6316126029443, 8965.162396385991, 2042.6423114779172, 1606.7171021541487, 6927.939836298322, 1790.9411989177909, 2115.0643759896498, 4469.146453396725, 811.3124818658864, 852.4454942250567, 2613.5185095958313, 1125.8336361545937, 622.5282936168379, 1595.9028958466974, 1672.0836322356442, 807.767182253758, 3024.6344394117596, 842.7313814743642, 842.8235732269179]",3.0,0.3,145.1499999999999,15,0.5,1721880.138488508,0.14445541615564292,0.12412575453778006,16430975.4527054,84089526828.82368,"[0.046875, 0.03125]",2,1721880.138488508,0.046875,"[0.0, 0.015625, 0.03125, 0.046875, 0.0625, 0.078125, 0.09375, 0.109375, 0.125, 0.140625, 0.15625, 0.171875, 0.1875, 0.203125, 0.21875, 0.234375]","[154749.3857115655, 876106.9067082775, 1710291.3768915315, 1721880.138488508, 1236443.3975593022, 1200279.6938555273, 1385236.610142782, 1437054.0474222815, 1048940.2936461226, 664501.8455342911, 393060.2971508254, 165807.08106897463, 58528.06662853274, 51528.95639390757, 141871.95181127623, 339557.7347245398]",3.0,0.3,flattop,64,32,145.1499999999999,15,21,449.5238095238095,38.00000000000006,1008.0000000000001,"[2, 5, 11, 17, 22, 25, 29, 38, 44, 52, 55, 60, 65, 74, 78, 84, 89, 95, 98, 101, 105]","[38.00000000000006, 367.9999999999999, 461.0000000000002, 192.99999999999983, 950.9999999999998, 154.0, 880.9999999999998, 243.0, 491.0000000000001, 186.0, 321.0, 943.0000000000001, 810.0000000000002, 205.0, 478.0000000000001, 276.00000000000034, 346.9999999999999, 78.99999999999977, 1008.0000000000001, 114.00000000000011, 892.9999999999998]","[1, 1, 1, 15, 1, 24, 27, 35, 35, 49, 35, 35, 63, 73, 73, 73, 35, 92, 35, 99, 99]","[3, 8, 18, 18, 35, 27, 35, 39, 49, 53, 56, 73, 73, 75, 81, 85, 92, 97, 106, 102, 106]",0.05,30,52684909.0,1016.0,-1016.0,DWT,uc1.l0082987033,6.984919309616089e-10,0.0,0.0,0.0,0.0,1.1368683772161603e-13,0.0,0.0,1.0,84,0.0,0.0,1.0,84,,0.0,0.0,1.0,84,0.0,0.0,0.0,3.0517578125e-05,0.0,0.0,0.0,0.0,0.0,0.0,1.2992781453898974e-13,0.0,0.0,0.0,1.1368683772161603e-13,0.0,0.0,0.0,1.1368683772161603e-13,5.684341886080802e-14,2.7755575615628914e-17,6.984919309616089e-10,0.0,1.3877787807814457e-17,0.0,0.0,0.0,0.0,0.9003525212224449,0.1727872949348714,0.03159882688939898,0.9094972067039103,0.12324557886180429,0.0,0.0,0.0,641,1.055501687871888,0.5967776348996666,221,0,0,0.0,0.0,403,0,0,0.427496285722486,0.5814724396732983,193,206.50988676897128,0.7331913607636029,364.5,290.95805631980477,0.6311305641027317,266,db,413.2962962962963,398.0,188.41229481502944,243,0.9143723369387087,0.671803462110104,0.15839832550987273,5,200.75
bior2.6,1,smooth,1.412201262284317e-26,318.59605715832566,9597202.511724975,0.55,273.93125715282537,108,raw,8.510065080608234e-14,-1.182028919188844e-10,"[2, 5, 11, 17, 22, 25, 29, 38, 44, 52, 55, 60, 65, 74, 78, 84, 89, 95, 98, 101, 105]","[38.00000000000006, 368.0, 461.0000000000002, 192.9999999999999, 951.0000000000003, 154.0000000000001, 881.0, 243.00000000000003, 491.00000000000006, 186.0, 321.0, 943.0000000000001, 810.0, 205.0, 478.00000000000017, 276.0, 346.9999999999999, 79.0, 1008.0000000000001, 114.00000000000011, 893.0000000000003]",21,5.578056179517013,114638.60466614197,0.8711839882365239,4.36592371825129e-06,1.0,0.4907407407407407,67631.0,0.12910941990473743,0.15147910127183992,188156.12126451553,82872438.25058056,8,12069.579557418134,0.027777777777777776,"[0.0, 0.009259259259259259, 0.018518518518518517, 0.027777777777777776, 0.037037037037037035, 0.046296296296296294, 0.05555555555555555, 0.06481481481481481, 0.07407407407407407, 0.08333333333333333, 0.09259259259259259, 0.10185185185185185, 0.1111111111111111, 0.12037037037037036, 0.12962962962962962, 0.1388888888888889, 0.14814814814814814, 0.15740740740740738, 0.16666666666666666, 0.17592592592592593, 0.18518518518518517, 0.19444444444444442, 0.2037037037037037, 0.21296296296296297, 0.2222222222222222, 0.23148148148148145, 0.24074074074074073]","[67631.0, 1786.6346316370004, 1155.9831840869383, 12069.579557418134, 1906.5778542068426, 950.5914327636003, 9083.877197385176, 2481.229636774485, 778.6316126029432, 8965.16239638599, 2042.642311477918, 1606.7171021541487, 6927.939836298325, 1790.9411989177938, 2115.0643759896493, 4469.146453396723, 811.312481865886, 852.4454942250582, 2613.518509595827, 1125.8336361545944, 622.5282936168385, 1595.9028958466981, 1672.083632235643, 807.767182253757, 3024.6344394117596, 842.7313814743654, 842.8235732269195]",3.0,0.3,145.14999999999998,15,0.5,1721880.1384885088,0.14445541615564295,0.12412575453778009,16430975.452705404,84089526828.82372,"[0.046875, 0.03125]",2,1721880.1384885088,0.046875,"[0.0, 0.015625, 0.03125, 0.046875, 0.0625, 0.078125, 0.09375, 0.109375, 0.125, 0.140625, 0.15625, 0.171875, 0.1875, 0.203125, 0.21875, 0.234375]","[154749.38571156538, 876106.9067082778, 1710291.3768915331, 1721880.1384885088, 1236443.3975593024, 1200279.6938555273, 1385236.6101427819, 1437054.047422281, 1048940.2936461223, 664501.8455342909, 393060.29715082515, 165807.08106897448, 58528.06662853261, 51528.95639390756, 141871.95181127614, 339557.7347245398]",3.0,0.3,flattop,64,32,145.14999999999998,15,21,449.52380952380963,38.00000000000006,1008.0000000000001,"[2, 5, 11, 17, 22, 25, 29, 38, 44, 52, 55, 60, 65, 74, 78, 84, 89, 95, 98, 101, 105]","[38.00000000000006, 368.0, 461.0000000000002, 192.9999999999999, 951.0000000000003, 154.0000000000001, 881.0, 243.00000000000003, 491.00000000000006, 186.0, 321.0, 943.0000000000001, 810.0, 205.0, 478.00000000000017, 276.0, 346.9999999999999, 79.0, 1008.0000000000001, 114.00000000000011, 893.0000000000003]","[1, 1, 1, 15, 1, 24, 27, 35, 35, 49, 35, 35, 63, 73, 73, 73, 35, 92, 35, 99, 99]","[3, 8, 18, 18, 35, 27, 35, 39, 49, 53, 56, 73, 73, 75, 81, 85, 92, 97, 106, 102, 106]",0.05,30,52684909.00000001,1016.0000000000001,-1016.0000000000001,DWT,uc1.l0082987033,0.0,0.0,1.1368683772161603e-13,0.0,0.0,1.1368683772161603e-13,3.725290298461914e-09,1.1368683772161603e-13,1.0,84,0.0,3.637978807091713e-12,1.0,84,,0.0,0.0,1.0,84,0.0,0.0,7.450580596923828e-09,6.103515625e-05,0.0,0.0,0.0,0.0,1.1368683772161603e-13,1.8189894035458565e-12,9.067878723033658e-14,0.0,1.1368683772161603e-13,0.0,2.842170943040401e-14,0.0,0.0,0.0,2.842170943040401e-14,5.684341886080802e-14,2.7755575615628914e-17,0.0,0.0,1.3877787807814457e-17,0.0,0.0,0.0,2.7755575615628914e-17,0.92998762918671,0.1714047168616399,0.04545631558942097,0.35139664804469345,0.07179277215498137,3.135877575339459e-05,1.5679387876697293e-05,3.135877575339459e-05,349,0.8356988618174263,0.4725017458278855,540,0,0,3.135877575339459e-05,3.135877575339459e-05,293,0,0,0.31400761636748914,0.42710727756762146,562,135.04320296359484,0.825525577566415,436.0,403.6526496528987,0.6311090420131816,267,bior,385.74074074074076,410.0,199.97417605530825,135,0.8534087184529663,0.7130285416801533,0.18870533457887761,4,201.25
db8,1,antisymmetric,8.872406252232411e-27,320.6146089198776,10092522.312101196,0.5491803278688525,332.32590310135436,108,raw,6.03303415455566e-14,-1.0699752195364522e-10,"[2, 5, 11, 17, 22, 25, 29, 38, 44, 52, 55, 60, 65, 74, 78, 84, 89, 95, 98, 101, 105]","[37.99999999999994, 367.9999999999999, 461.0000000000002, 193.0000000000001, 951.0000000000001, 154.0000000000001, 880.9999999999999, 243.00000000000009, 491.00000000000006, 185.9999999999999, 320.9999999999999, 942.9999999999998, 810.0, 205.0, 478.0, 275.9999999999999, 346.9999999999999, 79.0, 1007.9999999999998, 113.99999999999977, 892.9999999999999]",21,5.743638602535371,223931.74678360153,0.9104417257471658,4.3659237182512925e-06,1.0,0.4907407407407407,67631.0,0.1291094199047374,0.15147910127183992,188156.12126451556,82872438.25058056,8,12069.579557418134,0.027777777777777776,"[0.0, 0.009259259259259259, 0.018518518518518517, 0.027777777777777776, 0.037037037037037035, 0.046296296296296294, 0.05555555555555555, 0.06481481481481481, 0.07407407407407407, 0.08333333333333333, 0.09259259259259259, 0.10185185185185185, 0.1111111111111111, 0.12037037037037036, 0.12962962962962962, 0.1388888888888889, 0.14814814814814814, 0.15740740740740738, 0.16666666666666666, 0.17592592592592593, 0.18518518518518517, 0.19444444444444442, 0.2037037037037037, 0.21296296296296297, 0.2222222222222222, 0.23148148148148145, 0.24074074074074073]","[67631.0, 1786.6346316370002, 1155.983184086938, 12069.579557418134, 1906.5778542068429, 950.5914327636011, 9083.877197385176, 2481.2296367744834, 778.6316126029438, 8965.16239638599, 2042.6423114779182, 1606.7171021541496, 6927.939836298322, 1790.941198917794, 2115.0643759896466, 4469.146453396724, 811.3124818658865, 852.4454942250564, 2613.518509595829, 1125.8336361545935, 622.528293616837, 1595.902895846698, 1672.0836322356422, 807.7671822537567, 3024.6344394117596, 842.7313814743654, 842.8235732269193]",3.0,0.3,145.15,15,0.5,1721880.1384885083,0.14445541615564295,0.12412575453778009,16430975.452705396,84089526828.82364,"[0.046875, 0.03125]",2,1721880.1384885083,0.046875,"[0.0, 0.015625, 0.03125, 0.046875, 0.0625, 0.078125, 0.09375, 0.109375, 0.125, 0.140625, 0.15625, 0.171875, 0.1875, 0.203125, 0.21875, 0.234375]","[154749.38571156538, 876106.9067082775, 1710291.3768915324, 1721880.1384885083, 1236443.3975593017, 1200279.6938555266, 1385236.610142781, 1437054.0474222803, 1048940.293646122, 664501.8455342904, 393060.29715082503, 165807.08106897457, 58528.066628532644, 51528.956393907516, 141871.95181127609, 339557.7347245399]",3.0,0.3,flattop,64,32,145.15,15,21,449.5238095238095,37.99999999999994,1007.9999999999998,"[2, 5, 11, 17, 22, 25, 29, 38, 44, 52, 55, 60, 65, 74, 78, 84, 89, 95, 98, 101, 105]","[37.99999999999994, 367.9999999999999, 461.0000000000002, 193.0000000000001, 951.0000000000001, 154.0000000000001, 880.9999999999999, 243.00000000000009, 491.00000000000006, 185.9999999999999, 320.9999999999999, 942.9999999999998, 810.0, 205.0, 478.0, 275.9999999999999, 346.9999999999999, 79.0, 1007.9999999999998, 113.99999999999977, 892.9999999999999]","[1, 1, 1, 15, 1, 24, 27, 35, 35, 49, 35, 35, 63, 73, 73, 73, 35, 92, 35, 99, 99]","[3, 8, 18, 18, 35, 27, 35, 39, 49, 53, 56, 73, 73, 75, 81, 85, 92, 97, 106, 102, 106]",0.05,30,52684909.0,1015.9999999999998,-1015.9999999999998,DWT,uc1.l0082987033,4.656612873077393e-10,0.0,0.0,0.0,0.0,2.2737367544323206e-13,3.725290298461914e-09,2.2737367544323206e-13,1.0,84,0.0,3.637978807091713e-12,1.0,84,,0.0,0.0,1.0,84,0.0,0.0,0.0,1.52587890625e-05,0.0,0.0,0.0,0.0,0.0,0.0,1.0691976404771034e-13,0.0,2.2737367544323206e-13,0.0,0.0,0.0,0.0,0.0,0.0,5.684341886080802e-14,5.551115123125783e-17,4.656612873077393e-10,0.0,1.3877787807814457e-17,2.9103830456733704e-11,0.0,0.0,2.7755575615628914e-17,0.9507114379970287,0.3835726738784468,0.09350410268116713,0.3422474585584768,0.3676386622615309,0.0,0.0,0.0,646,1.0929196994060273,0.6179336715811565,174,0,0,0.0,0.0,394,0,0,0.4275348670753301,0.5815249173067033,192,220.214289575707,0.7154854139848748,351.5,265.9305982112415,0.6306755235299051,268,db,413.2962962962963,398.0,188.41229481502944,243,0.9143723369387087,0.671803462110104,0.15839832550987273,5,202.25
db15,1,antisymmetric,2.4059439531265076e-26,316.2821680502414,10956018.693315672,0.5514705882352942,452.27349004920643,108,raw,1.148052846204976e-13,-1.054840659264762e-10,"[2, 5, 11, 17, 22, 25, 29, 38, 44, 52, 55, 60, 65, 74, 78, 84, 89, 95, 98, 101, 105]","[38.0, 367.99999999999943, 460.9999999999999, 193.00000000000006, 950.9999999999998, 154.00000000000045, 881.0000000000001, 242.99999999999991, 490.99999999999994, 185.99999999999977, 321.0, 943.0000000000002, 810.0, 205.0, 478.0, 275.9999999999999, 346.9999999999999, 78.99999999999966, 1008.0000000000001, 114.0, 892.9999999999995]",21,5.939151912717831,335677.09993469896,0.9411877783574808,4.365923718251292e-06,1.0,0.4907407407407407,67631.0,0.12910941990473737,0.15147910127183992,188156.12126451556,82872438.25058056,8,12069.579557418136,0.027777777777777776,"[0.0, 0.009259259259259259, 0.018518518518518517, 0.027777777777777776, 0.037037037037037035, 0.046296296296296294, 0.05555555555555555, 0.06481481481481481, 0.07407407407407407, 0.08333333333333333, 0.09259259259259259, 0.10185185185185185, 0.1111111111111111, 0.12037037037037036, 0.12962962962962962, 0.1388888888888889, 0.14814814814814814, 0.15740740740740738, 0.16666666666666666, 0.17592592592592593, 0.18518518518518517, 0.19444444444444442, 0.2037037037037037, 0.21296296296296297, 0.2222222222222222, 0.23148148148148145, 0.24074074074074073]","[67631.0, 1786.634631637, 1155.9831840869388, 12069.579557418136, 1906.5778542068447, 950.5914327635998, 9083.877197385176, 2481.229636774483, 778.6316126029468, 8965.16239638599, 2042.6423114779163, 1606.717102154145, 6927.939836298318, 1790.9411989177922, 2115.0643759896493, 4469.1464533967255, 811.3124818658858, 852.4454942250586, 2613.518509595829, 1125.833636154592, 622.5282936168375, 1595.9028958466968, 1672.083632235642, 807.7671822537577, 3024.6344394117586, 842.7313814743663, 842.8235732269189]",3.0,0.3,145.15000000000003,15,0.5,1721880.1384885088,0.14445541615564295,0.12412575453778009,16430975.452705398,84089526828.82367,"[0.046875, 0.03125]",2,1721880.1384885088,0.046875,"[0.0, 0.015625, 0.03125, 0.046875, 0.0625, 0.078125, 0.09375, 0.109375, 0.125, 0.140625, 0.15625, 0.171875, 0.1875, 0.203125, 0.21875, 0.234375]","[154749.38571156558, 876106.906708278, 1710291.3768915327, 1721880.1384885088, 1236443.3975593026, 1200279.6938555266, 1385236.610142781, 1437054.04742228, 1048940.2936461216, 664501.8455342907, 393060.29715082515, 165807.0810689746, 58528.0666285327, 51528.95639390758, 141871.9518112762, 339557.73472453974]",3.0,0.3,flattop,64,32,145.15000000000003,15,21,449.5238095238095,38.0,1008.0000000000001,"[2, 5, 11, 17, 22, 25, 29, 38, 44, 52, 55, 60, 65, 74, 78, 84, 89, 95, 98, 101, 105]","[38.0, 367.99999999999943, 460.9999999999999, 193.00000000000006, 950.9999999999998, 154.00000000000045, 881.0000000000001, 242.99999999999991, 490.99999999999994, 185.99999999999977, 321.0, 943.0000000000002, 810.0, 205.0, 478.0, 275.9999999999999, 346.9999999999999, 78.99999999999966, 1008.0000000000001, 114.0, 892.9999999999995]","[1, 1, 1, 15, 1, 24, 27, 35, 35, 49, 35, 35, 63, 73, 73, 73, 35, 92, 35, 99, 99]","[3, 8, 18, 18, 35, 27, 35, 39, 49, 53, 56, 73, 73, 75, 81, 85, 92, 97, 106, 102, 106]",0.05,30,52684909.0,1016.0000000000002,-1016.0000000000002,DWT,uc1.l0082987033,0.0,0.0,0.0,0.0,0.0,1.1368683772161603e-13,1.862645149230957e-09,2.2737367544323206e-13,1.0,84,0.0,5.4569682106375694e-12,1.0,84,,0.0,0.0,1.0,84,0.0,0.0,0.0,1.52587890625e-05,0.0,0.0,0.0,0.0,0.0,0.0,1.5564269449983145e-13,0.0,2.2737367544323206e-13,0.0,2.842170943040401e-14,0.0,0.0,0.0,2.842170943040401e-14,0.0,8.326672684688674e-17,0.0,0.0,1.3877787807814457e-17,2.9103830456733704e-11,0.0,0.0,2.7755575615628914e-17,0.9062316887161272,0.634092377811073,0.17726633113957568,0.3678113703581998,0.6701224487806112,0.0,0.0,0.0,599,1.3645918953605252,0.7715363540141972,51,0,0,0.0,0.0,460,0,0,0.5511048433611174,0.7496024842493837,49,282.5967385987791,0.6348879346269004,289.75,91.20058346167858,0.630266964729471,269,db,413.2962962962963,398.0,188.41229481502944,243,0.9143723369387087,0.671803462110104,0.15839832550987273,5,203.0
db19,1,symmetric,2.520661858987981e-26,316.07987721207724,11590250.387700045,0.5625,456.9075417549706,108,raw,1.224370399305136e-13,-1.0661327376482245e-10,"[2, 5, 11, 17, 22, 25, 29, 38, 44, 52, 55, 60, 65, 74, 78, 84, 89, 95, 98, 101, 105]","[38.000000000000114, 368.00000000000006, 460.99999999999943, 193.0000000000001, 950.9999999999998, 153.99999999999977, 881.0, 242.99999999999997, 490.99999999999943, 186.00000000000023, 321.00000000000045, 943.0000000000002, 810.0, 204.99999999999994, 478.0000000000002, 276.0000000000001, 346.9999999999999, 79.00000000000023, 1007.9999999999997, 114.00000000000011, 893.0]",21,6.026177290251341,95852.99013738385,0.7875154448023056,4.365923718251292e-06,1.0,0.4907407407407407,67631.0,0.1291094199047374,0.15147910127183992,188156.12126451553,82872438.25058056,8,12069.579557418132,0.027777777777777776,"[0.0, 0.009259259259259259, 0.018518518518518517, 0.027777777777777776, 0.037037037037037035, 0.046296296296296294, 0.05555555555555555, 0.06481481481481481, 0.07407407407407407, 0.08333333333333333, 0.09259259259259259, 0.10185185185185185, 0.1111111111111111, 0.12037037037037036, 0.12962962962962962, 0.1388888888888889, 0.14814814814814814, 0.15740740740740738, 0.16666666666666666, 0.17592592592592593, 0.18518518518518517, 0.19444444444444442, 0.2037037037037037, 0.21296296296296297, 0.2222222222222222, 0.23148148148148145, 0.24074074074074073]","[67631.0, 1786.634631637001, 1155.9831840869374, 12069.579557418132, 1906.5778542068429, 950.5914327636004, 9083.877197385176, 2481.2296367744802, 778.6316126029444, 8965.162396385991, 2042.6423114779157, 1606.717102154149, 6927.939836298325, 1790.9411989177945, 2115.064375989648, 4469.146453396724, 811.3124818658841, 852.4454942250588, 2613.518509595831, 1125.8336361545946, 622.5282936168368, 1595.902895846697, 1672.083632235642, 807.7671822537562, 3024.6344394117586, 842.731381474364, 842.82357322692]",3.0,0.3,145.14999999999995,15,0.5,1721880.1384885088,0.14445541615564295,0.12412575453778009,16430975.4527054,84089526828.8237,"[0.046875, 0.03125]",2,1721880.1384885088,0.046875,"[0.0, 0.015625, 0.03125, 0.046875, 0.0625, 0.078125, 0.09375, 0.109375, 0.125, 0.140625, 0.15625, 0.171875, 0.1875, 0.203125, 0.21875, 0.234375]","[154749.3857115656, 876106.9067082778, 1710291.376891532, 1721880.1384885088, 1236443.397559303, 1200279.6938555273, 1385236.6101427814, 1437054.0474222805, 1048940.2936461223, 664501.8455342908, 393060.29715082544, 165807.0810689747, 58528.066628532746, 51528.956393907574, 141871.9518112762, 339557.7347245398]",3.0,0.3,flattop,64,32,145.14999999999995,15,21,449.5238095238095,38.000000000000114,1007.9999999999997,"[2, 5, 11, 17, 22, 25, 29, 38, 44, 52, 55, 60, 65, 74, 78, 84, 89, 95, 98, 101, 105]","[38.000000000000114, 368.00000000000006, 460.99999999999943, 193.0000000000001, 950.9999999999998, 153.99999999999977, 881.0, 242.99999999999997, 490.99999999999943, 186.00000000000023, 321.00000000000045, 943.0000000000002, 810.0, 204.99999999999994, 478.0000000000002, 276.0000000000001, 346.9999999999999, 79.00000000000023, 1007.9999999999997, 114.00000000000011, 893.0]","[1, 1, 1, 15, 1, 24, 27, 35, 35, 49, 35, 35, 63, 73, 73, 73, 35, 92, 35, 99, 99]","[3, 8, 18, 18, 35, 27, 35, 39, 49, 53, 56, 73, 73, 75, 81, 85, 92, 97, 106, 102, 106]",0.05,30,52684909.0,1015.9999999999998,-1015.9999999999998,DWT,uc1.l0082987033,0.0,0.0,0.0,0.0,0.0,3.410605131648481e-13,0.0,2.2737367544323206e-13,1.0,84,0.0,1.8189894035458565e-12,1.0,84,,0.0,0.0,1.0,84,0.0,0.0,0.0,4.57763671875e-05,0.0,0.0,0.0,0.0,0.0,0.0,1.9083147760414125e-13,0.0,2.2737367544323206e-13,0.0,5.684341886080802e-14,0.0,0.0,0.0,5.684341886080802e-14,1.1368683772161603e-13,5.551115123125783e-17,0.0,0.0,1.3877787807814457e-17,0.0,0.0,0.0,2.7755575615628914e-17,0.904154835036155,0.7456017773193412,0.2387890673505481,0.49092178770949735,0.02094194342241497,0.0,0.0,0.0,552,1.2394338158094025,0.7007723338697129,99,0,0,0.0,0.0,525,0,0,0.48008188216759135,0.652998382886897,109,251.1339284127097,0.6755375601902975,321.25,173.9759915072407,0.6302429403018671,270,db,413.2962962962963,398.0,188.41229481502944,243,0.9143723369387087,0.671803462110104,0.15839832550987273,5,203.75
db12,1,reflect,1.8920624292232022e-26,317.32566849190306,10447841.837634856,0.5692307692307692,482.02393215479333,108,raw,9.444297196144661e-14,-1.165104679401459e-10,"[2, 5, 11, 17, 22, 25, 29, 38, 44, 52, 55, 60, 65, 74, 78, 84, 89, 95, 98, 101, 105]","[38.00000000000006, 367.9999999999999, 461.0000000000001, 192.99999999999955, 951.0000000000001, 153.9999999999999, 881.0, 243.0, 490.99999999999994, 186.0000000000001, 320.9999999999998, 943.0, 809.9999999999999, 204.99999999999997, 477.9999999999998, 275.9999999999999, 346.99999999999966, 79.0, 1007.9999999999998, 114.00000000000023, 892.9999999999999]",21,5.931082757475122,94483.49346199344,0.7684765260993072,4.365923718251291e-06,0.9999999999999998,0.4907407407407407,67631.0,0.12910941990473743,0.15147910127183992,188156.12126451553,82872438.25058056,8,12069.57955741813,0.027777777777777776,"[0.0, 0.009259259259259259, 0.018518518518518517, 0.027777777777777776, 0.037037037037037035, 0.046296296296296294, 0.05555555555555555, 0.06481481481481481, 0.07407407407407407, 0.08333333333333333, 0.09259259259259259, 0.10185185185185185, 0.1111111111111111, 0.12037037037037036, 0.12962962962962962, 0.1388888888888889, 0.14814814814814814, 0.15740740740740738, 0.16666666666666666, 0.17592592592592593, 0.18518518518518517, 0.19444444444444442, 0.2037037037037037, 0.21296296296296297, 0.2222222222222222, 0.23148148148148145, 0.24074074074074073]","[67631.0, 1786.6346316370007, 1155.9831840869376, 12069.57955741813, 1906.5778542068424, 950.5914327635995, 9083.87719738518, 2481.229636774483, 778.6316126029452, 8965.16239638599, 2042.642311477917, 1606.7171021541506, 6927.939836298322, 1790.9411989177943, 2115.0643759896484, 4469.1464533967255, 811.3124818658849, 852.4454942250564, 2613.5185095958277, 1125.8336361545933, 622.528293616837, 1595.9028958466977, 1672.083632235642, 807.7671822537563, 3024.634439411761, 842.7313814743653, 842.8235732269203]",3.0,0.3,145.15,15,0.5,1721880.1384885088,0.14445541615564292,0.12412575453778008,16430975.452705404,84089526828.82372,"[0.046875, 0.03125]",2,1721880.1384885088,0.046875,"[0.0, 0.015625, 0.03125, 0.046875, 0.0625, 0.078125, 0.09375, 0.109375, 0.125, 0.140625, 0.15625, 0.171875, 0.1875, 0.203125, 0.21875, 0.234375]","[154749.3857115656, 876106.9067082781, 1710291.3768915324, 1721880.1384885088, 1236443.3975593029, 1200279.6938555273, 1385236.610142782, 1437054.0474222812, 1048940.2936461226, 664501.8455342908, 393060.29715082515, 165807.08106897445, 58528.06662853259, 51528.95639390756, 141871.9518112763, 339557.7347245399]",3.0,0.3,flattop,64,32,145.15,15,21,449.52380952380946,38.00000000000006,1007.9999999999998,"[2, 5, 11, 17, 22, 25, 29, 38, 44, 52, 55, 60, 65, 74, 78, 84, 89, 95, 98, 101, 105]","[38.00000000000006, 367.9999999999999, 461.0000000000001, 192.99999999999955, 951.0000000000001, 153.9999999999999, 881.0, 243.0, 490.99999999999994, 186.0000000000001, 320.9999999999998, 943.0, 809.9999999999999, 204.99999999999997, 477.9999999999998, 275.9999999999999, 346.99999999999966, 79.0, 1007.9999999999998, 114.00000000000023, 892.9999999999999]","[1, 1, 1, 15, 1, 24, 27, 35, 35, 49, 35, 35, 63, 73, 73, 73, 35, 92, 35, 99, 99]","[3, 8, 18, 18, 35, 27, 35, 39, 49, 53, 56, 73, 73, 75, 81, 85, 92, 97, 106, 102, 106]",0.05,30,52684909.0,1015.9999999999999,-1015.9999999999999,DWT,uc1.l0082987033,0.0,0.0,5.684341886080802e-14,0.0,0.0,2.2737367544323206e-13,3.725290298461914e-09,1.1368683772161603e-13,1.0,84,0.0,0.0,1.0,84,,0.0,0.0,1.0,84,0.0,0.0,0.0,6.103515625e-05,0.0,0.0,0.0,0.0,5.684341886080802e-14,1.8189894035458565e-12,1.3128122927377088e-13,0.0,1.1368683772161603e-13,0.0,0.0,0.0,0.0,0.0,0.0,5.684341886080802e-14,2.7755575615628914e-17,0.0,0.0,0.0,0.0,0.0,0.0,0.0,0.9169449654615563,0.6237530184063174,0.12797136383126492,0.5660507090674687,0.017234849316790257,0.0,0.0,0.0,654,1.1593433937494284,0.6554894383478361,134,0,0,0.0,0.0,380,0,0,0.45039098121667953,0.6126133756046762,152,243.29406075775873,0.6856665881682704,330.0,219.75287297538958,0.6296549995104919,271,db,413.2962962962963,398.0,188.41229481502944,243,0.9143723369387087,0.671803462110104,0.15839832550987273,5,204.5
db18,1,periodic,2.3405912096895312e-26,316.40176741517286,11911893.3324265,0.5774647887323944,415.92130812480843,108,raw,1.0454188954840738e-13,-1.0923828508424608e-10,"[2, 5, 11, 17, 22, 25, 29, 38, 44, 52, 55, 60, 65, 74, 78, 84, 89, 95, 98, 101, 105]","[37.99999999999994, 368.0, 460.99999999999966, 193.0000000000001, 951.0, 154.00000000000023, 881.0000000000001, 243.0000000000001, 490.9999999999999, 186.0, 320.9999999999998, 942.9999999999997, 810.0, 205.00000000000014, 478.0000000000002, 275.9999999999998, 347.0, 79.00000000000034, 1008.0000000000002, 113.99999999999977, 893.0000000000001]",21,5.979963935787789,96766.21650351785,0.825692522607663,4.365923718251291e-06,1.0,0.4907407407407407,67631.0,0.1291094199047374,0.15147910127183992,188156.12126451553,82872438.25058056,8,12069.579557418134,0.027777777777777776,"[0.0, 0.009259259259259259, 0.018518518518518517, 0.027777777777777776, 0.037037037037037035, 0.046296296296296294, 0.05555555555555555, 0.06481481481481481, 0.07407407407407407, 0.08333333333333333, 0.09259259259259259, 0.10185185185185185, 0.1111111111111111, 0.12037037037037036, 0.12962962962962962, 0.1388888888888889, 0.14814814814814814, 0.15740740740740738, 0.16666666666666666, 0.17592592592592593, 0.18518518518518517, 0.19444444444444442, 0.2037037037037037, 0.21296296296296297, 0.2222222222222222, 0.23148148148148145, 0.24074074074074073]","[67631.0, 1786.6346316370002, 1155.983184086939, 12069.579557418134, 1906.577854206842, 950.5914327636028, 9083.877197385176, 2481.229636774482, 778.6316126029466, 8965.16239638599, 2042.6423114779159, 1606.7171021541485, 6927.939836298325, 1790.9411989177936, 2115.064375989649, 4469.1464533967255, 811.3124818658871, 852.4454942250561, 2613.518509595829, 1125.833636154594, 622.5282936168395, 1595.9028958466986, 1672.0836322356427, 807.7671822537551, 3024.6344394117586, 842.7313814743649, 842.823573226921]",3.0,0.3,145.15,15,0.5,1721880.1384885088,0.14445541615564292,0.12412575453778006,16430975.452705402,84089526828.82372,"[0.046875, 0.03125]",2,1721880.1384885088,0.046875,"[0.0, 0.015625, 0.03125, 0.046875, 0.0625, 0.078125, 0.09375, 0.109375, 0.125, 0.140625, 0.15625, 0.171875, 0.1875, 0.203125, 0.21875, 0.234375]","[154749.38571156538, 876106.9067082775, 1710291.3768915324, 1721880.1384885088, 1236443.3975593029, 1200279.693855527, 1385236.610142782, 1437054.0474222815, 1048940.2936461226, 664501.8455342909, 393060.29715082503, 165807.08106897445, 58528.06662853245, 51528.95639390733, 141871.95181127606, 339557.7347245398]",3.0,0.3,flattop,64,32,145.15,15,21,449.5238095238095,37.99999999999994,1008.0000000000002,"[2, 5, 11, 17, 22, 25, 29, 38, 44, 52, 55, 60, 65, 74, 78, 84, 89, 95, 98, 101, 105]","[37.99999999999994, 368.0, 460.99999999999966, 193.0000000000001, 951.0, 154.00000000000023, 881.0000000000001, 243.0000000000001, 490.9999999999999, 186.0, 320.9999999999998, 942.9999999999997, 810.0, 205.00000000000014, 478.0000000000002, 275.9999999999998, 347.0, 79.00000000000034, 1008.0000000000002, 113.99999999999977, 893.0000000000001]","[1, 1, 1, 15, 1, 24, 27, 35, 35, 49, 35, 35, 63, 73, 73, 73, 35, 92, 35, 99, 99]","[3, 8, 18, 18, 35, 27, 35, 39, 49, 53, 56, 73, 73, 75, 81, 85, 92, 97, 106, 102, 106]",0.05,30,52684909.0,1016.0000000000002,-1016.0000000000002,DWT,uc1.l0082987033,0.0,0.0,0.0,0.0,0.0,2.2737367544323206e-13,1.862645149230957e-09,2.2737367544323206e-13,1.0,84,0.0,3.637978807091713e-12,1.0,84,,0.0,0.0,1.0,84,0.0,0.0,0.0,6.103515625e-05,0.0,0.0,0.0,0.0,0.0,0.0,1.5022903556070694e-13,0.0,2.2737367544323206e-13,0.0,0.0,0.0,0.0,0.0,0.0,5.684341886080802e-14,5.551115123125783e-17,0.0,0.0,1.3877787807814457e-17,0.0,0.0,0.0,0.0,0.9074595761648837,0.6863865972012302,0.26998958006181195,0.6579589267448267,0.023413958243503383,0.0,0.0,0.0,543,1.2952129883257832,0.7323097184456688,72,0,0,0.0,0.0,532,0,0,0.5090417276832512,0.6923890222607418,73,268.50574171390326,0.6530933569587813,305.0,127.7594487856042,0.6295182547067808,272,db,413.2962962962963,398.0,188.41229481502944,243,0.9143723369387087,0.671803462110104,0.15839832550987273,5,205.25
coif1,1,antireflect,7.279140960250477e-27,321.4742218162668,9346450.02197728,0.5625,417.4432332308484,108,raw,5.62841954113672e-14,-1.1417167211647052e-10,"[2, 5, 11, 17, 22, 25, 29, 38, 44, 52, 55, 60, 65, 74, 78, 84, 89, 95, 98, 101, 105]","[37.99999999999997, 368.0, 461.0000000000001, 193.00000000000006, 951.0, 154.0, 881.0, 243.00000000000009, 491.00000000000017, 186.0000000000001, 320.9999999999999, 943.0000000000001, 810.0000000000001, 205.0, 477.9999999999998, 275.9999999999999, 347.0000000000001, 79.0, 1008.0, 114.0, 893.0]",21,5.667809851486325,111693.69334323415,0.778710216652436,4.365923718251291e-06,1.0,0.4907407407407407,67631.0,0.12910941990473737,0.15147910127183992,188156.12126451556,82872438.25058056,8,12069.57955741813,0.027777777777777776,"[0.0, 0.009259259259259259, 0.018518518518518517, 0.027777777777777776, 0.037037037037037035, 0.046296296296296294, 0.05555555555555555, 0.06481481481481481, 0.07407407407407407, 0.08333333333333333, 0.09259259259259259, 0.10185185185185185, 0.1111111111111111, 0.12037037037037036, 0.12962962962962962, 0.1388888888888889, 0.14814814814814814, 0.15740740740740738, 0.16666666666666666, 0.17592592592592593, 0.18518518518518517, 0.19444444444444442, 0.2037037037037037, 0.21296296296296297, 0.2222222222222222, 0.23148148148148145, 0.24074074074074073]","[67631.0, 1786.634631637, 1155.9831840869379, 12069.57955741813, 1906.577854206843, 950.5914327636024, 9083.877197385178, 2481.229636774484, 778.6316126029462, 8965.162396385991, 2042.6423114779175, 1606.7171021541494, 6927.939836298323, 1790.9411989177938, 2115.0643759896498, 4469.146453396725, 811.312481865886, 852.4454942250569, 2613.518509595828, 1125.833636154594, 622.528293616837, 1595.9028958466974, 1672.0836322356424, 807.7671822537559, 3024.63443941176, 842.7313814743659, 842.8235732269197]",3.0,0.3,145.15000000000003,15,0.5,1721880.1384885088,0.14445541615564292,0.12412575453778008,16430975.452705404,84089526828.8237,"[0.046875, 0.03125]",2,1721880.1384885088,0.046875,"[0.0, 0.015625, 0.03125, 0.046875, 0.0625, 0.078125, 0.09375, 0.109375, 0.125, 0.140625, 0.15625, 0.171875, 0.1875, 0.203125, 0.21875, 0.234375]","[154749.3857115655, 876106.9067082781, 1710291.3768915331, 1721880.1384885088, 1236443.3975593029, 1200279.6938555273, 1385236.6101427819, 1437054.0474222808, 1048940.293646122, 664501.8455342908, 393060.2971508252, 165807.08106897454, 58528.06662853262, 51528.956393907545, 141871.95181127626, 339557.7347245398]",3.0,0.3,flattop,64,32,145.15000000000003,15,21,449.5238095238095,37.99999999999997,1008.0,"[2, 5, 11, 17, 22, 25, 29, 38, 44, 52, 55, 60, 65, 74, 78, 84, 89, 95, 98, 101, 105]","[37.99999999999997, 368.0, 461.0000000000001, 193.00000000000006, 951.0, 154.0, 881.0, 243.00000000000009, 491.00000000000017, 186.0000000000001, 320.9999999999999, 943.0000000000001, 810.0000000000001, 205.0, 477.9999999999998, 275.9999999999999, 347.0000000000001, 79.0, 1008.0, 114.0, 893.0]","[1, 1, 1, 15, 1, 24, 27, 35, 35, 49, 35, 35, 63, 73, 73, 73, 35, 92, 35, 99, 99]","[3, 8, 18, 18, 35, 27, 35, 39, 49, 53, 56, 73, 73, 75, 81, 85, 92, 97, 106, 102, 106]",0.05,30,52684909.0,1016.0,-1016.0,DWT,uc1.l0082987033,0.0,0.0,0.0,0.0,0.0,0.0,3.725290298461914e-09,0.0,1.0,84,0.0,0.0,1.0,84,,0.0,0.0,1.0,84,0.0,0.0,0.0,4.57763671875e-05,0.0,0.0,0.0,0.0,0.0,0.0,6.496390726949488e-14,0.0,0.0,0.0,2.842170943040401e-14,0.0,0.0,0.0,2.842170943040401e-14,2.842170943040401e-14,8.326672684688674e-17,0.0,0.0,0.0,2.9103830456733704e-11,0.0,0.0,0.0,0.9595368016339552,0.28640999863828337,0.02113242982718943,0.49092178770949735,0.06382118405044886,0.0,0.0,0.0,378,0.9513904839170878,0.5379134580095548,373,0,0,0.0,0.0,639,0,0,0.3643644403718749,0.49560168625831413,381,130.87494030562152,0.8309109298376983,442.75,420.3409308503318,0.6294412530325442,273,coif,217.80246913580248,181.0,166.32516494453617,81,0.48186386976947454,0.5930495234160287,0.4847804341365592,1,205.0
db13,1,symmetric,2.0869665852468633e-26,316.89986815618744,10434855.524864132,0.5757575757575758,469.2853637094162,108,raw,1.1044663126456189e-13,-1.1373701980232978e-10,"[2, 5, 11, 17, 22, 25, 29, 38, 44, 52, 55, 60, 65, 74, 78, 84, 89, 95, 98, 101, 105]","[38.00000000000006, 368.00000000000045, 461.00000000000034, 193.0, 951.0000000000002, 154.0000000000001, 881.0, 243.00000000000006, 490.9999999999999, 186.0, 320.99999999999966, 943.0, 810.0, 205.00000000000006, 478.0, 275.9999999999998, 347.0000000000002, 79.00000000000023, 1008.0000000000002, 114.00000000000023, 893.0]",21,5.939271048481646,97472.50495893706,0.7760095247504754,4.365923718251291e-06,1.0,0.4907407407407407,67631.0,0.12910941990473743,0.15147910127183992,188156.12126451556,82872438.25058056,8,12069.579557418134,0.027777777777777776,"[0.0, 0.009259259259259259, 0.018518518518518517, 0.027777777777777776, 0.037037037037037035, 0.046296296296296294, 0.05555555555555555, 0.06481481481481481, 0.07407407407407407, 0.08333333333333333, 0.09259259259259259, 0.10185185185185185, 0.1111111111111111, 0.12037037037037036, 0.12962962962962962, 0.1388888888888889, 0.14814814814814814, 0.15740740740740738, 0.16666666666666666, 0.17592592592592593, 0.18518518518518517, 0.19444444444444442, 0.2037037037037037, 0.21296296296296297, 0.2222222222222222, 0.23148148148148145, 0.24074074074074073]","[67631.0, 1786.6346316370025, 1155.98318408694, 12069.579557418134, 1906.5778542068442, 950.5914327636017, 9083.877197385176, 2481.2296367744852, 778.6316126029446, 8965.162396385991, 2042.6423114779193, 1606.7171021541485, 6927.939836298325, 1790.9411989177936, 2115.064375989649, 4469.146453396725, 811.3124818658864, 852.4454942250562, 2613.5185095958277, 1125.8336361545967, 622.5282936168373, 1595.9028958466977, 1672.0836322356442, 807.7671822537555, 3024.6344394117596, 842.7313814743652, 842.8235732269197]",3.0,0.3,145.14999999999998,15,0.5,1721880.1384885083,0.14445541615564292,0.12412575453778008,16430975.452705402,84089526828.82368,"[0.046875, 0.03125]",2,1721880.1384885083,0.046875,"[0.0, 0.015625, 0.03125, 0.046875, 0.0625, 0.078125, 0.09375, 0.109375, 0.125, 0.140625, 0.15625, 0.171875, 0.1875, 0.203125, 0.21875, 0.234375]","[154749.3857115655, 876106.9067082782, 1710291.376891533, 1721880.1384885083, 1236443.3975593017, 1200279.6938555264, 1385236.6101427819, 1437054.0474222812, 1048940.2936461228, 664501.8455342911, 393060.29715082527, 165807.0810689745, 58528.06662853262, 51528.95639390753, 141871.95181127635, 339557.7347245401]",3.0,0.3,flattop,64,32,145.14999999999998,15,21,449.5238095238095,38.00000000000006,1008.0000000000002,"[2, 5, 11, 17, 22, 25, 29, 38, 44, 52, 55, 60, 65, 74, 78, 84, 89, 95, 98, 101, 105]","[38.00000000000006, 368.00000000000045, 461.00000000000034, 193.0, 951.0000000000002, 154.0000000000001, 881.0, 243.00000000000006, 490.9999999999999, 186.0, 320.99999999999966, 943.0, 810.0, 205.00000000000006, 478.0, 275.9999999999998, 347.0000000000002, 79.00000000000023, 1008.0000000000002, 114.00000000000023, 893.0]","[1, 1, 1, 15, 1, 24, 27, 35, 35, 49, 35, 35, 63, 73, 73, 73, 35, 92, 35, 99, 99]","[3, 8, 18, 18, 35, 27, 35, 39, 49, 53, 56, 73, 73, 75, 81, 85, 92, 97, 106, 102, 106]",0.05,30,52684909.0,1016.0000000000002,-1016.0000000000002,DWT,uc1.l0082987033,4.656612873077393e-10,0.0,0.0,0.0,0.0,2.2737367544323206e-13,1.862645149230957e-09,2.2737367544323206e-13,1.0,84,0.0,3.637978807091713e-12,1.0,84,,0.0,0.0,1.0,84,0.0,0.0,0.0,3.0517578125e-05,0.0,0.0,0.0,0.0,0.0,0.0,1.3804830294767662e-13,0.0,2.2737367544323206e-13,0.0,2.842170943040401e-14,0.0,0.0,0.0,2.842170943040401e-14,5.684341886080802e-14,2.7755575615628914e-17,4.656612873077393e-10,0.0,0.0,2.9103830456733704e-11,0.0,0.0,0.0,0.9125734130858295,0.6342450316444661,0.12671164517951577,0.6389029964448965,0.025325812296897794,0.0,0.0,0.0,562,1.1937139097602065,0.6749224297782419,122,0,0,0.0,0.0,520,0,0,0.46755177973032114,0.6359551722745701,132,239.67199808627345,0.6903462557024891,334.0,205.39242150827909,0.6294108539494357,274,db,413.2962962962963,398.0,188.41229481502944,243,0.9143723369387087,0.671803462110104,0.15839832550987273,5,206.75
db8,1,symmetric,8.219346290991668e-27,320.9466503299774,10069590.738182914,0.5409836065573771,342.0520863257248,108,raw,5.894873067046757e-14,-1.072585353867346e-10,"[2, 5, 11, 17, 22, 25, 29, 38, 44, 52, 55, 60, 65, 74, 78, 84, 89, 95, 98, 101, 105]","[38.0, 367.99999999999966, 461.0000000000001, 193.0000000000001, 951.0000000000001, 154.0000000000001, 880.9999999999999, 243.00000000000009, 491.00000000000006, 185.9999999999999, 320.9999999999999, 942.9999999999998, 810.0, 205.0, 478.0, 275.9999999999999, 346.9999999999999, 78.99999999999989, 1007.9999999999999, 114.0, 893.0]",21,5.756718644872594,105716.41331201656,0.8048281314370186,4.3659237182512925e-06,0.9999999999999998,0.4907407407407407,67631.0,0.1291094199047374,0.15147910127183992,188156.12126451553,82872438.25058056,8,12069.579557418134,0.027777777777777776,"[0.0, 0.009259259259259259, 0.018518518518518517, 0.027777777777777776, 0.037037037037037035, 0.046296296296296294, 0.05555555555555555, 0.06481481481481481, 0.07407407407407407, 0.08333333333333333, 0.09259259259259259, 0.10185185185185185, 0.1111111111111111, 0.12037037037037036, 0.12962962962962962, 0.1388888888888889, 0.14814814814814814, 0.15740740740740738, 0.16666666666666666, 0.17592592592592593, 0.18518518518518517, 0.19444444444444442, 0.2037037037037037, 0.21296296296296297, 0.2222222222222222, 0.23148148148148145, 0.24074074074074073]","[67631.0, 1786.6346316370004, 1155.9831840869385, 12069.579557418134, 1906.5778542068424, 950.5914327636013, 9083.877197385176, 2481.229636774484, 778.6316126029435, 8965.162396385991, 2042.6423114779186, 1606.7171021541487, 6927.939836298322, 1790.9411989177943, 2115.064375989647, 4469.1464533967255, 811.3124818658864, 852.445494225057, 2613.518509595828, 1125.8336361545926, 622.5282936168371, 1595.9028958466984, 1672.0836322356427, 807.7671822537566, 3024.6344394117596, 842.7313814743659, 842.8235732269197]",3.0,0.3,145.15,15,0.5,1721880.1384885083,0.14445541615564295,0.12412575453778008,16430975.452705396,84089526828.82364,"[0.046875, 0.03125]",2,1721880.1384885083,0.046875,"[0.0, 0.015625, 0.03125, 0.046875, 0.0625, 0.078125, 0.09375, 0.109375, 0.125, 0.140625, 0.15625, 0.171875, 0.1875, 0.203125, 0.21875, 0.234375]","[154749.38571156538, 876106.9067082775, 1710291.3768915324, 1721880.1384885083, 1236443.3975593017, 1200279.6938555266, 1385236.610142781, 1437054.0474222803, 1048940.293646122, 664501.8455342904, 393060.29715082503, 165807.08106897457, 58528.06662853264, 51528.956393907516, 141871.95181127609, 339557.73472453986]",3.0,0.3,flattop,64,32,145.15,15,21,449.5238095238095,38.0,1007.9999999999999,"[2, 5, 11, 17, 22, 25, 29, 38, 44, 52, 55, 60, 65, 74, 78, 84, 89, 95, 98, 101, 105]","[38.0, 367.99999999999966, 461.0000000000001, 193.0000000000001, 951.0000000000001, 154.0000000000001, 880.9999999999999, 243.00000000000009, 491.00000000000006, 185.9999999999999, 320.9999999999999, 942.9999999999998, 810.0, 205.0, 478.0, 275.9999999999999, 346.9999999999999, 78.99999999999989, 1007.9999999999999, 114.0, 893.0]","[1, 1, 1, 15, 1, 24, 27, 35, 35, 49, 35, 35, 63, 73, 73, 73, 35, 92, 35, 99, 99]","[3, 8, 18, 18, 35, 27, 35, 39, 49, 53, 56, 73, 73, 75, 81, 85, 92, 97, 106, 102, 106]",0.05,30,52684909.0,1015.9999999999999,-1015.9999999999999,DWT,uc1.l0082987033,4.656612873077393e-10,0.0,0.0,0.0,0.0,1.1368683772161603e-13,3.725290298461914e-09,1.1368683772161603e-13,1.0,84,0.0,3.637978807091713e-12,1.0,84,,0.0,0.0,1.0,84,0.0,0.0,0.0,1.52587890625e-05,0.0,0.0,0.0,0.0,0.0,0.0,9.338561669989889e-14,0.0,1.1368683772161603e-13,0.0,0.0,0.0,0.0,0.0,0.0,0.0,5.551115123125783e-17,4.656612873077393e-10,0.0,0.0,0.0,0.0,0.0,2.7755575615628914e-17,0.9541203982382696,0.400332700756869,0.0912796582303953,0.2507555636963099,0.047641269217812934,0.0,0.0,0.0,547,0.937637151602243,0.5301373632622403,386,0,0,0.0,0.0,570,0,0,0.3488259180279314,0.47446647924480523,448,86.04020378094573,0.88883694601945,487.75,475.88704369495764,0.6293344936815596,275,db,413.2962962962963,398.0,188.41229481502944,243,0.9143723369387087,0.671803462110104,0.15839832550987273,5,207.5
db13,1,zero,1.9067703025449896e-26,317.2920393189872,9322760.455869863,0.5606060606060606,260.4572276677834,108,raw,1.054958589621593e-13,-1.1386136478108779e-10,"[2, 5, 11, 17, 22, 25, 29, 38, 44, 52, 55, 60, 65, 74, 78, 84, 89, 95, 98, 101, 105]","[38.00000000000006, 368.0000000000003, 461.0000000000004, 193.0000000000001, 951.0000000000002, 154.0000000000001, 881.0, 243.00000000000006, 490.9999999999999, 186.0, 320.99999999999966, 943.0, 810.0, 205.00000000000006, 478.0, 275.9999999999999, 347.0, 79.00000000000045, 1008.0000000000002, 114.0, 893.0000000000001]",21,5.651213420036783,136476.63556014694,0.8691146943914847,4.36592371825129e-06,1.0,0.4907407407407407,67631.0,0.12910941990473743,0.15147910127183994,188156.12126451556,82872438.25058056,8,12069.579557418134,0.027777777777777776,"[0.0, 0.009259259259259259, 0.018518518518518517, 0.027777777777777776, 0.037037037037037035, 0.046296296296296294, 0.05555555555555555, 0.06481481481481481, 0.07407407407407407, 0.08333333333333333, 0.09259259259259259, 0.10185185185185185, 0.1111111111111111, 0.12037037037037036, 0.12962962962962962, 0.1388888888888889, 0.14814814814814814, 0.15740740740740738, 0.16666666666666666, 0.17592592592592593, 0.18518518518518517, 0.19444444444444442, 0.2037037037037037, 0.21296296296296297, 0.2222222222222222, 0.23148148148148145, 0.24074074074074073]","[67631.0, 1786.6346316370025, 1155.9831840869394, 12069.579557418134, 1906.5778542068438, 950.5914327636009, 9083.877197385176, 2481.2296367744852, 778.631612602945, 8965.162396385991, 2042.6423114779182, 1606.717102154149, 6927.939836298326, 1790.9411989177945, 2115.0643759896484, 4469.146453396725, 811.3124818658861, 852.445494225057, 2613.5185095958277, 1125.8336361545964, 622.5282936168375, 1595.9028958466968, 1672.083632235643, 807.7671822537561, 3024.634439411759, 842.7313814743658, 842.8235732269201]",3.0,0.3,145.14999999999998,15,0.5,1721880.1384885083,0.14445541615564295,0.12412575453778008,16430975.452705402,84089526828.82368,"[0.046875, 0.03125]",2,1721880.1384885083,0.046875,"[0.0, 0.015625, 0.03125, 0.046875, 0.0625, 0.078125, 0.09375, 0.109375, 0.125, 0.140625, 0.15625, 0.171875, 0.1875, 0.203125, 0.21875, 0.234375]","[154749.3857115655, 876106.906708278, 1710291.376891533, 1721880.1384885083, 1236443.3975593017, 1200279.6938555264, 1385236.6101427819, 1437054.0474222812, 1048940.2936461228, 664501.8455342911, 393060.29715082527, 165807.0810689745, 58528.06662853261, 51528.95639390753, 141871.95181127635, 339557.73472454015]",3.0,0.3,flattop,64,32,145.14999999999998,15,21,449.5238095238095,38.00000000000006,1008.0000000000002,"[2, 5, 11, 17, 22, 25, 29, 38, 44, 52, 55, 60, 65, 74, 78, 84, 89, 95, 98, 101, 105]","[38.00000000000006, 368.0000000000003, 461.0000000000004, 193.0000000000001, 951.0000000000002, 154.0000000000001, 881.0, 243.00000000000006, 490.9999999999999, 186.0, 320.99999999999966, 943.0, 810.0, 205.00000000000006, 478.0, 275.9999999999999, 347.0, 79.00000000000045, 1008.0000000000002, 114.0, 893.0000000000001]","[1, 1, 1, 15, 1, 24, 27, 35, 35, 49, 35, 35, 63, 73, 73, 73, 35, 92, 35, 99, 99]","[3, 8, 18, 18, 35, 27, 35, 39, 49, 53, 56, 73, 73, 75, 81, 85, 92, 97, 106, 102, 106]",0.05,30,52684909.0,1016.0000000000002,-1016.0000000000002,DWT,uc1.l0082987033,4.656612873077393e-10,0.0,0.0,0.0,0.0,2.2737367544323206e-13,1.862645149230957e-09,2.2737367544323206e-13,1.0,84,0.0,3.637978807091713e-12,1.0,84,,0.0,0.0,1.0,84,0.0,0.0,0.0,3.0517578125e-05,0.0,0.0,0.0,0.0,0.0,0.0,1.2722098506942746e-13,0.0,2.2737367544323206e-13,0.0,2.842170943040401e-14,0.0,0.0,0.0,2.842170943040401e-14,5.684341886080802e-14,2.7755575615628914e-17,4.656612873077393e-10,2.7755575615628914e-17,0.0,2.9103830456733704e-11,0.0,0.0,2.7755575615628914e-17,0.9165997057742734,0.2651442695214413,0.018834457430849837,0.46978161503301125,0.13090619467025494,0.0,0.0,0.0,564,0.9322243108220161,0.5270769585693541,398,0,0,0.0,0.0,558,0,0,0.3602532484859662,0.4900097200688903,394,95.30827176413737,0.8768626979791507,478.5,464.2634260337719,0.6293228218577924,276,db,413.2962962962963,398.0,188.41229481502944,243,0.9143723369387087,0.671803462110104,0.15839832550987273,5,208.25
db21,1,antisymmetric,3.3836588894841934e-26,314.8011573633088,11599725.023434512,0.5743243243243243,477.0774730286405,108,raw,1.4200163678668575e-13,-1.0612133394261106e-10,"[2, 5, 11, 17, 22, 25, 29, 38, 44, 52, 55, 60, 65, 74, 78, 84, 89, 95, 98, 101, 105]","[37.999999999999886, 367.9999999999995, 460.9999999999999, 193.0000000000001, 951.0000000000001, 154.00000000000034, 881.0, 243.00000000000009, 491.00000000000034, 185.99999999999955, 320.9999999999991, 943.0, 810.0, 204.99999999999994, 478.0000000000002, 275.9999999999999, 346.99999999999966, 78.99999999999977, 1008.0000000000003, 114.0, 892.9999999999995]",21,6.090936369397691,388577.1156020762,0.9442422103590963,4.365923718251292e-06,1.0,0.4907407407407407,67631.0,0.1291094199047374,0.15147910127183992,188156.12126451553,82872438.25058056,8,12069.579557418134,0.027777777777777776,"[0.0, 0.009259259259259259, 0.018518518518518517, 0.027777777777777776, 0.037037037037037035, 0.046296296296296294, 0.05555555555555555, 0.06481481481481481, 0.07407407407407407, 0.08333333333333333, 0.09259259259259259, 0.10185185185185185, 0.1111111111111111, 0.12037037037037036, 0.12962962962962962, 0.1388888888888889, 0.14814814814814814, 0.15740740740740738, 0.16666666666666666, 0.17592592592592593, 0.18518518518518517, 0.19444444444444442, 0.2037037037037037, 0.21296296296296297, 0.2222222222222222, 0.23148148148148145, 0.24074074074074073]","[67631.0, 1786.6346316369993, 1155.9831840869392, 12069.579557418134, 1906.5778542068417, 950.5914327636009, 9083.877197385176, 2481.229636774483, 778.6316126029449, 8965.162396385991, 2042.6423114779184, 1606.7171021541506, 6927.939836298323, 1790.9411989177922, 2115.06437598965, 4469.1464533967255, 811.3124818658862, 852.4454942250592, 2613.518509595829, 1125.8336361545958, 622.5282936168352, 1595.9028958466974, 1672.0836322356424, 807.7671822537576, 3024.6344394117596, 842.7313814743659, 842.8235732269206]",3.0,0.3,145.15,15,0.5,1721880.1384885085,0.14445541615564297,0.12412575453778012,16430975.4527054,84089526828.82365,"[0.046875, 0.03125]",2,1721880.1384885085,0.046875,"[0.0, 0.015625, 0.03125, 0.046875, 0.0625, 0.078125, 0.09375, 0.109375, 0.125, 0.140625, 0.15625, 0.171875, 0.1875, 0.203125, 0.21875, 0.234375]","[154749.38571156538, 876106.9067082773, 1710291.376891532, 1721880.1384885085, 1236443.3975593022, 1200279.6938555269, 1385236.6101427814, 1437054.0474222805, 1048940.2936461223, 664501.8455342909, 393060.2971508254, 165807.08106897466, 58528.066628532586, 51528.956393907465, 141871.95181127617, 339557.7347245399]",3.0,0.3,flattop,64,32,145.15,15,21,449.5238095238095,37.999999999999886,1008.0000000000003,"[2, 5, 11, 17, 22, 25, 29, 38, 44, 52, 55, 60, 65, 74, 78, 84, 89, 95, 98, 101, 105]","[37.999999999999886, 367.9999999999995, 460.9999999999999, 193.0000000000001, 951.0000000000001, 154.00000000000034, 881.0, 243.00000000000009, 491.00000000000034, 185.99999999999955, 320.9999999999991, 943.0, 810.0, 204.99999999999994, 478.0000000000002, 275.9999999999999, 346.99999999999966, 78.99999999999977, 1008.0000000000003, 114.0, 892.9999999999995]","[1, 1, 1, 15, 1, 24, 27, 35, 35, 49, 35, 35, 63, 73, 73, 73, 35, 92, 35, 99, 99]","[3, 8, 18, 18, 35, 27, 35, 39, 49, 53, 56, 73, 73, 75, 81, 85, 92, 97, 106, 102, 106]",0.05,30,52684909.0,1016.0000000000003,-1016.0000000000003,DWT,uc1.l0082987033,2.3283064365386963e-10,0.0,0.0,0.0,0.0,3.410605131648481e-13,0.0,3.410605131648481e-13,1.0,84,0.0,3.637978807091713e-12,1.0,84,,0.0,0.0,1.0,84,0.0,0.0,0.0,0.0,0.0,0.0,0.0,0.0,0.0,0.0,2.3143391964757547e-13,0.0,3.410605131648481e-13,0.0,0.0,0.0,0.0,0.0,0.0,1.1368683772161603e-13,5.551115123125783e-17,2.3283064365386963e-10,0.0,4.163336342344337e-17,0.0,0.0,0.0,5.551115123125783e-17,0.891026637794652,0.8285804007161468,0.23970814080611305,0.6229050279329612,0.8133176385112351,0.0,0.0,0.0,581,1.6432493200155995,0.9290884647722347,10,0,0,0.0,0.0,481,0,0,0.6791075691522217,0.9237093940317596,11,303.27146805021624,0.6081763978679376,270.75,20.543449913382354,0.629185098158775,277,db,413.2962962962963,398.0,188.41229481502944,243,0.9143723369387087,0.671803462110104,0.15839832550987273,5,209.0
db21,1,antireflect,3.948287543249661e-26,314.13093537524,11106365.584398204,0.5743243243243243,511.6502087547612,108,raw,1.515742264212315e-13,-1.0514178416798426e-10,"[2, 5, 11, 17, 22, 25, 29, 38, 44, 52, 55, 60, 65, 74, 78, 84, 89, 95, 98, 101, 105]","[38.00000000000006, 367.99999999999983, 460.9999999999999, 192.9999999999999, 951.0000000000001, 153.9999999999999, 881.0000000000002, 243.00000000000009, 491.00000000000034, 185.99999999999955, 320.9999999999991, 943.0, 810.0, 204.9999999999999, 478.0000000000002, 275.9999999999999, 346.9999999999998, 78.99999999999989, 1008.0000000000002, 113.99999999999977, 893.0]",21,6.108118732952894,359055.4253755782,0.9365835297063733,4.365923718251291e-06,0.9999999999999998,0.4907407407407407,67631.0,0.1291094199047374,0.15147910127183992,188156.12126451553,82872438.25058056,8,12069.57955741813,0.027777777777777776,"[0.0, 0.009259259259259259, 0.018518518518518517, 0.027777777777777776, 0.037037037037037035, 0.046296296296296294, 0.05555555555555555, 0.06481481481481481, 0.07407407407407407, 0.08333333333333333, 0.09259259259259259, 0.10185185185185185, 0.1111111111111111, 0.12037037037037036, 0.12962962962962962, 0.1388888888888889, 0.14814814814814814, 0.15740740740740738, 0.16666666666666666, 0.17592592592592593, 0.18518518518518517, 0.19444444444444442, 0.2037037037037037, 0.21296296296296297, 0.2222222222222222, 0.23148148148148145, 0.24074074074074073]","[67631.0, 1786.634631636999, 1155.9831840869374, 12069.57955741813, 1906.5778542068438, 950.5914327636009, 9083.877197385174, 2481.229636774484, 778.631612602945, 8965.162396385991, 2042.6423114779182, 1606.7171021541508, 6927.939836298321, 1790.941198917793, 2115.064375989652, 4469.1464533967255, 811.3124818658856, 852.4454942250585, 2613.5185095958263, 1125.833636154596, 622.5282936168354, 1595.9028958466981, 1672.0836322356424, 807.7671822537563, 3024.6344394117605, 842.731381474364, 842.8235732269196]",3.0,0.3,145.1499999999999,15,0.5,1721880.1384885076,0.14445541615564297,0.12412575453778012,16430975.452705398,84089526828.82364,"[0.046875, 0.03125]",2,1721880.1384885076,0.046875,"[0.0, 0.015625, 0.03125, 0.046875, 0.0625, 0.078125, 0.09375, 0.109375, 0.125, 0.140625, 0.15625, 0.171875, 0.1875, 0.203125, 0.21875, 0.234375]","[154749.38571156556, 876106.9067082778, 1710291.3768915315, 1721880.1384885076, 1236443.3975593024, 1200279.6938555269, 1385236.6101427816, 1437054.0474222805, 1048940.293646122, 664501.8455342907, 393060.29715082527, 165807.08106897445, 58528.06662853256, 51528.956393907436, 141871.95181127623, 339557.7347245399]",3.0,0.3,flattop,64,32,145.1499999999999,15,21,449.5238095238095,38.00000000000006,1008.0000000000002,"[2, 5, 11, 17, 22, 25, 29, 38, 44, 52, 55, 60, 65, 74, 78, 84, 89, 95, 98, 101, 105]","[38.00000000000006, 367.99999999999983, 460.9999999999999, 192.9999999999999, 951.0000000000001, 153.9999999999999, 881.0000000000002, 243.00000000000009, 491.00000000000034, 185.99999999999955, 320.9999999999991, 943.0, 810.0, 204.9999999999999, 478.0000000000002, 275.9999999999999, 346.9999999999998, 78.99999999999989, 1008.0000000000002, 113.99999999999977, 893.0]","[1, 1, 1, 15, 1, 24, 27, 35, 35, 49, 35, 35, 63, 73, 73, 73, 35, 92, 35, 99, 99]","[3, 8, 18, 18, 35, 27, 35, 39, 49, 53, 56, 73, 73, 75, 81, 85, 92, 97, 106, 102, 106]",0.05,30,52684909.0,1016.0000000000001,-1016.0000000000001,DWT,uc1.l0082987033,1.1641532182693481e-09,0.0,0.0,0.0,0.0,2.2737367544323206e-13,1.862645149230957e-09,1.1368683772161603e-13,1.0,84,0.0,0.0,1.0,84,,0.0,0.0,1.0,84,0.0,0.0,0.0,1.52587890625e-05,0.0,0.0,0.0,0.0,0.0,0.0,1.8812464813457894e-13,0.0,1.1368683772161603e-13,0.0,1.1368683772161603e-13,0.0,0.0,0.0,1.1368683772161603e-13,5.684341886080802e-14,5.551115123125783e-17,1.1641532182693481e-09,0.0,4.163336342344337e-17,0.0,0.0,0.0,5.551115123125783e-17,0.8841456884894282,0.8505969101123358,0.19185051575556034,0.6229050279329612,0.7334052986031951,0.0,0.0,0.0,580,1.5942352566420674,0.9013760535530221,16,0,0,0.0,0.0,484,0,0,0.6565806881786962,0.8930687525212294,15,300.76610513819537,0.6114133008550448,273.75,30.084932705789896,0.6288655651562045,278,db,413.2962962962963,398.0,188.41229481502944,243,0.9143723369387087,0.671803462110104,0.15839832550987273,5,209.75
bior2.6,1,zero,1.352598438334285e-26,318.78333429514527,9591092.159317823,0.55,256.39585640268206,108,raw,8.214005607374859e-14,-1.180773256947993e-10,"[2, 5, 11, 17, 22, 25, 29, 38, 44, 52, 55, 60, 65, 74, 78, 84, 89, 95, 98, 101, 105]","[38.00000000000006, 368.0, 461.0000000000002, 192.9999999999999, 951.0000000000003, 154.0000000000001, 881.0, 243.00000000000003, 491.00000000000006, 186.0, 321.0, 943.0000000000001, 810.0, 205.0, 478.00000000000017, 276.0, 346.9999999999999, 79.0, 1008.0000000000001, 114.0, 893.0000000000001]",21,5.552529504061031,125981.91478428314,0.882781763775315,4.36592371825129e-06,1.0,0.4907407407407407,67631.0,0.1291094199047374,0.15147910127183992,188156.12126451553,82872438.25058056,8,12069.579557418136,0.027777777777777776,"[0.0, 0.009259259259259259, 0.018518518518518517, 0.027777777777777776, 0.037037037037037035, 0.046296296296296294, 0.05555555555555555, 0.06481481481481481, 0.07407407407407407, 0.08333333333333333, 0.09259259259259259, 0.10185185185185185, 0.1111111111111111, 0.12037037037037036, 0.12962962962962962, 0.1388888888888889, 0.14814814814814814, 0.15740740740740738, 0.16666666666666666, 0.17592592592592593, 0.18518518518518517, 0.19444444444444442, 0.2037037037037037, 0.21296296296296297, 0.2222222222222222, 0.23148148148148145, 0.24074074074074073]","[67631.0, 1786.6346316370004, 1155.9831840869383, 12069.579557418136, 1906.5778542068429, 950.5914327635998, 9083.877197385176, 2481.229636774485, 778.6316126029436, 8965.16239638599, 2042.6423114779184, 1606.717102154149, 6927.939836298325, 1790.9411989177936, 2115.064375989649, 4469.146453396723, 811.3124818658856, 852.4454942250583, 2613.518509595828, 1125.8336361545946, 622.5282936168381, 1595.9028958466974, 1672.0836322356427, 807.767182253757, 3024.634439411758, 842.7313814743655, 842.8235732269196]",3.0,0.3,145.14999999999998,15,0.5,1721880.1384885088,0.14445541615564295,0.12412575453778009,16430975.452705404,84089526828.82372,"[0.046875, 0.03125]",2,1721880.1384885088,0.046875,"[0.0, 0.015625, 0.03125, 0.046875, 0.0625, 0.078125, 0.09375, 0.109375, 0.125, 0.140625, 0.15625, 0.171875, 0.1875, 0.203125, 0.21875, 0.234375]","[154749.38571156538, 876106.9067082778, 1710291.3768915331, 1721880.1384885088, 1236443.3975593024, 1200279.6938555273, 1385236.6101427819, 1437054.047422281, 1048940.2936461223, 664501.8455342909, 393060.29715082515, 165807.08106897448, 58528.06662853261, 51528.95639390756, 141871.95181127614, 339557.7347245398]",3.0,0.3,flattop,64,32,145.14999999999998,15,21,449.52380952380963,38.00000000000006,1008.0000000000001,"[2, 5, 11, 17, 22, 25, 29, 38, 44, 52, 55, 60, 65, 74, 78, 84, 89, 95, 98, 101, 105]","[38.00000000000006, 368.0, 461.0000000000002, 192.9999999999999, 951.0000000000003, 154.0000000000001, 881.0, 243.00000000000003, 491.00000000000006, 186.0, 321.0, 943.0000000000001, 810.0, 205.0, 478.00000000000017, 276.0, 346.9999999999999, 79.0, 1008.0000000000001, 114.0, 893.0000000000001]","[1, 1, 1, 15, 1, 24, 27, 35, 35, 49, 35, 35, 63, 73, 73, 73, 35, 92, 35, 99, 99]","[3, 8, 18, 18, 35, 27, 35, 39, 49, 53, 56, 73, 73, 75, 81, 85, 92, 97, 106, 102, 106]",0.05,30,52684909.00000001,1016.0000000000001,-1016.0000000000001,DWT,uc1.l0082987033,0.0,0.0,1.1368683772161603e-13,0.0,0.0,1.1368683772161603e-13,3.725290298461914e-09,1.1368683772161603e-13,1.0,84,0.0,5.4569682106375694e-12,1.0,84,,0.0,0.0,1.0,84,0.0,0.0,7.450580596923828e-09,6.103515625e-05,0.0,0.0,0.0,0.0,1.1368683772161603e-13,1.8189894035458565e-12,7.443781041296288e-14,0.0,1.1368683772161603e-13,0.0,2.842170943040401e-14,0.0,0.0,0.0,2.842170943040401e-14,5.684341886080802e-14,5.551115123125783e-17,0.0,0.0,1.3877787807814457e-17,0.0,0.0,0.0,2.7755575615628914e-17,0.9319103421197731,0.1386962778727606,0.04486358961462373,0.35139664804469345,0.10249800775932955,3.135877575339459e-05,1.5679387876697293e-05,3.135877575339459e-05,354,0.8324840013371652,0.4706840729089432,543,0,0,3.135877575339459e-05,3.135877575339459e-05,281,0,0,0.3138729730822361,0.42692413829325465,564,139.7390425042336,0.8194586014157188,435.5,400.0700966891846,0.6283985513538543,279,bior,385.74074074074076,410.0,199.97417605530825,135,0.8534087184529663,0.7130285416801533,0.18870533457887761,4,210.25
coif4,1,constant,2.3717139636807924e-26,316.34440000640564,9354586.243579835,0.5692307692307692,267.7731735555537,108,raw,1.1065222812097392e-13,-1.1168888036650123e-10,"[2, 5, 11, 17, 22, 25, 29, 38, 44, 52, 55, 60, 65, 74, 78, 84, 89, 95, 98, 101, 105]","[37.99999999999994, 368.0000000000002, 461.00000000000006, 193.0000000000001, 951.0000000000002, 154.00000000000034, 880.9999999999999, 243.00000000000014, 491.00000000000057, 185.99999999999966, 320.9999999999999, 942.9999999999998, 810.0, 205.00000000000006, 478.0000000000002, 276.0000000000002, 347.0000000000002, 79.0, 1007.9999999999999, 114.00000000000045, 893.0000000000003]",21,5.635447376005594,128450.37943786984,0.8592577766674512,4.365923718251291e-06,0.9999999999999998,0.4907407407407407,67631.0,0.12910941990473743,0.15147910127183992,188156.12126451556,82872438.25058056,8,12069.57955741813,0.027777777777777776,"[0.0, 0.009259259259259259, 0.018518518518518517, 0.027777777777777776, 0.037037037037037035, 0.046296296296296294, 0.05555555555555555, 0.06481481481481481, 0.07407407407407407, 0.08333333333333333, 0.09259259259259259, 0.10185185185185185, 0.1111111111111111, 0.12037037037037036, 0.12962962962962962, 0.1388888888888889, 0.14814814814814814, 0.15740740740740738, 0.16666666666666666, 0.17592592592592593, 0.18518518518518517, 0.19444444444444442, 0.2037037037037037, 0.21296296296296297, 0.2222222222222222, 0.23148148148148145, 0.24074074074074073]","[67631.0, 1786.6346316370018, 1155.983184086941, 12069.57955741813, 1906.5778542068426, 950.5914327636032, 9083.877197385176, 2481.229636774485, 778.6316126029465, 8965.162396385991, 2042.6423114779172, 1606.7171021541508, 6927.939836298324, 1790.941198917796, 2115.0643759896507, 4469.1464533967255, 811.3124818658854, 852.445494225059, 2613.518509595828, 1125.8336361545958, 622.528293616837, 1595.9028958467, 1672.083632235643, 807.7671822537582, 3024.6344394117596, 842.7313814743642, 842.8235732269208]",3.0,0.3,145.15000000000006,15,0.5,1721880.1384885085,0.14445541615564295,0.12412575453778009,16430975.452705398,84089526828.82365,"[0.046875, 0.03125]",2,1721880.1384885085,0.046875,"[0.0, 0.015625, 0.03125, 0.046875, 0.0625, 0.078125, 0.09375, 0.109375, 0.125, 0.140625, 0.15625, 0.171875, 0.1875, 0.203125, 0.21875, 0.234375]","[154749.38571156556, 876106.9067082778, 1710291.3768915324, 1721880.1384885085, 1236443.3975593022, 1200279.6938555269, 1385236.6101427814, 1437054.0474222803, 1048940.2936461219, 664501.8455342904, 393060.2971508249, 165807.08106897437, 58528.0666285326, 51528.95639390746, 141871.95181127609, 339557.7347245395]",3.0,0.3,flattop,64,32,145.15000000000006,15,21,449.52380952380963,37.99999999999994,1007.9999999999999,"[2, 5, 11, 17, 22, 25, 29, 38, 44, 52, 55, 60, 65, 74, 78, 84, 89, 95, 98, 101, 105]","[37.99999999999994, 368.0000000000002, 461.00000000000006, 193.0000000000001, 951.0000000000002, 154.00000000000034, 880.9999999999999, 243.00000000000014, 491.00000000000057, 185.99999999999966, 320.9999999999999, 942.9999999999998, 810.0, 205.00000000000006, 478.0000000000002, 276.0000000000002, 347.0000000000002, 79.0, 1007.9999999999999, 114.00000000000045, 893.0000000000003]","[1, 1, 1, 15, 1, 24, 27, 35, 35, 49, 35, 35, 63, 73, 73, 73, 35, 92, 35, 99, 99]","[3, 8, 18, 18, 35, 27, 35, 39, 49, 53, 56, 73, 73, 75, 81, 85, 92, 97, 106, 102, 106]",0.05,30,52684909.0,1015.9999999999999,-1015.9999999999999,DWT,uc1.l0082987033,2.3283064365386963e-10,0.0,1.1368683772161603e-13,0.0,0.0,1.1368683772161603e-13,1.862645149230957e-09,1.1368683772161603e-13,1.0,84,0.0,0.0,1.0,84,,0.0,0.0,1.0,84,0.0,0.0,0.0,0.0,0.0,0.0,0.0,0.0,1.1368683772161603e-13,1.8189894035458565e-12,1.9895196601282808e-13,0.0,1.1368683772161603e-13,0.0,5.684341886080802e-14,0.0,0.0,0.0,5.684341886080802e-14,5.684341886080802e-14,2.7755575615628914e-17,2.3283064365386963e-10,0.0,1.3877787807814457e-17,2.9103830456733704e-11,0.0,0.0,2.7755575615628914e-17,0.9068706037967333,0.24494255190336028,0.021921672338782783,0.5660507090674687,0.10917990113789175,0.0,0.0,0.0,497,0.9476467184812558,0.5357967437417457,376,0,0,0.0,0.0,607,0,0,0.36979308764884733,0.5029856305911454,367,113.53523682099755,0.853313647518091,461.75,442.28760432081367,0.628368710063955,280,coif,217.80246913580248,181.0,166.32516494453617,81,0.48186386976947454,0.5930495234160287,0.4847804341365592,1,210.25
db12,1,smooth,2.0834137894663124e-26,316.9072677688724,9925330.658701258,0.5692307692307692,374.00431728705024,108,raw,1.0390042735640161e-13,-1.171027719237834e-10,"[2, 5, 11, 17, 22, 25, 29, 38, 44, 52, 55, 60, 65, 74, 78, 84, 89, 95, 98, 101, 105]","[37.99999999999994, 367.9999999999997, 461.00000000000034, 192.99999999999977, 951.0000000000001, 153.9999999999999, 881.0, 243.0, 490.99999999999994, 186.0000000000001, 320.9999999999998, 943.0, 809.9999999999999, 204.99999999999997, 477.9999999999998, 275.9999999999999, 346.99999999999966, 79.0, 1007.9999999999999, 114.00000000000023, 892.9999999999997]",21,5.827138674221958,95892.51968145969,0.8206494892057603,4.365923718251291e-06,1.0,0.4907407407407407,67631.0,0.1291094199047374,0.15147910127183992,188156.12126451553,82872438.25058056,8,12069.579557418134,0.027777777777777776,"[0.0, 0.009259259259259259, 0.018518518518518517, 0.027777777777777776, 0.037037037037037035, 0.046296296296296294, 0.05555555555555555, 0.06481481481481481, 0.07407407407407407, 0.08333333333333333, 0.09259259259259259, 0.10185185185185185, 0.1111111111111111, 0.12037037037037036, 0.12962962962962962, 0.1388888888888889, 0.14814814814814814, 0.15740740740740738, 0.16666666666666666, 0.17592592592592593, 0.18518518518518517, 0.19444444444444442, 0.2037037037037037, 0.21296296296296297, 0.2222222222222222, 0.23148148148148145, 0.24074074074074073]","[67631.0, 1786.6346316370007, 1155.9831840869379, 12069.579557418134, 1906.577854206842, 950.5914327635987, 9083.877197385178, 2481.2296367744825, 778.6316126029456, 8965.162396385993, 2042.6423114779175, 1606.71710215415, 6927.939836298323, 1790.941198917794, 2115.064375989648, 4469.146453396726, 811.3124818658847, 852.445494225056, 2613.518509595828, 1125.833636154593, 622.5282936168369, 1595.9028958466984, 1672.0836322356422, 807.7671822537567, 3024.634439411761, 842.731381474365, 842.8235732269203]",3.0,0.3,145.15000000000006,15,0.5,1721880.1384885088,0.1444554161556429,0.12412575453778009,16430975.452705404,84089526828.82372,"[0.046875, 0.03125]",2,1721880.1384885088,0.046875,"[0.0, 0.015625, 0.03125, 0.046875, 0.0625, 0.078125, 0.09375, 0.109375, 0.125, 0.140625, 0.15625, 0.171875, 0.1875, 0.203125, 0.21875, 0.234375]","[154749.3857115656, 876106.9067082782, 1710291.3768915324, 1721880.1384885088, 1236443.3975593029, 1200279.6938555273, 1385236.610142782, 1437054.047422281, 1048940.2936461226, 664501.8455342907, 393060.29715082515, 165807.08106897445, 58528.06662853259, 51528.95639390756, 141871.9518112763, 339557.7347245399]",3.0,0.3,flattop,64,32,145.15000000000006,15,21,449.52380952380946,37.99999999999994,1007.9999999999999,"[2, 5, 11, 17, 22, 25, 29, 38, 44, 52, 55, 60, 65, 74, 78, 84, 89, 95, 98, 101, 105]","[37.99999999999994, 367.9999999999997, 461.00000000000034, 192.99999999999977, 951.0000000000001, 153.9999999999999, 881.0, 243.0, 490.99999999999994, 186.0000000000001, 320.9999999999998, 943.0, 809.9999999999999, 204.99999999999997, 477.9999999999998, 275.9999999999999, 346.99999999999966, 79.0, 1007.9999999999999, 114.00000000000023, 892.9999999999997]","[1, 1, 1, 15, 1, 24, 27, 35, 35, 49, 35, 35, 63, 73, 73, 73, 35, 92, 35, 99, 99]","[3, 8, 18, 18, 35, 27, 35, 39, 49, 53, 56, 73, 73, 75, 81, 85, 92, 97, 106, 102, 106]",0.05,30,52684909.0,1016.0,-1016.0,DWT,uc1.l0082987033,0.0,0.0,5.684341886080802e-14,0.0,0.0,1.1368683772161603e-13,3.725290298461914e-09,0.0,1.0,84,0.0,3.637978807091713e-12,1.0,84,,0.0,0.0,1.0,84,0.0,0.0,0.0,6.103515625e-05,0.0,0.0,0.0,0.0,5.684341886080802e-14,1.8189894035458565e-12,1.448153766215823e-13,0.0,0.0,0.0,5.684341886080802e-14,0.0,0.0,0.0,5.684341886080802e-14,5.684341886080802e-14,5.551115123125783e-17,0.0,0.0,1.3877787807814457e-17,0.0,0.0,0.0,2.7755575615628914e-17,0.9126493824820441,0.49056494574860776,0.07728591604704582,0.5660507090674687,0.021048946047886687,0.0,0.0,0.0,628,1.0663549224331954,0.6029140226733019,204,0,0,0.0,0.0,443,0,0,0.41351997987861056,0.5624621302786242,223,200.8125162101871,0.7405523046380011,374.5,302.20704643594985,0.6283510877195173,281,db,413.2962962962963,398.0,188.41229481502944,243,0.9143723369387087,0.671803462110104,0.15839832550987273,5,212.0
bior2.2,1,symmetric,2.9462493956476604e-27,325.402328047347,9493646.140387818,0.5625,337.8328865679172,108,raw,2.8619082412559584e-14,-1.1169543068234653e-10,"[2, 5, 11, 17, 22, 25, 29, 38, 44, 52, 55, 60, 65, 74, 78, 84, 89, 95, 98, 101, 105]","[38.00000000000003, 367.9999999999998, 461.0, 193.0, 951.0, 153.9999999999999, 881.0, 243.00000000000006, 491.0, 186.0000000000001, 321.0, 942.9999999999999, 810.0, 205.00000000000006, 478.00000000000006, 276.0, 347.0, 78.99999999999989, 1008.0000000000001, 114.00000000000011, 893.0000000000001]",21,5.579469191600412,109129.02157904176,0.8469807647535051,4.365923718251291e-06,1.0,0.4907407407407407,67631.0,0.1291094199047374,0.15147910127183992,188156.12126451553,82872438.25058056,8,12069.57955741813,0.027777777777777776,"[0.0, 0.009259259259259259, 0.018518518518518517, 0.027777777777777776, 0.037037037037037035, 0.046296296296296294, 0.05555555555555555, 0.06481481481481481, 0.07407407407407407, 0.08333333333333333, 0.09259259259259259, 0.10185185185185185, 0.1111111111111111, 0.12037037037037036, 0.12962962962962962, 0.1388888888888889, 0.14814814814814814, 0.15740740740740738, 0.16666666666666666, 0.17592592592592593, 0.18518518518518517, 0.19444444444444442, 0.2037037037037037, 0.21296296296296297, 0.2222222222222222, 0.23148148148148145, 0.24074074074074073]","[67631.0, 1786.6346316370018, 1155.983184086939, 12069.57955741813, 1906.5778542068429, 950.5914327636009, 9083.877197385176, 2481.229636774484, 778.6316126029453, 8965.162396385991, 2042.6423114779177, 1606.717102154149, 6927.939836298323, 1790.9411989177931, 2115.064375989648, 4469.146453396725, 811.312481865886, 852.4454942250585, 2613.518509595828, 1125.833636154594, 622.5282936168377, 1595.902895846698, 1672.0836322356424, 807.7671822537568, 3024.634439411759, 842.7313814743652, 842.8235732269203]",3.0,0.3,145.14999999999998,15,0.5,1721880.1384885088,0.14445541615564292,0.12412575453778008,16430975.4527054,84089526828.82368,"[0.046875, 0.03125]",2,1721880.1384885088,0.046875,"[0.0, 0.015625, 0.03125, 0.046875, 0.0625, 0.078125, 0.09375, 0.109375, 0.125, 0.140625, 0.15625, 0.171875, 0.1875, 0.203125, 0.21875, 0.234375]","[154749.3857115655, 876106.9067082781, 1710291.3768915324, 1721880.1384885088, 1236443.3975593026, 1200279.6938555269, 1385236.6101427814, 1437054.0474222805, 1048940.2936461219, 664501.8455342907, 393060.29715082515, 165807.08106897442, 58528.06662853257, 51528.9563939075, 141871.95181127617, 339557.73472453986]",3.0,0.3,flattop,64,32,145.14999999999998,15,21,449.5238095238095,38.00000000000003,1008.0000000000001,"[2, 5, 11, 17, 22, 25, 29, 38, 44, 52, 55, 60, 65, 74, 78, 84, 89, 95, 98, 101, 105]","[38.00000000000003, 367.9999999999998, 461.0, 193.0, 951.0, 153.9999999999999, 881.0, 243.00000000000006, 491.0, 186.0000000000001, 321.0, 942.9999999999999, 810.0, 205.00000000000006, 478.00000000000006, 276.0, 347.0, 78.99999999999989, 1008.0000000000001, 114.00000000000011, 893.0000000000001]","[1, 1, 1, 15, 1, 24, 27, 35, 35, 49, 35, 35, 63, 73, 73, 73, 35, 92, 35, 99, 99]","[3, 8, 18, 18, 35, 27, 35, 39, 49, 53, 56, 73, 73, 75, 81, 85, 92, 97, 106, 102, 106]",0.05,30,52684909.0,1016.0000000000001,-1016.0000000000001,DWT,uc1.l0082987033,0.0,0.0,0.0,0.0,0.0,1.1368683772161603e-13,0.0,1.1368683772161603e-13,1.0,84,0.0,0.0,1.0,84,,0.0,0.0,1.0,84,0.0,0.0,0.0,3.0517578125e-05,0.0,0.0,0.0,0.0,0.0,0.0,5.819683359558915e-14,0.0,1.1368683772161603e-13,0.0,2.842170943040401e-14,0.0,0.0,0.0,2.842170943040401e-14,2.842170943040401e-14,5.551115123125783e-17,0.0,0.0,0.0,0.0,0.0,0.0,0.0,0.999865379810688,0.17321527067230433,0.03541097825741397,0.49092178770949735,0.056878867394448696,0.0,0.0,0.0,521,0.9233526143928503,0.5220609267871407,415,0,0,0.0,0.0,597,0,0,0.3512584567688705,0.47777517287217375,433,84.21203397773186,0.8911989225093904,491.5,481.1430969417605,0.6280930013063748,282,bior,385.74074074074076,410.0,199.97417605530825,135,0.8534087184529663,0.7130285416801533,0.18870533457887761,4,212.5
db14,1,smooth,2.16306828894424e-26,316.7443208067333,10405856.847070348,0.5597014925373134,408.5408436115855,108,raw,1.0454188954840736e-13,-1.154439877026909e-10,"[2, 5, 11, 17, 22, 25, 29, 38, 44, 52, 55, 60, 65, 74, 78, 84, 89, 95, 98, 101, 105]","[38.00000000000006, 367.9999999999999, 461.0, 192.99999999999943, 951.0000000000001, 154.0000000000001, 881.0, 243.0, 491.00000000000006, 186.0000000000001, 320.9999999999999, 943.0, 810.0, 204.99999999999994, 478.0000000000003, 275.9999999999999, 347.0, 79.00000000000023, 1008.0, 113.99999999999977, 893.0000000000003]",21,5.851169232221899,96740.37092569967,0.8232962716292933,4.365923718251291e-06,1.0,0.4907407407407407,67631.0,0.1291094199047374,0.15147910127183992,188156.12126451556,82872438.25058056,8,12069.579557418134,0.027777777777777776,"[0.0, 0.009259259259259259, 0.018518518518518517, 0.027777777777777776, 0.037037037037037035, 0.046296296296296294, 0.05555555555555555, 0.06481481481481481, 0.07407407407407407, 0.08333333333333333, 0.09259259259259259, 0.10185185185185185, 0.1111111111111111, 0.12037037037037036, 0.12962962962962962, 0.1388888888888889, 0.14814814814814814, 0.15740740740740738, 0.16666666666666666, 0.17592592592592593, 0.18518518518518517, 0.19444444444444442, 0.2037037037037037, 0.21296296296296297, 0.2222222222222222, 0.23148148148148145, 0.24074074074074073]","[67631.0, 1786.6346316370004, 1155.983184086939, 12069.579557418134, 1906.5778542068429, 950.5914327636007, 9083.87719738518, 2481.229636774484, 778.6316126029435, 8965.162396385993, 2042.6423114779177, 1606.7171021541494, 6927.939836298322, 1790.9411989177943, 2115.0643759896475, 4469.146453396724, 811.3124818658853, 852.4454942250571, 2613.518509595828, 1125.833636154596, 622.5282936168369, 1595.9028958466984, 1672.0836322356429, 807.7671822537563, 3024.6344394117605, 842.7313814743648, 842.823573226918]",3.0,0.3,145.14999999999995,15,0.5,1721880.1384885088,0.14445541615564297,0.1241257545377801,16430975.452705402,84089526828.82368,"[0.046875, 0.03125]",2,1721880.1384885088,0.046875,"[0.0, 0.015625, 0.03125, 0.046875, 0.0625, 0.078125, 0.09375, 0.109375, 0.125, 0.140625, 0.15625, 0.171875, 0.1875, 0.203125, 0.21875, 0.234375]","[154749.38571156535, 876106.9067082778, 1710291.3768915327, 1721880.1384885088, 1236443.3975593026, 1200279.6938555273, 1385236.6101427816, 1437054.0474222805, 1048940.2936461219, 664501.8455342907, 393060.2971508252, 165807.08106897463, 58528.06662853263, 51528.956393907494, 141871.95181127614, 339557.7347245398]",3.0,0.3,flattop,64,32,145.14999999999995,15,21,449.5238095238095,38.00000000000006,1008.0,"[2, 5, 11, 17, 22, 25, 29, 38, 44, 52, 55, 60, 65, 74, 78, 84, 89, 95, 98, 101, 105]","[38.00000000000006, 367.9999999999999, 461.0, 192.99999999999943, 951.0000000000001, 154.0000000000001, 881.0, 243.0, 491.00000000000006, 186.0000000000001, 320.9999999999999, 943.0, 810.0, 204.99999999999994, 478.0000000000003, 275.9999999999999, 347.0, 79.00000000000023, 1008.0, 113.99999999999977, 893.0000000000003]","[1, 1, 1, 15, 1, 24, 27, 35, 35, 49, 35, 35, 63, 73, 73, 73, 35, 92, 35, 99, 99]","[3, 8, 18, 18, 35, 27, 35, 39, 49, 53, 56, 73, 73, 75, 81, 85, 92, 97, 106, 102, 106]",0.05,30,52684909.0,1016.0,-1016.0,DWT,uc1.l0082987033,0.0,0.0,0.0,0.0,0.0,0.0,1.862645149230957e-09,0.0,1.0,84,0.0,3.637978807091713e-12,1.0,84,,0.0,0.0,1.0,84,0.0,0.0,0.0,3.0517578125e-05,0.0,0.0,0.0,0.0,0.0,0.0,1.1910049666074056e-13,0.0,0.0,0.0,5.684341886080802e-14,0.0,0.0,0.0,5.684341886080802e-14,5.684341886080802e-14,5.551115123125783e-17,0.0,0.0,2.7755575615628914e-17,2.9103830456733704e-11,0.0,0.0,5.551115123125783e-17,0.9109764594716397,0.5213563443999981,0.12389867001575372,0.45968481614274953,0.023343996781816055,0.0,0.0,0.0,647,1.062424908060686,0.6006920037894888,211,0,0,0.0,0.0,407,0,0,0.40785205736239144,0.5547527282476448,237,200.78761581996702,0.7405844756847971,375.5,308.60998829555666,0.627721178410874,283,db,413.2962962962963,398.0,188.41229481502944,243,0.9143723369387087,0.671803462110104,0.15839832550987273,5,213.5
rbio3.5,1,periodic,7.051306243994424e-27,321.61232734330986,9636976.689345008,0.5254237288135594,537.8048440015049,108,raw,4.822479864001416e-14,-1.1071654704153452e-10,"[2, 5, 11, 17, 22, 25, 29, 38, 44, 52, 55, 60, 65, 74, 78, 84, 89, 95, 98, 101, 105]","[37.99999999999997, 368.0, 461.00000000000006, 192.99999999999994, 951.0, 154.0, 881.0, 242.99999999999997, 491.0000000000001, 185.9999999999999, 321.0, 943.0, 810.0000000000002, 205.0, 478.0, 276.0, 346.9999999999998, 78.99999999999989, 1008.0000000000001, 114.0, 893.0]",21,5.923899374352867,117598.9392642816,0.5915412258486443,4.365923718251291e-06,1.0,0.4907407407407407,67631.0,0.12910941990473743,0.15147910127183992,188156.12126451553,82872438.25058056,8,12069.57955741813,0.027777777777777776,"[0.0, 0.009259259259259259, 0.018518518518518517, 0.027777777777777776, 0.037037037037037035, 0.046296296296296294, 0.05555555555555555, 0.06481481481481481, 0.07407407407407407, 0.08333333333333333, 0.09259259259259259, 0.10185185185185185, 0.1111111111111111, 0.12037037037037036, 0.12962962962962962, 0.1388888888888889, 0.14814814814814814, 0.15740740740740738, 0.16666666666666666, 0.17592592592592593, 0.18518518518518517, 0.19444444444444442, 0.2037037037037037, 0.21296296296296297, 0.2222222222222222, 0.23148148148148145, 0.24074074074074073]","[67631.0, 1786.634631637001, 1155.9831840869385, 12069.57955741813, 1906.5778542068433, 950.5914327636023, 9083.877197385176, 2481.2296367744843, 778.6316126029435, 8965.162396385991, 2042.642311477917, 1606.7171021541506, 6927.939836298324, 1790.9411989177927, 2115.0643759896493, 4469.146453396725, 811.312481865886, 852.4454942250591, 2613.518509595828, 1125.8336361545946, 622.5282936168352, 1595.9028958466981, 1672.0836322356422, 807.7671822537562, 3024.6344394117596, 842.7313814743653, 842.8235732269209]",3.0,0.3,145.15000000000006,15,0.5,1721880.1384885088,0.14445541615564292,0.12412575453778006,16430975.452705404,84089526828.82368,"[0.046875, 0.03125]",2,1721880.1384885088,0.046875,"[0.0, 0.015625, 0.03125, 0.046875, 0.0625, 0.078125, 0.09375, 0.109375, 0.125, 0.140625, 0.15625, 0.171875, 0.1875, 0.203125, 0.21875, 0.234375]","[154749.3857115655, 876106.906708278, 1710291.3768915324, 1721880.1384885088, 1236443.3975593026, 1200279.6938555269, 1385236.6101427816, 1437054.047422281, 1048940.2936461219, 664501.8455342908, 393060.2971508254, 165807.08106897466, 58528.06662853263, 51528.956393907494, 141871.95181127614, 339557.73472454003]",3.0,0.3,flattop,64,32,145.15000000000006,15,21,449.5238095238095,37.99999999999997,1008.0000000000001,"[2, 5, 11, 17, 22, 25, 29, 38, 44, 52, 55, 60, 65, 74, 78, 84, 89, 95, 98, 101, 105]","[37.99999999999997, 368.0, 461.00000000000006, 192.99999999999994, 951.0, 154.0, 881.0, 242.99999999999997, 491.0000000000001, 185.9999999999999, 321.0, 943.0, 810.0000000000002, 205.0, 478.0, 276.0, 346.9999999999998, 78.99999999999989, 1008.0000000000001, 114.0, 893.0]","[1, 1, 1, 15, 1, 24, 27, 35, 35, 49, 35, 35, 63, 73, 73, 73, 35, 92, 35, 99, 99]","[3, 8, 18, 18, 35, 27, 35, 39, 49, 53, 56, 73, 73, 75, 81, 85, 92, 97, 106, 102, 106]",0.05,30,52684909.0,1016.0,-1016.0,DWT,uc1.l0082987033,0.0,0.0,0.0,0.0,0.0,1.1368683772161603e-13,3.725290298461914e-09,0.0,1.0,84,0.0,0.0,1.0,84,,0.0,0.0,1.0,84,0.0,0.0,0.0,3.0517578125e-05,0.0,0.0,0.0,0.0,0.0,0.0,5.1429759921683455e-14,0.0,0.0,0.0,5.684341886080802e-14,0.0,0.0,0.0,5.684341886080802e-14,2.842170943040401e-14,2.7755575615628914e-17,0.0,0.0,1.3877787807814457e-17,0.0,0.0,0.0,0.0,0.9609546857787188,0.6145486373268791,0.04931455266491256,0.07707603446643385,0.07980610956327537,0.0,0.0,0.0,418,0.9712572640750109,0.5491460786788985,325,0,0,0.0,0.0,631,0,0,0.35634000396004395,0.4846869981704285,410,130.31500297356402,0.8316343630832506,446.0,421.3596466961023,0.627703486451186,284,rbio,366.5925925925926,360.0,210.3588723315502,135,0.8110455588331695,0.7500562468954116,0.20725123474815782,3,213.75
bior2.2,1,antisymmetric,2.9420421374864815e-27,325.4085342255024,9493406.20711519,0.5625,337.8328865679172,108,raw,2.8421709430403998e-14,-1.1174516867384975e-10,"[2, 5, 11, 17, 22, 25, 29, 38, 44, 52, 55, 60, 65, 74, 78, 84, 89, 95, 98, 101, 105]","[38.00000000000003, 367.9999999999998, 461.0, 193.0, 951.0, 153.9999999999999, 881.0, 243.00000000000006, 491.0, 186.0000000000001, 321.0, 942.9999999999999, 810.0, 205.00000000000006, 478.00000000000006, 276.0, 347.0, 78.99999999999989, 1008.0000000000001, 114.00000000000011, 893.0000000000001]",21,5.580396013871652,107126.7603386081,0.8418668886004433,4.365923718251291e-06,1.0,0.4907407407407407,67631.0,0.1291094199047374,0.15147910127183992,188156.12126451553,82872438.25058056,8,12069.57955741813,0.027777777777777776,"[0.0, 0.009259259259259259, 0.018518518518518517, 0.027777777777777776, 0.037037037037037035, 0.046296296296296294, 0.05555555555555555, 0.06481481481481481, 0.07407407407407407, 0.08333333333333333, 0.09259259259259259, 0.10185185185185185, 0.1111111111111111, 0.12037037037037036, 0.12962962962962962, 0.1388888888888889, 0.14814814814814814, 0.15740740740740738, 0.16666666666666666, 0.17592592592592593, 0.18518518518518517, 0.19444444444444442, 0.2037037037037037, 0.21296296296296297, 0.2222222222222222, 0.23148148148148145, 0.24074074074074073]","[67631.0, 1786.6346316370018, 1155.983184086939, 12069.57955741813, 1906.5778542068429, 950.5914327636009, 9083.877197385176, 2481.229636774484, 778.6316126029452, 8965.162396385991, 2042.6423114779177, 1606.717102154149, 6927.939836298323, 1790.9411989177931, 2115.064375989648, 4469.146453396725, 811.312481865886, 852.4454942250585, 2613.518509595828, 1125.833636154594, 622.5282936168379, 1595.902895846698, 1672.0836322356424, 807.7671822537568, 3024.634439411759, 842.7313814743652, 842.8235732269203]",3.0,0.3,145.14999999999998,15,0.5,1721880.1384885088,0.14445541615564292,0.12412575453778008,16430975.4527054,84089526828.82368,"[0.046875, 0.03125]",2,1721880.1384885088,0.046875,"[0.0, 0.015625, 0.03125, 0.046875, 0.0625, 0.078125, 0.09375, 0.109375, 0.125, 0.140625, 0.15625, 0.171875, 0.1875, 0.203125, 0.21875, 0.234375]","[154749.3857115655, 876106.9067082781, 1710291.3768915324, 1721880.1384885088, 1236443.3975593026, 1200279.6938555269, 1385236.6101427814, 1437054.0474222805, 1048940.2936461219, 664501.8455342907, 393060.29715082515, 165807.08106897442, 58528.06662853257, 51528.9563939075, 141871.95181127617, 339557.73472453986]",3.0,0.3,flattop,64,32,145.14999999999998,15,21,449.5238095238095,38.00000000000003,1008.0000000000001,"[2, 5, 11, 17, 22, 25, 29, 38, 44, 52, 55, 60, 65, 74, 78, 84, 89, 95, 98, 101, 105]","[38.00000000000003, 367.9999999999998, 461.0, 193.0, 951.0, 153.9999999999999, 881.0, 243.00000000000006, 491.0, 186.0000000000001, 321.0, 942.9999999999999, 810.0, 205.00000000000006, 478.00000000000006, 276.0, 347.0, 78.99999999999989, 1008.0000000000001, 114.00000000000011, 893.0000000000001]","[1, 1, 1, 15, 1, 24, 27, 35, 35, 49, 35, 35, 63, 73, 73, 73, 35, 92, 35, 99, 99]","[3, 8, 18, 18, 35, 27, 35, 39, 49, 53, 56, 73, 73, 75, 81, 85, 92, 97, 106, 102, 106]",0.05,30,52684909.0,1016.0000000000001,-1016.0000000000001,DWT,uc1.l0082987033,0.0,0.0,0.0,0.0,0.0,1.1368683772161603e-13,0.0,1.1368683772161603e-13,1.0,84,0.0,0.0,1.0,84,,0.0,0.0,1.0,84,0.0,0.0,0.0,3.0517578125e-05,0.0,0.0,0.0,0.0,0.0,0.0,5.819683359558915e-14,0.0,1.1368683772161603e-13,0.0,2.842170943040401e-14,0.0,0.0,0.0,2.842170943040401e-14,2.842170943040401e-14,5.551115123125783e-17,0.0,0.0,0.0,0.0,0.0,0.0,0.0,0.9999290966060587,0.17440284834040448,0.03538770387429683,0.49092178770949735,0.05145894124514542,0.0,0.0,0.0,526,0.9218050256528431,0.5211859245406535,417,0,0,0.0,0.0,595,0,0,0.3504200755550806,0.4766348224503337,442,81.35109095765097,0.8948952313208643,495.0,485.29919974462314,0.6276801737999671,285,bior,385.74074074074076,410.0,199.97417605530825,135,0.8534087184529663,0.7130285416801533,0.18870533457887761,4,214.75
bior3.7,1,constant,9.800376934675036e-27,320.1825953166284,9962458.598325389,0.5819672131147541,285.3959928706783,108,raw,6.996049829989782e-14,-1.0996692445530769e-10,"[2, 5, 11, 17, 22, 25, 29, 38, 44, 52, 55, 60, 65, 74, 78, 84, 89, 95, 98, 101, 105]","[37.99999999999997, 367.9999999999998, 460.9999999999998, 193.0, 950.9999999999999, 154.0, 880.9999999999999, 242.99999999999997, 491.0, 186.0000000000001, 320.9999999999999, 943.0, 810.0, 204.99999999999994, 478.0000000000001, 276.0, 347.0000000000001, 79.0, 1008.0, 114.0, 893.0]",21,5.492985721109578,137191.26436005763,0.9247645003700005,4.365923718251291e-06,1.0,0.4907407407407407,67631.0,0.12910941990473743,0.15147910127183992,188156.12126451553,82872438.25058056,8,12069.57955741813,0.027777777777777776,"[0.0, 0.009259259259259259, 0.018518518518518517, 0.027777777777777776, 0.037037037037037035, 0.046296296296296294, 0.05555555555555555, 0.06481481481481481, 0.07407407407407407, 0.08333333333333333, 0.09259259259259259, 0.10185185185185185, 0.1111111111111111, 0.12037037037037036, 0.12962962962962962, 0.1388888888888889, 0.14814814814814814, 0.15740740740740738, 0.16666666666666666, 0.17592592592592593, 0.18518518518518517, 0.19444444444444442, 0.2037037037037037, 0.21296296296296297, 0.2222222222222222, 0.23148148148148145, 0.24074074074074073]","[67631.0, 1786.6346316370013, 1155.9831840869379, 12069.57955741813, 1906.5778542068435, 950.5914327636016, 9083.877197385176, 2481.2296367744816, 778.6316126029438, 8965.162396385991, 2042.6423114779182, 1606.717102154148, 6927.939836298323, 1790.9411989177936, 2115.0643759896484, 4469.146453396725, 811.3124818658843, 852.4454942250572, 2613.5185095958273, 1125.8336361545944, 622.5282936168371, 1595.9028958466977, 1672.0836322356404, 807.7671822537563, 3024.6344394117596, 842.7313814743655, 842.8235732269203]",3.0,0.3,145.15000000000003,15,0.5,1721880.138488509,0.14445541615564292,0.12412575453778009,16430975.4527054,84089526828.82367,"[0.046875, 0.03125]",2,1721880.138488509,0.046875,"[0.0, 0.015625, 0.03125, 0.046875, 0.0625, 0.078125, 0.09375, 0.109375, 0.125, 0.140625, 0.15625, 0.171875, 0.1875, 0.203125, 0.21875, 0.234375]","[154749.3857115657, 876106.9067082785, 1710291.3768915327, 1721880.138488509, 1236443.3975593024, 1200279.6938555269, 1385236.6101427814, 1437054.0474222803, 1048940.2936461219, 664501.8455342905, 393060.29715082503, 165807.0810689744, 58528.0666285325, 51528.95639390742, 141871.9518112762, 339557.7347245399]",3.0,0.3,flattop,64,32,145.15000000000003,15,21,449.5238095238095,37.99999999999997,1008.0,"[2, 5, 11, 17, 22, 25, 29, 38, 44, 52, 55, 60, 65, 74, 78, 84, 89, 95, 98, 101, 105]","[37.99999999999997, 367.9999999999998, 460.9999999999998, 193.0, 950.9999999999999, 154.0, 880.9999999999999, 242.99999999999997, 491.0, 186.0000000000001, 320.9999999999999, 943.0, 810.0, 204.99999999999994, 478.0000000000001, 276.0, 347.0000000000001, 79.0, 1008.0, 114.0, 893.0]","[1, 1, 1, 15, 1, 24, 27, 35, 35, 49, 35, 35, 63, 73, 73, 73, 35, 92, 35, 99, 99]","[3, 8, 18, 18, 35, 27, 35, 39, 49, 53, 56, 73, 73, 75, 81, 85, 92, 97, 106, 102, 106]",0.05,30,52684909.0,1016.0,-1016.0,DWT,uc1.l0082987033,2.3283064365386963e-10,0.0,0.0,0.0,0.0,0.0,0.0,0.0,1.0,84,0.0,0.0,1.0,84,,0.0,0.0,1.0,84,0.0,0.0,0.0,1.52587890625e-05,0.0,0.0,0.0,0.0,0.0,0.0,5.95502483303703e-14,0.0,0.0,0.0,2.842170943040401e-14,0.0,0.0,0.0,2.842170943040401e-14,2.842170943040401e-14,2.7755575615628914e-17,2.3283064365386963e-10,0.0,1.3877787807814457e-17,0.0,0.0,0.0,0.0,0.9462760960416113,0.06240024021626811,0.08088745859967639,0.7082150380071434,0.1328406252238036,0.0,0.0,0.0,443,0.9758317723253178,0.5517324925575455,324,0,0,0.0,0.0,632,0,0,0.38612389161770055,0.52519848422927,295,153.04138873738265,0.802272107574441,423.5,387.7522599194525,0.6275572424177114,286,bior,385.74074074074076,410.0,199.97417605530825,135,0.8534087184529663,0.7130285416801533,0.18870533457887761,4,215.5
bior3.3,1,reflect,4.452447817349645e-27,323.60903472944506,10418483.578628542,0.5701754385964912,358.4887860036302,108,raw,3.875089549654623e-14,-1.0914980030918354e-10,"[2, 5, 11, 17, 22, 25, 29, 38, 44, 52, 55, 60, 65, 74, 78, 84, 89, 95, 98, 101, 105]","[38.00000000000003, 367.9999999999999, 461.0, 193.0, 951.0, 153.9999999999999, 881.0, 242.99999999999997, 490.9999999999999, 186.0000000000001, 320.9999999999999, 943.0, 810.0, 205.0, 478.0, 275.9999999999999, 347.0, 78.99999999999989, 1008.0, 113.99999999999989, 893.0]",21,5.511240359244535,129129.01702101249,0.9080863960039212,4.365923718251291e-06,0.9999999999999998,0.4907407407407407,67631.0,0.1291094199047374,0.15147910127183992,188156.12126451553,82872438.25058056,8,12069.57955741813,0.027777777777777776,"[0.0, 0.009259259259259259, 0.018518518518518517, 0.027777777777777776, 0.037037037037037035, 0.046296296296296294, 0.05555555555555555, 0.06481481481481481, 0.07407407407407407, 0.08333333333333333, 0.09259259259259259, 0.10185185185185185, 0.1111111111111111, 0.12037037037037036, 0.12962962962962962, 0.1388888888888889, 0.14814814814814814, 0.15740740740740738, 0.16666666666666666, 0.17592592592592593, 0.18518518518518517, 0.19444444444444442, 0.2037037037037037, 0.21296296296296297, 0.2222222222222222, 0.23148148148148145, 0.24074074074074073]","[67631.0, 1786.634631637001, 1155.9831840869392, 12069.57955741813, 1906.577854206843, 950.5914327636011, 9083.877197385176, 2481.2296367744843, 778.6316126029444, 8965.162396385991, 2042.6423114779172, 1606.717102154149, 6927.939836298324, 1790.9411989177925, 2115.064375989647, 4469.146453396725, 811.3124818658858, 852.4454942250578, 2613.518509595828, 1125.833636154593, 622.5282936168377, 1595.9028958466977, 1672.0836322356427, 807.7671822537562, 3024.6344394117596, 842.7313814743649, 842.8235732269194]",3.0,0.3,145.14999999999998,15,0.5,1721880.1384885083,0.14445541615564295,0.12412575453778009,16430975.452705398,84089526828.82367,"[0.046875, 0.03125]",2,1721880.1384885083,0.046875,"[0.0, 0.015625, 0.03125, 0.046875, 0.0625, 0.078125, 0.09375, 0.109375, 0.125, 0.140625, 0.15625, 0.171875, 0.1875, 0.203125, 0.21875, 0.234375]","[154749.38571156544, 876106.9067082776, 1710291.3768915322, 1721880.1384885083, 1236443.3975593017, 1200279.693855527, 1385236.610142782, 1437054.0474222808, 1048940.293646122, 664501.8455342907, 393060.2971508249, 165807.0810689744, 58528.06662853257, 51528.95639390755, 141871.9518112762, 339557.7347245398]",3.0,0.3,flattop,64,32,145.14999999999998,15,21,449.5238095238095,38.00000000000003,1008.0,"[2, 5, 11, 17, 22, 25, 29, 38, 44, 52, 55, 60, 65, 74, 78, 84, 89, 95, 98, 101, 105]","[38.00000000000003, 367.9999999999999, 461.0, 193.0, 951.0, 153.9999999999999, 881.0, 242.99999999999997, 490.9999999999999, 186.0000000000001, 320.9999999999999, 943.0, 810.0, 205.0, 478.0, 275.9999999999999, 347.0, 78.99999999999989, 1008.0, 113.99999999999989, 893.0]","[1, 1, 1, 15, 1, 24, 27, 35, 35, 49, 35, 35, 63, 73, 73, 73, 35, 92, 35, 99, 99]","[3, 8, 18, 18, 35, 27, 35, 39, 49, 53, 56, 73, 73, 75, 81, 85, 92, 97, 106, 102, 106]",0.05,30,52684909.0,1016.0,-1016.0,DWT,uc1.l0082987033,4.656612873077393e-10,0.0,0.0,0.0,0.0,0.0,1.862645149230957e-09,0.0,1.0,84,0.0,0.0,1.0,84,,0.0,0.0,1.0,84,0.0,0.0,0.0,1.52587890625e-05,0.0,0.0,0.0,0.0,0.0,0.0,4.601610098255887e-14,0.0,0.0,0.0,2.842170943040401e-14,0.0,0.0,0.0,2.842170943040401e-14,2.842170943040401e-14,5.551115123125783e-17,4.656612873077393e-10,0.0,1.3877787807814457e-17,0.0,0.0,0.0,2.7755575615628914e-17,0.9814542255520281,0.08579070164673974,0.1251235080075157,0.5765951190826228,0.11101690697334318,0.0,0.0,0.0,457,0.9693744505807311,0.5480815413153071,329,0,0,0.0,0.0,627,0,0,0.37599609225244995,0.5114228412538433,334,139.96755576442231,0.8191633646454493,436.75,407.4728153835963,0.6274434394286678,287,bior,385.74074074074076,410.0,199.97417605530825,135,0.8534087184529663,0.7130285416801533,0.18870533457887761,4,216.25
db17,1,zero,2.3634038983857004e-26,316.35964363628887,9461832.639400078,0.6,206.13641117899002,108,raw,1.1388421070377162e-13,-1.004741845278551e-10,"[2, 5, 11, 17, 22, 25, 29, 38, 44, 52, 55, 60, 65, 74, 78, 84, 89, 95, 98, 101, 105]","[38.00000000000006, 367.9999999999998, 460.9999999999999, 193.0, 950.9999999999998, 154.00000000000023, 880.9999999999999, 243.0, 491.0000000000001, 186.0, 321.0, 943.0000000000001, 810.0000000000002, 205.0, 478.00000000000017, 276.0000000000001, 346.9999999999999, 78.99999999999977, 1008.0, 114.00000000000023, 892.9999999999997]",21,5.5681505906809665,142828.9882653061,0.9108109639867491,4.365923718251291e-06,0.9999999999999998,0.4907407407407407,67631.0,0.12910941990473743,0.15147910127183992,188156.1212645155,82872438.25058056,8,12069.57955741813,0.027777777777777776,"[0.0, 0.009259259259259259, 0.018518518518518517, 0.027777777777777776, 0.037037037037037035, 0.046296296296296294, 0.05555555555555555, 0.06481481481481481, 0.07407407407407407, 0.08333333333333333, 0.09259259259259259, 0.10185185185185185, 0.1111111111111111, 0.12037037037037036, 0.12962962962962962, 0.1388888888888889, 0.14814814814814814, 0.15740740740740738, 0.16666666666666666, 0.17592592592592593, 0.18518518518518517, 0.19444444444444442, 0.2037037037037037, 0.21296296296296297, 0.2222222222222222, 0.23148148148148145, 0.24074074074074073]","[67631.0, 1786.6346316370004, 1155.9831840869392, 12069.57955741813, 1906.5778542068433, 950.5914327635996, 9083.877197385174, 2481.2296367744834, 778.6316126029448, 8965.162396385993, 2042.6423114779172, 1606.717102154148, 6927.939836298321, 1790.9411989177922, 2115.064375989649, 4469.146453396725, 811.3124818658864, 852.4454942250577, 2613.5185095958304, 1125.8336361545944, 622.5282936168393, 1595.9028958466972, 1672.083632235643, 807.7671822537586, 3024.634439411759, 842.7313814743659, 842.8235732269194]",3.0,0.3,145.1499999999999,15,0.5,1721880.1384885078,0.14445541615564292,0.12412575453778006,16430975.4527054,84089526828.82368,"[0.046875, 0.03125]",2,1721880.1384885078,0.046875,"[0.0, 0.015625, 0.03125, 0.046875, 0.0625, 0.078125, 0.09375, 0.109375, 0.125, 0.140625, 0.15625, 0.171875, 0.1875, 0.203125, 0.21875, 0.234375]","[154749.3857115655, 876106.9067082775, 1710291.3768915315, 1721880.1384885078, 1236443.3975593022, 1200279.693855527, 1385236.610142782, 1437054.047422281, 1048940.2936461226, 664501.8455342909, 393060.2971508254, 165807.08106897463, 58528.06662853273, 51528.95639390756, 141871.95181127623, 339557.7347245398]",3.0,0.3,flattop,64,32,145.1499999999999,15,21,449.5238095238095,38.00000000000006,1008.0,"[2, 5, 11, 17, 22, 25, 29, 38, 44, 52, 55, 60, 65, 74, 78, 84, 89, 95, 98, 101, 105]","[38.00000000000006, 367.9999999999998, 460.9999999999999, 193.0, 950.9999999999998, 154.00000000000023, 880.9999999999999, 243.0, 491.0000000000001, 186.0, 321.0, 943.0000000000001, 810.0000000000002, 205.0, 478.00000000000017, 276.0000000000001, 346.9999999999999, 78.99999999999977, 1008.0, 114.00000000000023, 892.9999999999997]","[1, 1, 1, 15, 1, 24, 27, 35, 35, 49, 35, 35, 63, 73, 73, 73, 35, 92, 35, 99, 99]","[3, 8, 18, 18, 35, 27, 35, 39, 49, 53, 56, 73, 73, 75, 81, 85, 92, 97, 106, 102, 106]",0.05,30,52684909.0,1016.0,-1016.0,DWT,uc1.l0082987033,9.313225746154785e-10,0.0,0.0,0.0,0.0,0.0,0.0,0.0,1.0,84,0.0,0.0,1.0,84,,0.0,0.0,1.0,84,0.0,0.0,0.0,3.0517578125e-05,0.0,0.0,0.0,0.0,0.0,0.0,1.2451415559986514e-13,0.0,0.0,0.0,1.1368683772161603e-13,0.0,0.0,0.0,1.1368683772161603e-13,5.684341886080802e-14,2.7755575615628914e-17,9.313225746154785e-10,0.0,1.3877787807814457e-17,2.9103830456733704e-11,0.0,0.0,0.0,0.9070271051445276,0.15871225525803448,0.03232495520535554,0.9094972067039103,0.1481013946976164,0.0,0.0,0.0,642,1.062774308879022,0.6008895540126619,210,0,0,0.0,0.0,419,0,0,0.43113258340188887,0.5864184636590911,183,213.52985739703945,0.7241216312699749,363.5,282.2735151243039,0.627241694187959,288,db,413.2962962962963,398.0,188.41229481502944,243,0.9143723369387087,0.671803462110104,0.15839832550987273,5,217.25
db21,1,periodic,2.989012230551516e-26,315.3397461907676,11822808.59703577,0.5945945945945946,458.79613267032465,108,raw,1.2836645326943754e-13,-1.0792655658065158e-10,"[2, 5, 11, 17, 22, 25, 29, 38, 44, 52, 55, 60, 65, 74, 78, 84, 89, 95, 98, 101, 105]","[37.999999999999915, 368.0000000000001, 460.99999999999966, 193.0, 951.0000000000003, 154.00000000000045, 881.0000000000002, 243.00000000000006, 491.00000000000034, 185.99999999999955, 320.9999999999991, 943.0, 810.0, 204.9999999999999, 478.0000000000001, 275.9999999999999, 346.9999999999998, 79.0, 1007.9999999999999, 113.99999999999977, 893.0000000000002]",21,6.077265001242908,102945.0503094668,0.7823586210876746,4.365923718251292e-06,1.0,0.4907407407407407,67631.0,0.1291094199047374,0.15147910127183992,188156.12126451556,82872438.25058056,8,12069.579557418134,0.027777777777777776,"[0.0, 0.009259259259259259, 0.018518518518518517, 0.027777777777777776, 0.037037037037037035, 0.046296296296296294, 0.05555555555555555, 0.06481481481481481, 0.07407407407407407, 0.08333333333333333, 0.09259259259259259, 0.10185185185185185, 0.1111111111111111, 0.12037037037037036, 0.12962962962962962, 0.1388888888888889, 0.14814814814814814, 0.15740740740740738, 0.16666666666666666, 0.17592592592592593, 0.18518518518518517, 0.19444444444444442, 0.2037037037037037, 0.21296296296296297, 0.2222222222222222, 0.23148148148148145, 0.24074074074074073]","[67631.0, 1786.6346316370016, 1155.98318408694, 12069.579557418134, 1906.5778542068415, 950.5914327636041, 9083.877197385176, 2481.2296367744834, 778.6316126029449, 8965.162396385993, 2042.642311477917, 1606.7171021541517, 6927.939836298323, 1790.941198917794, 2115.0643759896516, 4469.1464533967255, 811.3124818658861, 852.4454942250568, 2613.5185095958273, 1125.833636154595, 622.5282936168351, 1595.9028958466965, 1672.083632235643, 807.767182253757, 3024.63443941176, 842.7313814743649, 842.8235732269203]",3.0,0.3,145.1500000000001,15,0.5,1721880.1384885085,0.14445541615564297,0.12412575453778012,16430975.4527054,84089526828.82367,"[0.046875, 0.03125]",2,1721880.1384885085,0.046875,"[0.0, 0.015625, 0.03125, 0.046875, 0.0625, 0.078125, 0.09375, 0.109375, 0.125, 0.140625, 0.15625, 0.171875, 0.1875, 0.203125, 0.21875, 0.234375]","[154749.38571156544, 876106.9067082779, 1710291.3768915324, 1721880.1384885085, 1236443.3975593026, 1200279.693855527, 1385236.6101427812, 1437054.0474222805, 1048940.2936461219, 664501.8455342907, 393060.29715082527, 165807.08106897445, 58528.06662853263, 51528.95639390747, 141871.95181127626, 339557.73472454003]",3.0,0.3,flattop,64,32,145.1500000000001,15,21,449.5238095238095,37.999999999999915,1007.9999999999999,"[2, 5, 11, 17, 22, 25, 29, 38, 44, 52, 55, 60, 65, 74, 78, 84, 89, 95, 98, 101, 105]","[37.999999999999915, 368.0000000000001, 460.99999999999966, 193.0, 951.0000000000003, 154.00000000000045, 881.0000000000002, 243.00000000000006, 491.00000000000034, 185.99999999999955, 320.9999999999991, 943.0, 810.0, 204.9999999999999, 478.0000000000001, 275.9999999999999, 346.9999999999998, 79.0, 1007.9999999999999, 113.99999999999977, 893.0000000000002]","[1, 1, 1, 15, 1, 24, 27, 35, 35, 49, 35, 35, 63, 73, 73, 73, 35, 92, 35, 99, 99]","[3, 8, 18, 18, 35, 27, 35, 39, 49, 53, 56, 73, 73, 75, 81, 85, 92, 97, 106, 102, 106]",0.05,30,52684909.0,1016.0,-1016.0,DWT,uc1.l0082987033,2.3283064365386963e-10,0.0,0.0,0.0,0.0,1.1368683772161603e-13,0.0,0.0,1.0,84,0.0,3.637978807091713e-12,1.0,84,,0.0,0.0,1.0,84,0.0,0.0,0.0,1.52587890625e-05,0.0,0.0,0.0,0.0,0.0,0.0,2.1248611336063949e-13,0.0,0.0,0.0,8.526512829121202e-14,0.0,0.0,0.0,8.526512829121202e-14,8.526512829121202e-14,5.551115123125783e-17,2.3283064365386963e-10,0.0,4.163336342344337e-17,2.9103830456733704e-11,0.0,0.0,5.551115123125783e-17,0.8965561526182146,0.8110626823608389,0.26134804302669395,0.8491620111731848,0.040139459512163356,0.0,0.0,0.0,585,1.4298596425388344,0.8084385515604965,33,0,0,0.0,0.0,486,0,0,0.5716536697382192,0.7775526129521929,37,291.7811680009524,0.6230217467687953,285.25,65.46958561893643,0.6272408475446043,289,db,413.2962962962963,398.0,188.41229481502944,243,0.9143723369387087,0.671803462110104,0.15839832550987273,5,218.0
bior2.6,1,constant,1.4118740310940033e-26,318.5970636095434,9589779.483912954,0.55,256.39585640268206,108,raw,8.503485981203048e-14,-1.181901243541012e-10,"[2, 5, 11, 17, 22, 25, 29, 38, 44, 52, 55, 60, 65, 74, 78, 84, 89, 95, 98, 101, 105]","[38.00000000000003, 368.0, 461.0000000000002, 192.9999999999999, 951.0000000000003, 154.0000000000001, 881.0, 243.00000000000003, 491.00000000000006, 186.0, 321.0, 943.0000000000001, 810.0, 205.0, 478.00000000000017, 276.0, 346.9999999999999, 79.0, 1008.0000000000001, 114.00000000000011, 893.0000000000003]",21,5.554791785831569,122511.73320285373,0.8794556373010375,4.36592371825129e-06,1.0,0.4907407407407407,67631.0,0.12910941990473743,0.15147910127183992,188156.12126451553,82872438.25058056,8,12069.579557418134,0.027777777777777776,"[0.0, 0.009259259259259259, 0.018518518518518517, 0.027777777777777776, 0.037037037037037035, 0.046296296296296294, 0.05555555555555555, 0.06481481481481481, 0.07407407407407407, 0.08333333333333333, 0.09259259259259259, 0.10185185185185185, 0.1111111111111111, 0.12037037037037036, 0.12962962962962962, 0.1388888888888889, 0.14814814814814814, 0.15740740740740738, 0.16666666666666666, 0.17592592592592593, 0.18518518518518517, 0.19444444444444442, 0.2037037037037037, 0.21296296296296297, 0.2222222222222222, 0.23148148148148145, 0.24074074074074073]","[67631.0, 1786.6346316370004, 1155.9831840869383, 12069.579557418134, 1906.5778542068426, 950.5914327636003, 9083.877197385176, 2481.229636774485, 778.6316126029432, 8965.16239638599, 2042.642311477918, 1606.7171021541487, 6927.939836298325, 1790.9411989177938, 2115.0643759896493, 4469.146453396723, 811.312481865886, 852.4454942250582, 2613.518509595827, 1125.8336361545944, 622.5282936168385, 1595.9028958466981, 1672.083632235643, 807.767182253757, 3024.6344394117596, 842.7313814743654, 842.8235732269195]",3.0,0.3,145.14999999999998,15,0.5,1721880.1384885088,0.14445541615564295,0.12412575453778009,16430975.452705404,84089526828.82372,"[0.046875, 0.03125]",2,1721880.1384885088,0.046875,"[0.0, 0.015625, 0.03125, 0.046875, 0.0625, 0.078125, 0.09375, 0.109375, 0.125, 0.140625, 0.15625, 0.171875, 0.1875, 0.203125, 0.21875, 0.234375]","[154749.38571156538, 876106.9067082778, 1710291.3768915331, 1721880.1384885088, 1236443.3975593024, 1200279.6938555273, 1385236.6101427819, 1437054.047422281, 1048940.2936461223, 664501.8455342909, 393060.29715082515, 165807.08106897448, 58528.06662853261, 51528.95639390756, 141871.95181127614, 339557.7347245398]",3.0,0.3,flattop,64,32,145.14999999999998,15,21,449.52380952380963,38.00000000000003,1008.0000000000001,"[2, 5, 11, 17, 22, 25, 29, 38, 44, 52, 55, 60, 65, 74, 78, 84, 89, 95, 98, 101, 105]","[38.00000000000003, 368.0, 461.0000000000002, 192.9999999999999, 951.0000000000003, 154.0000000000001, 881.0, 243.00000000000003, 491.00000000000006, 186.0, 321.0, 943.0000000000001, 810.0, 205.0, 478.00000000000017, 276.0, 346.9999999999999, 79.0, 1008.0000000000001, 114.00000000000011, 893.0000000000003]","[1, 1, 1, 15, 1, 24, 27, 35, 35, 49, 35, 35, 63, 73, 73, 73, 35, 92, 35, 99, 99]","[3, 8, 18, 18, 35, 27, 35, 39, 49, 53, 56, 73, 73, 75, 81, 85, 92, 97, 106, 102, 106]",0.05,30,52684909.00000001,1016.0000000000001,-1016.0000000000001,DWT,uc1.l0082987033,0.0,0.0,1.1368683772161603e-13,0.0,0.0,1.1368683772161603e-13,3.725290298461914e-09,1.1368683772161603e-13,1.0,84,0.0,3.637978807091713e-12,1.0,84,,0.0,0.0,1.0,84,0.0,0.0,7.450580596923828e-09,6.103515625e-05,0.0,0.0,0.0,0.0,1.1368683772161603e-13,1.8189894035458565e-12,8.932537249555544e-14,0.0,1.1368683772161603e-13,0.0,2.842170943040401e-14,0.0,0.0,0.0,2.842170943040401e-14,2.842170943040401e-14,2.7755575615628914e-17,0.0,0.0,1.3877787807814457e-17,0.0,0.0,0.0,2.7755575615628914e-17,0.9299979620912262,0.14159503785405575,0.04473625541896708,0.35139664804469345,0.09310456422848122,3.135877575339459e-05,1.5679387876697293e-05,3.135877575339459e-05,353,0.8289649088005169,0.46869438805562164,546,0,0,3.135877575339459e-05,3.135877575339459e-05,292,0,0,0.31216609352748476,0.4246024726973715,567,137.64325870403778,0.8221663324237238,439.5,405.98054051339005,0.6271684375296913,290,bior,385.74074074074076,410.0,199.97417605530825,135,0.8534087184529663,0.7130285416801533,0.18870533457887761,4,218.5
db18,1,reflect,2.0897568154857004e-26,316.89406560878376,11674936.872737698,0.5563380281690141,415.4167764164544,108,raw,1.0385108411086286e-13,-1.0834444452712038e-10,"[2, 5, 11, 17, 22, 25, 29, 38, 44, 52, 55, 60, 65, 74, 78, 84, 89, 95, 98, 101, 105]","[37.99999999999994, 367.9999999999999, 460.99999999999966, 193.0, 950.9999999999999, 154.0000000000001, 881.0, 243.0000000000001, 490.9999999999999, 186.0, 320.9999999999998, 942.9999999999997, 810.0, 205.0000000000001, 477.99999999999994, 276.0, 346.9999999999999, 79.0, 1008.0, 113.99999999999989, 893.0000000000002]",21,5.993328108252001,92447.37413030831,0.8107947150375924,4.365923718251291e-06,1.0,0.4907407407407407,67631.0,0.12910941990473737,0.15147910127183992,188156.12126451556,82872438.25058056,8,12069.579557418134,0.027777777777777776,"[0.0, 0.009259259259259259, 0.018518518518518517, 0.027777777777777776, 0.037037037037037035, 0.046296296296296294, 0.05555555555555555, 0.06481481481481481, 0.07407407407407407, 0.08333333333333333, 0.09259259259259259, 0.10185185185185185, 0.1111111111111111, 0.12037037037037036, 0.12962962962962962, 0.1388888888888889, 0.14814814814814814, 0.15740740740740738, 0.16666666666666666, 0.17592592592592593, 0.18518518518518517, 0.19444444444444442, 0.2037037037037037, 0.21296296296296297, 0.2222222222222222, 0.23148148148148145, 0.24074074074074073]","[67631.0, 1786.6346316370004, 1155.983184086939, 12069.579557418134, 1906.5778542068429, 950.591432763603, 9083.877197385176, 2481.2296367744834, 778.6316126029452, 8965.162396385993, 2042.6423114779166, 1606.7171021541478, 6927.939836298324, 1790.941198917793, 2115.0643759896484, 4469.146453396726, 811.3124818658872, 852.4454942250562, 2613.5185095958263, 1125.8336361545926, 622.5282936168385, 1595.9028958466968, 1672.0836322356408, 807.7671822537553, 3024.6344394117596, 842.7313814743636, 842.8235732269204]",3.0,0.3,145.15,15,0.5,1721880.1384885088,0.14445541615564297,0.1241257545377801,16430975.4527054,84089526828.8237,"[0.046875, 0.03125]",2,1721880.1384885088,0.046875,"[0.0, 0.015625, 0.03125, 0.046875, 0.0625, 0.078125, 0.09375, 0.109375, 0.125, 0.140625, 0.15625, 0.171875, 0.1875, 0.203125, 0.21875, 0.234375]","[154749.3857115655, 876106.9067082778, 1710291.3768915324, 1721880.1384885088, 1236443.3975593029, 1200279.6938555269, 1385236.6101427819, 1437054.047422281, 1048940.2936461223, 664501.8455342907, 393060.2971508249, 165807.08106897445, 58528.06662853244, 51528.95639390735, 141871.95181127614, 339557.7347245398]",3.0,0.3,flattop,64,32,145.15,15,21,449.52380952380946,37.99999999999994,1008.0,"[2, 5, 11, 17, 22, 25, 29, 38, 44, 52, 55, 60, 65, 74, 78, 84, 89, 95, 98, 101, 105]","[37.99999999999994, 367.9999999999999, 460.99999999999966, 193.0, 950.9999999999999, 154.0000000000001, 881.0, 243.0000000000001, 490.9999999999999, 186.0, 320.9999999999998, 942.9999999999997, 810.0, 205.0000000000001, 477.99999999999994, 276.0, 346.9999999999999, 79.0, 1008.0, 113.99999999999989, 893.0000000000002]","[1, 1, 1, 15, 1, 24, 27, 35, 35, 49, 35, 35, 63, 73, 73, 73, 35, 92, 35, 99, 99]","[3, 8, 18, 18, 35, 27, 35, 39, 49, 53, 56, 73, 73, 75, 81, 85, 92, 97, 106, 102, 106]",0.05,30,52684909.0,1016.0,-1016.0,DWT,uc1.l0082987033,0.0,0.0,5.684341886080802e-14,0.0,0.0,0.0,0.0,0.0,1.0,84,0.0,3.637978807091713e-12,1.0,84,,0.0,0.0,1.0,84,0.0,0.0,0.0,4.57763671875e-05,0.0,0.0,0.0,0.0,5.684341886080802e-14,1.8189894035458565e-12,1.028595198433669e-13,0.0,0.0,0.0,0.0,0.0,0.0,0.0,0.0,5.684341886080802e-14,8.326672684688674e-17,0.0,0.0,2.7755575615628914e-17,2.9103830456733704e-11,0.0,0.0,5.551115123125783e-17,0.912513840234988,0.7035106923634187,0.24700395841597064,0.4221417892831857,0.011723272612387786,0.0,0.0,0.0,540,1.196311654288917,0.6763911871035315,119,0,0,0.0,0.0,550,0,0,0.45937871058199015,0.6248383167227919,141,239.80339169133256,0.6901764965228261,337.5,208.70733692314795,0.6270649924474596,291,db,413.2962962962963,398.0,188.41229481502944,243,0.9143723369387087,0.671803462110104,0.15839832550987273,5,219.5
db11,1,periodic,1.6339588278631128e-26,317.96261202105023,10880339.697114423,0.578125,401.1478695747771,108,raw,9.25679286309686e-14,-1.1132827992810299e-10,"[2, 5, 11, 17, 22, 25, 29, 38, 44, 52, 55, 60, 65, 74, 78, 84, 89, 95, 98, 101, 105]","[37.99999999999994, 368.0000000000002, 461.0, 192.9999999999999, 950.9999999999999, 154.00000000000023, 880.9999999999999, 242.99999999999991, 490.99999999999994, 185.9999999999999, 320.9999999999998, 942.9999999999999, 810.0000000000002, 205.0000000000001, 478.0, 275.9999999999999, 346.99999999999966, 79.00000000000045, 1008.0, 114.00000000000011, 893.0]",21,5.856024571902333,99239.879220217,0.8106361090977671,4.36592371825129e-06,1.0,0.4907407407407407,67631.0,0.12910941990473743,0.15147910127183992,188156.12126451553,82872438.25058056,8,12069.57955741813,0.027777777777777776,"[0.0, 0.009259259259259259, 0.018518518518518517, 0.027777777777777776, 0.037037037037037035, 0.046296296296296294, 0.05555555555555555, 0.06481481481481481, 0.07407407407407407, 0.08333333333333333, 0.09259259259259259, 0.10185185185185185, 0.1111111111111111, 0.12037037037037036, 0.12962962962962962, 0.1388888888888889, 0.14814814814814814, 0.15740740740740738, 0.16666666666666666, 0.17592592592592593, 0.18518518518518517, 0.19444444444444442, 0.2037037037037037, 0.21296296296296297, 0.2222222222222222, 0.23148148148148145, 0.24074074074074073]","[67631.0, 1786.6346316370018, 1155.9831840869379, 12069.57955741813, 1906.577854206843, 950.5914327636025, 9083.877197385178, 2481.229636774481, 778.6316126029435, 8965.162396385991, 2042.6423114779177, 1606.7171021541506, 6927.939836298322, 1790.9411989177959, 2115.0643759896475, 4469.146453396723, 811.3124818658863, 852.4454942250586, 2613.5185095958263, 1125.8336361545933, 622.5282936168384, 1595.9028958466974, 1672.0836322356427, 807.7671822537568, 3024.63443941176, 842.7313814743659, 842.8235732269203]",3.0,0.3,145.15000000000006,15,0.5,1721880.1384885088,0.14445541615564297,0.12412575453778012,16430975.452705402,84089526828.82365,"[0.046875, 0.03125]",2,1721880.1384885088,0.046875,"[0.0, 0.015625, 0.03125, 0.046875, 0.0625, 0.078125, 0.09375, 0.109375, 0.125, 0.140625, 0.15625, 0.171875, 0.1875, 0.203125, 0.21875, 0.234375]","[154749.38571156567, 876106.906708278, 1710291.3768915327, 1721880.1384885088, 1236443.3975593029, 1200279.6938555269, 1385236.6101427812, 1437054.04742228, 1048940.2936461216, 664501.84553429, 393060.29715082474, 165807.0810689742, 58528.06662853252, 51528.956393907574, 141871.95181127626, 339557.7347245401]",3.0,0.3,flattop,64,32,145.15000000000006,15,21,449.5238095238095,37.99999999999994,1008.0,"[2, 5, 11, 17, 22, 25, 29, 38, 44, 52, 55, 60, 65, 74, 78, 84, 89, 95, 98, 101, 105]","[37.99999999999994, 368.0000000000002, 461.0, 192.9999999999999, 950.9999999999999, 154.00000000000023, 880.9999999999999, 242.99999999999991, 490.99999999999994, 185.9999999999999, 320.9999999999998, 942.9999999999999, 810.0000000000002, 205.0000000000001, 478.0, 275.9999999999999, 346.99999999999966, 79.00000000000045, 1008.0, 114.00000000000011, 893.0]","[1, 1, 1, 15, 1, 24, 27, 35, 35, 49, 35, 35, 63, 73, 73, 73, 35, 92, 35, 99, 99]","[3, 8, 18, 18, 35, 27, 35, 39, 49, 53, 56, 73, 73, 75, 81, 85, 92, 97, 106, 102, 106]",0.05,30,52684909.0,1016.0000000000001,-1016.0000000000001,DWT,uc1.l0082987033,0.0,0.0,0.0,0.0,0.0,0.0,1.862645149230957e-09,1.1368683772161603e-13,1.0,84,0.0,0.0,1.0,84,,0.0,0.0,1.0,84,0.0,0.0,0.0,0.0,0.0,0.0,0.0,0.0,0.0,0.0,1.3398805874333316e-13,0.0,1.1368683772161603e-13,0.0,5.684341886080802e-14,0.0,0.0,0.0,5.684341886080802e-14,5.684341886080802e-14,2.7755575615628914e-17,0.0,0.0,4.163336342344337e-17,0.0,0.0,0.0,5.551115123125783e-17,0.9234842557450353,0.5275777022098552,0.16992519861462357,0.6653282122905029,0.030109922272598098,0.0,0.0,0.0,625,1.181017257684501,0.6677437790153422,126,0,0,0.0,0.0,446,0,0,0.46328505822652305,0.6301516576123852,136,244.73846585011248,0.6838004317182009,333.25,209.07815706962302,0.6266224380813227,292,db,413.2962962962963,398.0,188.41229481502944,243,0.9143723369387087,0.671803462110104,0.15839832550987273,5,220.25
sym10,1,reflect,3.6321074761399306e-23,284.49343620120425,10494545.301537335,0.5476190476190477,401.21805192246205,108,raw,4.606849880996447e-12,-9.131551070855622e-11,"[2, 5, 11, 17, 22, 25, 29, 38, 44, 52, 55, 60, 65, 74, 78, 84, 89, 95, 98, 101, 105]","[38.000000000002416, 368.00000000001364, 461.00000000000756, 193.00000000000864, 951.0000000000084, 154.00000000001125, 881.0000000000277, 243.0000000000079, 491.00000000000824, 186.00000000000512, 321.0000000000108, 943.0000000000058, 810.0000000000257, 205.00000000000708, 478.00000000001245, 276.00000000000625, 347.0000000000083, 78.99999999999659, 1008.0000000000144, 114.00000000000887, 893.0000000000272]",21,5.847005870202503,99182.5381331486,0.7559088686479133,4.365923718251123e-06,1.0,0.4907407407407407,67630.99999999999,0.1291094199047386,0.1514791012718398,188156.12126451786,82872438.25058053,8,12069.579557418167,0.027777777777777776,"[0.0, 0.009259259259259259, 0.018518518518518517, 0.027777777777777776, 0.037037037037037035, 0.046296296296296294, 0.05555555555555555, 0.06481481481481481, 0.07407407407407407, 0.08333333333333333, 0.09259259259259259, 0.10185185185185185, 0.1111111111111111, 0.12037037037037036, 0.12962962962962962, 0.1388888888888889, 0.14814814814814814, 0.15740740740740738, 0.16666666666666666, 0.17592592592592593, 0.18518518518518517, 0.19444444444444442, 0.2037037037037037, 0.21296296296296297, 0.2222222222222222, 0.23148148148148145, 0.24074074074074073]","[67630.99999999999, 1786.6346316369916, 1155.9831840869372, 12069.579557418167, 1906.5778542068542, 950.5914327635927, 9083.877197385249, 2481.229636774506, 778.631612602965, 8965.16239638612, 2042.6423114779452, 1606.7171021541922, 6927.939836298473, 1790.9411989178416, 2115.064375989693, 4469.146453396856, 811.3124818659054, 852.4454942250925, 2613.5185095959096, 1125.8336361546203, 622.5282936168494, 1595.9028958467597, 1672.083632235713, 807.7671822537786, 3024.6344394118846, 842.7313814743933, 842.8235732269535]",3.0,0.3,145.1499999999943,15,0.5,1721880.1384885241,0.14445541615564447,0.12412575453777985,16430975.452705944,84089526828.8269,"[0.046875, 0.03125]",2,1721880.1384885241,0.046875,"[0.0, 0.015625, 0.03125, 0.046875, 0.0625, 0.078125, 0.09375, 0.109375, 0.125, 0.140625, 0.15625, 0.171875, 0.1875, 0.203125, 0.21875, 0.234375]","[154749.38571156556, 876106.9067082824, 1710291.376891545, 1721880.1384885241, 1236443.397559322, 1200279.6938555588, 1385236.610142828, 1437054.0474223355, 1048940.2936461684, 664501.8455343238, 393060.2971508464, 165807.0810689841, 58528.066628536515, 51528.95639391158, 141871.95181128738, 339557.7347245662]",3.0,0.3,flattop,64,32,145.1499999999943,15,21,449.5238095238202,38.000000000002416,1008.0000000000144,"[2, 5, 11, 17, 22, 25, 29, 38, 44, 52, 55, 60, 65, 74, 78, 84, 89, 95, 98, 101, 105]","[38.000000000002416, 368.00000000001364, 461.00000000000756, 193.00000000000864, 951.0000000000084, 154.00000000001125, 881.0000000000277, 243.0000000000079, 491.00000000000824, 186.00000000000512, 321.0000000000108, 943.0000000000058, 810.0000000000257, 205.00000000000708, 478.00000000001245, 276.00000000000625, 347.0000000000083, 78.99999999999659, 1008.0000000000144, 114.00000000000887, 893.0000000000272]","[1, 1, 1, 15, 1, 24, 27, 35, 35, 49, 35, 35, 63, 73, 73, 73, 35, 92, 35, 99, 99]","[3, 8, 18, 18, 35, 27, 35, 39, 49, 53, 56, 73, 73, 75, 81, 85, 92, 97, 106, 102, 106]",0.05,30,52684909.00000028,1016.0000000000038,-1016.0000000000038,DWT,uc1.l0082987033,1.5366822481155396e-08,0.0,1.0686562745831907e-11,2.9802322387695312e-08,0.0,1.4438228390645236e-11,5.438923835754395e-07,3.751665644813329e-12,1.0,84,0.0,3.637978807091713e-11,1.0,84,,0.0,0.0,1.0,84,0.0,0.0,2.8312206268310547e-07,0.0032501220703125,1.4551915228366852e-11,0.0,0.0,0.0,1.0686562745831907e-11,2.2373569663614035e-10,1.1008675452709817e-11,0.0,3.751665644813329e-12,0.0,5.7127635955112055e-12,0.0,0.0,0.0,5.7127635955112055e-12,2.4158453015843406e-12,1.1379786002407855e-15,1.5366822481155396e-08,1.1102230246251565e-16,2.220446049250313e-16,2.3283064365386963e-09,0.0,0.0,1.5543122344752192e-15,0.5798672061648116,0.5160216476497357,0.13250176638801497,0.32482043096568314,0.02995470553516368,0.0011916334786289944,0.0005958167393144972,0.0011916334786289944,212,0.8140920853181011,0.4602853362046372,553,0,0,0.0011916334786289944,0.0011916334786289944,215,0,0,0.3166331513406819,0.4306784810547577,552,195.7259989543205,0.7471240323587591,383.0,307.97525665013336,0.6261459955075449,293,sym,445.72514619883043,505.0,280.45746329325993,171,0.986117580085908,1.0,0.009717693939864401,6,221.25
rbio3.3,1,zero,8.416532300226358e-27,320.84369116722553,9339821.616489029,0.543859649122807,501.0161301671021,108,raw,5.656380713608757e-14,-1.1087697426859285e-10,"[2, 5, 11, 17, 22, 25, 29, 38, 44, 52, 55, 60, 65, 74, 78, 84, 89, 95, 98, 101, 105]","[37.999999999999915, 368.0, 461.0000000000001, 192.99999999999994, 951.0, 154.0, 881.0, 242.99999999999994, 491.00000000000017, 185.9999999999999, 321.0, 943.0, 810.0000000000002, 205.0, 478.0, 275.9999999999999, 346.9999999999998, 79.0, 1008.0000000000001, 113.99999999999989, 893.0]",21,5.828445194380029,125372.24450116261,0.6242887025702925,4.365923718251291e-06,1.0,0.4907407407407407,67631.0,0.12910941990473743,0.15147910127183992,188156.12126451553,82872438.25058056,8,12069.57955741813,0.027777777777777776,"[0.0, 0.009259259259259259, 0.018518518518518517, 0.027777777777777776, 0.037037037037037035, 0.046296296296296294, 0.05555555555555555, 0.06481481481481481, 0.07407407407407407, 0.08333333333333333, 0.09259259259259259, 0.10185185185185185, 0.1111111111111111, 0.12037037037037036, 0.12962962962962962, 0.1388888888888889, 0.14814814814814814, 0.15740740740740738, 0.16666666666666666, 0.17592592592592593, 0.18518518518518517, 0.19444444444444442, 0.2037037037037037, 0.21296296296296297, 0.2222222222222222, 0.23148148148148145, 0.24074074074074073]","[67631.0, 1786.6346316370007, 1155.9831840869383, 12069.57955741813, 1906.5778542068433, 950.5914327636021, 9083.877197385176, 2481.2296367744852, 778.6316126029441, 8965.162396385991, 2042.642311477917, 1606.71710215415, 6927.939836298323, 1790.941198917793, 2115.0643759896493, 4469.146453396725, 811.3124818658866, 852.4454942250594, 2613.518509595828, 1125.8336361545937, 622.5282936168354, 1595.902895846697, 1672.0836322356427, 807.7671822537561, 3024.6344394117605, 842.7313814743662, 842.8235732269212]",3.0,0.3,145.1500000000001,15,0.5,1721880.1384885085,0.14445541615564297,0.1241257545377801,16430975.4527054,84089526828.82365,"[0.046875, 0.03125]",2,1721880.1384885085,0.046875,"[0.0, 0.015625, 0.03125, 0.046875, 0.0625, 0.078125, 0.09375, 0.109375, 0.125, 0.140625, 0.15625, 0.171875, 0.1875, 0.203125, 0.21875, 0.234375]","[154749.3857115655, 876106.906708278, 1710291.376891532, 1721880.1384885085, 1236443.3975593026, 1200279.6938555266, 1385236.6101427814, 1437054.047422281, 1048940.2936461219, 664501.8455342904, 393060.29715082515, 165807.0810689745, 58528.066628532586, 51528.956393907545, 141871.95181127626, 339557.73472454003]",3.0,0.3,flattop,64,32,145.1500000000001,15,21,449.5238095238095,37.999999999999915,1008.0000000000001,"[2, 5, 11, 17, 22, 25, 29, 38, 44, 52, 55, 60, 65, 74, 78, 84, 89, 95, 98, 101, 105]","[37.999999999999915, 368.0, 461.0000000000001, 192.99999999999994, 951.0, 154.0, 881.0, 242.99999999999994, 491.00000000000017, 185.9999999999999, 321.0, 943.0, 810.0000000000002, 205.0, 478.0, 275.9999999999999, 346.9999999999998, 79.0, 1008.0000000000001, 113.99999999999989, 893.0]","[1, 1, 1, 15, 1, 24, 27, 35, 35, 49, 35, 35, 63, 73, 73, 73, 35, 92, 35, 99, 99]","[3, 8, 18, 18, 35, 27, 35, 39, 49, 53, 56, 73, 73, 75, 81, 85, 92, 97, 106, 102, 106]",0.05,30,52684909.0,1016.0,-1016.0,DWT,uc1.l0082987033,2.3283064365386963e-10,0.0,0.0,0.0,0.0,1.1368683772161603e-13,0.0,0.0,1.0,84,0.0,0.0,1.0,84,,0.0,0.0,1.0,84,0.0,0.0,0.0,0.0,0.0,0.0,0.0,0.0,0.0,0.0,6.631732200427603e-14,0.0,0.0,0.0,8.526512829121202e-14,0.0,0.0,0.0,8.526512829121202e-14,8.526512829121202e-14,2.7755575615628914e-17,2.3283064365386963e-10,0.0,2.7755575615628914e-17,0.0,0.0,0.0,5.551115123125783e-17,0.9530633502869702,0.4922390468258002,0.020489450855996814,0.2828579829461928,0.10084768968733689,0.0,0.0,0.0,409,0.9816845280664924,0.5550416239109077,310,0,0,0.0,0.0,644,0,0,0.36989950412045947,0.5031303762823627,366,146.8704077296263,0.8102449512537128,432.25,401.7746508915989,0.6258912094769855,294,rbio,366.5925925925926,360.0,210.3588723315502,135,0.8110455588331695,0.7500562468954116,0.20725123474815782,3,221.25
rbio3.3,1,constant,8.316609918898362e-27,320.89555979308193,9340105.166759795,0.543859649122807,501.0161301671021,108,raw,5.5938792692594886e-14,-1.1092426976944189e-10,"[2, 5, 11, 17, 22, 25, 29, 38, 44, 52, 55, 60, 65, 74, 78, 84, 89, 95, 98, 101, 105]","[37.999999999999915, 368.0, 461.0000000000001, 192.99999999999994, 951.0, 154.0, 881.0, 242.99999999999994, 491.00000000000017, 185.9999999999999, 321.0, 943.0, 810.0000000000002, 205.0, 478.0, 275.9999999999999, 346.9999999999998, 79.0, 1008.0, 113.99999999999989, 893.0]",21,5.8307122366372015,123668.98948158929,0.6180122343019848,4.365923718251291e-06,1.0,0.4907407407407407,67631.0,0.12910941990473743,0.15147910127183992,188156.12126451553,82872438.25058056,8,12069.57955741813,0.027777777777777776,"[0.0, 0.009259259259259259, 0.018518518518518517, 0.027777777777777776, 0.037037037037037035, 0.046296296296296294, 0.05555555555555555, 0.06481481481481481, 0.07407407407407407, 0.08333333333333333, 0.09259259259259259, 0.10185185185185185, 0.1111111111111111, 0.12037037037037036, 0.12962962962962962, 0.1388888888888889, 0.14814814814814814, 0.15740740740740738, 0.16666666666666666, 0.17592592592592593, 0.18518518518518517, 0.19444444444444442, 0.2037037037037037, 0.21296296296296297, 0.2222222222222222, 0.23148148148148145, 0.24074074074074073]","[67631.0, 1786.6346316370007, 1155.9831840869383, 12069.57955741813, 1906.5778542068433, 950.5914327636021, 9083.877197385176, 2481.2296367744857, 778.6316126029441, 8965.162396385991, 2042.642311477917, 1606.71710215415, 6927.939836298323, 1790.941198917793, 2115.0643759896493, 4469.146453396725, 811.3124818658866, 852.4454942250592, 2613.518509595828, 1125.8336361545937, 622.5282936168356, 1595.902895846697, 1672.0836322356427, 807.7671822537561, 3024.6344394117605, 842.7313814743662, 842.8235732269212]",3.0,0.3,145.1500000000001,15,0.5,1721880.1384885085,0.14445541615564297,0.1241257545377801,16430975.4527054,84089526828.82365,"[0.046875, 0.03125]",2,1721880.1384885085,0.046875,"[0.0, 0.015625, 0.03125, 0.046875, 0.0625, 0.078125, 0.09375, 0.109375, 0.125, 0.140625, 0.15625, 0.171875, 0.1875, 0.203125, 0.21875, 0.234375]","[154749.3857115655, 876106.906708278, 1710291.376891532, 1721880.1384885085, 1236443.3975593026, 1200279.6938555266, 1385236.6101427814, 1437054.047422281, 1048940.2936461219, 664501.8455342904, 393060.29715082515, 165807.0810689745, 58528.066628532586, 51528.956393907545, 141871.95181127626, 339557.73472454003]",3.0,0.3,flattop,64,32,145.1500000000001,15,21,449.5238095238095,37.999999999999915,1008.0,"[2, 5, 11, 17, 22, 25, 29, 38, 44, 52, 55, 60, 65, 74, 78, 84, 89, 95, 98, 101, 105]","[37.999999999999915, 368.0, 461.0000000000001, 192.99999999999994, 951.0, 154.0, 881.0, 242.99999999999994, 491.00000000000017, 185.9999999999999, 321.0, 943.0, 810.0000000000002, 205.0, 478.0, 275.9999999999999, 346.9999999999998, 79.0, 1008.0, 113.99999999999989, 893.0]","[1, 1, 1, 15, 1, 24, 27, 35, 35, 49, 35, 35, 63, 73, 73, 73, 35, 92, 35, 99, 99]","[3, 8, 18, 18, 35, 27, 35, 39, 49, 53, 56, 73, 73, 75, 81, 85, 92, 97, 106, 102, 106]",0.05,30,52684909.0,1016.0,-1016.0,DWT,uc1.l0082987033,2.3283064365386963e-10,0.0,0.0,0.0,0.0,0.0,0.0,0.0,1.0,84,0.0,0.0,1.0,84,,0.0,0.0,1.0,84,0.0,0.0,0.0,0.0,0.0,0.0,0.0,0.0,0.0,0.0,6.090366306515146e-14,0.0,0.0,0.0,8.526512829121202e-14,0.0,0.0,0.0,8.526512829121202e-14,8.526512829121202e-14,2.7755575615628914e-17,2.3283064365386963e-10,0.0,2.7755575615628914e-17,0.0,0.0,0.0,5.551115123125783e-17,0.9535958684546865,0.4951439066255736,0.020516956243484305,0.2828579829461928,0.09623714425345628,0.0,0.0,0.0,408,0.9816260033872004,0.5550085342246548,311,0,0,0.0,0.0,645,0,0,0.3696703717046787,0.5028187146626901,368,146.83096857724985,0.8102959062309434,433.0,402.6497017119528,0.6254321908415699,295,rbio,366.5925925925926,360.0,210.3588723315502,135,0.8110455588331695,0.7500562468954116,0.20725123474815782,3,222.0
sym16,1,reflect,2.488754660324173e-19,246.13520224906483,11406449.895877635,0.5652173913043478,427.23118414905696,108,raw,3.86180569004561e-10,-1.136122973873195e-09,"[2, 5, 11, 17, 22, 25, 29, 38, 44, 52, 55, 60, 65, 74, 78, 84, 89, 95, 98, 101, 105]","[37.99999999982768, 367.9999999989135, 460.9999999993408, 192.99999999934982, 950.9999999991941, 153.99999999915997, 880.999999997768, 242.99999999938652, 490.9999999992331, 185.99999999959812, 320.9999999991128, 942.999999999389, 809.9999999979304, 204.99999999947318, 477.9999999989832, 275.99999999952297, 346.9999999993041, 79.00000000020543, 1007.9999999987165, 113.99999999937188, 892.9999999977924]",21,6.001529593409911,93527.44525174666,0.8141598943158324,4.365923718265508e-06,1.0,0.4907407407407407,67631.00000000102,0.1291094199046403,0.15147910127184852,188156.12126432,82872438.25058167,8,12069.579557414625,0.027777777777777776,"[0.0, 0.009259259259259259, 0.018518518518518517, 0.027777777777777776, 0.037037037037037035, 0.046296296296296294, 0.05555555555555555, 0.06481481481481481, 0.07407407407407407, 0.08333333333333333, 0.09259259259259259, 0.10185185185185185, 0.1111111111111111, 0.12037037037037036, 0.12962962962962962, 0.1388888888888889, 0.14814814814814814, 0.15740740740740738, 0.16666666666666666, 0.17592592592592593, 0.18518518518518517, 0.19444444444444442, 0.2037037037037037, 0.21296296296296297, 0.2222222222222222, 0.23148148148148145, 0.24074074074074073]","[67631.00000000102, 1786.6346316376835, 1155.9831840871925, 12069.579557414625, 1906.577854205601, 950.5914327638429, 9083.877197377662, 2481.22963677234, 778.6316126010495, 8965.162396373764, 2042.6423114749537, 1606.7171021505208, 6927.939836285049, 1790.9411989138816, 2115.064375985911, 4469.1464533858125, 811.3124818644658, 852.4454942221334, 2613.518509589368, 1125.8336361524446, 622.5282936158092, 1595.9028958418223, 1672.0836322303155, 807.7671822520381, 3024.634439402227, 842.7313814721533, 842.8235732242982]",3.0,0.3,145.15000000047712,15,0.5,1721880.1384869227,0.14445541615552712,0.1241257545377978,16430975.45265818,84089526828.5145,"[0.046875, 0.03125]",2,1721880.1384869227,0.046875,"[0.0, 0.015625, 0.03125, 0.046875, 0.0625, 0.078125, 0.09375, 0.109375, 0.125, 0.140625, 0.15625, 0.171875, 0.1875, 0.203125, 0.21875, 0.234375]","[154749.38571153127, 876106.9067077413, 1710291.376890122, 1721880.1384869227, 1236443.3975573468, 1200279.693852502, 1385236.6101384964, 1437054.04741736, 1048940.293642085, 664501.8455314608, 393060.297149039, 165807.0810681806, 58528.066628229266, 51528.956393604785, 141871.95181042547, 339557.7347225173]",3.0,0.3,flattop,64,32,145.15000000047712,15,21,449.5238095229321,37.99999999982768,1007.9999999987165,"[2, 5, 11, 17, 22, 25, 29, 38, 44, 52, 55, 60, 65, 74, 78, 84, 89, 95, 98, 101, 105]","[37.99999999982768, 367.9999999989135, 460.9999999993408, 192.99999999934982, 950.9999999991941, 153.99999999915997, 880.999999997768, 242.99999999938652, 490.9999999992331, 185.99999999959812, 320.9999999991128, 942.999999999389, 809.9999999979304, 204.99999999947318, 477.9999999989832, 275.99999999952297, 346.9999999993041, 79.00000000020543, 1007.9999999987165, 113.99999999937188, 892.9999999977924]","[1, 1, 1, 15, 1, 24, 27, 35, 35, 49, 35, 35, 63, 73, 73, 73, 35, 92, 35, 99, 99]","[3, 8, 18, 18, 35, 27, 35, 39, 49, 53, 56, 73, 73, 75, 81, 85, 92, 97, 106, 102, 106]",0.05,30,52684908.99997459,1015.9999999996594,-1015.9999999996594,DWT,uc1.l0082987033,1.58604234457016e-06,0.0,8.774350135354325e-10,1.1026859283447266e-06,0.0,1.283524397877045e-09,4.721991717815399e-05,3.406057658139616e-10,1.0,84,0.0,3.5051925806328654e-09,1.0,84,,0.0,0.0,1.0,84,0.0,0.0,2.5406479835510254e-05,0.3091583251953125,1.0186340659856796e-09,0.0,0.0,0.0,8.774350135354325e-10,1.8426362657919526e-08,8.970162179182459e-10,0.0,3.406057658139616e-10,0.0,4.771152362081921e-10,0.0,0.0,0.0,4.771152362081921e-10,1.723208242765395e-10,9.71445146547012e-14,1.58604234457016e-06,8.604228440844963e-15,1.772193503057906e-14,1.9551953300833702e-07,0.0,0.0,1.1579626146840383e-13,0.1860558004496301,0.7140196118413304,0.2209597641574724,0.5212533398105413,0.0146469199347138,0.10693342531907554,0.05346671265953777,0.10693342531907554,45,0.7934832721672815,0.44863317220380805,569,0,0,0.10693342531907554,0.10693342531907554,45,0,0,0.3313870872387376,0.45074650828200497,513,287.2768699356076,0.6288412533131684,293.0,83.07160339233877,0.6251441408684705,296,sym,445.72514619883043,505.0,280.45746329325993,171,0.986117580085908,1.0,0.009717693939864401,6,223.5
db20,1,antisymmetric,2.723930862314041e-26,315.7430623088419,11574756.696971135,0.5547945205479452,472.8138638186025,108,raw,1.2595685811228813e-13,-1.1003586930513686e-10,"[2, 5, 11, 17, 22, 25, 29, 38, 44, 52, 55, 60, 65, 74, 78, 84, 89, 95, 98, 101, 105]","[37.99999999999994, 368.0000000000002, 461.0000000000003, 193.00000000000006, 950.9999999999998, 153.99999999999966, 881.0000000000005, 243.0, 491.00000000000006, 186.0000000000001, 320.99999999999966, 943.0000000000003, 810.0000000000001, 205.00000000000006, 478.0000000000001, 275.9999999999999, 346.99999999999966, 78.99999999999966, 1008.0, 114.00000000000011, 893.0000000000005]",21,6.082469104937958,389138.0744165864,0.9432826283771242,4.365923718251291e-06,0.9999999999999998,0.4907407407407407,67631.0,0.12910941990473745,0.15147910127183992,188156.12126451553,82872438.25058056,8,12069.579557418132,0.027777777777777776,"[0.0, 0.009259259259259259, 0.018518518518518517, 0.027777777777777776, 0.037037037037037035, 0.046296296296296294, 0.05555555555555555, 0.06481481481481481, 0.07407407407407407, 0.08333333333333333, 0.09259259259259259, 0.10185185185185185, 0.1111111111111111, 0.12037037037037036, 0.12962962962962962, 0.1388888888888889, 0.14814814814814814, 0.15740740740740738, 0.16666666666666666, 0.17592592592592593, 0.18518518518518517, 0.19444444444444442, 0.2037037037037037, 0.21296296296296297, 0.2222222222222222, 0.23148148148148145, 0.24074074074074073]","[67631.0, 1786.6346316369993, 1155.9831840869379, 12069.579557418132, 1906.5778542068433, 950.5914327636016, 9083.87719738518, 2481.2296367744834, 778.6316126029449, 8965.162396385991, 2042.6423114779168, 1606.7171021541512, 6927.939836298322, 1790.9411989177934, 2115.0643759896498, 4469.146453396726, 811.3124818658868, 852.4454942250554, 2613.518509595829, 1125.8336361545955, 622.5282936168387, 1595.9028958466956, 1672.0836322356413, 807.7671822537565, 3024.634439411762, 842.7313814743645, 842.8235732269204]",3.0,0.3,145.15000000000006,15,0.5,1721880.1384885092,0.14445541615564292,0.12412575453778006,16430975.452705404,84089526828.82372,"[0.046875, 0.03125]",2,1721880.1384885092,0.046875,"[0.0, 0.015625, 0.03125, 0.046875, 0.0625, 0.078125, 0.09375, 0.109375, 0.125, 0.140625, 0.15625, 0.171875, 0.1875, 0.203125, 0.21875, 0.234375]","[154749.38571156538, 876106.9067082778, 1710291.376891533, 1721880.1384885092, 1236443.3975593033, 1200279.6938555273, 1385236.6101427814, 1437054.0474222805, 1048940.2936461223, 664501.8455342909, 393060.2971508257, 165807.08106897474, 58528.06662853267, 51528.95639390746, 141871.95181127617, 339557.7347245398]",3.0,0.3,flattop,64,32,145.15000000000006,15,21,449.5238095238095,37.99999999999994,1008.0,"[2, 5, 11, 17, 22, 25, 29, 38, 44, 52, 55, 60, 65, 74, 78, 84, 89, 95, 98, 101, 105]","[37.99999999999994, 368.0000000000002, 461.0000000000003, 193.00000000000006, 950.9999999999998, 153.99999999999966, 881.0000000000005, 243.0, 491.00000000000006, 186.0000000000001, 320.99999999999966, 943.0000000000003, 810.0000000000001, 205.00000000000006, 478.0000000000001, 275.9999999999999, 346.99999999999966, 78.99999999999966, 1008.0, 114.00000000000011, 893.0000000000005]","[1, 1, 1, 15, 1, 24, 27, 35, 35, 49, 35, 35, 63, 73, 73, 73, 35, 92, 35, 99, 99]","[3, 8, 18, 18, 35, 27, 35, 39, 49, 53, 56, 73, 73, 75, 81, 85, 92, 97, 106, 102, 106]",0.05,30,52684909.0,1016.0,-1016.0,DWT,uc1.l0082987033,4.656612873077393e-10,0.0,0.0,0.0,0.0,0.0,3.725290298461914e-09,0.0,1.0,84,0.0,1.8189894035458565e-12,1.0,84,,0.0,0.0,1.0,84,0.0,0.0,0.0,6.103515625e-05,0.0,0.0,0.0,0.0,0.0,0.0,1.9759855127804691e-13,0.0,0.0,0.0,5.684341886080802e-14,0.0,0.0,0.0,5.684341886080802e-14,5.684341886080802e-14,0.0,4.656612873077393e-10,0.0,1.3877787807814457e-17,0.0,0.0,0.0,0.0,0.9006968669066934,0.8177309266645227,0.23728612409481192,0.40491313997091927,0.8148360993823985,0.0,0.0,0.0,590,1.5558263412650106,0.8796597626733778,19,0,0,0.0,0.0,485,0,0,0.6350926314038692,0.8638411002257704,18,302.6956667457707,0.6089203272018466,278.0,35.732181977508404,0.6248736002934298,297,db,413.2962962962963,398.0,188.41229481502944,243,0.9143723369387087,0.671803462110104,0.15839832550987273,5,224.0
coif7,1,periodization,5.926647703370221e-26,312.36693198862775,9356344.068314651,0.5555555555555556,433.3290211192413,108,raw,1.7972454800117156e-13,-1.207166588912407e-10,"[2, 5, 11, 17, 22, 25, 29, 38, 44, 52, 55, 60, 65, 74, 78, 84, 89, 95, 98, 101, 105]","[38.0000000000002, 368.0, 461.0000000000001, 193.0, 951.0, 154.0000000000001, 881.0000000000006, 243.0000000000002, 490.9999999999997, 186.0000000000001, 320.9999999999998, 943.0000000000005, 810.0000000000003, 205.00000000000003, 478.0000000000003, 276.0000000000001, 346.99999999999955, 78.99999999999955, 1008.0, 113.99999999999989, 893.0000000000001]",21,5.6309289841550365,95467.34242112485,0.7721451003718848,4.36592371825129e-06,0.9999999999999998,0.4907407407407407,67631.0,0.1291094199047374,0.15147910127183992,188156.12126451556,82872438.25058056,8,12069.579557418134,0.027777777777777776,"[0.0, 0.009259259259259259, 0.018518518518518517, 0.027777777777777776, 0.037037037037037035, 0.046296296296296294, 0.05555555555555555, 0.06481481481481481, 0.07407407407407407, 0.08333333333333333, 0.09259259259259259, 0.10185185185185185, 0.1111111111111111, 0.12037037037037036, 0.12962962962962962, 0.1388888888888889, 0.14814814814814814, 0.15740740740740738, 0.16666666666666666, 0.17592592592592593, 0.18518518518518517, 0.19444444444444442, 0.2037037037037037, 0.21296296296296297, 0.2222222222222222, 0.23148148148148145, 0.24074074074074073]","[67631.0, 1786.6346316370023, 1155.9831840869376, 12069.579557418134, 1906.5778542068463, 950.5914327635979, 9083.877197385176, 2481.2296367744843, 778.631612602946, 8965.162396385998, 2042.6423114779145, 1606.7171021541476, 6927.9398362983275, 1790.9411989177906, 2115.0643759896498, 4469.146453396725, 811.3124818658849, 852.4454942250569, 2613.518509595831, 1125.8336361545928, 622.5282936168348, 1595.9028958466993, 1672.08363223564, 807.7671822537596, 3024.6344394117605, 842.7313814743646, 842.823573226919]",3.0,0.3,145.14999999999986,15,0.5,1721880.138488509,0.14445541615564292,0.12412575453778005,16430975.45270541,84089526828.82378,"[0.046875, 0.03125]",2,1721880.138488509,0.046875,"[0.0, 0.015625, 0.03125, 0.046875, 0.0625, 0.078125, 0.09375, 0.109375, 0.125, 0.140625, 0.15625, 0.171875, 0.1875, 0.203125, 0.21875, 0.234375]","[154749.3857115652, 876106.9067082775, 1710291.3768915324, 1721880.138488509, 1236443.3975593026, 1200279.693855528, 1385236.6101427833, 1437054.0474222824, 1048940.2936461233, 664501.8455342915, 393060.2971508255, 165807.08106897454, 58528.06662853266, 51528.956393907625, 141871.95181127643, 339557.73472454015]",3.0,0.3,flattop,64,32,145.14999999999986,15,21,449.52380952380963,38.0000000000002,1008.0,"[2, 5, 11, 17, 22, 25, 29, 38, 44, 52, 55, 60, 65, 74, 78, 84, 89, 95, 98, 101, 105]","[38.0000000000002, 368.0, 461.0000000000001, 193.0, 951.0, 154.0000000000001, 881.0000000000006, 243.0000000000002, 490.9999999999997, 186.0000000000001, 320.9999999999998, 943.0000000000005, 810.0000000000003, 205.00000000000003, 478.0000000000003, 276.0000000000001, 346.99999999999955, 78.99999999999955, 1008.0, 113.99999999999989, 893.0000000000001]","[1, 1, 1, 15, 1, 24, 27, 35, 35, 49, 35, 35, 63, 73, 73, 73, 35, 92, 35, 99, 99]","[3, 8, 18, 18, 35, 27, 35, 39, 49, 53, 56, 73, 73, 75, 81, 85, 92, 97, 106, 102, 106]",0.05,30,52684909.00000001,1016.0000000000001,-1016.0000000000001,DWT,uc1.l0082987033,2.3283064365386963e-10,0.0,1.1368683772161603e-13,0.0,0.0,0.0,9.313225746154785e-09,1.1368683772161603e-13,1.0,84,0.0,3.637978807091713e-12,1.0,84,,0.0,0.0,1.0,84,0.0,0.0,7.450580596923828e-09,0.0001220703125,0.0,0.0,0.0,0.0,1.1368683772161603e-13,1.8189894035458565e-12,1.989519660128281e-13,0.0,1.1368683772161603e-13,0.0,1.4210854715202004e-13,0.0,0.0,0.0,1.4210854715202004e-13,1.9895196601282805e-13,5.551115123125783e-17,2.3283064365386963e-10,0.0,2.7755575615628914e-17,2.9103830456733704e-11,0.0,0.0,0.0,0.8660352443476333,0.23915293999613593,0.022092187606977003,0.41340782122905073,0.019898032618189163,3.135877575339459e-05,1.5679387876697293e-05,3.135877575339459e-05,313,0.8235660519490323,0.4656418898360434,550,0,0,3.135877575339459e-05,3.135877575339459e-05,271,0,0,0.3121172451595972,0.42453603006243346,568,155.2771715352904,0.7993834993084104,425.5,382.275042487439,0.6248209486206134,298,coif,217.80246913580248,181.0,166.32516494453617,81,0.48186386976947454,0.5930495234160287,0.4847804341365592,1,223.75
db20,1,antireflect,3.0374650899476604e-26,315.26991015960067,11066518.752373096,0.5616438356164384,510.330126221684,108,raw,1.3378598640445954e-13,-1.0862999388905399e-10,"[2, 5, 11, 17, 22, 25, 29, 38, 44, 52, 55, 60, 65, 74, 78, 84, 89, 95, 98, 101, 105]","[38.0, 368.00000000000034, 460.9999999999999, 193.0000000000001, 950.9999999999998, 153.99999999999943, 881.0, 243.0, 491.00000000000006, 186.0000000000001, 320.99999999999966, 943.0000000000003, 810.0000000000001, 205.0000000000001, 478.00000000000017, 275.9999999999999, 346.9999999999993, 78.99999999999966, 1007.9999999999999, 114.00000000000023, 893.0000000000005]",21,6.104297775378496,361336.92123348714,0.9371396428019719,4.3659237182512925e-06,1.0,0.4907407407407407,67631.0,0.12910941990473743,0.15147910127183992,188156.12126451553,82872438.25058056,8,12069.579557418134,0.027777777777777776,"[0.0, 0.009259259259259259, 0.018518518518518517, 0.027777777777777776, 0.037037037037037035, 0.046296296296296294, 0.05555555555555555, 0.06481481481481481, 0.07407407407407407, 0.08333333333333333, 0.09259259259259259, 0.10185185185185185, 0.1111111111111111, 0.12037037037037036, 0.12962962962962962, 0.1388888888888889, 0.14814814814814814, 0.15740740740740738, 0.16666666666666666, 0.17592592592592593, 0.18518518518518517, 0.19444444444444442, 0.2037037037037037, 0.21296296296296297, 0.2222222222222222, 0.23148148148148145, 0.24074074074074073]","[67631.0, 1786.6346316369988, 1155.9831840869394, 12069.579557418134, 1906.5778542068433, 950.5914327636021, 9083.87719738518, 2481.2296367744825, 778.6316126029442, 8965.162396385993, 2042.642311477916, 1606.7171021541524, 6927.939836298322, 1790.9411989177943, 2115.0643759896498, 4469.146453396726, 811.3124818658869, 852.4454942250554, 2613.518509595829, 1125.8336361545942, 622.528293616837, 1595.902895846697, 1672.0836322356415, 807.7671822537568, 3024.6344394117623, 842.7313814743646, 842.8235732269202]",3.0,0.3,145.15000000000006,15,0.5,1721880.1384885092,0.14445541615564292,0.12412575453778006,16430975.452705402,84089526828.82372,"[0.046875, 0.03125]",2,1721880.1384885092,0.046875,"[0.0, 0.015625, 0.03125, 0.046875, 0.0625, 0.078125, 0.09375, 0.109375, 0.125, 0.140625, 0.15625, 0.171875, 0.1875, 0.203125, 0.21875, 0.234375]","[154749.38571156532, 876106.9067082779, 1710291.376891533, 1721880.1384885092, 1236443.3975593033, 1200279.6938555273, 1385236.6101427814, 1437054.0474222805, 1048940.2936461223, 664501.8455342911, 393060.2971508256, 165807.08106897474, 58528.06662853266, 51528.956393907465, 141871.95181127614, 339557.7347245397]",3.0,0.3,flattop,64,32,145.15000000000006,15,21,449.52380952380946,38.0,1007.9999999999999,"[2, 5, 11, 17, 22, 25, 29, 38, 44, 52, 55, 60, 65, 74, 78, 84, 89, 95, 98, 101, 105]","[38.0, 368.00000000000034, 460.9999999999999, 193.0000000000001, 950.9999999999998, 153.99999999999943, 881.0, 243.0, 491.00000000000006, 186.0000000000001, 320.99999999999966, 943.0000000000003, 810.0000000000001, 205.0000000000001, 478.00000000000017, 275.9999999999999, 346.9999999999993, 78.99999999999966, 1007.9999999999999, 114.00000000000023, 893.0000000000005]","[1, 1, 1, 15, 1, 24, 27, 35, 35, 49, 35, 35, 63, 73, 73, 73, 35, 92, 35, 99, 99]","[3, 8, 18, 18, 35, 27, 35, 39, 49, 53, 56, 73, 73, 75, 81, 85, 92, 97, 106, 102, 106]",0.05,30,52684909.0,1015.9999999999998,-1015.9999999999998,DWT,uc1.l0082987033,4.656612873077393e-10,0.0,5.684341886080802e-14,0.0,0.0,1.1368683772161603e-13,1.862645149230957e-09,2.2737367544323206e-13,1.0,84,0.0,3.637978807091713e-12,1.0,84,,0.0,0.0,1.0,84,0.0,0.0,0.0,6.103515625e-05,0.0,0.0,0.0,0.0,5.684341886080802e-14,1.8189894035458565e-12,2.1654635756498293e-13,0.0,2.2737367544323206e-13,0.0,5.684341886080802e-14,0.0,0.0,0.0,5.684341886080802e-14,0.0,2.7755575615628914e-17,4.656612873077393e-10,0.0,1.3877787807814457e-17,0.0,0.0,0.0,0.0,0.8958391689938453,0.8457009510628781,0.1879852309436695,0.48136527129410006,0.739581085663394,0.0,0.0,0.0,589,1.5427251351825786,0.8722523782323631,20,0,0,0.0,0.0,487,0,0,0.6300943415915774,0.8570425200546337,19,302.2387301455589,0.6095106845664613,278.75,37.60007733863343,0.6246842828517061,299,db,413.2962962962963,398.0,188.41229481502944,243,0.9143723369387087,0.671803462110104,0.15839832550987273,5,225.5
db19,1,reflect,2.5315072355812417e-26,316.061231381522,11728003.19346015,0.5625,463.7234004406307,108,raw,1.2454235174017317e-13,-1.0674383599251837e-10,"[2, 5, 11, 17, 22, 25, 29, 38, 44, 52, 55, 60, 65, 74, 78, 84, 89, 95, 98, 101, 105]","[38.00000000000006, 367.99999999999966, 460.99999999999983, 193.0, 951.0, 154.0, 881.0000000000001, 242.99999999999997, 490.99999999999943, 186.00000000000023, 321.00000000000045, 943.0000000000002, 810.0, 204.99999999999997, 478.0, 276.0000000000001, 347.0000000000002, 79.00000000000023, 1007.9999999999995, 113.99999999999989, 893.0]",21,6.055942419607385,91015.65758776834,0.7865788221450375,4.3659237182512925e-06,1.0,0.4907407407407407,67631.0,0.12910941990473743,0.15147910127183992,188156.12126451553,82872438.25058056,8,12069.57955741813,0.027777777777777776,"[0.0, 0.009259259259259259, 0.018518518518518517, 0.027777777777777776, 0.037037037037037035, 0.046296296296296294, 0.05555555555555555, 0.06481481481481481, 0.07407407407407407, 0.08333333333333333, 0.09259259259259259, 0.10185185185185185, 0.1111111111111111, 0.12037037037037036, 0.12962962962962962, 0.1388888888888889, 0.14814814814814814, 0.15740740740740738, 0.16666666666666666, 0.17592592592592593, 0.18518518518518517, 0.19444444444444442, 0.2037037037037037, 0.21296296296296297, 0.2222222222222222, 0.23148148148148145, 0.24074074074074073]","[67631.0, 1786.634631637001, 1155.9831840869385, 12069.57955741813, 1906.5778542068429, 950.5914327636, 9083.877197385176, 2481.2296367744816, 778.6316126029453, 8965.16239638599, 2042.6423114779168, 1606.7171021541487, 6927.939836298322, 1790.9411989177936, 2115.064375989647, 4469.146453396725, 811.3124818658836, 852.4454942250579, 2613.51850959583, 1125.8336361545955, 622.5282936168378, 1595.9028958466954, 1672.0836322356417, 807.7671822537561, 3024.634439411761, 842.7313814743638, 842.8235732269196]",3.0,0.3,145.15,15,0.5,1721880.1384885088,0.14445541615564295,0.12412575453778009,16430975.452705402,84089526828.82372,"[0.046875, 0.03125]",2,1721880.1384885088,0.046875,"[0.0, 0.015625, 0.03125, 0.046875, 0.0625, 0.078125, 0.09375, 0.109375, 0.125, 0.140625, 0.15625, 0.171875, 0.1875, 0.203125, 0.21875, 0.234375]","[154749.38571156556, 876106.9067082778, 1710291.3768915324, 1721880.1384885088, 1236443.397559303, 1200279.693855527, 1385236.6101427816, 1437054.0474222805, 1048940.2936461223, 664501.8455342909, 393060.2971508255, 165807.08106897474, 58528.06662853276, 51528.956393907574, 141871.95181127626, 339557.73472453974]",3.0,0.3,flattop,64,32,145.15,15,21,449.5238095238095,38.00000000000006,1007.9999999999995,"[2, 5, 11, 17, 22, 25, 29, 38, 44, 52, 55, 60, 65, 74, 78, 84, 89, 95, 98, 101, 105]","[38.00000000000006, 367.99999999999966, 460.99999999999983, 193.0, 951.0, 154.0, 881.0000000000001, 242.99999999999997, 490.99999999999943, 186.00000000000023, 321.00000000000045, 943.0000000000002, 810.0, 204.99999999999997, 478.0, 276.0000000000001, 347.0000000000002, 79.00000000000023, 1007.9999999999995, 113.99999999999989, 893.0]","[1, 1, 1, 15, 1, 24, 27, 35, 35, 49, 35, 35, 63, 73, 73, 73, 35, 92, 35, 99, 99]","[3, 8, 18, 18, 35, 27, 35, 39, 49, 53, 56, 73, 73, 75, 81, 85, 92, 97, 106, 102, 106]",0.05,30,52684909.0,1015.9999999999998,-1015.9999999999998,DWT,uc1.l0082987033,0.0,0.0,0.0,0.0,0.0,4.547473508864641e-13,1.862645149230957e-09,2.2737367544323206e-13,1.0,84,0.0,0.0,1.0,84,,0.0,0.0,1.0,84,0.0,0.0,0.0,6.103515625e-05,0.0,0.0,0.0,0.0,0.0,0.0,1.59702938704175e-13,0.0,2.2737367544323206e-13,0.0,0.0,0.0,0.0,0.0,0.0,5.684341886080802e-14,2.7755575615628914e-17,0.0,0.0,1.3877787807814457e-17,0.0,0.0,0.0,2.7755575615628914e-17,0.9039634044100516,0.7837411315496676,0.25215158077606614,0.49092178770949735,0.007847755386862387,0.0,0.0,0.0,549,1.2598322160474418,0.7123055310115743,89,0,0,0.0,0.0,544,0,0,0.4877251319664291,0.6633945880844498,99,261.2908660222677,0.6624149017800158,320.25,160.02116071131712,0.6243276059287676,300,db,413.2962962962963,398.0,188.41229481502944,243,0.9143723369387087,0.671803462110104,0.15839832550987273,5,226.25
sym14,1,constant,4.6186198319695644e-21,263.4499009513002,9364826.191503534,0.6044776119402985,285.1784848550675,108,raw,5.393377925336744e-11,1.77341474771802e-11,"[2, 5, 11, 17, 22, 25, 29, 38, 44, 52, 55, 60, 65, 74, 78, 84, 89, 95, 98, 101, 105]","[37.9999999999705, 367.9999999998481, 460.999999999899, 192.99999999991894, 950.9999999998809, 153.9999999998986, 880.9999999996957, 242.99999999991866, 490.99999999988034, 185.99999999994338, 320.999999999873, 942.9999999998968, 809.9999999997183, 204.99999999993437, 477.99999999985675, 275.9999999999353, 346.9999999999011, 79.00000000001125, 1007.9999999998429, 113.99999999992895, 892.999999999663]",21,5.629184610563847,132405.76145109875,0.9001068236022531,4.365923718253362e-06,0.9999999999999998,0.4907407407407407,67630.99999999988,0.1291094199047236,0.15147910127184044,188156.1212644877,82872438.25058015,8,12069.579557417805,0.027777777777777776,"[0.0, 0.009259259259259259, 0.018518518518518517, 0.027777777777777776, 0.037037037037037035, 0.046296296296296294, 0.05555555555555555, 0.06481481481481481, 0.07407407407407407, 0.08333333333333333, 0.09259259259259259, 0.10185185185185185, 0.1111111111111111, 0.12037037037037036, 0.12962962962962962, 0.1388888888888889, 0.14814814814814814, 0.15740740740740738, 0.16666666666666666, 0.17592592592592593, 0.18518518518518517, 0.19444444444444442, 0.2037037037037037, 0.21296296296296297, 0.2222222222222222, 0.23148148148148145, 0.24074074074074073]","[67630.99999999988, 1786.6346316369281, 1155.9831840869106, 12069.579557417805, 1906.5778542067308, 950.5914327634212, 9083.877197384172, 2481.229636774153, 778.6316126028432, 8965.16239638413, 2042.6423114773531, 1606.7171021537636, 6927.939836296375, 1790.9411989172954, 2115.0643759889826, 4469.146453395247, 811.3124818656412, 852.4454942247505, 2613.5185095948623, 1125.833636154193, 622.5282936166356, 1595.9028958460804, 1672.0836322349996, 807.7671822534829, 3024.6344394106263, 842.7313814740412, 842.823573226586]",3.0,0.3,145.15000000006657,15,0.5,1721880.1384882538,0.1444554161556283,0.12412575453778259,16430975.45269848,84089526828.77405,"[0.046875, 0.03125]",2,1721880.1384882538,0.046875,"[0.0, 0.015625, 0.03125, 0.046875, 0.0625, 0.078125, 0.09375, 0.109375, 0.125, 0.140625, 0.15625, 0.171875, 0.1875, 0.203125, 0.21875, 0.234375]","[154749.3857115564, 876106.906708186, 1710291.376891303, 1721880.1384882538, 1236443.39755899, 1200279.6938550472, 1385236.610142109, 1437054.0474215187, 1048940.293645508, 664501.8455338683, 393060.29715056357, 165807.0810688604, 58528.06662849088, 51528.95639386929, 141871.9518111701, 339557.73472428607]",3.0,0.3,flattop,64,32,145.15000000006657,15,21,449.52380952368645,37.9999999999705,1007.9999999998429,"[2, 5, 11, 17, 22, 25, 29, 38, 44, 52, 55, 60, 65, 74, 78, 84, 89, 95, 98, 101, 105]","[37.9999999999705, 367.9999999998481, 460.999999999899, 192.99999999991894, 950.9999999998809, 153.9999999998986, 880.9999999996957, 242.99999999991866, 490.99999999988034, 185.99999999994338, 320.999999999873, 942.9999999998968, 809.9999999997183, 204.99999999993437, 477.99999999985675, 275.9999999999353, 346.9999999999011, 79.00000000001125, 1007.9999999998429, 113.99999999992895, 892.999999999663]","[1, 1, 1, 15, 1, 24, 27, 35, 35, 49, 35, 35, 63, 73, 73, 73, 35, 92, 35, 99, 99]","[3, 8, 18, 18, 35, 27, 35, 39, 49, 53, 56, 73, 73, 75, 81, 85, 92, 97, 106, 102, 106]",0.05,30,52684908.99999614,1015.9999999999515,-1015.9999999999515,DWT,uc1.l0082987033,2.5494955480098724e-07,0.0,1.2306600183364935e-10,4.172325134277344e-07,0.0,1.5711520973127335e-10,6.919726729393005e-06,4.8544279707130045e-11,1.0,84,0.0,3.255991032347083e-10,1.0,84,,0.0,0.0,1.0,84,0.0,0.0,3.859400749206543e-06,0.0496063232421875,1.1641532182693481e-10,0.0,0.0,0.0,1.2306600183364935e-10,2.584783942438662e-09,1.241311392299221e-10,0.0,4.8544279707130045e-11,0.0,6.656364348600619e-11,0.0,0.0,0.0,6.656364348600619e-11,2.950173438875936e-11,1.3850032232198828e-14,2.5494955480098724e-07,5.273559366969494e-16,2.5118795932144167e-15,2.782326191663742e-08,0.0,0.0,1.4627188349436437e-14,0.36382013245641764,0.2369177982801839,0.02291498380603035,0.9594763612107058,0.11988673497708656,0.016243845840258397,0.008121922920129199,0.016243845840258397,138,0.7799537089920747,0.44098359588791913,613,0,0,0.016243845840258397,0.016243845840258397,138,0,0,0.3406032021460849,0.4632820951361174,475,241.0795166191714,0.6885277563059802,341.0,219.4265072478409,0.6239796404268919,301,sym,445.72514619883043,505.0,280.45746329325993,171,0.986117580085908,1.0,0.009717693939864401,6,227.25
rbio6.8,1,symmetric,2.5076948970869038e-21,266.10227614977043,10249537.720797364,0.5725806451612904,434.89931639171624,108,raw,3.9465023841482136e-11,-1.1224265961490558e-10,"[2, 5, 11, 17, 22, 25, 29, 38, 44, 52, 55, 60, 65, 74, 78, 84, 89, 95, 98, 101, 105]","[37.99999999997732, 367.9999999998827, 460.99999999993116, 192.99999999994043, 950.9999999999144, 153.9999999999245, 880.9999999997785, 242.9999999999402, 490.99999999991843, 185.9999999999559, 320.99999999990723, 942.9999999999285, 809.9999999997983, 204.9999999999527, 477.9999999998962, 275.999999999956, 346.99999999993213, 79.00000000000682, 1007.9999999998697, 113.99999999995623, 892.9999999997523]",21,5.819613473580337,103974.11606071077,0.7743005642679718,4.365923718252757e-06,1.0,0.4907407407407407,67631.0,0.12910941990472727,0.15147910127184055,188156.12126449557,82872438.25058053,8,12069.579557417966,0.027777777777777776,"[0.0, 0.009259259259259259, 0.018518518518518517, 0.027777777777777776, 0.037037037037037035, 0.046296296296296294, 0.05555555555555555, 0.06481481481481481, 0.07407407407407407, 0.08333333333333333, 0.09259259259259259, 0.10185185185185185, 0.1111111111111111, 0.12037037037037036, 0.12962962962962962, 0.1388888888888889, 0.14814814814814814, 0.15740740740740738, 0.16666666666666666, 0.17592592592592593, 0.18518518518518517, 0.19444444444444442, 0.2037037037037037, 0.21296296296296297, 0.2222222222222222, 0.23148148148148145, 0.24074074074074073]","[67631.0, 1786.6346316369982, 1155.983184086931, 12069.579557417966, 1906.5778542067949, 950.5914327635613, 9083.877197384623, 2481.2296367742856, 778.6316126028428, 8965.162396384741, 2042.6423114775423, 1606.717102153814, 6927.9398362967895, 1790.9411989173793, 2115.0643759891595, 4469.146453395487, 811.3124818657367, 852.445494224761, 2613.518509595078, 1125.8336361543431, 622.5282936167486, 1595.9028958462122, 1672.0836322351445, 807.7671822536043, 3024.634439410944, 842.7313814741182, 842.8235732266525]",3.0,0.3,145.15000000004423,15,0.5,1721880.1384883914,0.14445541615563162,0.12412575453778252,16430975.452700602,84089526828.79175,"[0.046875, 0.03125]",2,1721880.1384883914,0.046875,"[0.0, 0.015625, 0.03125, 0.046875, 0.0625, 0.078125, 0.09375, 0.109375, 0.125, 0.140625, 0.15625, 0.171875, 0.1875, 0.203125, 0.21875, 0.234375]","[154749.3857115642, 876106.9067082407, 1710291.376891429, 1721880.1384883914, 1236443.3975591273, 1200279.693855211, 1385236.610142303, 1437054.0474217164, 1048940.2936456483, 664501.8455339575, 393060.2971506186, 165807.0810688855, 58528.066628501314, 51528.95639388021, 141871.95181120036, 339557.7347243581]",3.0,0.3,flattop,64,32,145.15000000004423,15,21,449.52380952371993,37.99999999997732,1007.9999999998697,"[2, 5, 11, 17, 22, 25, 29, 38, 44, 52, 55, 60, 65, 74, 78, 84, 89, 95, 98, 101, 105]","[37.99999999997732, 367.9999999998827, 460.99999999993116, 192.99999999994043, 950.9999999999144, 153.9999999999245, 880.9999999997785, 242.9999999999402, 490.99999999991843, 185.9999999999559, 320.99999999990723, 942.9999999999285, 809.9999999997983, 204.9999999999527, 477.9999999998962, 275.999999999956, 346.99999999993213, 79.00000000000682, 1007.9999999998697, 113.99999999995623, 892.9999999997523]","[1, 1, 1, 15, 1, 24, 27, 35, 35, 49, 35, 35, 63, 73, 73, 73, 35, 92, 35, 99, 99]","[3, 8, 18, 18, 35, 27, 35, 39, 49, 53, 56, 73, 73, 75, 81, 85, 92, 97, 106, 102, 106]",0.05,30,52684908.99999739,1015.99999999997,-1015.99999999997,DWT,uc1.l0082987033,1.1734664440155029e-07,0.0,8.958522812463343e-11,2.9802322387695312e-08,0.0,1.3028511602897197e-10,4.798173904418945e-06,3.001332515850663e-11,1.0,84,0.0,1.6370904631912708e-10,1.0,84,,0.0,0.0,1.0,84,0.0,0.0,2.60770320892334e-06,0.0319061279296875,0.0,0.0,0.0,0.0,8.958522812463343e-11,1.8808350432664156e-09,9.01888510963458e-11,0.0,3.001332515850663e-11,0.0,4.4224179873708636e-11,0.0,0.0,0.0,4.4224179873708636e-11,2.2680524125462398e-11,1.0186296250935811e-14,1.1734664440155029e-07,6.38378239159465e-16,2.4424906541753444e-15,1.996522769331932e-08,0.0,0.0,1.1296519275560968e-14,0.3910511985867545,0.4809225790216922,0.10873515728755818,0.6034420616327272,0.042925040265507856,0.010975571513688106,0.005487785756844053,0.010975571513688106,145,0.7880064280659719,0.445536580216273,572,0,0,0.010975571513688106,0.010975571513688106,145,0,0,0.32541520735884805,0.44262366913890777,529,234.77276247469595,0.696676017474553,347.75,229.46681641848224,0.6236933058948992,302,rbio,366.5925925925926,360.0,210.3588723315502,135,0.8110455588331695,0.7500562468954116,0.20725123474815782,3,227.25
rbio3.3,1,periodization,6.56872058522547e-27,321.9202152257891,9249483.63642116,0.5555555555555556,483.6363448369742,108,raw,4.780538105293361e-14,-1.106340574708049e-10,"[2, 5, 11, 17, 22, 25, 29, 38, 44, 52, 55, 60, 65, 74, 78, 84, 89, 95, 98, 101, 105]","[37.99999999999994, 368.0, 460.9999999999999, 192.9999999999999, 951.0, 154.0, 881.0000000000002, 242.99999999999991, 491.0, 186.0000000000001, 321.0, 943.0000000000002, 809.9999999999999, 204.99999999999991, 478.0, 275.9999999999999, 347.0000000000002, 79.0, 1008.0, 114.00000000000011, 892.9999999999999]",21,5.74600083954507,99750.96964551721,0.6312515138411013,4.365923718251291e-06,1.0,0.4907407407407407,67631.0,0.1291094199047374,0.15147910127183992,188156.12126451556,82872438.25058056,8,12069.57955741813,0.027777777777777776,"[0.0, 0.009259259259259259, 0.018518518518518517, 0.027777777777777776, 0.037037037037037035, 0.046296296296296294, 0.05555555555555555, 0.06481481481481481, 0.07407407407407407, 0.08333333333333333, 0.09259259259259259, 0.10185185185185185, 0.1111111111111111, 0.12037037037037036, 0.12962962962962962, 0.1388888888888889, 0.14814814814814814, 0.15740740740740738, 0.16666666666666666, 0.17592592592592593, 0.18518518518518517, 0.19444444444444442, 0.2037037037037037, 0.21296296296296297, 0.2222222222222222, 0.23148148148148145, 0.24074074074074073]","[67631.0, 1786.634631637001, 1155.9831840869385, 12069.57955741813, 1906.5778542068435, 950.5914327636026, 9083.877197385176, 2481.2296367744843, 778.6316126029456, 8965.162396385991, 2042.642311477917, 1606.7171021541499, 6927.939836298323, 1790.9411989177931, 2115.0643759896493, 4469.146453396725, 811.3124818658856, 852.4454942250563, 2613.518509595828, 1125.833636154594, 622.5282936168367, 1595.9028958466972, 1672.0836322356427, 807.7671822537557, 3024.6344394117596, 842.7313814743654, 842.8235732269196]",3.0,0.3,145.15000000000003,15,0.5,1721880.1384885088,0.14445541615564295,0.12412575453778009,16430975.452705404,84089526828.82368,"[0.046875, 0.03125]",2,1721880.1384885088,0.046875,"[0.0, 0.015625, 0.03125, 0.046875, 0.0625, 0.078125, 0.09375, 0.109375, 0.125, 0.140625, 0.15625, 0.171875, 0.1875, 0.203125, 0.21875, 0.234375]","[154749.3857115655, 876106.906708278, 1710291.3768915327, 1721880.1384885088, 1236443.3975593026, 1200279.6938555269, 1385236.6101427816, 1437054.047422281, 1048940.2936461223, 664501.8455342909, 393060.2971508254, 165807.0810689747, 58528.066628532695, 51528.95639390754, 141871.9518112762, 339557.7347245399]",3.0,0.3,flattop,64,32,145.15000000000003,15,21,449.5238095238095,37.99999999999994,1008.0,"[2, 5, 11, 17, 22, 25, 29, 38, 44, 52, 55, 60, 65, 74, 78, 84, 89, 95, 98, 101, 105]","[37.99999999999994, 368.0, 460.9999999999999, 192.9999999999999, 951.0, 154.0, 881.0000000000002, 242.99999999999991, 491.0, 186.0000000000001, 321.0, 943.0000000000002, 809.9999999999999, 204.99999999999991, 478.0, 275.9999999999999, 347.0000000000002, 79.0, 1008.0, 114.00000000000011, 892.9999999999999]","[1, 1, 1, 15, 1, 24, 27, 35, 35, 49, 35, 35, 63, 73, 73, 73, 35, 92, 35, 99, 99]","[3, 8, 18, 18, 35, 27, 35, 39, 49, 53, 56, 73, 73, 75, 81, 85, 92, 97, 106, 102, 106]",0.05,30,52684909.0,1016.0,-1016.0,DWT,uc1.l0082987033,0.0,0.0,0.0,0.0,0.0,0.0,3.725290298461914e-09,0.0,1.0,84,0.0,0.0,1.0,84,,0.0,0.0,1.0,84,0.0,0.0,0.0,3.0517578125e-05,0.0,0.0,0.0,0.0,0.0,0.0,8.120488408686862e-14,0.0,0.0,0.0,2.842170943040401e-14,0.0,0.0,0.0,2.842170943040401e-14,5.684341886080802e-14,5.551115123125783e-17,0.0,0.0,1.3877787807814457e-17,2.9103830456733704e-11,0.0,0.0,2.7755575615628914e-17,0.9641156696747215,0.38659951085305666,0.011726344617759517,0.41340782122905073,0.03149339427155823,0.0,0.0,0.0,404,0.9555928157404845,0.5402894444010939,365,0,0,0.0,0.0,647,0,0,0.36146854812922935,0.491662747877794,390,131.32783406422266,0.8303257957826581,451.5,428.96955044589146,0.6234962312246624,303,rbio,366.5925925925926,360.0,210.3588723315502,135,0.8110455588331695,0.7500562468954116,0.20725123474815782,3,228.0
bior3.3,1,periodization,5.436456841133525e-27,322.74186366571337,10236072.06624,0.5462962962962963,294.19504668152604,108,raw,4.658824766297412e-14,-1.0934320116007323e-10,"[2, 5, 11, 17, 22, 25, 29, 38, 44, 52, 55, 60, 65, 74, 78, 84, 89, 95, 98, 101, 105]","[38.00000000000006, 367.9999999999999, 461.00000000000006, 193.0, 951.0000000000001, 153.9999999999999, 880.9999999999999, 242.9999999999999, 491.00000000000006, 186.0, 321.0, 943.0000000000001, 809.9999999999999, 204.99999999999994, 477.99999999999994, 276.0, 347.0, 79.0, 1008.0, 114.00000000000011, 893.0]",21,5.462687764693057,125389.16311339913,0.9150826002662136,4.365923718251291e-06,1.0,0.4907407407407407,67631.0,0.12910941990473737,0.15147910127183992,188156.12126451556,82872438.25058056,8,12069.57955741813,0.027777777777777776,"[0.0, 0.009259259259259259, 0.018518518518518517, 0.027777777777777776, 0.037037037037037035, 0.046296296296296294, 0.05555555555555555, 0.06481481481481481, 0.07407407407407407, 0.08333333333333333, 0.09259259259259259, 0.10185185185185185, 0.1111111111111111, 0.12037037037037036, 0.12962962962962962, 0.1388888888888889, 0.14814814814814814, 0.15740740740740738, 0.16666666666666666, 0.17592592592592593, 0.18518518518518517, 0.19444444444444442, 0.2037037037037037, 0.21296296296296297, 0.2222222222222222, 0.23148148148148145, 0.24074074074074073]","[67631.0, 1786.634631637, 1155.9831840869385, 12069.57955741813, 1906.5778542068424, 950.5914327636001, 9083.877197385178, 2481.2296367744843, 778.6316126029453, 8965.162396385991, 2042.6423114779172, 1606.7171021541487, 6927.939836298323, 1790.941198917794, 2115.064375989648, 4469.1464533967255, 811.3124818658852, 852.4454942250568, 2613.518509595828, 1125.8336361545942, 622.5282936168375, 1595.9028958466968, 1672.0836322356429, 807.7671822537575, 3024.634439411758, 842.7313814743655, 842.8235732269201]",3.0,0.3,145.14999999999998,15,0.5,1721880.1384885088,0.14445541615564292,0.12412575453778008,16430975.4527054,84089526828.82368,"[0.046875, 0.03125]",2,1721880.1384885088,0.046875,"[0.0, 0.015625, 0.03125, 0.046875, 0.0625, 0.078125, 0.09375, 0.109375, 0.125, 0.140625, 0.15625, 0.171875, 0.1875, 0.203125, 0.21875, 0.234375]","[154749.38571156556, 876106.906708278, 1710291.3768915327, 1721880.1384885088, 1236443.3975593024, 1200279.6938555264, 1385236.6101427814, 1437054.0474222808, 1048940.293646122, 664501.8455342907, 393060.29715082503, 165807.0810689744, 58528.06662853257, 51528.95639390752, 141871.95181127617, 339557.73472453974]",3.0,0.3,flattop,64,32,145.14999999999998,15,21,449.5238095238095,38.00000000000006,1008.0,"[2, 5, 11, 17, 22, 25, 29, 38, 44, 52, 55, 60, 65, 74, 78, 84, 89, 95, 98, 101, 105]","[38.00000000000006, 367.9999999999999, 461.00000000000006, 193.0, 951.0000000000001, 153.9999999999999, 880.9999999999999, 242.9999999999999, 491.00000000000006, 186.0, 321.0, 943.0000000000001, 809.9999999999999, 204.99999999999994, 477.99999999999994, 276.0, 347.0, 79.0, 1008.0, 114.00000000000011, 893.0]","[1, 1, 1, 15, 1, 24, 27, 35, 35, 49, 35, 35, 63, 73, 73, 73, 35, 92, 35, 99, 99]","[3, 8, 18, 18, 35, 27, 35, 39, 49, 53, 56, 73, 73, 75, 81, 85, 92, 97, 106, 102, 106]",0.05,30,52684909.0,1016.0,-1016.0,DWT,uc1.l0082987033,0.0,0.0,0.0,0.0,0.0,0.0,0.0,0.0,1.0,84,0.0,0.0,1.0,84,,0.0,0.0,1.0,84,0.0,0.0,0.0,3.0517578125e-05,0.0,0.0,0.0,0.0,0.0,0.0,5.6843418860808e-14,0.0,0.0,0.0,2.842170943040401e-14,0.0,0.0,0.0,2.842170943040401e-14,5.684341886080802e-14,8.326672684688674e-17,0.0,0.0,0.0,2.9103830456733704e-11,0.0,0.0,0.0,0.972551264690227,0.02357815150963738,0.107428940773032,0.31005586592178774,0.10089348672271814,0.0,0.0,0.0,456,0.8134140460132733,0.4599019747213221,554,0,0,0.0,0.0,417,0,0,0.3029015419234805,0.4120010031558171,586,79.78042784208836,0.8969245118319272,503.25,493.6685293042074,0.6233653566911574,304,bior,385.74074074074076,410.0,199.97417605530825,135,0.8534087184529663,0.7130285416801533,0.18870533457887761,4,229.0
db2,1,smooth,8.463717869186799e-27,320.81941133085587,9469509.592385026,0.5818181818181818,364.267243243976,108,raw,6.128431095930859e-14,-1.1681466904889313e-10,"[2, 5, 11, 17, 22, 25, 29, 38, 44, 52, 55, 60, 65, 74, 78, 84, 89, 95, 98, 101, 105]","[38.0, 368.0, 461.0000000000001, 192.99999999999994, 951.0000000000002, 153.99999999999977, 881.0000000000001, 243.0, 491.0, 186.0000000000001, 321.0000000000002, 943.0000000000001, 810.0, 205.0, 478.00000000000006, 276.0, 347.0000000000002, 79.0, 1008.0, 114.0, 893.0000000000002]",21,5.565580758894847,98821.78832337905,0.8623665857403058,4.365923718251291e-06,1.0,0.4907407407407407,67631.0,0.1291094199047374,0.15147910127183992,188156.12126451553,82872438.25058056,8,12069.579557418134,0.027777777777777776,"[0.0, 0.009259259259259259, 0.018518518518518517, 0.027777777777777776, 0.037037037037037035, 0.046296296296296294, 0.05555555555555555, 0.06481481481481481, 0.07407407407407407, 0.08333333333333333, 0.09259259259259259, 0.10185185185185185, 0.1111111111111111, 0.12037037037037036, 0.12962962962962962, 0.1388888888888889, 0.14814814814814814, 0.15740740740740738, 0.16666666666666666, 0.17592592592592593, 0.18518518518518517, 0.19444444444444442, 0.2037037037037037, 0.21296296296296297, 0.2222222222222222, 0.23148148148148145, 0.24074074074074073]","[67631.0, 1786.6346316370013, 1155.98318408694, 12069.579557418134, 1906.5778542068424, 950.5914327636017, 9083.877197385176, 2481.229636774485, 778.6316126029449, 8965.162396385991, 2042.6423114779172, 1606.71710215415, 6927.939836298324, 1790.9411989177945, 2115.064375989648, 4469.1464533967255, 811.3124818658855, 852.4454942250571, 2613.5185095958273, 1125.8336361545942, 622.528293616837, 1595.9028958466972, 1672.0836322356429, 807.7671822537563, 3024.6344394117586, 842.7313814743649, 842.8235732269198]",3.0,0.3,145.15,15,0.5,1721880.1384885088,0.14445541615564295,0.12412575453778009,16430975.452705404,84089526828.82372,"[0.046875, 0.03125]",2,1721880.1384885088,0.046875,"[0.0, 0.015625, 0.03125, 0.046875, 0.0625, 0.078125, 0.09375, 0.109375, 0.125, 0.140625, 0.15625, 0.171875, 0.1875, 0.203125, 0.21875, 0.234375]","[154749.38571156538, 876106.906708278, 1710291.3768915331, 1721880.1384885088, 1236443.3975593026, 1200279.6938555273, 1385236.6101427819, 1437054.047422281, 1048940.2936461223, 664501.8455342909, 393060.29715082527, 165807.0810689745, 58528.066628532644, 51528.956393907545, 141871.9518112762, 339557.7347245398]",3.0,0.3,flattop,64,32,145.15,15,21,449.5238095238095,38.0,1008.0,"[2, 5, 11, 17, 22, 25, 29, 38, 44, 52, 55, 60, 65, 74, 78, 84, 89, 95, 98, 101, 105]","[38.0, 368.0, 461.0000000000001, 192.99999999999994, 951.0000000000002, 153.99999999999977, 881.0000000000001, 243.0, 491.0, 186.0000000000001, 321.0000000000002, 943.0000000000001, 810.0, 205.0, 478.00000000000006, 276.0, 347.0000000000002, 79.0, 1008.0, 114.0, 893.0000000000002]","[1, 1, 1, 15, 1, 24, 27, 35, 35, 49, 35, 35, 63, 73, 73, 73, 35, 92, 35, 99, 99]","[3, 8, 18, 18, 35, 27, 35, 39, 49, 53, 56, 73, 73, 75, 81, 85, 92, 97, 106, 102, 106]",0.05,30,52684909.0,1016.0,-1016.0,DWT,uc1.l0082987033,0.0,0.0,0.0,0.0,0.0,0.0,3.725290298461914e-09,0.0,1.0,84,0.0,3.637978807091713e-12,1.0,84,,0.0,0.0,1.0,84,0.0,0.0,0.0,6.103515625e-05,0.0,0.0,0.0,0.0,0.0,0.0,8.12048840868686e-14,0.0,0.0,0.0,0.0,0.0,0.0,0.0,0.0,0.0,5.551115123125783e-17,0.0,0.0,1.3877787807814457e-17,0.0,0.0,0.0,2.7755575615628914e-17,0.9528140771712371,0.15541941807158174,0.033069647023154757,0.7065515490096493,0.028978190938645447,0.0,0.0,0.0,389,0.9601448748294286,0.5428631655881256,357,0,0,0.0,0.0,655,0,0,0.3753665764428537,0.5105665856421713,342,147.47513914781254,0.8094636445118701,435.75,407.22794163408054,0.6232395741939196,305,db,413.2962962962963,398.0,188.41229481502944,243,0.9143723369387087,0.671803462110104,0.15839832550987273,5,230.0
rbio1.3,1,reflect,1.6541770406932216e-26,317.90920322482117,9520430.80218543,0.5446428571428571,337.0466191825769,108,raw,1.0658141036401502e-13,-1.2198952958897345e-10,"[2, 5, 11, 17, 22, 25, 29, 38, 44, 52, 55, 60, 65, 74, 78, 84, 89, 95, 98, 101, 105]","[38.0, 367.9999999999999, 461.00000000000006, 193.0, 951.0000000000002, 154.0, 881.0000000000002, 243.0, 491.00000000000017, 186.0, 321.0000000000001, 943.0000000000001, 810.0000000000002, 205.00000000000003, 478.0, 275.9999999999999, 347.0, 78.99999999999989, 1008.0000000000002, 114.0, 893.0]",21,5.635880772741208,101804.63570232783,0.8094604835149378,4.365923718251291e-06,1.0,0.4907407407407407,67631.00000000003,0.12910941990473737,0.15147910127183994,188156.1212645156,82872438.25058065,8,12069.579557418136,0.027777777777777776,"[0.0, 0.009259259259259259, 0.018518518518518517, 0.027777777777777776, 0.037037037037037035, 0.046296296296296294, 0.05555555555555555, 0.06481481481481481, 0.07407407407407407, 0.08333333333333333, 0.09259259259259259, 0.10185185185185185, 0.1111111111111111, 0.12037037037037036, 0.12962962962962962, 0.1388888888888889, 0.14814814814814814, 0.15740740740740738, 0.16666666666666666, 0.17592592592592593, 0.18518518518518517, 0.19444444444444442, 0.2037037037037037, 0.21296296296296297, 0.2222222222222222, 0.23148148148148145, 0.24074074074074073]","[67631.00000000003, 1786.6346316370007, 1155.9831840869394, 12069.579557418136, 1906.5778542068424, 950.5914327636012, 9083.87719738518, 2481.229636774485, 778.6316126029448, 8965.162396385995, 2042.6423114779186, 1606.7171021541494, 6927.939836298324, 1790.9411989177936, 2115.0643759896484, 4469.146453396726, 811.3124818658861, 852.4454942250576, 2613.51850959583, 1125.8336361545937, 622.528293616836, 1595.9028958466956, 1672.083632235643, 807.7671822537577, 3024.6344394117605, 842.7313814743651, 842.82357322692]",3.0,0.3,145.15000000000003,15,0.5,1721880.1384885092,0.14445541615564295,0.12412575453778009,16430975.452705404,84089526828.82372,"[0.046875, 0.03125]",2,1721880.1384885092,0.046875,"[0.0, 0.015625, 0.03125, 0.046875, 0.0625, 0.078125, 0.09375, 0.109375, 0.125, 0.140625, 0.15625, 0.171875, 0.1875, 0.203125, 0.21875, 0.234375]","[154749.3857115653, 876106.906708278, 1710291.3768915334, 1721880.1384885092, 1236443.3975593029, 1200279.6938555273, 1385236.610142782, 1437054.047422281, 1048940.2936461226, 664501.8455342909, 393060.2971508254, 165807.08106897463, 58528.066628532666, 51528.95639390756, 141871.95181127626, 339557.73472454003]",3.0,0.3,flattop,64,32,145.15000000000003,15,21,449.5238095238095,38.0,1008.0000000000002,"[2, 5, 11, 17, 22, 25, 29, 38, 44, 52, 55, 60, 65, 74, 78, 84, 89, 95, 98, 101, 105]","[38.0, 367.9999999999999, 461.00000000000006, 193.0, 951.0000000000002, 154.0, 881.0000000000002, 243.0, 491.00000000000017, 186.0, 321.0000000000001, 943.0000000000001, 810.0000000000002, 205.00000000000003, 478.0, 275.9999999999999, 347.0, 78.99999999999989, 1008.0000000000002, 114.0, 893.0]","[1, 1, 1, 15, 1, 24, 27, 35, 35, 49, 35, 35, 63, 73, 73, 73, 35, 92, 35, 99, 99]","[3, 8, 18, 18, 35, 27, 35, 39, 49, 53, 56, 73, 73, 75, 81, 85, 92, 97, 106, 102, 106]",0.05,30,52684909.00000001,1016.0000000000002,-1016.0000000000002,DWT,uc1.l0082987033,4.656612873077393e-10,0.0,0.0,8.940696716308594e-08,0.0,2.2737367544323206e-13,3.725290298461914e-09,2.2737367544323206e-13,1.0,84,0.0,5.4569682106375694e-12,1.0,84,,0.0,0.0,1.0,84,0.0,0.0,7.450580596923828e-09,6.103515625e-05,2.9103830456733704e-11,0.0,0.0,0.0,0.0,0.0,8.255829882164975e-14,0.0,2.2737367544323206e-13,0.0,2.842170943040401e-14,0.0,0.0,0.0,2.842170943040401e-14,0.0,8.326672684688674e-17,4.656612873077393e-10,2.7755575615628914e-17,1.3877787807814457e-17,5.820766091346741e-11,0.0,0.0,2.7755575615628914e-17,0.9229359251533098,0.24549788198186046,0.03800918597371875,0.2916001596169191,0.03705246825175158,3.135877575339459e-05,1.5679387876697293e-05,3.135877575339459e-05,280,0.8269761402172437,0.46756994398781404,547,0,0,3.135877575339459e-05,3.135877575339459e-05,270,0,0,0.3070191241955119,0.4176016614287358,576,165.88424679074663,0.7856792677122136,418.25,369.02421952341786,0.6226522953548148,306,rbio,366.5925925925926,360.0,210.3588723315502,135,0.8110455588331695,0.7500562468954116,0.20725123474815782,3,230.25
bior3.7,1,smooth,8.249622480363345e-27,320.9306823638315,9970840.479873348,0.5737704918032787,312.4694287169311,108,raw,6.487814400939158e-14,-1.1062672999884242e-10,"[2, 5, 11, 17, 22, 25, 29, 38, 44, 52, 55, 60, 65, 74, 78, 84, 89, 95, 98, 101, 105]","[37.99999999999997, 367.9999999999999, 460.9999999999998, 193.0, 950.9999999999999, 154.0, 880.9999999999999, 242.99999999999997, 491.0, 186.0000000000001, 320.9999999999999, 943.0, 810.0, 204.99999999999994, 478.0000000000001, 276.0, 347.0000000000001, 79.0, 1008.0, 114.00000000000011, 893.0]",21,5.520774859115541,128165.3919044229,0.9194562175086525,4.365923718251291e-06,1.0,0.4907407407407407,67631.0,0.12910941990473743,0.15147910127183992,188156.12126451553,82872438.25058056,8,12069.57955741813,0.027777777777777776,"[0.0, 0.009259259259259259, 0.018518518518518517, 0.027777777777777776, 0.037037037037037035, 0.046296296296296294, 0.05555555555555555, 0.06481481481481481, 0.07407407407407407, 0.08333333333333333, 0.09259259259259259, 0.10185185185185185, 0.1111111111111111, 0.12037037037037036, 0.12962962962962962, 0.1388888888888889, 0.14814814814814814, 0.15740740740740738, 0.16666666666666666, 0.17592592592592593, 0.18518518518518517, 0.19444444444444442, 0.2037037037037037, 0.21296296296296297, 0.2222222222222222, 0.23148148148148145, 0.24074074074074073]","[67631.0, 1786.6346316370016, 1155.9831840869379, 12069.57955741813, 1906.5778542068435, 950.5914327636017, 9083.877197385176, 2481.229636774482, 778.6316126029443, 8965.162396385991, 2042.642311477918, 1606.717102154149, 6927.939836298323, 1790.941198917794, 2115.0643759896484, 4469.146453396725, 811.3124818658847, 852.4454942250571, 2613.5185095958273, 1125.8336361545946, 622.528293616837, 1595.9028958466977, 1672.0836322356406, 807.7671822537562, 3024.6344394117596, 842.7313814743658, 842.8235732269203]",3.0,0.3,145.15000000000003,15,0.5,1721880.138488509,0.14445541615564292,0.12412575453778009,16430975.4527054,84089526828.82367,"[0.046875, 0.03125]",2,1721880.138488509,0.046875,"[0.0, 0.015625, 0.03125, 0.046875, 0.0625, 0.078125, 0.09375, 0.109375, 0.125, 0.140625, 0.15625, 0.171875, 0.1875, 0.203125, 0.21875, 0.234375]","[154749.3857115657, 876106.9067082785, 1710291.3768915327, 1721880.138488509, 1236443.3975593024, 1200279.6938555269, 1385236.6101427814, 1437054.0474222803, 1048940.2936461219, 664501.8455342905, 393060.29715082503, 165807.0810689744, 58528.0666285325, 51528.95639390742, 141871.9518112762, 339557.7347245399]",3.0,0.3,flattop,64,32,145.15000000000003,15,21,449.5238095238095,37.99999999999997,1008.0,"[2, 5, 11, 17, 22, 25, 29, 38, 44, 52, 55, 60, 65, 74, 78, 84, 89, 95, 98, 101, 105]","[37.99999999999997, 367.9999999999999, 460.9999999999998, 193.0, 950.9999999999999, 154.0, 880.9999999999999, 242.99999999999997, 491.0, 186.0000000000001, 320.9999999999999, 943.0, 810.0, 204.99999999999994, 478.0000000000001, 276.0, 347.0000000000001, 79.0, 1008.0, 114.00000000000011, 893.0]","[1, 1, 1, 15, 1, 24, 27, 35, 35, 49, 35, 35, 63, 73, 73, 73, 35, 92, 35, 99, 99]","[3, 8, 18, 18, 35, 27, 35, 39, 49, 53, 56, 73, 73, 75, 81, 85, 92, 97, 106, 102, 106]",0.05,30,52684909.0,1016.0,-1016.0,DWT,uc1.l0082987033,2.3283064365386963e-10,0.0,0.0,0.0,0.0,0.0,0.0,0.0,1.0,84,0.0,0.0,1.0,84,,0.0,0.0,1.0,84,0.0,0.0,0.0,1.52587890625e-05,0.0,0.0,0.0,0.0,0.0,0.0,5.95502483303703e-14,0.0,0.0,0.0,2.842170943040401e-14,0.0,0.0,0.0,2.842170943040401e-14,2.842170943040401e-14,2.7755575615628914e-17,2.3283064365386963e-10,0.0,1.3877787807814457e-17,0.0,0.0,0.0,0.0,0.9539564603676637,0.09800767082700082,0.08170053100206914,0.6167231431449764,0.10840846764381884,0.0,0.0,0.0,446,0.9522806214506513,0.5384167392246578,371,0,0,0.0,0.0,641,0,0,0.3717592545971058,0.5056599740425199,362,129.59166639873106,0.8325689064615878,455.0,431.9624760384684,0.6223568046519825,307,bior,385.74074074074076,410.0,199.97417605530825,135,0.8534087184529663,0.7130285416801533,0.18870533457887761,4,231.25
sym7,1,antireflect,7.712389686736228e-20,251.22313345976602,9938167.901658038,0.575,473.2298813031375,108,raw,2.1145488652244373e-10,-7.091290888596785e-10,"[2, 5, 11, 17, 22, 25, 29, 38, 44, 52, 55, 60, 65, 74, 78, 84, 89, 95, 98, 101, 105]","[37.999999999872784, 367.9999999995721, 461.0000000000465, 192.99999999941144, 951.0000000000144, 153.99999999913632, 880.9999999986992, 242.99999999961062, 491.0000000000387, 185.99999999986915, 320.9999999997556, 943.0000000003297, 809.9999999987999, 204.9999999995346, 477.99999999959346, 275.99999999977376, 346.9999999997651, 79.00000000068451, 1007.9999999993138, 113.9999999991552, 892.9999999992519]",21,5.764242285814735,213065.89738130028,0.9174211193244354,4.365923718256716e-06,1.0,0.4907407407407407,67631.0000000006,0.12910941990469077,0.15147910127184647,188156.1212644496,82872438.25058433,8,12069.579557418036,0.027777777777777776,"[0.0, 0.009259259259259259, 0.018518518518518517, 0.027777777777777776, 0.037037037037037035, 0.046296296296296294, 0.05555555555555555, 0.06481481481481481, 0.07407407407407407, 0.08333333333333333, 0.09259259259259259, 0.10185185185185185, 0.1111111111111111, 0.12037037037037036, 0.12962962962962962, 0.1388888888888889, 0.14814814814814814, 0.15740740740740738, 0.16666666666666666, 0.17592592592592593, 0.18518518518518517, 0.19444444444444442, 0.2037037037037037, 0.21296296296296297, 0.2222222222222222, 0.23148148148148145, 0.24074074074074073]","[67631.0000000006, 1786.6346316373965, 1155.9831840870906, 12069.579557418036, 1906.577854206805, 950.5914327641511, 9083.877197385684, 2481.2296367747153, 778.6316126026799, 8965.162396387002, 2042.642311478384, 1606.7171021539957, 6927.939836298607, 1790.9411989176394, 2115.0643759896393, 4469.1464533958315, 811.3124818656177, 852.4454942246492, 2613.518509593968, 1125.833636153273, 622.5282936157405, 1595.9028958443848, 1672.0836322328316, 807.7671822512584, 3024.634439404672, 842.7313814716435, 842.8235732246477]",3.0,0.3,145.1500000001665,15,0.5,1721880.1384887511,0.14445541615554353,0.12412575453778489,16430975.45269347,84089526828.8756,"[0.046875, 0.03125]",2,1721880.1384887511,0.046875,"[0.0, 0.015625, 0.03125, 0.046875, 0.0625, 0.078125, 0.09375, 0.109375, 0.125, 0.140625, 0.15625, 0.171875, 0.1875, 0.203125, 0.21875, 0.234375]","[154749.38571160592, 876106.9067084233, 1710291.3768917823, 1721880.1384887511, 1236443.397559543, 1200279.693855805, 1385236.6101430561, 1437054.0474224328, 1048940.2936460678, 664501.8455340953, 393060.29715059133, 165807.08106881267, 58528.066628403925, 51528.95639362548, 141871.9518104153, 339557.73472256126]",3.0,0.3,flattop,64,32,145.1500000001665,15,21,449.5238095234396,37.999999999872784,1007.9999999993138,"[2, 5, 11, 17, 22, 25, 29, 38, 44, 52, 55, 60, 65, 74, 78, 84, 89, 95, 98, 101, 105]","[37.999999999872784, 367.9999999995721, 461.0000000000465, 192.99999999941144, 951.0000000000144, 153.99999999913632, 880.9999999986992, 242.99999999961062, 491.0000000000387, 185.99999999986915, 320.9999999997556, 943.0000000003297, 809.9999999987999, 204.9999999995346, 477.99999999959346, 275.99999999977376, 346.9999999997651, 79.00000000068451, 1007.9999999993138, 113.9999999991552, 892.9999999992519]","[1, 1, 1, 15, 1, 24, 27, 35, 35, 49, 35, 35, 63, 73, 73, 73, 35, 92, 35, 99, 99]","[3, 8, 18, 18, 35, 27, 35, 39, 49, 53, 56, 73, 73, 75, 81, 85, 92, 97, 106, 102, 106]",0.05,30,52684908.99999452,1015.9999999998914,-1015.9999999998914,DWT,uc1.l0082987033,2.423767000436783e-07,0.0,3.6993696994613856e-10,3.769993782043457e-06,0.0,6.862137524876744e-10,1.193024218082428e-05,1.0857093002414331e-10,1.0,84,0.0,9.458744898438454e-11,1.0,84,,0.0,0.0,1.0,84,0.0,0.0,5.4836273193359375e-06,0.05194091796875,5.966285243630409e-10,0.0,0.0,0.0,3.6993696994613856e-10,7.768903742544353e-09,4.7613807076968e-10,0.0,1.0857093002414331e-10,0.0,1.6649437384330668e-10,0.0,0.0,0.0,1.6649437384330668e-10,1.2721557141048834e-10,4.668487818548783e-14,2.423767000436783e-07,6.5503158452884236e-15,4.8155923693116165e-15,6.592017598450184e-08,0.0,0.0,9.939271627956714e-14,0.23829192124623488,0.4099730689730359,0.07853117439521579,0.6304469273743012,0.3382258663083071,0.023080058954498415,0.011540029477249207,0.023080058954498415,126,0.7746963919049101,0.43801112384619134,614,0,0,0.023080058954498415,0.023080058954498415,126,0,0,0.33909379165941905,0.4612290232675122,478,248.76226937915376,0.6786017191483802,336.0,204.14693282692224,0.6222465960082986,308,sym,445.72514619883043,505.0,280.45746329325993,171,0.986117580085908,1.0,0.009717693939864401,6,232.5
rbio3.5,1,periodization,7.355127256519127e-27,321.4291212000208,9238568.957692148,0.5555555555555556,514.5833377068558,108,raw,4.8594872981555944e-14,-1.1081147111014e-10,"[2, 5, 11, 17, 22, 25, 29, 38, 44, 52, 55, 60, 65, 74, 78, 84, 89, 95, 98, 101, 105]","[38.0, 368.0, 460.99999999999994, 192.9999999999999, 951.0, 154.0, 881.0, 243.0, 491.0, 186.0, 321.0, 943.0000000000002, 809.9999999999999, 205.0, 477.99999999999994, 275.9999999999999, 347.0000000000002, 79.0, 1008.0, 114.00000000000023, 893.0]",21,5.754525709044252,99899.5052157325,0.6303129375853413,4.365923718251291e-06,1.0,0.4907407407407407,67631.0,0.1291094199047374,0.15147910127183992,188156.12126451553,82872438.25058056,8,12069.57955741813,0.027777777777777776,"[0.0, 0.009259259259259259, 0.018518518518518517, 0.027777777777777776, 0.037037037037037035, 0.046296296296296294, 0.05555555555555555, 0.06481481481481481, 0.07407407407407407, 0.08333333333333333, 0.09259259259259259, 0.10185185185185185, 0.1111111111111111, 0.12037037037037036, 0.12962962962962962, 0.1388888888888889, 0.14814814814814814, 0.15740740740740738, 0.16666666666666666, 0.17592592592592593, 0.18518518518518517, 0.19444444444444442, 0.2037037037037037, 0.21296296296296297, 0.2222222222222222, 0.23148148148148145, 0.24074074074074073]","[67631.0, 1786.6346316370007, 1155.9831840869385, 12069.57955741813, 1906.577854206843, 950.5914327636025, 9083.877197385176, 2481.229636774485, 778.6316126029459, 8965.162396385991, 2042.6423114779168, 1606.7171021541499, 6927.939836298324, 1790.9411989177931, 2115.064375989649, 4469.1464533967255, 811.3124818658856, 852.4454942250562, 2613.518509595828, 1125.8336361545935, 622.5282936168368, 1595.9028958466977, 1672.0836322356424, 807.7671822537553, 3024.634439411758, 842.7313814743649, 842.8235732269192]",3.0,0.3,145.15,15,0.5,1721880.1384885088,0.14445541615564292,0.12412575453778008,16430975.4527054,84089526828.82368,"[0.046875, 0.03125]",2,1721880.1384885088,0.046875,"[0.0, 0.015625, 0.03125, 0.046875, 0.0625, 0.078125, 0.09375, 0.109375, 0.125, 0.140625, 0.15625, 0.171875, 0.1875, 0.203125, 0.21875, 0.234375]","[154749.38571156547, 876106.906708278, 1710291.3768915327, 1721880.1384885088, 1236443.3975593026, 1200279.6938555269, 1385236.610142781, 1437054.0474222805, 1048940.293646122, 664501.8455342908, 393060.2971508254, 165807.08106897474, 58528.0666285327, 51528.95639390752, 141871.95181127617, 339557.7347245399]",3.0,0.3,flattop,64,32,145.15,15,21,449.5238095238095,38.0,1008.0,"[2, 5, 11, 17, 22, 25, 29, 38, 44, 52, 55, 60, 65, 74, 78, 84, 89, 95, 98, 101, 105]","[38.0, 368.0, 460.99999999999994, 192.9999999999999, 951.0, 154.0, 881.0, 243.0, 491.0, 186.0, 321.0, 943.0000000000002, 809.9999999999999, 205.0, 477.99999999999994, 275.9999999999999, 347.0000000000002, 79.0, 1008.0, 114.00000000000023, 893.0]","[1, 1, 1, 15, 1, 24, 27, 35, 35, 49, 35, 35, 63, 73, 73, 73, 35, 92, 35, 99, 99]","[3, 8, 18, 18, 35, 27, 35, 39, 49, 53, 56, 73, 73, 75, 81, 85, 92, 97, 106, 102, 106]",0.05,30,52684909.0,1016.0,-1016.0,DWT,uc1.l0082987033,0.0,0.0,0.0,0.0,0.0,0.0,0.0,0.0,1.0,84,0.0,0.0,1.0,84,,0.0,0.0,1.0,84,0.0,0.0,0.0,3.0517578125e-05,0.0,0.0,0.0,0.0,0.0,0.0,5.4136589391245744e-14,0.0,0.0,0.0,0.0,0.0,0.0,0.0,0.0,0.0,5.551115123125783e-17,0.0,0.0,0.0,0.0,0.0,0.0,0.0,0.959073768400866,0.3975227967460026,0.010667581856109207,0.41340782122905073,0.03189546559215031,0.0,0.0,0.0,416,0.9576607650700559,0.5414586570363501,362,0,0,0.0,0.0,649,0,0,0.36251348676483575,0.4930840538354074,385,132.52672686418137,0.8287768386767682,453.0,429.8989685721824,0.6217527604236555,309,rbio,366.5925925925926,360.0,210.3588723315502,135,0.8110455588331695,0.7500562468954116,0.20725123474815782,3,232.5
db21,1,zero,3.3268572521744604e-26,314.87468144495006,9321095.35239619,0.5608108108108109,200.87981489094122,108,raw,1.3959204162953637e-13,-1.0464273891841526e-10,"[2, 5, 11, 17, 22, 25, 29, 38, 44, 52, 55, 60, 65, 74, 78, 84, 89, 95, 98, 101, 105]","[38.00000000000003, 367.99999999999994, 460.9999999999998, 193.0000000000001, 951.0000000000001, 154.00000000000034, 881.0000000000003, 243.00000000000003, 491.00000000000034, 185.99999999999955, 320.9999999999991, 943.0, 810.0, 204.99999999999994, 478.00000000000017, 275.9999999999999, 347.0, 78.99999999999966, 1008.0, 113.99999999999989, 893.0000000000001]",21,5.6522229424952934,147047.45443754565,0.8920921860346583,4.365923718251291e-06,0.9999999999999998,0.4907407407407407,67631.0,0.1291094199047374,0.15147910127183992,188156.12126451553,82872438.25058056,8,12069.57955741813,0.027777777777777776,"[0.0, 0.009259259259259259, 0.018518518518518517, 0.027777777777777776, 0.037037037037037035, 0.046296296296296294, 0.05555555555555555, 0.06481481481481481, 0.07407407407407407, 0.08333333333333333, 0.09259259259259259, 0.10185185185185185, 0.1111111111111111, 0.12037037037037036, 0.12962962962962962, 0.1388888888888889, 0.14814814814814814, 0.15740740740740738, 0.16666666666666666, 0.17592592592592593, 0.18518518518518517, 0.19444444444444442, 0.2037037037037037, 0.21296296296296297, 0.2222222222222222, 0.23148148148148145, 0.24074074074074073]","[67631.0, 1786.6346316369986, 1155.9831840869379, 12069.57955741813, 1906.577854206841, 950.5914327636015, 9083.877197385176, 2481.229636774482, 778.6316126029454, 8965.162396385993, 2042.6423114779166, 1606.717102154151, 6927.939836298324, 1790.941198917794, 2115.0643759896498, 4469.146453396726, 811.3124818658856, 852.4454942250578, 2613.5185095958263, 1125.833636154596, 622.5282936168355, 1595.9028958466977, 1672.0836322356436, 807.7671822537575, 3024.634439411758, 842.7313814743658, 842.823573226921]",3.0,0.3,145.14999999999995,15,0.5,1721880.1384885083,0.14445541615564297,0.12412575453778012,16430975.452705404,84089526828.82365,"[0.046875, 0.03125]",2,1721880.1384885083,0.046875,"[0.0, 0.015625, 0.03125, 0.046875, 0.0625, 0.078125, 0.09375, 0.109375, 0.125, 0.140625, 0.15625, 0.171875, 0.1875, 0.203125, 0.21875, 0.234375]","[154749.38571156544, 876106.9067082776, 1710291.3768915315, 1721880.1384885083, 1236443.3975593022, 1200279.6938555269, 1385236.6101427816, 1437054.047422281, 1048940.2936461223, 664501.8455342909, 393060.2971508254, 165807.08106897457, 58528.0666285326, 51528.95639390746, 141871.95181127617, 339557.73472454]",3.0,0.3,flattop,64,32,145.14999999999995,15,21,449.5238095238095,38.00000000000003,1008.0,"[2, 5, 11, 17, 22, 25, 29, 38, 44, 52, 55, 60, 65, 74, 78, 84, 89, 95, 98, 101, 105]","[38.00000000000003, 367.99999999999994, 460.9999999999998, 193.0000000000001, 951.0000000000001, 154.00000000000034, 881.0000000000003, 243.00000000000003, 491.00000000000034, 185.99999999999955, 320.9999999999991, 943.0, 810.0, 204.99999999999994, 478.00000000000017, 275.9999999999999, 347.0, 78.99999999999966, 1008.0, 113.99999999999989, 893.0000000000001]","[1, 1, 1, 15, 1, 24, 27, 35, 35, 49, 35, 35, 63, 73, 73, 73, 35, 92, 35, 99, 99]","[3, 8, 18, 18, 35, 27, 35, 39, 49, 53, 56, 73, 73, 75, 81, 85, 92, 97, 106, 102, 106]",0.05,30,52684909.0,1016.0,-1016.0,DWT,uc1.l0082987033,4.656612873077393e-10,0.0,0.0,0.0,0.0,0.0,3.725290298461914e-09,0.0,1.0,84,0.0,0.0,1.0,84,,0.0,0.0,1.0,84,0.0,0.0,0.0,0.0,0.0,0.0,0.0,0.0,0.0,0.0,1.8406440393023553e-13,0.0,0.0,0.0,5.684341886080802e-14,0.0,0.0,0.0,5.684341886080802e-14,2.842170943040401e-14,5.551115123125783e-17,4.656612873077393e-10,0.0,4.163336342344337e-17,0.0,0.0,0.0,5.551115123125783e-17,0.8917814854234868,0.2664378145347361,0.018672936455657683,0.4720670391061459,0.15952037172976458,0.0,0.0,0.0,588,0.9302592310836533,0.5259659081066933,402,0,0,0.0,0.0,554,0,0,0.36169592944995826,0.49197202769077986,388,102.71643815216076,0.8672914235760196,483.0,466.71089994735604,0.6216302079120408,310,db,413.2962962962963,398.0,188.41229481502944,243,0.9143723369387087,0.671803462110104,0.15839832550987273,5,233.75
db2,1,antisymmetric,8.465470893420624e-27,320.8185119035238,9470025.909260374,0.5818181818181818,364.267243243976,108,raw,6.138299745038639e-14,-1.1680967304528232e-10,"[2, 5, 11, 17, 22, 25, 29, 38, 44, 52, 55, 60, 65, 74, 78, 84, 89, 95, 98, 101, 105]","[38.0, 368.0, 461.0000000000001, 192.99999999999994, 951.0000000000002, 153.99999999999977, 881.0000000000001, 243.0, 491.0, 186.0000000000001, 321.0000000000002, 943.0000000000001, 810.0, 205.0, 478.00000000000006, 276.0, 347.0000000000002, 79.0, 1008.0, 114.0, 893.0000000000002]",21,5.56353999893613,101450.72259070669,0.8658448134635666,4.365923718251291e-06,1.0,0.4907407407407407,67631.0,0.1291094199047374,0.15147910127183992,188156.12126451553,82872438.25058056,8,12069.579557418134,0.027777777777777776,"[0.0, 0.009259259259259259, 0.018518518518518517, 0.027777777777777776, 0.037037037037037035, 0.046296296296296294, 0.05555555555555555, 0.06481481481481481, 0.07407407407407407, 0.08333333333333333, 0.09259259259259259, 0.10185185185185185, 0.1111111111111111, 0.12037037037037036, 0.12962962962962962, 0.1388888888888889, 0.14814814814814814, 0.15740740740740738, 0.16666666666666666, 0.17592592592592593, 0.18518518518518517, 0.19444444444444442, 0.2037037037037037, 0.21296296296296297, 0.2222222222222222, 0.23148148148148145, 0.24074074074074073]","[67631.0, 1786.6346316370013, 1155.98318408694, 12069.579557418134, 1906.5778542068424, 950.5914327636017, 9083.877197385176, 2481.229636774485, 778.6316126029449, 8965.162396385991, 2042.6423114779172, 1606.71710215415, 6927.939836298324, 1790.9411989177945, 2115.064375989648, 4469.1464533967255, 811.3124818658855, 852.4454942250571, 2613.5185095958273, 1125.8336361545942, 622.528293616837, 1595.9028958466972, 1672.0836322356429, 807.7671822537563, 3024.6344394117586, 842.7313814743649, 842.8235732269198]",3.0,0.3,145.15,15,0.5,1721880.1384885088,0.14445541615564295,0.12412575453778009,16430975.452705404,84089526828.82372,"[0.046875, 0.03125]",2,1721880.1384885088,0.046875,"[0.0, 0.015625, 0.03125, 0.046875, 0.0625, 0.078125, 0.09375, 0.109375, 0.125, 0.140625, 0.15625, 0.171875, 0.1875, 0.203125, 0.21875, 0.234375]","[154749.38571156538, 876106.906708278, 1710291.3768915331, 1721880.1384885088, 1236443.3975593026, 1200279.6938555273, 1385236.6101427819, 1437054.047422281, 1048940.2936461223, 664501.8455342909, 393060.29715082527, 165807.0810689745, 58528.066628532644, 51528.956393907545, 141871.9518112762, 339557.7347245398]",3.0,0.3,flattop,64,32,145.15,15,21,449.5238095238095,38.0,1008.0,"[2, 5, 11, 17, 22, 25, 29, 38, 44, 52, 55, 60, 65, 74, 78, 84, 89, 95, 98, 101, 105]","[38.0, 368.0, 461.0000000000001, 192.99999999999994, 951.0000000000002, 153.99999999999977, 881.0000000000001, 243.0, 491.0, 186.0000000000001, 321.0000000000002, 943.0000000000001, 810.0, 205.0, 478.00000000000006, 276.0, 347.0000000000002, 79.0, 1008.0, 114.0, 893.0000000000002]","[1, 1, 1, 15, 1, 24, 27, 35, 35, 49, 35, 35, 63, 73, 73, 73, 35, 92, 35, 99, 99]","[3, 8, 18, 18, 35, 27, 35, 39, 49, 53, 56, 73, 73, 75, 81, 85, 92, 97, 106, 102, 106]",0.05,30,52684909.0,1016.0,-1016.0,DWT,uc1.l0082987033,0.0,0.0,0.0,0.0,0.0,0.0,3.725290298461914e-09,0.0,1.0,84,0.0,3.637978807091713e-12,1.0,84,,0.0,0.0,1.0,84,0.0,0.0,0.0,6.103515625e-05,0.0,0.0,0.0,0.0,0.0,0.0,8.12048840868686e-14,0.0,0.0,0.0,0.0,0.0,0.0,0.0,0.0,0.0,5.551115123125783e-17,0.0,0.0,1.3877787807814457e-17,0.0,0.0,0.0,2.7755575615628914e-17,0.9528048430458491,0.15280450361804246,0.033119731601400464,0.7065515490096493,0.03609445993119835,0.0,0.0,0.0,429,0.96170342701357,0.5437443665345637,350,0,0,0.0,0.0,650,0,0,0.37627501744122793,0.5118022300705929,333,145.79551890690377,0.8116336965027083,440.5,411.1161815490873,0.6212561247371422,311,db,413.2962962962963,398.0,188.41229481502944,243,0.9143723369387087,0.671803462110104,0.15839832550987273,5,234.5
db22,1,periodic,3.212270823130524e-26,315.02690158126745,11861820.881724691,0.5533333333333333,405.8387272952444,108,raw,1.387203109583492e-13,-1.0929068761100844e-10,"[2, 5, 11, 17, 22, 25, 29, 38, 44, 52, 55, 60, 65, 74, 78, 84, 89, 95, 98, 101, 105]","[38.000000000000085, 368.00000000000057, 460.9999999999998, 192.9999999999999, 950.9999999999999, 153.9999999999999, 880.9999999999995, 243.0, 490.9999999999996, 185.99999999999977, 321.0000000000002, 942.9999999999993, 810.0000000000003, 205.00000000000006, 478.0000000000001, 275.9999999999998, 347.0000000000001, 78.99999999999989, 1008.0, 113.99999999999977, 893.0000000000001]",21,6.063794978762052,105377.10228611229,0.7988563415359643,4.365923718251291e-06,1.0,0.4907407407407407,67631.0,0.12910941990473737,0.15147910127183992,188156.12126451556,82872438.25058056,8,12069.579557418134,0.027777777777777776,"[0.0, 0.009259259259259259, 0.018518518518518517, 0.027777777777777776, 0.037037037037037035, 0.046296296296296294, 0.05555555555555555, 0.06481481481481481, 0.07407407407407407, 0.08333333333333333, 0.09259259259259259, 0.10185185185185185, 0.1111111111111111, 0.12037037037037036, 0.12962962962962962, 0.1388888888888889, 0.14814814814814814, 0.15740740740740738, 0.16666666666666666, 0.17592592592592593, 0.18518518518518517, 0.19444444444444442, 0.2037037037037037, 0.21296296296296297, 0.2222222222222222, 0.23148148148148145, 0.24074074074074073]","[67631.0, 1786.6346316370011, 1155.983184086938, 12069.579557418134, 1906.577854206842, 950.5914327636023, 9083.877197385174, 2481.2296367744825, 778.6316126029458, 8965.162396385991, 2042.6423114779177, 1606.7171021541508, 6927.939836298324, 1790.9411989177927, 2115.0643759896484, 4469.146453396724, 811.3124818658869, 852.4454942250557, 2613.518509595828, 1125.833636154592, 622.528293616837, 1595.902895846697, 1672.083632235643, 807.7671822537586, 3024.634439411759, 842.7313814743634, 842.8235732269177]",3.0,0.3,145.15,15,0.5,1721880.1384885088,0.14445541615564292,0.12412575453778006,16430975.4527054,84089526828.82368,"[0.046875, 0.03125]",2,1721880.1384885088,0.046875,"[0.0, 0.015625, 0.03125, 0.046875, 0.0625, 0.078125, 0.09375, 0.109375, 0.125, 0.140625, 0.15625, 0.171875, 0.1875, 0.203125, 0.21875, 0.234375]","[154749.3857115657, 876106.906708278, 1710291.3768915324, 1721880.1384885088, 1236443.3975593022, 1200279.6938555269, 1385236.6101427819, 1437054.047422281, 1048940.2936461223, 664501.8455342907, 393060.2971508249, 165807.08106897434, 58528.06662853264, 51528.95639390762, 141871.95181127632, 339557.7347245398]",3.0,0.3,flattop,64,32,145.15,15,21,449.52380952380946,38.000000000000085,1008.0,"[2, 5, 11, 17, 22, 25, 29, 38, 44, 52, 55, 60, 65, 74, 78, 84, 89, 95, 98, 101, 105]","[38.000000000000085, 368.00000000000057, 460.9999999999998, 192.9999999999999, 950.9999999999999, 153.9999999999999, 880.9999999999995, 243.0, 490.9999999999996, 185.99999999999977, 321.0000000000002, 942.9999999999993, 810.0000000000003, 205.00000000000006, 478.0000000000001, 275.9999999999998, 347.0000000000001, 78.99999999999989, 1008.0, 113.99999999999977, 893.0000000000001]","[1, 1, 1, 15, 1, 24, 27, 35, 35, 49, 35, 35, 63, 73, 73, 73, 35, 92, 35, 99, 99]","[3, 8, 18, 18, 35, 27, 35, 39, 49, 53, 56, 73, 73, 75, 81, 85, 92, 97, 106, 102, 106]",0.05,30,52684909.0,1016.0000000000002,-1016.0000000000002,DWT,uc1.l0082987033,0.0,0.0,5.684341886080802e-14,0.0,0.0,0.0,0.0,2.2737367544323206e-13,1.0,84,0.0,3.637978807091713e-12,1.0,84,,0.0,0.0,1.0,84,0.0,0.0,0.0,3.0517578125e-05,0.0,0.0,0.0,0.0,5.684341886080802e-14,1.8189894035458565e-12,2.1519294283020181e-13,0.0,2.2737367544323206e-13,0.0,0.0,0.0,0.0,0.0,0.0,8.526512829121202e-14,8.326672684688674e-17,0.0,0.0,1.3877787807814457e-17,2.9103830456733704e-11,0.0,0.0,0.0,0.8933442796317944,0.7938029569706826,0.2651323737707348,0.3886033519553076,0.04672278732099153,0.0,0.0,0.0,576,1.239604688860305,0.7008689450038849,98,0,0,0.0,0.0,526,0,0,0.47752114992990224,0.6495153228666616,113,258.09090775667914,0.6665492147846523,328.25,176.28219221367075,0.6212268037747551,312,db,413.2962962962963,398.0,188.41229481502944,243,0.9143723369387087,0.671803462110104,0.15839832550987273,5,235.25
db2,1,constant,8.463717869186799e-27,320.81941133085587,9469914.82603044,0.5818181818181818,364.267243243976,108,raw,6.128431095930859e-14,-1.1681466904889313e-10,"[2, 5, 11, 17, 22, 25, 29, 38, 44, 52, 55, 60, 65, 74, 78, 84, 89, 95, 98, 101, 105]","[38.0, 368.0, 461.0000000000001, 192.99999999999994, 951.0000000000002, 153.99999999999977, 881.0000000000001, 243.0, 491.0, 186.0000000000001, 321.0000000000002, 943.0000000000001, 810.0, 205.0, 478.00000000000006, 276.0, 347.0000000000002, 79.0, 1008.0, 114.0, 893.0000000000002]",21,5.563818537122415,99793.15284818155,0.8637454463463315,4.365923718251291e-06,1.0,0.4907407407407407,67631.0,0.1291094199047374,0.15147910127183992,188156.12126451553,82872438.25058056,8,12069.579557418134,0.027777777777777776,"[0.0, 0.009259259259259259, 0.018518518518518517, 0.027777777777777776, 0.037037037037037035, 0.046296296296296294, 0.05555555555555555, 0.06481481481481481, 0.07407407407407407, 0.08333333333333333, 0.09259259259259259, 0.10185185185185185, 0.1111111111111111, 0.12037037037037036, 0.12962962962962962, 0.1388888888888889, 0.14814814814814814, 0.15740740740740738, 0.16666666666666666, 0.17592592592592593, 0.18518518518518517, 0.19444444444444442, 0.2037037037037037, 0.21296296296296297, 0.2222222222222222, 0.23148148148148145, 0.24074074074074073]","[67631.0, 1786.6346316370013, 1155.98318408694, 12069.579557418134, 1906.5778542068424, 950.5914327636017, 9083.877197385176, 2481.229636774485, 778.6316126029449, 8965.162396385991, 2042.6423114779172, 1606.71710215415, 6927.939836298324, 1790.9411989177945, 2115.064375989648, 4469.1464533967255, 811.3124818658855, 852.4454942250571, 2613.5185095958273, 1125.8336361545942, 622.528293616837, 1595.9028958466972, 1672.0836322356429, 807.7671822537563, 3024.6344394117586, 842.7313814743649, 842.8235732269198]",3.0,0.3,145.15,15,0.5,1721880.1384885088,0.14445541615564295,0.12412575453778009,16430975.452705404,84089526828.82372,"[0.046875, 0.03125]",2,1721880.1384885088,0.046875,"[0.0, 0.015625, 0.03125, 0.046875, 0.0625, 0.078125, 0.09375, 0.109375, 0.125, 0.140625, 0.15625, 0.171875, 0.1875, 0.203125, 0.21875, 0.234375]","[154749.38571156538, 876106.906708278, 1710291.3768915331, 1721880.1384885088, 1236443.3975593026, 1200279.6938555273, 1385236.6101427819, 1437054.047422281, 1048940.2936461223, 664501.8455342909, 393060.29715082527, 165807.0810689745, 58528.066628532644, 51528.956393907545, 141871.9518112762, 339557.7347245398]",3.0,0.3,flattop,64,32,145.15,15,21,449.5238095238095,38.0,1008.0,"[2, 5, 11, 17, 22, 25, 29, 38, 44, 52, 55, 60, 65, 74, 78, 84, 89, 95, 98, 101, 105]","[38.0, 368.0, 461.0000000000001, 192.99999999999994, 951.0000000000002, 153.99999999999977, 881.0000000000001, 243.0, 491.0, 186.0000000000001, 321.0000000000002, 943.0000000000001, 810.0, 205.0, 478.00000000000006, 276.0, 347.0000000000002, 79.0, 1008.0, 114.0, 893.0000000000002]","[1, 1, 1, 15, 1, 24, 27, 35, 35, 49, 35, 35, 63, 73, 73, 73, 35, 92, 35, 99, 99]","[3, 8, 18, 18, 35, 27, 35, 39, 49, 53, 56, 73, 73, 75, 81, 85, 92, 97, 106, 102, 106]",0.05,30,52684909.0,1016.0,-1016.0,DWT,uc1.l0082987033,0.0,0.0,0.0,0.0,0.0,0.0,3.725290298461914e-09,0.0,1.0,84,0.0,3.637978807091713e-12,1.0,84,,0.0,0.0,1.0,84,0.0,0.0,0.0,6.103515625e-05,0.0,0.0,0.0,0.0,0.0,0.0,8.12048840868686e-14,0.0,0.0,0.0,0.0,0.0,0.0,0.0,0.0,0.0,5.551115123125783e-17,0.0,0.0,1.3877787807814457e-17,0.0,0.0,0.0,2.7755575615628914e-17,0.9528140771712371,0.1531614067050858,0.03310895613194169,0.7065515490096493,0.031607580092351664,0.0,0.0,0.0,423,0.9600872793620564,0.542830601275634,358,0,0,0.0,0.0,654,0,0,0.3754487138220531,0.5106783073667021,341,144.39067375238147,0.8134487419219878,444.0,415.8451303626917,0.6199026655346374,313,db,413.2962962962963,398.0,188.41229481502944,243,0.9143723369387087,0.671803462110104,0.15839832550987273,5,236.0
db8,1,constant,1.0009300902008707e-26,320.0909856587078,9437108.789243126,0.5655737704918032,261.7412807007896,108,raw,6.506729311729059e-14,-1.0640366365777323e-10,"[2, 5, 11, 17, 22, 25, 29, 38, 44, 52, 55, 60, 65, 74, 78, 84, 89, 95, 98, 101, 105]","[37.99999999999994, 367.99999999999983, 461.0000000000002, 193.0000000000001, 951.0000000000001, 154.0000000000001, 880.9999999999999, 243.00000000000009, 491.00000000000006, 185.9999999999999, 320.9999999999999, 942.9999999999998, 810.0, 205.0, 478.0, 275.9999999999999, 346.9999999999999, 79.0, 1007.9999999999999, 114.0, 892.9999999999998]",21,5.585625480377164,119073.50374280302,0.8682222432436802,4.365923718251292e-06,1.0,0.4907407407407407,67631.0,0.12910941990473737,0.15147910127183992,188156.12126451556,82872438.25058056,8,12069.579557418134,0.027777777777777776,"[0.0, 0.009259259259259259, 0.018518518518518517, 0.027777777777777776, 0.037037037037037035, 0.046296296296296294, 0.05555555555555555, 0.06481481481481481, 0.07407407407407407, 0.08333333333333333, 0.09259259259259259, 0.10185185185185185, 0.1111111111111111, 0.12037037037037036, 0.12962962962962962, 0.1388888888888889, 0.14814814814814814, 0.15740740740740738, 0.16666666666666666, 0.17592592592592593, 0.18518518518518517, 0.19444444444444442, 0.2037037037037037, 0.21296296296296297, 0.2222222222222222, 0.23148148148148145, 0.24074074074074073]","[67631.0, 1786.6346316370002, 1155.9831840869385, 12069.579557418134, 1906.5778542068429, 950.5914327636013, 9083.877197385176, 2481.2296367744834, 778.6316126029438, 8965.16239638599, 2042.6423114779184, 1606.717102154149, 6927.939836298321, 1790.9411989177936, 2115.064375989647, 4469.146453396724, 811.3124818658864, 852.4454942250568, 2613.518509595829, 1125.833636154593, 622.5282936168373, 1595.9028958466981, 1672.0836322356436, 807.7671822537563, 3024.634439411759, 842.7313814743658, 842.8235732269194]",3.0,0.3,145.15000000000003,15,0.5,1721880.1384885083,0.14445541615564295,0.12412575453778008,16430975.452705396,84089526828.82364,"[0.046875, 0.03125]",2,1721880.1384885083,0.046875,"[0.0, 0.015625, 0.03125, 0.046875, 0.0625, 0.078125, 0.09375, 0.109375, 0.125, 0.140625, 0.15625, 0.171875, 0.1875, 0.203125, 0.21875, 0.234375]","[154749.38571156538, 876106.9067082775, 1710291.3768915324, 1721880.1384885083, 1236443.3975593017, 1200279.6938555266, 1385236.610142781, 1437054.0474222803, 1048940.293646122, 664501.8455342904, 393060.29715082503, 165807.08106897457, 58528.066628532644, 51528.956393907516, 141871.95181127609, 339557.73472453986]",3.0,0.3,flattop,64,32,145.15000000000003,15,21,449.5238095238095,37.99999999999994,1007.9999999999999,"[2, 5, 11, 17, 22, 25, 29, 38, 44, 52, 55, 60, 65, 74, 78, 84, 89, 95, 98, 101, 105]","[37.99999999999994, 367.99999999999983, 461.0000000000002, 193.0000000000001, 951.0000000000001, 154.0000000000001, 880.9999999999999, 243.00000000000009, 491.00000000000006, 185.9999999999999, 320.9999999999999, 942.9999999999998, 810.0, 205.0, 478.0, 275.9999999999999, 346.9999999999999, 79.0, 1007.9999999999999, 114.0, 892.9999999999998]","[1, 1, 1, 15, 1, 24, 27, 35, 35, 49, 35, 35, 63, 73, 73, 73, 35, 92, 35, 99, 99]","[3, 8, 18, 18, 35, 27, 35, 39, 49, 53, 56, 73, 73, 75, 81, 85, 92, 97, 106, 102, 106]",0.05,30,52684909.0,1015.9999999999999,-1015.9999999999999,DWT,uc1.l0082987033,4.656612873077393e-10,0.0,0.0,0.0,0.0,1.1368683772161603e-13,3.725290298461914e-09,1.1368683772161603e-13,1.0,84,0.0,3.637978807091713e-12,1.0,84,,0.0,0.0,1.0,84,0.0,0.0,0.0,1.52587890625e-05,0.0,0.0,0.0,0.0,0.0,0.0,9.879927563902347e-14,0.0,1.1368683772161603e-13,0.0,2.842170943040401e-14,0.0,0.0,0.0,2.842170943040401e-14,5.684341886080802e-14,8.326672684688674e-17,4.656612873077393e-10,0.0,0.0,2.9103830456733704e-11,0.0,0.0,2.7755575615628914e-17,0.9453355697335487,0.18110359111573743,0.029926653567651663,0.5252312482828094,0.08379761197793585,0.0,0.0,0.0,567,0.9163280082861218,0.5180892345893504,425,0,0,0.0,0.0,587,0,0,0.3530789349355366,0.4802513531719728,424,88.42463834625883,0.8857562812063839,500.75,489.07661528620923,0.6193962284584891,314,db,413.2962962962963,398.0,188.41229481502944,243,0.9143723369387087,0.671803462110104,0.15839832550987273,5,236.75
sym13,1,reflect,6.410250152423961e-22,272.0262733350444,11039803.504417883,0.5454545454545454,406.7120212841467,108,raw,1.9917269479787213e-11,-1.6728329832587005e-10,"[2, 5, 11, 17, 22, 25, 29, 38, 44, 52, 55, 60, 65, 74, 78, 84, 89, 95, 98, 101, 105]","[37.99999999999426, 367.9999999999493, 460.99999999996203, 192.99999999997556, 950.999999999949, 153.99999999997215, 880.999999999897, 242.9999999999739, 490.99999999995237, 185.99999999998147, 320.9999999999559, 942.9999999999561, 809.9999999999056, 204.99999999998138, 477.9999999999512, 275.9999999999791, 346.99999999996476, 78.99999999999818, 1007.9999999999272, 113.99999999998204, 892.9999999998988]",21,5.92244364061041,96883.3204241381,0.791398725532499,4.365923718252018e-06,1.0,0.4907407407407407,67631.00000000006,0.12910941990473274,0.15147910127184014,188156.12126450558,82872438.25058053,8,12069.579557417892,0.027777777777777776,"[0.0, 0.009259259259259259, 0.018518518518518517, 0.027777777777777776, 0.037037037037037035, 0.046296296296296294, 0.05555555555555555, 0.06481481481481481, 0.07407407407407407, 0.08333333333333333, 0.09259259259259259, 0.10185185185185185, 0.1111111111111111, 0.12037037037037036, 0.12962962962962962, 0.1388888888888889, 0.14814814814814814, 0.15740740740740738, 0.16666666666666666, 0.17592592592592593, 0.18518518518518517, 0.19444444444444442, 0.2037037037037037, 0.21296296296296297, 0.2222222222222222, 0.23148148148148145, 0.24074074074074073]","[67631.00000000006, 1786.6346316370382, 1155.983184086953, 12069.579557417892, 1906.5778542067503, 950.5914327635941, 9083.877197384665, 2481.2296367743497, 778.6316126028246, 8965.16239638521, 2042.6423114777049, 1606.717102153943, 6927.9398362975635, 1790.9411989175928, 2115.0643759894533, 4469.146453396164, 811.3124818658321, 852.4454942249153, 2613.518509595512, 1125.8336361544984, 622.5282936168009, 1595.9028958464799, 1672.0836322354157, 807.7671822536967, 3024.6344394113826, 842.731381474269, 842.8235732268063]",3.0,0.3,145.15000000002416,15,0.5,1721880.138488394,0.14445541615563853,0.12412575453778085,16430975.452702833,84089526828.80304,"[0.046875, 0.03125]",2,1721880.138488394,0.046875,"[0.0, 0.015625, 0.03125, 0.046875, 0.0625, 0.078125, 0.09375, 0.109375, 0.125, 0.140625, 0.15625, 0.171875, 0.1875, 0.203125, 0.21875, 0.234375]","[154749.38571156203, 876106.9067082375, 1710291.3768914293, 1721880.138488394, 1236443.3975591678, 1200279.6938553299, 1385236.6101425146, 1437054.0474219872, 1048940.2936458942, 664501.8455341395, 393060.2971507341, 165807.08106893592, 58528.066628519126, 51528.95639389562, 141871.95181124314, 339557.7347244609]",3.0,0.3,flattop,64,32,145.15000000002416,15,21,449.5238095237669,37.99999999999426,1007.9999999999272,"[2, 5, 11, 17, 22, 25, 29, 38, 44, 52, 55, 60, 65, 74, 78, 84, 89, 95, 98, 101, 105]","[37.99999999999426, 367.9999999999493, 460.99999999996203, 192.99999999997556, 950.999999999949, 153.99999999997215, 880.999999999897, 242.9999999999739, 490.99999999995237, 185.99999999998147, 320.9999999999559, 942.9999999999561, 809.9999999999056, 204.99999999998138, 477.9999999999512, 275.9999999999791, 346.99999999996476, 78.99999999999818, 1007.9999999999272, 113.99999999998204, 892.9999999998988]","[1, 1, 1, 15, 1, 24, 27, 35, 35, 49, 35, 35, 63, 73, 73, 73, 35, 92, 35, 99, 99]","[3, 8, 18, 18, 35, 27, 35, 39, 49, 53, 56, 73, 73, 75, 81, 85, 92, 97, 106, 102, 106]",0.05,30,52684908.99999861,1015.9999999999819,-1015.9999999999819,DWT,uc1.l0082987033,1.1478550732135773e-07,0.0,4.263256414560601e-11,2.9802322387695312e-08,0.0,7.275957614183426e-11,2.566725015640259e-06,1.807620719773695e-11,1.0,84,0.0,2.382876118645072e-10,1.0,84,,0.0,0.0,1.0,84,0.0,0.0,1.3932585716247559e-06,0.0206146240234375,5.820766091346741e-11,0.0,0.0,0.0,4.263256414560601e-11,8.949427865445614e-10,4.250669657527136e-11,0.0,1.807620719773695e-11,0.0,2.4158453015843406e-11,0.0,0.0,0.0,2.4158453015843406e-11,5.7411853049416095e-12,4.718447854656915e-15,1.1478550732135773e-07,2.220446049250313e-16,7.771561172376096e-16,9.953510016202927e-09,0.0,0.0,4.385380947269368e-15,0.4518709344978599,0.6126833423972158,0.18539375661762744,0.30066023362112726,0.023730947150214773,0.005864091065884788,0.002932045532942394,0.005864091065884788,189,0.7999175825146743,0.4522711128679006,562,0,0,0.005864091065884788,0.005864091065884788,189,0,0,0.314867842856809,0.428277341524016,559,214.48912171327788,0.7228822716882715,374.75,282.67994310776794,0.6193545725366422,315,sym,445.72514619883043,505.0,280.45746329325993,171,0.986117580085908,1.0,0.009717693939864401,6,237.75
db2,1,periodic,8.463601000904544e-27,320.81947129930154,9470013.512332797,0.5818181818181818,364.267243243976,108,raw,6.125141546228266e-14,-1.1681156042442418e-10,"[2, 5, 11, 17, 22, 25, 29, 38, 44, 52, 55, 60, 65, 74, 78, 84, 89, 95, 98, 101, 105]","[38.0, 368.0, 461.0000000000001, 192.99999999999994, 951.0000000000002, 153.99999999999977, 881.0000000000001, 243.0, 491.0, 186.0000000000001, 321.0000000000002, 943.0000000000001, 810.0, 205.0, 478.00000000000006, 276.0, 347.0000000000002, 79.0, 1008.0, 114.0, 893.0000000000002]",21,5.563510336522203,100330.52665268182,0.864491063213633,4.365923718251291e-06,1.0,0.4907407407407407,67631.0,0.1291094199047374,0.15147910127183992,188156.12126451553,82872438.25058056,8,12069.579557418134,0.027777777777777776,"[0.0, 0.009259259259259259, 0.018518518518518517, 0.027777777777777776, 0.037037037037037035, 0.046296296296296294, 0.05555555555555555, 0.06481481481481481, 0.07407407407407407, 0.08333333333333333, 0.09259259259259259, 0.10185185185185185, 0.1111111111111111, 0.12037037037037036, 0.12962962962962962, 0.1388888888888889, 0.14814814814814814, 0.15740740740740738, 0.16666666666666666, 0.17592592592592593, 0.18518518518518517, 0.19444444444444442, 0.2037037037037037, 0.21296296296296297, 0.2222222222222222, 0.23148148148148145, 0.24074074074074073]","[67631.0, 1786.6346316370013, 1155.98318408694, 12069.579557418134, 1906.5778542068424, 950.5914327636017, 9083.877197385176, 2481.229636774485, 778.6316126029449, 8965.162396385991, 2042.6423114779172, 1606.71710215415, 6927.939836298324, 1790.9411989177945, 2115.064375989648, 4469.1464533967255, 811.3124818658855, 852.4454942250571, 2613.5185095958273, 1125.8336361545942, 622.528293616837, 1595.9028958466972, 1672.0836322356429, 807.7671822537563, 3024.6344394117586, 842.7313814743649, 842.8235732269198]",3.0,0.3,145.15,15,0.5,1721880.1384885088,0.14445541615564295,0.12412575453778009,16430975.452705404,84089526828.82372,"[0.046875, 0.03125]",2,1721880.1384885088,0.046875,"[0.0, 0.015625, 0.03125, 0.046875, 0.0625, 0.078125, 0.09375, 0.109375, 0.125, 0.140625, 0.15625, 0.171875, 0.1875, 0.203125, 0.21875, 0.234375]","[154749.38571156538, 876106.906708278, 1710291.3768915331, 1721880.1384885088, 1236443.3975593026, 1200279.6938555273, 1385236.6101427819, 1437054.047422281, 1048940.2936461223, 664501.8455342909, 393060.29715082527, 165807.0810689745, 58528.066628532644, 51528.956393907545, 141871.9518112762, 339557.7347245398]",3.0,0.3,flattop,64,32,145.15,15,21,449.5238095238095,38.0,1008.0,"[2, 5, 11, 17, 22, 25, 29, 38, 44, 52, 55, 60, 65, 74, 78, 84, 89, 95, 98, 101, 105]","[38.0, 368.0, 461.0000000000001, 192.99999999999994, 951.0000000000002, 153.99999999999977, 881.0000000000001, 243.0, 491.0, 186.0000000000001, 321.0000000000002, 943.0000000000001, 810.0, 205.0, 478.00000000000006, 276.0, 347.0000000000002, 79.0, 1008.0, 114.0, 893.0000000000002]","[1, 1, 1, 15, 1, 24, 27, 35, 35, 49, 35, 35, 63, 73, 73, 73, 35, 92, 35, 99, 99]","[3, 8, 18, 18, 35, 27, 35, 39, 49, 53, 56, 73, 73, 75, 81, 85, 92, 97, 106, 102, 106]",0.05,30,52684909.0,1016.0,-1016.0,DWT,uc1.l0082987033,0.0,0.0,0.0,0.0,0.0,0.0,3.725290298461914e-09,0.0,1.0,84,0.0,3.637978807091713e-12,1.0,84,,0.0,0.0,1.0,84,0.0,0.0,0.0,6.103515625e-05,0.0,0.0,0.0,0.0,0.0,0.0,8.12048840868686e-14,0.0,0.0,0.0,0.0,0.0,0.0,0.0,0.0,0.0,5.551115123125783e-17,0.0,0.0,1.3877787807814457e-17,0.0,0.0,0.0,2.7755575615628914e-17,0.9528146928475979,0.1527664958775569,0.033118529055214466,0.7065515490096493,0.033062198638696194,0.0,0.0,0.0,415,0.9604768272342826,0.5430508505282298,354,0,0,0.0,0.0,658,0,0,0.37566269308574296,0.5109693579527603,337,148.49242404917499,0.8081493229338824,441.0,411.45434584260437,0.6191909405367086,316,db,413.2962962962963,398.0,188.41229481502944,243,0.9143723369387087,0.671803462110104,0.15839832550987273,5,238.25
bior1.5,1,periodization,2.3966456204195968e-26,316.298984892778,9495097.302053863,0.5555555555555556,304.5475672551745,108,raw,1.1447632965023844e-13,-1.21056387136776e-10,"[2, 5, 11, 17, 22, 25, 29, 38, 44, 52, 55, 60, 65, 74, 78, 84, 89, 95, 98, 101, 105]","[38.0, 368.00000000000006, 460.9999999999999, 193.0, 951.0000000000003, 154.0, 881.0000000000003, 243.00000000000003, 491.0, 186.0, 321.0, 943.0, 810.0, 205.0, 478.00000000000006, 276.0, 346.9999999999999, 79.00000000000023, 1008.0000000000001, 114.00000000000023, 893.0000000000001]",21,5.561167887194107,96568.46466154457,0.8398196146156672,4.365923718251291e-06,1.0,0.4907407407407407,67631.00000000001,0.12910941990473737,0.15147910127183992,188156.1212645156,82872438.25058061,8,12069.579557418137,0.027777777777777776,"[0.0, 0.009259259259259259, 0.018518518518518517, 0.027777777777777776, 0.037037037037037035, 0.046296296296296294, 0.05555555555555555, 0.06481481481481481, 0.07407407407407407, 0.08333333333333333, 0.09259259259259259, 0.10185185185185185, 0.1111111111111111, 0.12037037037037036, 0.12962962962962962, 0.1388888888888889, 0.14814814814814814, 0.15740740740740738, 0.16666666666666666, 0.17592592592592593, 0.18518518518518517, 0.19444444444444442, 0.2037037037037037, 0.21296296296296297, 0.2222222222222222, 0.23148148148148145, 0.24074074074074073]","[67631.00000000001, 1786.6346316369982, 1155.9831840869388, 12069.579557418137, 1906.577854206843, 950.5914327636002, 9083.877197385178, 2481.2296367744834, 778.6316126029446, 8965.162396385995, 2042.6423114779177, 1606.717102154151, 6927.939836298324, 1790.9411989177938, 2115.0643759896493, 4469.146453396723, 811.3124818658857, 852.4454942250558, 2613.518509595828, 1125.8336361545937, 622.5282936168373, 1595.9028958466984, 1672.0836322356415, 807.767182253757, 3024.6344394117605, 842.7313814743673, 842.8235732269212]",3.0,0.3,145.15000000000003,15,0.5,1721880.1384885097,0.14445541615564292,0.12412575453778009,16430975.452705408,84089526828.82379,"[0.046875, 0.03125]",2,1721880.1384885097,0.046875,"[0.0, 0.015625, 0.03125, 0.046875, 0.0625, 0.078125, 0.09375, 0.109375, 0.125, 0.140625, 0.15625, 0.171875, 0.1875, 0.203125, 0.21875, 0.234375]","[154749.38571156556, 876106.9067082782, 1710291.3768915334, 1721880.1384885097, 1236443.3975593033, 1200279.6938555278, 1385236.6101427823, 1437054.0474222815, 1048940.2936461223, 664501.8455342909, 393060.29715082527, 165807.0810689745, 58528.066628532615, 51528.95639390754, 141871.9518112762, 339557.73472453986]",3.0,0.3,flattop,64,32,145.15000000000003,15,21,449.52380952380963,38.0,1008.0000000000001,"[2, 5, 11, 17, 22, 25, 29, 38, 44, 52, 55, 60, 65, 74, 78, 84, 89, 95, 98, 101, 105]","[38.0, 368.00000000000006, 460.9999999999999, 193.0, 951.0000000000003, 154.0, 881.0000000000003, 243.00000000000003, 491.0, 186.0, 321.0, 943.0, 810.0, 205.0, 478.00000000000006, 276.0, 346.9999999999999, 79.00000000000023, 1008.0000000000001, 114.00000000000023, 893.0000000000001]","[1, 1, 1, 15, 1, 24, 27, 35, 35, 49, 35, 35, 63, 73, 73, 73, 35, 92, 35, 99, 99]","[3, 8, 18, 18, 35, 27, 35, 39, 49, 53, 56, 73, 73, 75, 81, 85, 92, 97, 106, 102, 106]",0.05,30,52684909.00000001,1016.0000000000001,-1016.0000000000001,DWT,uc1.l0082987033,9.313225746154785e-10,0.0,1.1368683772161603e-13,4.470348358154297e-08,0.0,1.1368683772161603e-13,7.450580596923828e-09,1.1368683772161603e-13,1.0,84,0.0,7.275957614183426e-12,1.0,84,,0.0,0.0,1.0,84,0.0,0.0,7.450580596923828e-09,0.0001373291015625,1.4551915228366852e-11,0.0,0.0,0.0,1.1368683772161603e-13,1.8189894035458565e-12,8.255829882164975e-14,0.0,1.1368683772161603e-13,0.0,2.842170943040401e-14,0.0,0.0,0.0,2.842170943040401e-14,0.0,8.326672684688674e-17,9.313225746154785e-10,0.0,1.3877787807814457e-17,5.820766091346741e-11,0.0,0.0,0.0,0.906404341722188,0.14976501371962006,0.03555174611428719,0.41340782122905073,0.022878663269131433,3.135877575339459e-05,1.5679387876697293e-05,3.135877575339459e-05,333,0.8110155787495391,0.4585458881915872,555,0,0,3.135877575339459e-05,3.135877575339459e-05,274,0,0,0.3056015172108555,0.41567345896383484,579,154.33810287806443,0.8005967663074103,435.25,392.8672762420647,0.6191291325077103,317,bior,385.74074074074076,410.0,199.97417605530825,135,0.8534087184529663,0.7130285416801533,0.18870533457887761,4,238.75
sym17,1,symmetric,1.0207759325324835e-19,250.00571889314668,11451151.16200533,0.5571428571428572,377.65767020167806,108,raw,2.5058105384906185e-10,-1.2730361222862011e-10,"[2, 5, 11, 17, 22, 25, 29, 38, 44, 52, 55, 60, 65, 74, 78, 84, 89, 95, 98, 101, 105]","[38.00000000014322, 368.00000000076534, 461.00000000043156, 193.00000000043678, 951.0000000004944, 154.0000000005898, 881.0000000014717, 243.00000000041854, 491.0000000004672, 186.00000000029308, 321.0000000006096, 943.0000000003655, 810.0000000013679, 205.00000000037133, 478.0000000006853, 276.00000000033003, 347.0000000004468, 78.99999999986801, 1008.000000000809, 114.00000000041871, 893.0000000015812]",21,6.002168750899182,97589.20062104892,0.7931993136219333,4.365923718241876e-06,1.0,0.4907407407407407,67631.00000000001,0.1291094199048046,0.15147910127183514,188156.12126464356,82872438.2505802,8,12069.579557419149,0.027777777777777776,"[0.0, 0.009259259259259259, 0.018518518518518517, 0.027777777777777776, 0.037037037037037035, 0.046296296296296294, 0.05555555555555555, 0.06481481481481481, 0.07407407407407407, 0.08333333333333333, 0.09259259259259259, 0.10185185185185185, 0.1111111111111111, 0.12037037037037036, 0.12962962962962962, 0.1388888888888889, 0.14814814814814814, 0.15740740740740738, 0.16666666666666666, 0.17592592592592593, 0.18518518518518517, 0.19444444444444442, 0.2037037037037037, 0.21296296296296297, 0.2222222222222222, 0.23148148148148145, 0.24074074074074073]","[67631.00000000001, 1786.6346316370198, 1155.9831840869838, 12069.579557419149, 1906.577854207132, 950.5914327638321, 9083.87719738833, 2481.2296367756326, 778.6316126034653, 8965.16239639291, 2042.6423114799104, 1606.7171021559664, 6927.939836306979, 1790.9411989202188, 2115.0643759926766, 4469.146453404107, 811.3124818670316, 852.4454942267785, 2613.5185096007526, 1125.8336361565114, 622.5282936177374, 1595.9028958500178, 1672.0836322391222, 807.7671822550394, 3024.63443941769, 842.7313814761014, 842.8235732287588]",3.0,0.3,145.14999999969845,15,0.5,1721880.1384891875,0.14445541615572444,0.12412575453776559,16430975.45273512,84089526828.99966,"[0.046875, 0.03125]",2,1721880.1384891875,0.046875,"[0.0, 0.015625, 0.03125, 0.046875, 0.0625, 0.078125, 0.09375, 0.109375, 0.125, 0.140625, 0.15625, 0.171875, 0.1875, 0.203125, 0.21875, 0.234375]","[154749.3857115714, 876106.9067084917, 1710291.3768921304, 1721880.1384891875, 1236443.3975602877, 1200279.6938572794, 1385236.6101454538, 1437054.0474254866, 1048940.2936488772, 664501.8455362825, 393060.2971520996, 165807.0810695436, 58528.066628746164, 51528.95639410613, 141871.95181182594, 339557.7347258529]",3.0,0.3,flattop,64,32,145.14999999969845,15,21,449.52380952439825,38.00000000014322,1008.000000000809,"[2, 5, 11, 17, 22, 25, 29, 38, 44, 52, 55, 60, 65, 74, 78, 84, 89, 95, 98, 101, 105]","[38.00000000014322, 368.00000000076534, 461.00000000043156, 193.00000000043678, 951.0000000004944, 154.0000000005898, 881.0000000014717, 243.00000000041854, 491.0000000004672, 186.00000000029308, 321.0000000006096, 943.0000000003655, 810.0000000013679, 205.00000000037133, 478.0000000006853, 276.00000000033003, 347.0000000004468, 78.99999999986801, 1008.000000000809, 114.00000000041871, 893.0000000015812]","[1, 1, 1, 15, 1, 24, 27, 35, 35, 49, 35, 35, 63, 73, 73, 73, 35, 92, 35, 99, 99]","[3, 8, 18, 18, 35, 27, 35, 39, 49, 53, 56, 73, 73, 75, 81, 85, 92, 97, 106, 102, 106]",0.05,30,52684909.00001612,1016.0000000002037,-1016.0000000002037,DWT,uc1.l0082987033,6.7870132625103e-07,0.0,5.887272891413886e-10,3.5762786865234375e-07,0.0,8.089955372270197e-10,2.972036600112915e-05,2.0372681319713593e-10,1.0,84,0.0,1.0186340659856796e-09,1.0,84,,0.0,0.0,1.0,84,0.0,0.0,1.6123056411743164e-05,0.1760101318359375,1.4551915228366852e-11,0.0,0.0,0.0,5.887272891413886e-10,1.2363670975901186e-08,6.013763032526532e-10,0.0,2.0372681319713593e-10,0.0,3.015543370565865e-10,0.0,0.0,0.0,3.015543370565865e-10,1.432169938198058e-10,6.714073741420634e-14,6.7870132625103e-07,4.773959005888173e-15,1.4488410471358293e-14,1.2802775017917156e-07,0.0,0.0,8.151812558310212e-14,0.22579312522719241,0.7148385921185763,0.2252959463896456,0.4311252992817243,0.02564169608759303,0.06786039073034589,0.033930195365172944,0.06786039073034589,64,0.7882499425381533,0.4456742626022342,570,0,0,0.06786039073034589,0.06786039073034589,64,0,0,0.3245389318209464,0.4414317755672746,533,281.863294287615,0.6358355370961046,307.75,114.67706262938434,0.6191128589873288,318,sym,445.72514619883043,505.0,280.45746329325993,171,0.986117580085908,1.0,0.009717693939864401,6,240.0
db2,1,symmetric,8.463717869186799e-27,320.81941133085587,9470058.972235937,0.5818181818181818,364.267243243976,108,raw,6.128431095930859e-14,-1.1681466904889313e-10,"[2, 5, 11, 17, 22, 25, 29, 38, 44, 52, 55, 60, 65, 74, 78, 84, 89, 95, 98, 101, 105]","[38.0, 368.0, 461.0000000000001, 192.99999999999994, 951.0000000000002, 153.99999999999977, 881.0000000000001, 243.0, 491.0, 186.0000000000001, 321.0000000000002, 943.0000000000001, 810.0, 205.0, 478.00000000000006, 276.0, 347.0000000000002, 79.0, 1008.0, 114.0, 893.0000000000002]",21,5.563520574855713,100055.4700060221,0.864112345491292,4.365923718251291e-06,1.0,0.4907407407407407,67631.0,0.1291094199047374,0.15147910127183992,188156.12126451553,82872438.25058056,8,12069.579557418134,0.027777777777777776,"[0.0, 0.009259259259259259, 0.018518518518518517, 0.027777777777777776, 0.037037037037037035, 0.046296296296296294, 0.05555555555555555, 0.06481481481481481, 0.07407407407407407, 0.08333333333333333, 0.09259259259259259, 0.10185185185185185, 0.1111111111111111, 0.12037037037037036, 0.12962962962962962, 0.1388888888888889, 0.14814814814814814, 0.15740740740740738, 0.16666666666666666, 0.17592592592592593, 0.18518518518518517, 0.19444444444444442, 0.2037037037037037, 0.21296296296296297, 0.2222222222222222, 0.23148148148148145, 0.24074074074074073]","[67631.0, 1786.6346316370013, 1155.98318408694, 12069.579557418134, 1906.5778542068424, 950.5914327636017, 9083.877197385176, 2481.229636774485, 778.6316126029449, 8965.162396385991, 2042.6423114779172, 1606.71710215415, 6927.939836298324, 1790.9411989177945, 2115.064375989648, 4469.1464533967255, 811.3124818658855, 852.4454942250571, 2613.5185095958273, 1125.8336361545942, 622.528293616837, 1595.9028958466972, 1672.0836322356429, 807.7671822537563, 3024.6344394117586, 842.7313814743649, 842.8235732269198]",3.0,0.3,145.15,15,0.5,1721880.1384885088,0.14445541615564295,0.12412575453778009,16430975.452705404,84089526828.82372,"[0.046875, 0.03125]",2,1721880.1384885088,0.046875,"[0.0, 0.015625, 0.03125, 0.046875, 0.0625, 0.078125, 0.09375, 0.109375, 0.125, 0.140625, 0.15625, 0.171875, 0.1875, 0.203125, 0.21875, 0.234375]","[154749.38571156538, 876106.906708278, 1710291.3768915331, 1721880.1384885088, 1236443.3975593026, 1200279.6938555273, 1385236.6101427819, 1437054.047422281, 1048940.2936461223, 664501.8455342909, 393060.29715082527, 165807.0810689745, 58528.066628532644, 51528.956393907545, 141871.9518112762, 339557.7347245398]",3.0,0.3,flattop,64,32,145.15,15,21,449.5238095238095,38.0,1008.0,"[2, 5, 11, 17, 22, 25, 29, 38, 44, 52, 55, 60, 65, 74, 78, 84, 89, 95, 98, 101, 105]","[38.0, 368.0, 461.0000000000001, 192.99999999999994, 951.0000000000002, 153.99999999999977, 881.0000000000001, 243.0, 491.0, 186.0000000000001, 321.0000000000002, 943.0000000000001, 810.0, 205.0, 478.00000000000006, 276.0, 347.0000000000002, 79.0, 1008.0, 114.0, 893.0000000000002]","[1, 1, 1, 15, 1, 24, 27, 35, 35, 49, 35, 35, 63, 73, 73, 73, 35, 92, 35, 99, 99]","[3, 8, 18, 18, 35, 27, 35, 39, 49, 53, 56, 73, 73, 75, 81, 85, 92, 97, 106, 102, 106]",0.05,30,52684909.0,1016.0,-1016.0,DWT,uc1.l0082987033,0.0,0.0,0.0,0.0,0.0,0.0,3.725290298461914e-09,0.0,1.0,84,0.0,3.637978807091713e-12,1.0,84,,0.0,0.0,1.0,84,0.0,0.0,0.0,6.103515625e-05,0.0,0.0,0.0,0.0,0.0,0.0,8.12048840868686e-14,0.0,0.0,0.0,0.0,0.0,0.0,0.0,0.0,0.0,5.551115123125783e-17,0.0,0.0,1.3877787807814457e-17,0.0,0.0,0.0,2.7755575615628914e-17,0.9528140771712371,0.15277961469937656,0.03312293882794232,0.7065515490096493,0.0323176470878467,0.0,0.0,0.0,424,0.9601874015054002,0.5428872100490659,356,0,0,0.0,0.0,656,0,0,0.3755171653592104,0.5107714138652603,339,146.18794979979256,0.8111266798452292,443.75,414.8636484485652,0.6189031332042684,319,db,413.2962962962963,398.0,188.41229481502944,243,0.9143723369387087,0.671803462110104,0.15839832550987273,5,240.5
sym17,1,periodic,1.0045955761851881e-19,250.07511049803813,11387157.443355203,0.5571428571428572,389.84181433773836,108,raw,2.500628839799094e-10,-1.2710099652019604e-10,"[2, 5, 11, 17, 22, 25, 29, 38, 44, 52, 55, 60, 65, 74, 78, 84, 89, 95, 98, 101, 105]","[38.00000000013432, 368.0000000007744, 461.0000000004315, 193.00000000043713, 951.0000000005689, 154.0000000005898, 881.0000000014718, 243.00000000041854, 491.0000000004672, 186.00000000029308, 321.0000000006096, 943.0000000003655, 810.0000000013679, 205.00000000037133, 478.0000000006853, 276.00000000033003, 347.000000000447, 78.99999999986812, 1008.000000000735, 114.00000000042724, 893.0000000015705]",21,6.006628435175477,97392.59785225874,0.7939909101752255,4.3659237182419175e-06,1.0,0.4907407407407407,67631.00000000001,0.12910941990480407,0.15147910127183525,188156.12126464298,82872438.2505802,8,12069.579557419145,0.027777777777777776,"[0.0, 0.009259259259259259, 0.018518518518518517, 0.027777777777777776, 0.037037037037037035, 0.046296296296296294, 0.05555555555555555, 0.06481481481481481, 0.07407407407407407, 0.08333333333333333, 0.09259259259259259, 0.10185185185185185, 0.1111111111111111, 0.12037037037037036, 0.12962962962962962, 0.1388888888888889, 0.14814814814814814, 0.15740740740740738, 0.16666666666666666, 0.17592592592592593, 0.18518518518518517, 0.19444444444444442, 0.2037037037037037, 0.21296296296296297, 0.2222222222222222, 0.23148148148148145, 0.24074074074074073]","[67631.00000000001, 1786.6346316370177, 1155.9831840869797, 12069.579557419145, 1906.5778542071314, 950.5914327638295, 9083.877197388338, 2481.2296367756658, 778.6316126034304, 8965.162396392969, 2042.6423114798413, 1606.7171021559222, 6927.939836307051, 1790.9411989203052, 2115.0643759928757, 4469.146453404013, 811.3124818672791, 852.4454942265721, 2613.518509600603, 1125.8336361566935, 622.5282936180125, 1595.9028958497352, 1672.0836322388484, 807.767182255311, 3024.634439417594, 842.7313814759917, 842.8235732285484]",3.0,0.3,145.1499999997162,15,0.5,1721880.138489187,0.14445541615572458,0.1241257545377656,16430975.452735104,84089526828.99948,"[0.046875, 0.03125]",2,1721880.138489187,0.046875,"[0.0, 0.015625, 0.03125, 0.046875, 0.0625, 0.078125, 0.09375, 0.109375, 0.125, 0.140625, 0.15625, 0.171875, 0.1875, 0.203125, 0.21875, 0.234375]","[154749.38571156605, 876106.9067084828, 1710291.3768921255, 1721880.138489187, 1236443.3975602882, 1200279.6938572791, 1385236.6101454543, 1437054.0474254866, 1048940.2936488772, 664501.8455362824, 393060.2971520996, 165807.0810695437, 58528.06662874616, 51528.95639410613, 141871.95181182594, 339557.7347258529]",3.0,0.3,flattop,64,32,145.1499999997162,15,21,449.52380952439825,38.00000000013432,1008.000000000735,"[2, 5, 11, 17, 22, 25, 29, 38, 44, 52, 55, 60, 65, 74, 78, 84, 89, 95, 98, 101, 105]","[38.00000000013432, 368.0000000007744, 461.0000000004315, 193.00000000043713, 951.0000000005689, 154.0000000005898, 881.0000000014718, 243.00000000041854, 491.0000000004672, 186.00000000029308, 321.0000000006096, 943.0000000003655, 810.0000000013679, 205.00000000037133, 478.0000000006853, 276.00000000033003, 347.000000000447, 78.99999999986812, 1008.000000000735, 114.00000000042724, 893.0000000015705]","[1, 1, 1, 15, 1, 24, 27, 35, 35, 49, 35, 35, 63, 73, 73, 73, 35, 92, 35, 99, 99]","[3, 8, 18, 18, 35, 27, 35, 39, 49, 53, 56, 73, 73, 75, 81, 85, 92, 97, 106, 102, 106]",0.05,30,52684909.00001606,1016.0000000002043,-1016.0000000002043,DWT,uc1.l0082987033,6.782356649637222e-07,0.0,5.887272891413886e-10,3.5762786865234375e-07,0.0,7.349854058702476e-10,2.9703602194786072e-05,2.04295247385744e-10,1.0,84,0.0,1.014996087178588e-09,1.0,84,,0.0,0.0,1.0,84,0.0,0.0,1.6063451766967773e-05,0.1758270263671875,1.4551915228366852e-11,0.0,0.0,0.0,5.887272891413886e-10,1.2363670975901186e-08,6.013262269074662e-10,0.0,2.04295247385744e-10,0.0,2.838191903720144e-10,0.0,0.0,0.0,2.838191903720144e-10,1.3432099876808934e-10,6.661338147750939e-14,6.782356649637222e-07,4.6629367034256575e-15,1.4474532683550478e-14,1.274456735700369e-07,0.0,0.0,8.165690346118026e-14,0.2265055460727723,0.7205529794586901,0.21908832746026913,0.4311252992817243,0.02510951154240324,0.06760952052431873,0.03380476026215937,0.06760952052431873,65,0.788217905432794,0.4456561489145111,571,0,0,0.06760952052431873,0.06760952052431873,67,0,0,0.32447633276317184,0.44134662950153997,535,281.55461281960913,0.6362343503622621,309.5,117.88817174763764,0.6181817746643352,320,sym,445.72514619883043,505.0,280.45746329325993,171,0.986117580085908,1.0,0.009717693939864401,6,241.5
rbio3.5,1,smooth,7.224242084661208e-27,321.50710020406046,9271058.546856614,0.559322033898305,474.89116774637847,108,raw,4.883336533499388e-14,-1.1094503094000236e-10,"[2, 5, 11, 17, 22, 25, 29, 38, 44, 52, 55, 60, 65, 74, 78, 84, 89, 95, 98, 101, 105]","[38.0, 368.0, 461.00000000000006, 192.99999999999994, 951.0, 154.0, 881.0, 242.99999999999997, 491.0000000000001, 185.9999999999999, 321.0, 943.0, 810.0000000000002, 205.0, 478.0, 276.0, 346.9999999999998, 78.99999999999989, 1008.0000000000002, 114.0, 893.0000000000001]",21,5.83636185595436,120035.3362991127,0.6547951244891875,4.365923718251291e-06,0.9999999999999998,0.4907407407407407,67631.0,0.12910941990473743,0.15147910127183992,188156.12126451553,82872438.25058056,8,12069.57955741813,0.027777777777777776,"[0.0, 0.009259259259259259, 0.018518518518518517, 0.027777777777777776, 0.037037037037037035, 0.046296296296296294, 0.05555555555555555, 0.06481481481481481, 0.07407407407407407, 0.08333333333333333, 0.09259259259259259, 0.10185185185185185, 0.1111111111111111, 0.12037037037037036, 0.12962962962962962, 0.1388888888888889, 0.14814814814814814, 0.15740740740740738, 0.16666666666666666, 0.17592592592592593, 0.18518518518518517, 0.19444444444444442, 0.2037037037037037, 0.21296296296296297, 0.2222222222222222, 0.23148148148148145, 0.24074074074074073]","[67631.0, 1786.634631637001, 1155.9831840869383, 12069.57955741813, 1906.577854206843, 950.5914327636023, 9083.877197385176, 2481.229636774485, 778.6316126029436, 8965.162396385991, 2042.642311477917, 1606.7171021541506, 6927.939836298324, 1790.941198917793, 2115.0643759896493, 4469.146453396725, 811.3124818658863, 852.4454942250587, 2613.518509595828, 1125.8336361545946, 622.5282936168352, 1595.9028958466984, 1672.0836322356424, 807.767182253756, 3024.6344394117596, 842.7313814743659, 842.823573226921]",3.0,0.3,145.15000000000003,15,0.5,1721880.1384885088,0.14445541615564292,0.12412575453778006,16430975.452705404,84089526828.82368,"[0.046875, 0.03125]",2,1721880.1384885088,0.046875,"[0.0, 0.015625, 0.03125, 0.046875, 0.0625, 0.078125, 0.09375, 0.109375, 0.125, 0.140625, 0.15625, 0.171875, 0.1875, 0.203125, 0.21875, 0.234375]","[154749.3857115655, 876106.906708278, 1710291.3768915324, 1721880.1384885088, 1236443.3975593026, 1200279.6938555269, 1385236.6101427816, 1437054.047422281, 1048940.2936461219, 664501.8455342908, 393060.2971508254, 165807.08106897466, 58528.06662853263, 51528.956393907494, 141871.95181127614, 339557.73472454003]",3.0,0.3,flattop,64,32,145.15000000000003,15,21,449.5238095238095,38.0,1008.0000000000002,"[2, 5, 11, 17, 22, 25, 29, 38, 44, 52, 55, 60, 65, 74, 78, 84, 89, 95, 98, 101, 105]","[38.0, 368.0, 461.00000000000006, 192.99999999999994, 951.0, 154.0, 881.0, 242.99999999999997, 491.0000000000001, 185.9999999999999, 321.0, 943.0, 810.0000000000002, 205.0, 478.0, 276.0, 346.9999999999998, 78.99999999999989, 1008.0000000000002, 114.0, 893.0000000000001]","[1, 1, 1, 15, 1, 24, 27, 35, 35, 49, 35, 35, 63, 73, 73, 73, 35, 92, 35, 99, 99]","[3, 8, 18, 18, 35, 27, 35, 39, 49, 53, 56, 73, 73, 75, 81, 85, 92, 97, 106, 102, 106]",0.05,30,52684909.0,1016.0,-1016.0,DWT,uc1.l0082987033,0.0,0.0,0.0,0.0,0.0,2.2737367544323206e-13,3.725290298461914e-09,0.0,1.0,84,0.0,0.0,1.0,84,,0.0,0.0,1.0,84,0.0,0.0,0.0,3.0517578125e-05,0.0,0.0,0.0,0.0,0.0,0.0,6.090366306515146e-14,0.0,0.0,0.0,2.842170943040401e-14,0.0,0.0,0.0,2.842170943040401e-14,0.0,2.7755575615628914e-17,0.0,0.0,1.3877787807814457e-17,0.0,0.0,0.0,0.0,0.9598743532566612,0.5023830094638702,0.013819187872438146,0.45544929457437705,0.08640119902138531,0.0,0.0,0.0,417,1.0507659080604559,0.5941000385417013,233,0,0,0.0,0.0,664,0,0,0.40358540883774635,0.5489493128503368,251,199.807198735848,0.7418511644239689,391.25,328.40682402922437,0.6181801041758088,321,rbio,366.5925925925926,360.0,210.3588723315502,135,0.8110455588331695,0.7500562468954116,0.20725123474815782,3,241.5
rbio3.3,1,smooth,8.659063202975972e-27,320.7203140158788,9340366.367245907,0.543859649122807,501.0161301671021,108,raw,5.6613150381626457e-14,-1.1078404860143174e-10,"[2, 5, 11, 17, 22, 25, 29, 38, 44, 52, 55, 60, 65, 74, 78, 84, 89, 95, 98, 101, 105]","[37.999999999999915, 368.0, 461.0000000000001, 192.99999999999994, 951.0, 154.0, 881.0, 242.99999999999994, 491.00000000000017, 185.9999999999999, 321.0, 943.0, 810.0000000000002, 205.0, 478.0, 275.9999999999999, 346.9999999999998, 79.0, 1008.0, 113.99999999999989, 892.9999999999999]",21,5.836133605017867,121121.70698315828,0.609379028992958,4.365923718251291e-06,1.0,0.4907407407407407,67631.0,0.1291094199047374,0.15147910127183992,188156.12126451553,82872438.25058056,8,12069.579557418134,0.027777777777777776,"[0.0, 0.009259259259259259, 0.018518518518518517, 0.027777777777777776, 0.037037037037037035, 0.046296296296296294, 0.05555555555555555, 0.06481481481481481, 0.07407407407407407, 0.08333333333333333, 0.09259259259259259, 0.10185185185185185, 0.1111111111111111, 0.12037037037037036, 0.12962962962962962, 0.1388888888888889, 0.14814814814814814, 0.15740740740740738, 0.16666666666666666, 0.17592592592592593, 0.18518518518518517, 0.19444444444444442, 0.2037037037037037, 0.21296296296296297, 0.2222222222222222, 0.23148148148148145, 0.24074074074074073]","[67631.0, 1786.6346316370007, 1155.9831840869383, 12069.579557418134, 1906.5778542068435, 950.591432763602, 9083.877197385176, 2481.2296367744852, 778.6316126029441, 8965.162396385991, 2042.6423114779172, 1606.71710215415, 6927.939836298324, 1790.9411989177927, 2115.0643759896493, 4469.146453396725, 811.3124818658866, 852.4454942250594, 2613.518509595828, 1125.833636154594, 622.5282936168356, 1595.902895846697, 1672.0836322356427, 807.7671822537562, 3024.63443941176, 842.7313814743661, 842.8235732269211]",3.0,0.3,145.1500000000001,15,0.5,1721880.1384885085,0.14445541615564297,0.1241257545377801,16430975.4527054,84089526828.82365,"[0.046875, 0.03125]",2,1721880.1384885085,0.046875,"[0.0, 0.015625, 0.03125, 0.046875, 0.0625, 0.078125, 0.09375, 0.109375, 0.125, 0.140625, 0.15625, 0.171875, 0.1875, 0.203125, 0.21875, 0.234375]","[154749.3857115655, 876106.906708278, 1710291.376891532, 1721880.1384885085, 1236443.3975593026, 1200279.6938555266, 1385236.6101427814, 1437054.047422281, 1048940.2936461219, 664501.8455342904, 393060.29715082515, 165807.0810689745, 58528.066628532586, 51528.956393907545, 141871.95181127626, 339557.73472454003]",3.0,0.3,flattop,64,32,145.1500000000001,15,21,449.5238095238095,37.999999999999915,1008.0,"[2, 5, 11, 17, 22, 25, 29, 38, 44, 52, 55, 60, 65, 74, 78, 84, 89, 95, 98, 101, 105]","[37.999999999999915, 368.0, 461.0000000000001, 192.99999999999994, 951.0, 154.0, 881.0, 242.99999999999994, 491.00000000000017, 185.9999999999999, 321.0, 943.0, 810.0000000000002, 205.0, 478.0, 275.9999999999999, 346.9999999999998, 79.0, 1008.0, 113.99999999999989, 892.9999999999999]","[1, 1, 1, 15, 1, 24, 27, 35, 35, 49, 35, 35, 63, 73, 73, 73, 35, 92, 35, 99, 99]","[3, 8, 18, 18, 35, 27, 35, 39, 49, 53, 56, 73, 73, 75, 81, 85, 92, 97, 106, 102, 106]",0.05,30,52684909.0,1016.0,-1016.0,DWT,uc1.l0082987033,2.3283064365386963e-10,0.0,0.0,0.0,0.0,0.0,0.0,0.0,1.0,84,0.0,3.637978807091713e-12,1.0,84,,0.0,0.0,1.0,84,0.0,0.0,0.0,0.0,0.0,0.0,0.0,0.0,0.0,0.0,6.631732200427602e-14,0.0,0.0,0.0,8.526512829121202e-14,0.0,0.0,0.0,8.526512829121202e-14,8.526512829121202e-14,5.551115123125783e-17,2.3283064365386963e-10,0.0,2.7755575615628914e-17,0.0,0.0,0.0,5.551115123125783e-17,0.9517966775442778,0.5020905416161355,0.020542293622154522,0.2828579829461928,0.08934189864608554,0.0,0.0,0.0,405,0.9812743767826229,0.554809725548308,312,0,0,0.0,0.0,661,0,0,0.36932587887496926,0.5023501419690056,369,154.32514377119497,0.8006135093395413,436.75,404.15673537396066,0.6181685117757139,322,rbio,366.5925925925926,360.0,210.3588723315502,135,0.8110455588331695,0.7500562468954116,0.20725123474815782,3,242.25
rbio2.4,1,antisymmetric,1.001666360379077e-26,320.0877922236061,9410491.212846832,0.5689655172413793,465.5276241183536,108,raw,6.944239422173939e-14,-1.1769341057288394e-10,"[2, 5, 11, 17, 22, 25, 29, 38, 44, 52, 55, 60, 65, 74, 78, 84, 89, 95, 98, 101, 105]","[37.99999999999997, 368.0, 461.0, 192.9999999999999, 951.0000000000002, 154.0000000000001, 880.9999999999999, 242.99999999999994, 491.0000000000001, 185.9999999999999, 321.0, 943.0, 810.0000000000001, 205.0, 478.0, 276.0, 347.0000000000001, 79.00000000000011, 1008.0000000000001, 114.0, 893.0000000000002]",21,5.787989921584731,150236.61743454362,0.7697810208974759,4.365923718251291e-06,1.0,0.4907407407407407,67631.0,0.12910941990473743,0.15147910127183992,188156.12126451556,82872438.25058056,8,12069.579557418134,0.027777777777777776,"[0.0, 0.009259259259259259, 0.018518518518518517, 0.027777777777777776, 0.037037037037037035, 0.046296296296296294, 0.05555555555555555, 0.06481481481481481, 0.07407407407407407, 0.08333333333333333, 0.09259259259259259, 0.10185185185185185, 0.1111111111111111, 0.12037037037037036, 0.12962962962962962, 0.1388888888888889, 0.14814814814814814, 0.15740740740740738, 0.16666666666666666, 0.17592592592592593, 0.18518518518518517, 0.19444444444444442, 0.2037037037037037, 0.21296296296296297, 0.2222222222222222, 0.23148148148148145, 0.24074074074074073]","[67631.0, 1786.634631637001, 1155.983184086938, 12069.579557418134, 1906.5778542068426, 950.5914327636033, 9083.877197385178, 2481.229636774485, 778.6316126029437, 8965.162396385991, 2042.6423114779182, 1606.7171021541512, 6927.939836298322, 1790.941198917795, 2115.064375989648, 4469.146453396726, 811.3124818658854, 852.4454942250577, 2613.518509595829, 1125.8336361545953, 622.5282936168384, 1595.9028958466972, 1672.0836322356438, 807.7671822537555, 3024.6344394117586, 842.7313814743655, 842.8235732269206]",3.0,0.3,145.15000000000003,15,0.5,1721880.138488509,0.14445541615564295,0.1241257545377801,16430975.452705404,84089526828.82368,"[0.046875, 0.03125]",2,1721880.138488509,0.046875,"[0.0, 0.015625, 0.03125, 0.046875, 0.0625, 0.078125, 0.09375, 0.109375, 0.125, 0.140625, 0.15625, 0.171875, 0.1875, 0.203125, 0.21875, 0.234375]","[154749.3857115654, 876106.9067082782, 1710291.3768915331, 1721880.138488509, 1236443.3975593029, 1200279.693855527, 1385236.6101427816, 1437054.0474222805, 1048940.2936461219, 664501.8455342907, 393060.2971508252, 165807.0810689745, 58528.066628532615, 51528.9563939075, 141871.95181127614, 339557.7347245399]",3.0,0.3,flattop,64,32,145.15000000000003,15,21,449.5238095238095,37.99999999999997,1008.0000000000001,"[2, 5, 11, 17, 22, 25, 29, 38, 44, 52, 55, 60, 65, 74, 78, 84, 89, 95, 98, 101, 105]","[37.99999999999997, 368.0, 461.0, 192.9999999999999, 951.0000000000002, 154.0000000000001, 880.9999999999999, 242.99999999999994, 491.0000000000001, 185.9999999999999, 321.0, 943.0, 810.0000000000001, 205.0, 478.0, 276.0, 347.0000000000001, 79.00000000000011, 1008.0000000000001, 114.0, 893.0000000000002]","[1, 1, 1, 15, 1, 24, 27, 35, 35, 49, 35, 35, 63, 73, 73, 73, 35, 92, 35, 99, 99]","[3, 8, 18, 18, 35, 27, 35, 39, 49, 53, 56, 73, 73, 75, 81, 85, 92, 97, 106, 102, 106]",0.05,30,52684909.0,1016.0,-1016.0,DWT,uc1.l0082987033,2.3283064365386963e-10,0.0,0.0,0.0,0.0,1.1368683772161603e-13,3.725290298461914e-09,0.0,1.0,84,0.0,3.637978807091713e-12,1.0,84,,0.0,0.0,1.0,84,0.0,0.0,0.0,3.0517578125e-05,0.0,0.0,0.0,0.0,0.0,0.0,7.443781041296286e-14,0.0,0.0,0.0,2.842170943040401e-14,0.0,0.0,0.0,2.842170943040401e-14,2.842170943040401e-14,2.7755575615628914e-17,2.3283064365386963e-10,0.0,2.7755575615628914e-17,2.9103830456733704e-11,0.0,0.0,2.7755575615628914e-17,0.9453027837828704,0.44040194707165314,0.027344653731150043,0.5630899633981896,0.16815312532493285,0.0,0.0,0.0,678,1.0935522061603729,0.6182912890906817,173,0,0,0.0,0.0,384,0,0,0.42885849466175924,0.5833252907546248,188,235.3584146218982,0.6959193609536198,355.75,263.52911229311445,0.6181470189781019,323,rbio,366.5925925925926,360.0,210.3588723315502,135,0.8110455588331695,0.7500562468954116,0.20725123474815782,3,243.0
db16,1,antireflect,2.4583476908896337e-26,316.18859004821934,10713913.674655594,0.5217391304347826,406.41513708145146,108,raw,1.1487107561454951e-13,-1.1615564066147562e-10,"[2, 5, 11, 17, 22, 25, 29, 38, 44, 52, 55, 60, 65, 74, 78, 84, 89, 95, 98, 101, 105]","[37.99999999999994, 367.9999999999999, 461.0, 192.99999999999977, 950.9999999999999, 153.9999999999999, 881.0000000000002, 243.00000000000014, 490.99999999999994, 186.0000000000001, 320.9999999999999, 943.0, 809.9999999999998, 205.00000000000003, 478.00000000000034, 276.0000000000001, 347.0000000000002, 78.99999999999977, 1008.0000000000002, 113.99999999999977, 893.0000000000002]",21,5.962758931106617,324747.65929513465,0.9378469058495359,4.365923718251291e-06,1.0,0.4907407407407407,67631.0,0.12910941990473743,0.15147910127183992,188156.12126451556,82872438.25058056,8,12069.57955741813,0.027777777777777776,"[0.0, 0.009259259259259259, 0.018518518518518517, 0.027777777777777776, 0.037037037037037035, 0.046296296296296294, 0.05555555555555555, 0.06481481481481481, 0.07407407407407407, 0.08333333333333333, 0.09259259259259259, 0.10185185185185185, 0.1111111111111111, 0.12037037037037036, 0.12962962962962962, 0.1388888888888889, 0.14814814814814814, 0.15740740740740738, 0.16666666666666666, 0.17592592592592593, 0.18518518518518517, 0.19444444444444442, 0.2037037037037037, 0.21296296296296297, 0.2222222222222222, 0.23148148148148145, 0.24074074074074073]","[67631.0, 1786.6346316370016, 1155.9831840869401, 12069.57955741813, 1906.5778542068424, 950.5914327636007, 9083.877197385178, 2481.2296367744834, 778.6316126029448, 8965.162396385993, 2042.6423114779177, 1606.7171021541499, 6927.939836298324, 1790.9411989177945, 2115.0643759896466, 4469.146453396726, 811.3124818658861, 852.4454942250558, 2613.51850959583, 1125.8336361545946, 622.5282936168381, 1595.9028958466965, 1672.0836322356417, 807.7671822537565, 3024.6344394117577, 842.7313814743642, 842.8235732269196]",3.0,0.3,145.15000000000012,15,0.5,1721880.1384885088,0.14445541615564292,0.12412575453778008,16430975.4527054,84089526828.8237,"[0.046875, 0.03125]",2,1721880.1384885088,0.046875,"[0.0, 0.015625, 0.03125, 0.046875, 0.0625, 0.078125, 0.09375, 0.109375, 0.125, 0.140625, 0.15625, 0.171875, 0.1875, 0.203125, 0.21875, 0.234375]","[154749.38571156532, 876106.9067082778, 1710291.376891532, 1721880.1384885088, 1236443.3975593029, 1200279.6938555276, 1385236.6101427819, 1437054.0474222805, 1048940.2936461223, 664501.8455342907, 393060.2971508251, 165807.0810689744, 58528.066628532484, 51528.956393907414, 141871.95181127623, 339557.73472454003]",3.0,0.3,flattop,64,32,145.15000000000012,15,21,449.5238095238095,37.99999999999994,1008.0000000000002,"[2, 5, 11, 17, 22, 25, 29, 38, 44, 52, 55, 60, 65, 74, 78, 84, 89, 95, 98, 101, 105]","[37.99999999999994, 367.9999999999999, 461.0, 192.99999999999977, 950.9999999999999, 153.9999999999999, 881.0000000000002, 243.00000000000014, 490.99999999999994, 186.0000000000001, 320.9999999999999, 943.0, 809.9999999999998, 205.00000000000003, 478.00000000000034, 276.0000000000001, 347.0000000000002, 78.99999999999977, 1008.0000000000002, 113.99999999999977, 893.0000000000002]","[1, 1, 1, 15, 1, 24, 27, 35, 35, 49, 35, 35, 63, 73, 73, 73, 35, 92, 35, 99, 99]","[3, 8, 18, 18, 35, 27, 35, 39, 49, 53, 56, 73, 73, 75, 81, 85, 92, 97, 106, 102, 106]",0.05,30,52684909.0,1016.0000000000001,-1016.0000000000001,DWT,uc1.l0082987033,0.0,0.0,0.0,0.0,0.0,2.2737367544323206e-13,0.0,1.1368683772161603e-13,1.0,84,0.0,0.0,1.0,84,,0.0,0.0,1.0,84,0.0,0.0,0.0,4.57763671875e-05,0.0,0.0,0.0,0.0,0.0,0.0,1.4887562082592573e-13,0.0,1.1368683772161603e-13,0.0,1.1368683772161603e-13,0.0,0.0,0.0,1.1368683772161603e-13,5.684341886080802e-14,2.7755575615628914e-17,0.0,0.0,0.0,2.9103830456733704e-11,0.0,0.0,0.0,0.9052709540648315,0.6643410767460534,0.15378128091225374,0.03594850619383061,0.6405375175421667,0.0,0.0,0.0,602,1.2228181607624513,0.691377890037775,107,0,0,0.0,0.0,506,0,0,0.4799758670918272,0.652854183166793,110,260.1811868679209,0.6638485957778799,331.25,181.20769608396378,0.6179385097752449,324,db,413.2962962962963,398.0,188.41229481502944,243,0.9143723369387087,0.671803462110104,0.15839832550987273,5,244.25
db17,1,antireflect,2.944873271624108e-26,315.40435700893704,10762907.103611045,0.5571428571428572,435.57437714447224,108,raw,1.2791414018533099e-13,-1.0042544573707408e-10,"[2, 5, 11, 17, 22, 25, 29, 38, 44, 52, 55, 60, 65, 74, 78, 84, 89, 95, 98, 101, 105]","[38.000000000000114, 368.0, 460.9999999999998, 193.0, 950.9999999999998, 154.0000000000001, 880.9999999999999, 243.0, 491.0000000000001, 186.0, 321.0, 943.0000000000001, 810.0000000000002, 205.0, 478.0000000000001, 276.0000000000002, 347.0000000000002, 78.99999999999966, 1008.0, 113.99999999999989, 892.9999999999998]",21,5.986114684236525,330692.9561306128,0.9402930303062422,4.365923718251291e-06,0.9999999999999997,0.4907407407407407,67631.0,0.1291094199047374,0.15147910127183992,188156.12126451553,82872438.25058056,8,12069.57955741813,0.027777777777777776,"[0.0, 0.009259259259259259, 0.018518518518518517, 0.027777777777777776, 0.037037037037037035, 0.046296296296296294, 0.05555555555555555, 0.06481481481481481, 0.07407407407407407, 0.08333333333333333, 0.09259259259259259, 0.10185185185185185, 0.1111111111111111, 0.12037037037037036, 0.12962962962962962, 0.1388888888888889, 0.14814814814814814, 0.15740740740740738, 0.16666666666666666, 0.17592592592592593, 0.18518518518518517, 0.19444444444444442, 0.2037037037037037, 0.21296296296296297, 0.2222222222222222, 0.23148148148148145, 0.24074074074074073]","[67631.0, 1786.6346316370011, 1155.983184086939, 12069.57955741813, 1906.5778542068429, 950.5914327636011, 9083.877197385176, 2481.229636774485, 778.6316126029442, 8965.162396385993, 2042.6423114779159, 1606.7171021541492, 6927.939836298322, 1790.9411989177909, 2115.0643759896507, 4469.146453396725, 811.3124818658871, 852.4454942250576, 2613.5185095958313, 1125.8336361545935, 622.5282936168386, 1595.9028958466974, 1672.0836322356447, 807.7671822537585, 3024.6344394117564, 842.7313814743651, 842.823573226918]",3.0,0.3,145.14999999999984,15,0.5,1721880.1384885078,0.14445541615564292,0.12412575453778006,16430975.4527054,84089526828.82368,"[0.046875, 0.03125]",2,1721880.1384885078,0.046875,"[0.0, 0.015625, 0.03125, 0.046875, 0.0625, 0.078125, 0.09375, 0.109375, 0.125, 0.140625, 0.15625, 0.171875, 0.1875, 0.203125, 0.21875, 0.234375]","[154749.38571156556, 876106.9067082775, 1710291.3768915317, 1721880.1384885078, 1236443.3975593022, 1200279.693855527, 1385236.610142782, 1437054.047422281, 1048940.2936461226, 664501.8455342909, 393060.2971508254, 165807.08106897457, 58528.06662853274, 51528.95639390756, 141871.95181127626, 339557.7347245398]",3.0,0.3,flattop,64,32,145.14999999999984,15,21,449.5238095238095,38.000000000000114,1008.0,"[2, 5, 11, 17, 22, 25, 29, 38, 44, 52, 55, 60, 65, 74, 78, 84, 89, 95, 98, 101, 105]","[38.000000000000114, 368.0, 460.9999999999998, 193.0, 950.9999999999998, 154.0000000000001, 880.9999999999999, 243.0, 491.0000000000001, 186.0, 321.0, 943.0000000000001, 810.0000000000002, 205.0, 478.0000000000001, 276.0000000000002, 347.0000000000002, 78.99999999999966, 1008.0, 113.99999999999989, 892.9999999999998]","[1, 1, 1, 15, 1, 24, 27, 35, 35, 49, 35, 35, 63, 73, 73, 73, 35, 92, 35, 99, 99]","[3, 8, 18, 18, 35, 27, 35, 39, 49, 53, 56, 73, 73, 75, 81, 85, 92, 97, 106, 102, 106]",0.05,30,52684909.0,1016.0,-1016.0,DWT,uc1.l0082987033,9.313225746154785e-10,0.0,0.0,0.0,0.0,0.0,0.0,0.0,1.0,84,0.0,0.0,1.0,84,,0.0,0.0,1.0,84,0.0,0.0,0.0,3.0517578125e-05,0.0,0.0,0.0,0.0,0.0,0.0,1.1910049666074058e-13,0.0,0.0,0.0,1.7053025658242404e-13,0.0,0.0,0.0,1.7053025658242404e-13,1.1368683772161603e-13,5.551115123125783e-17,9.313225746154785e-10,0.0,1.3877787807814457e-17,0.0,0.0,0.0,0.0,0.8972194906947139,0.6942678185815205,0.15853381824582707,0.4311252992817243,0.6566308569792318,0.0,0.0,0.0,634,1.3998349753348844,0.7914626906135098,43,0,0,0.0,0.0,453,0,0,0.5675554567566036,0.7719783004252585,40,299.1036609605439,0.6135611615496849,292.5,76.86305495000157,0.6178270924027494,325,db,413.2962962962963,398.0,188.41229481502944,243,0.9143723369387087,0.671803462110104,0.15839832550987273,5,245.0
db2,1,zero,8.463601000904544e-27,320.81947129930154,9470337.860184684,0.5818181818181818,364.267243243976,108,raw,6.125141546228266e-14,-1.1681156042442418e-10,"[2, 5, 11, 17, 22, 25, 29, 38, 44, 52, 55, 60, 65, 74, 78, 84, 89, 95, 98, 101, 105]","[38.0, 368.0, 461.0000000000001, 192.99999999999994, 951.0000000000002, 153.99999999999977, 881.0000000000001, 243.0, 491.0, 186.0000000000001, 321.0000000000002, 943.0000000000001, 810.0, 205.0, 478.00000000000006, 276.0, 347.0000000000002, 79.0, 1008.0, 114.0, 893.0000000000002]",21,5.5631498873444185,100735.61157024794,0.8649792915050766,4.365923718251291e-06,1.0,0.4907407407407407,67631.0,0.1291094199047374,0.15147910127183992,188156.12126451553,82872438.25058056,8,12069.579557418134,0.027777777777777776,"[0.0, 0.009259259259259259, 0.018518518518518517, 0.027777777777777776, 0.037037037037037035, 0.046296296296296294, 0.05555555555555555, 0.06481481481481481, 0.07407407407407407, 0.08333333333333333, 0.09259259259259259, 0.10185185185185185, 0.1111111111111111, 0.12037037037037036, 0.12962962962962962, 0.1388888888888889, 0.14814814814814814, 0.15740740740740738, 0.16666666666666666, 0.17592592592592593, 0.18518518518518517, 0.19444444444444442, 0.2037037037037037, 0.21296296296296297, 0.2222222222222222, 0.23148148148148145, 0.24074074074074073]","[67631.0, 1786.6346316370013, 1155.98318408694, 12069.579557418134, 1906.5778542068424, 950.5914327636017, 9083.877197385176, 2481.229636774485, 778.6316126029449, 8965.162396385991, 2042.6423114779172, 1606.71710215415, 6927.939836298324, 1790.9411989177945, 2115.064375989648, 4469.1464533967255, 811.3124818658855, 852.4454942250571, 2613.5185095958273, 1125.8336361545942, 622.528293616837, 1595.9028958466972, 1672.0836322356429, 807.7671822537563, 3024.6344394117586, 842.7313814743649, 842.8235732269198]",3.0,0.3,145.15,15,0.5,1721880.1384885088,0.14445541615564295,0.12412575453778009,16430975.452705404,84089526828.82372,"[0.046875, 0.03125]",2,1721880.1384885088,0.046875,"[0.0, 0.015625, 0.03125, 0.046875, 0.0625, 0.078125, 0.09375, 0.109375, 0.125, 0.140625, 0.15625, 0.171875, 0.1875, 0.203125, 0.21875, 0.234375]","[154749.38571156538, 876106.906708278, 1710291.3768915331, 1721880.1384885088, 1236443.3975593026, 1200279.6938555273, 1385236.6101427819, 1437054.047422281, 1048940.2936461223, 664501.8455342909, 393060.29715082527, 165807.0810689745, 58528.066628532644, 51528.956393907545, 141871.9518112762, 339557.7347245398]",3.0,0.3,flattop,64,32,145.15,15,21,449.5238095238095,38.0,1008.0,"[2, 5, 11, 17, 22, 25, 29, 38, 44, 52, 55, 60, 65, 74, 78, 84, 89, 95, 98, 101, 105]","[38.0, 368.0, 461.0000000000001, 192.99999999999994, 951.0000000000002, 153.99999999999977, 881.0000000000001, 243.0, 491.0, 186.0000000000001, 321.0000000000002, 943.0000000000001, 810.0, 205.0, 478.00000000000006, 276.0, 347.0000000000002, 79.0, 1008.0, 114.0, 893.0000000000002]","[1, 1, 1, 15, 1, 24, 27, 35, 35, 49, 35, 35, 63, 73, 73, 73, 35, 92, 35, 99, 99]","[3, 8, 18, 18, 35, 27, 35, 39, 49, 53, 56, 73, 73, 75, 81, 85, 92, 97, 106, 102, 106]",0.05,30,52684909.0,1016.0,-1016.0,DWT,uc1.l0082987033,0.0,0.0,0.0,0.0,0.0,0.0,3.725290298461914e-09,0.0,1.0,84,0.0,3.637978807091713e-12,1.0,84,,0.0,0.0,1.0,84,0.0,0.0,0.0,6.103515625e-05,0.0,0.0,0.0,0.0,0.0,0.0,8.12048840868686e-14,0.0,0.0,0.0,0.0,0.0,0.0,0.0,0.0,0.0,5.551115123125783e-17,0.0,0.0,1.3877787807814457e-17,0.0,0.0,0.0,2.7755575615628914e-17,0.9528146928475979,0.1523046366761703,0.03314999195356683,0.7065515490096493,0.03415872405359635,0.0,0.0,0.0,422,0.9607002392487256,0.5431771670420918,352,0,0,0.0,0.0,660,0,0,0.37579591890811614,0.5111505692206708,335,149.9697191657925,0.8062406729124127,442.25,411.91236219505635,0.6174291219859221,326,db,413.2962962962963,398.0,188.41229481502944,243,0.9143723369387087,0.671803462110104,0.15839832550987273,5,245.75
db14,1,symmetric,2.1598777848386794e-26,316.75073133582833,10742636.387932083,0.5671641791044776,484.04794980085813,108,raw,1.0496953100974445e-13,-1.1436251945440351e-10,"[2, 5, 11, 17, 22, 25, 29, 38, 44, 52, 55, 60, 65, 74, 78, 84, 89, 95, 98, 101, 105]","[38.00000000000006, 367.99999999999994, 460.99999999999994, 192.99999999999977, 951.0000000000002, 154.00000000000023, 881.0, 243.0, 491.00000000000006, 186.0000000000001, 320.9999999999999, 943.0, 810.0, 204.99999999999994, 478.0000000000003, 275.9999999999998, 347.0, 79.00000000000023, 1008.0000000000002, 113.99999999999932, 892.9999999999999]",21,5.954041422189918,98730.83476626007,0.7818320735253595,4.365923718251291e-06,1.0,0.4907407407407407,67631.0,0.12910941990473743,0.15147910127183992,188156.12126451553,82872438.25058056,8,12069.57955741813,0.027777777777777776,"[0.0, 0.009259259259259259, 0.018518518518518517, 0.027777777777777776, 0.037037037037037035, 0.046296296296296294, 0.05555555555555555, 0.06481481481481481, 0.07407407407407407, 0.08333333333333333, 0.09259259259259259, 0.10185185185185185, 0.1111111111111111, 0.12037037037037036, 0.12962962962962962, 0.1388888888888889, 0.14814814814814814, 0.15740740740740738, 0.16666666666666666, 0.17592592592592593, 0.18518518518518517, 0.19444444444444442, 0.2037037037037037, 0.21296296296296297, 0.2222222222222222, 0.23148148148148145, 0.24074074074074073]","[67631.0, 1786.6346316370007, 1155.9831840869406, 12069.57955741813, 1906.577854206841, 950.5914327636004, 9083.877197385178, 2481.2296367744834, 778.6316126029441, 8965.162396385991, 2042.6423114779186, 1606.71710215415, 6927.939836298324, 1790.9411989177945, 2115.064375989646, 4469.146453396725, 811.3124818658841, 852.4454942250586, 2613.518509595828, 1125.8336361545967, 622.5282936168368, 1595.9028958466988, 1672.0836322356422, 807.7671822537574, 3024.6344394117596, 842.7313814743659, 842.8235732269185]",3.0,0.3,145.14999999999995,15,0.5,1721880.1384885088,0.14445541615564297,0.12412575453778009,16430975.452705402,84089526828.8237,"[0.046875, 0.03125]",2,1721880.1384885088,0.046875,"[0.0, 0.015625, 0.03125, 0.046875, 0.0625, 0.078125, 0.09375, 0.109375, 0.125, 0.140625, 0.15625, 0.171875, 0.1875, 0.203125, 0.21875, 0.234375]","[154749.38571156535, 876106.906708278, 1710291.3768915324, 1721880.1384885088, 1236443.3975593026, 1200279.6938555273, 1385236.6101427816, 1437054.0474222805, 1048940.293646122, 664501.8455342904, 393060.29715082515, 165807.0810689746, 58528.06662853264, 51528.956393907494, 141871.95181127609, 339557.7347245399]",3.0,0.3,flattop,64,32,145.14999999999995,15,21,449.5238095238095,38.00000000000006,1008.0000000000002,"[2, 5, 11, 17, 22, 25, 29, 38, 44, 52, 55, 60, 65, 74, 78, 84, 89, 95, 98, 101, 105]","[38.00000000000006, 367.99999999999994, 460.99999999999994, 192.99999999999977, 951.0000000000002, 154.00000000000023, 881.0, 243.0, 491.00000000000006, 186.0000000000001, 320.9999999999999, 943.0, 810.0, 204.99999999999994, 478.0000000000003, 275.9999999999998, 347.0, 79.00000000000023, 1008.0000000000002, 113.99999999999932, 892.9999999999999]","[1, 1, 1, 15, 1, 24, 27, 35, 35, 49, 35, 35, 63, 73, 73, 73, 35, 92, 35, 99, 99]","[3, 8, 18, 18, 35, 27, 35, 39, 49, 53, 56, 73, 73, 75, 81, 85, 92, 97, 106, 102, 106]",0.05,30,52684909.0,1016.0000000000002,-1016.0000000000002,DWT,uc1.l0082987033,0.0,0.0,0.0,0.0,0.0,2.2737367544323206e-13,1.862645149230957e-09,2.2737367544323206e-13,1.0,84,0.0,0.0,1.0,84,,0.0,0.0,1.0,84,0.0,0.0,0.0,4.57763671875e-05,0.0,0.0,0.0,0.0,0.0,0.0,1.4075513241723885e-13,0.0,2.2737367544323206e-13,0.0,5.684341886080802e-14,0.0,0.0,0.0,5.684341886080802e-14,5.684341886080802e-14,2.7755575615628914e-17,0.0,0.0,1.3877787807814457e-17,0.0,0.0,0.0,5.551115123125783e-17,0.9110422742710761,0.653170953592784,0.15656748653366795,0.5429834069874091,0.02873198851877813,0.0,0.0,0.0,649,1.1801807428283464,0.6672708159086503,128,0,0,0.0,0.0,444,0,0,0.45849922198074305,0.6236420528025856,143,251.6916102429055,0.6748170410298379,341.0,215.07005216941988,0.6171242827888208,327,db,413.2962962962963,398.0,188.41229481502944,243,0.9143723369387087,0.671803462110104,0.15839832550987273,5,246.5
db19,1,periodization,4.0956029347391e-26,313.9718446565822,9375984.779639402,0.5740740740740741,462.6424292973093,108,raw,1.494031236175202e-13,-1.0631973079711155e-10,"[2, 5, 11, 17, 22, 25, 29, 38, 44, 52, 55, 60, 65, 74, 78, 84, 89, 95, 98, 101, 105]","[37.99999999999994, 368.0000000000003, 460.99999999999994, 192.99999999999983, 950.9999999999998, 153.9999999999999, 881.0, 242.9999999999999, 490.9999999999999, 186.00000000000057, 321.00000000000045, 943.0000000000001, 809.9999999999999, 204.99999999999997, 478.00000000000034, 276.0000000000002, 347.0000000000001, 79.00000000000011, 1007.9999999999998, 114.00000000000045, 893.0]",21,5.619133375131848,95467.34242112483,0.7962667214855987,4.365923718251291e-06,1.0,0.4907407407407407,67631.0,0.12910941990473745,0.15147910127183992,188156.12126451553,82872438.25058056,8,12069.57955741813,0.027777777777777776,"[0.0, 0.009259259259259259, 0.018518518518518517, 0.027777777777777776, 0.037037037037037035, 0.046296296296296294, 0.05555555555555555, 0.06481481481481481, 0.07407407407407407, 0.08333333333333333, 0.09259259259259259, 0.10185185185185185, 0.1111111111111111, 0.12037037037037036, 0.12962962962962962, 0.1388888888888889, 0.14814814814814814, 0.15740740740740738, 0.16666666666666666, 0.17592592592592593, 0.18518518518518517, 0.19444444444444442, 0.2037037037037037, 0.21296296296296297, 0.2222222222222222, 0.23148148148148145, 0.24074074074074073]","[67631.0, 1786.634631637, 1155.9831840869383, 12069.57955741813, 1906.5778542068433, 950.5914327636002, 9083.877197385176, 2481.2296367744802, 778.6316126029444, 8965.162396385991, 2042.6423114779184, 1606.717102154147, 6927.93983629832, 1790.941198917794, 2115.0643759896466, 4469.146453396724, 811.3124818658865, 852.4454942250569, 2613.518509595831, 1125.8336361545964, 622.5282936168383, 1595.9028958466936, 1672.0836322356438, 807.7671822537558, 3024.6344394117646, 842.7313814743633, 842.8235732269189]",3.0,0.3,145.15,15,0.5,1721880.138488509,0.14445541615564292,0.12412575453778009,16430975.4527054,84089526828.8237,"[0.046875, 0.03125]",2,1721880.138488509,0.046875,"[0.0, 0.015625, 0.03125, 0.046875, 0.0625, 0.078125, 0.09375, 0.109375, 0.125, 0.140625, 0.15625, 0.171875, 0.1875, 0.203125, 0.21875, 0.234375]","[154749.38571156556, 876106.9067082778, 1710291.3768915322, 1721880.138488509, 1236443.397559303, 1200279.6938555269, 1385236.610142781, 1437054.04742228, 1048940.2936461219, 664501.8455342909, 393060.2971508254, 165807.08106897474, 58528.066628532746, 51528.95639390756, 141871.95181127626, 339557.73472453986]",3.0,0.3,flattop,64,32,145.15,15,21,449.5238095238095,37.99999999999994,1007.9999999999998,"[2, 5, 11, 17, 22, 25, 29, 38, 44, 52, 55, 60, 65, 74, 78, 84, 89, 95, 98, 101, 105]","[37.99999999999994, 368.0000000000003, 460.99999999999994, 192.99999999999983, 950.9999999999998, 153.9999999999999, 881.0, 242.9999999999999, 490.9999999999999, 186.00000000000057, 321.00000000000045, 943.0000000000001, 809.9999999999999, 204.99999999999997, 478.00000000000034, 276.0000000000002, 347.0000000000001, 79.00000000000011, 1007.9999999999998, 114.00000000000045, 893.0]","[1, 1, 1, 15, 1, 24, 27, 35, 35, 49, 35, 35, 63, 73, 73, 73, 35, 92, 35, 99, 99]","[3, 8, 18, 18, 35, 27, 35, 39, 49, 53, 56, 73, 73, 75, 81, 85, 92, 97, 106, 102, 106]",0.05,30,52684909.0,1015.9999999999999,-1015.9999999999999,DWT,uc1.l0082987033,2.3283064365386963e-10,0.0,0.0,0.0,0.0,2.2737367544323206e-13,0.0,1.1368683772161603e-13,1.0,84,0.0,0.0,1.0,84,,0.0,0.0,1.0,84,0.0,0.0,0.0,4.57763671875e-05,0.0,0.0,0.0,0.0,0.0,0.0,1.854178186650166e-13,0.0,1.1368683772161603e-13,0.0,0.0,0.0,0.0,0.0,0.0,5.684341886080802e-14,0.0,2.3283064365386963e-10,0.0,1.3877787807814457e-17,0.0,0.0,0.0,0.0,0.8825123562659207,0.22403871336145587,0.023997406649997933,0.6201117318435755,0.01989803261818912,0.0,0.0,0.0,550,0.9095293795499853,0.5142453093504502,432,0,0,0.0,0.0,608,0,0,0.35411164814782786,0.4816560303378083,422,90.98717858394481,0.8824455057054976,503.0,490.95406568958293,0.6162873523359529,328,db,413.2962962962963,398.0,188.41229481502944,243,0.9143723369387087,0.671803462110104,0.15839832550987273,5,247.25
rbio3.5,1,symmetric,7.066703640181515e-27,321.60285432706195,9613078.23592581,0.5254237288135594,537.8048440015049,108,raw,4.8438619370682706e-14,-1.1075551586969886e-10,"[2, 5, 11, 17, 22, 25, 29, 38, 44, 52, 55, 60, 65, 74, 78, 84, 89, 95, 98, 101, 105]","[37.99999999999997, 368.0, 461.00000000000006, 192.99999999999994, 951.0, 154.0, 881.0, 242.99999999999997, 491.0000000000001, 185.9999999999999, 321.0, 943.0, 810.0000000000002, 205.0, 478.0, 276.0, 346.9999999999998, 78.99999999999989, 1008.0000000000001, 114.0, 893.0]",21,5.908749973045434,115181.58519162313,0.6039950190475454,4.365923718251291e-06,0.9999999999999998,0.4907407407407407,67631.0,0.12910941990473743,0.15147910127183992,188156.12126451553,82872438.25058056,8,12069.57955741813,0.027777777777777776,"[0.0, 0.009259259259259259, 0.018518518518518517, 0.027777777777777776, 0.037037037037037035, 0.046296296296296294, 0.05555555555555555, 0.06481481481481481, 0.07407407407407407, 0.08333333333333333, 0.09259259259259259, 0.10185185185185185, 0.1111111111111111, 0.12037037037037036, 0.12962962962962962, 0.1388888888888889, 0.14814814814814814, 0.15740740740740738, 0.16666666666666666, 0.17592592592592593, 0.18518518518518517, 0.19444444444444442, 0.2037037037037037, 0.21296296296296297, 0.2222222222222222, 0.23148148148148145, 0.24074074074074073]","[67631.0, 1786.634631637001, 1155.9831840869385, 12069.57955741813, 1906.5778542068433, 950.5914327636023, 9083.877197385176, 2481.2296367744843, 778.6316126029435, 8965.162396385991, 2042.642311477917, 1606.7171021541506, 6927.939836298324, 1790.9411989177927, 2115.0643759896493, 4469.146453396725, 811.312481865886, 852.4454942250591, 2613.518509595828, 1125.8336361545946, 622.5282936168352, 1595.9028958466981, 1672.0836322356422, 807.7671822537562, 3024.6344394117596, 842.7313814743655, 842.8235732269209]",3.0,0.3,145.15000000000006,15,0.5,1721880.1384885088,0.14445541615564292,0.12412575453778006,16430975.452705404,84089526828.82368,"[0.046875, 0.03125]",2,1721880.1384885088,0.046875,"[0.0, 0.015625, 0.03125, 0.046875, 0.0625, 0.078125, 0.09375, 0.109375, 0.125, 0.140625, 0.15625, 0.171875, 0.1875, 0.203125, 0.21875, 0.234375]","[154749.3857115655, 876106.906708278, 1710291.3768915324, 1721880.1384885088, 1236443.3975593026, 1200279.6938555269, 1385236.6101427816, 1437054.047422281, 1048940.2936461219, 664501.8455342908, 393060.2971508254, 165807.08106897466, 58528.06662853263, 51528.956393907494, 141871.95181127614, 339557.73472454003]",3.0,0.3,flattop,64,32,145.15000000000006,15,21,449.5238095238095,37.99999999999997,1008.0000000000001,"[2, 5, 11, 17, 22, 25, 29, 38, 44, 52, 55, 60, 65, 74, 78, 84, 89, 95, 98, 101, 105]","[37.99999999999997, 368.0, 461.00000000000006, 192.99999999999994, 951.0, 154.0, 881.0, 242.99999999999997, 491.0000000000001, 185.9999999999999, 321.0, 943.0, 810.0000000000002, 205.0, 478.0, 276.0, 346.9999999999998, 78.99999999999989, 1008.0000000000001, 114.0, 893.0]","[1, 1, 1, 15, 1, 24, 27, 35, 35, 49, 35, 35, 63, 73, 73, 73, 35, 92, 35, 99, 99]","[3, 8, 18, 18, 35, 27, 35, 39, 49, 53, 56, 73, 73, 75, 81, 85, 92, 97, 106, 102, 106]",0.05,30,52684909.0,1016.0,-1016.0,DWT,uc1.l0082987033,0.0,0.0,0.0,0.0,0.0,1.1368683772161603e-13,3.725290298461914e-09,0.0,1.0,84,0.0,0.0,1.0,84,,0.0,0.0,1.0,84,0.0,0.0,0.0,3.0517578125e-05,0.0,0.0,0.0,0.0,0.0,0.0,5.1429759921683455e-14,0.0,0.0,0.0,5.684341886080802e-14,0.0,0.0,0.0,5.684341886080802e-14,2.842170943040401e-14,2.7755575615628914e-17,0.0,0.0,1.3877787807814457e-17,0.0,0.0,0.0,0.0,0.9608574294282411,0.5951370508381999,0.04699631745437698,0.07707603446643385,0.0732625675489033,0.0,0.0,0.0,419,0.957716582609368,0.5414902161134026,361,0,0,0.0,0.0,651,0,0,0.3506658799472311,0.47696916097995296,441,126.58067256365273,0.8364590793751256,468.0,446.4091429753216,0.615903958292214,329,rbio,366.5925925925926,360.0,210.3588723315502,135,0.8110455588331695,0.7500562468954116,0.20725123474815782,3,247.5
db14,1,antisymmetric,1.9571346887827667e-26,317.1788159662145,10765453.087640302,0.5671641791044776,492.1349375138969,108,raw,1.0042995242016598e-13,-1.1506262609373216e-10,"[2, 5, 11, 17, 22, 25, 29, 38, 44, 52, 55, 60, 65, 74, 78, 84, 89, 95, 98, 101, 105]","[37.99999999999994, 368.00000000000006, 461.0000000000001, 192.9999999999996, 951.0000000000002, 154.00000000000023, 881.0, 243.0, 491.00000000000006, 186.0000000000001, 320.9999999999999, 943.0, 810.0, 204.99999999999994, 478.0000000000003, 276.0, 347.00000000000045, 79.00000000000011, 1008.0, 113.99999999999966, 893.0000000000001]",21,5.941422206437971,321750.1877228211,0.9325492593139665,4.365923718251291e-06,1.0,0.4907407407407407,67631.0,0.1291094199047374,0.15147910127183992,188156.12126451556,82872438.25058056,8,12069.57955741813,0.027777777777777776,"[0.0, 0.009259259259259259, 0.018518518518518517, 0.027777777777777776, 0.037037037037037035, 0.046296296296296294, 0.05555555555555555, 0.06481481481481481, 0.07407407407407407, 0.08333333333333333, 0.09259259259259259, 0.10185185185185185, 0.1111111111111111, 0.12037037037037036, 0.12962962962962962, 0.1388888888888889, 0.14814814814814814, 0.15740740740740738, 0.16666666666666666, 0.17592592592592593, 0.18518518518518517, 0.19444444444444442, 0.2037037037037037, 0.21296296296296297, 0.2222222222222222, 0.23148148148148145, 0.24074074074074073]","[67631.0, 1786.6346316370004, 1155.9831840869397, 12069.57955741813, 1906.5778542068422, 950.5914327636007, 9083.87719738518, 2481.229636774484, 778.6316126029444, 8965.162396385991, 2042.642311477919, 1606.7171021541506, 6927.939836298324, 1790.9411989177954, 2115.064375989647, 4469.146453396725, 811.3124818658847, 852.4454942250568, 2613.518509595828, 1125.833636154598, 622.5282936168371, 1595.9028958466988, 1672.0836322356417, 807.7671822537568, 3024.634439411759, 842.7313814743649, 842.8235732269183]",3.0,0.3,145.15000000000006,15,0.5,1721880.1384885088,0.14445541615564295,0.12412575453778009,16430975.452705404,84089526828.82368,"[0.046875, 0.03125]",2,1721880.1384885088,0.046875,"[0.0, 0.015625, 0.03125, 0.046875, 0.0625, 0.078125, 0.09375, 0.109375, 0.125, 0.140625, 0.15625, 0.171875, 0.1875, 0.203125, 0.21875, 0.234375]","[154749.38571156535, 876106.9067082779, 1710291.3768915324, 1721880.1384885088, 1236443.3975593026, 1200279.6938555273, 1385236.6101427816, 1437054.047422281, 1048940.2936461219, 664501.8455342904, 393060.29715082515, 165807.0810689746, 58528.06662853265, 51528.956393907494, 141871.9518112761, 339557.7347245399]",3.0,0.3,flattop,64,32,145.15000000000006,15,21,449.52380952380963,37.99999999999994,1008.0,"[2, 5, 11, 17, 22, 25, 29, 38, 44, 52, 55, 60, 65, 74, 78, 84, 89, 95, 98, 101, 105]","[37.99999999999994, 368.00000000000006, 461.0000000000001, 192.9999999999996, 951.0000000000002, 154.00000000000023, 881.0, 243.0, 491.00000000000006, 186.0000000000001, 320.9999999999999, 943.0, 810.0, 204.99999999999994, 478.0000000000003, 276.0, 347.00000000000045, 79.00000000000011, 1008.0, 113.99999999999966, 893.0000000000001]","[1, 1, 1, 15, 1, 24, 27, 35, 35, 49, 35, 35, 63, 73, 73, 73, 35, 92, 35, 99, 99]","[3, 8, 18, 18, 35, 27, 35, 39, 49, 53, 56, 73, 73, 75, 81, 85, 92, 97, 106, 102, 106]",0.05,30,52684909.0,1016.0,-1016.0,DWT,uc1.l0082987033,0.0,0.0,1.1368683772161603e-13,0.0,0.0,0.0,3.725290298461914e-09,0.0,1.0,84,0.0,0.0,1.0,84,,0.0,0.0,1.0,84,0.0,0.0,0.0,3.0517578125e-05,0.0,0.0,0.0,0.0,1.1368683772161603e-13,1.8189894035458565e-12,1.2992781453898974e-13,0.0,0.0,0.0,5.684341886080802e-14,0.0,0.0,0.0,5.684341886080802e-14,5.684341886080802e-14,5.551115123125783e-17,0.0,0.0,1.3877787807814457e-17,2.9103830456733704e-11,0.0,0.0,2.7755575615628914e-17,0.9154372787508906,0.637001403851698,0.1587807877763886,0.5429834069874091,0.6324236539620791,0.0,0.0,0.0,644,1.417316287444373,0.8013465744722629,38,0,0,0.0,0.0,448,0,0,0.5773253062656932,0.785267066711708,34,305.1316655696903,0.605773041899625,291.0,67.2127793849618,0.6149020248257815,330,db,413.2962962962963,398.0,188.41229481502944,243,0.9143723369387087,0.671803462110104,0.15839832550987273,5,248.75
bior2.4,1,symmetric,1.0569333710574499e-26,319.85454700879444,9747306.625187358,0.5689655172413793,359.71732879322457,108,raw,6.809367884367623e-14,-1.1671485999897933e-10,"[2, 5, 11, 17, 22, 25, 29, 38, 44, 52, 55, 60, 65, 74, 78, 84, 89, 95, 98, 101, 105]","[38.000000000000085, 368.0, 460.9999999999999, 193.0000000000001, 951.0, 154.0000000000001, 881.0000000000001, 242.99999999999997, 491.0, 186.0, 321.0, 943.0000000000001, 810.0, 205.00000000000006, 477.99999999999994, 276.0000000000001, 347.0000000000001, 79.00000000000011, 1008.0000000000001, 114.00000000000011, 893.0000000000002]",21,5.611911907226968,111743.2155599152,0.8549229642394384,4.36592371825129e-06,1.0,0.4907407407407407,67631.0,0.12910941990473743,0.15147910127183992,188156.12126451553,82872438.25058056,8,12069.579557418134,0.027777777777777776,"[0.0, 0.009259259259259259, 0.018518518518518517, 0.027777777777777776, 0.037037037037037035, 0.046296296296296294, 0.05555555555555555, 0.06481481481481481, 0.07407407407407407, 0.08333333333333333, 0.09259259259259259, 0.10185185185185185, 0.1111111111111111, 0.12037037037037036, 0.12962962962962962, 0.1388888888888889, 0.14814814814814814, 0.15740740740740738, 0.16666666666666666, 0.17592592592592593, 0.18518518518518517, 0.19444444444444442, 0.2037037037037037, 0.21296296296296297, 0.2222222222222222, 0.23148148148148145, 0.24074074074074073]","[67631.0, 1786.6346316370025, 1155.9831840869408, 12069.579557418134, 1906.5778542068433, 950.5914327636006, 9083.877197385176, 2481.229636774484, 778.631612602946, 8965.162396385991, 2042.6423114779166, 1606.7171021541499, 6927.939836298322, 1790.9411989177931, 2115.0643759896475, 4469.146453396725, 811.3124818658853, 852.4454942250563, 2613.5185095958273, 1125.8336361545944, 622.5282936168377, 1595.9028958466972, 1672.0836322356433, 807.767182253757, 3024.63443941176, 842.7313814743649, 842.8235732269197]",3.0,0.3,145.14999999999998,15,0.5,1721880.1384885088,0.14445541615564295,0.12412575453778009,16430975.452705404,84089526828.82368,"[0.046875, 0.03125]",2,1721880.1384885088,0.046875,"[0.0, 0.015625, 0.03125, 0.046875, 0.0625, 0.078125, 0.09375, 0.109375, 0.125, 0.140625, 0.15625, 0.171875, 0.1875, 0.203125, 0.21875, 0.234375]","[154749.38571156544, 876106.9067082778, 1710291.3768915324, 1721880.1384885088, 1236443.3975593022, 1200279.693855527, 1385236.6101427816, 1437054.047422281, 1048940.2936461223, 664501.8455342909, 393060.29715082527, 165807.08106897457, 58528.066628532644, 51528.95639390756, 141871.95181127623, 339557.73472454]",3.0,0.3,flattop,64,32,145.14999999999998,15,21,449.5238095238095,38.000000000000085,1008.0000000000001,"[2, 5, 11, 17, 22, 25, 29, 38, 44, 52, 55, 60, 65, 74, 78, 84, 89, 95, 98, 101, 105]","[38.000000000000085, 368.0, 460.9999999999999, 193.0000000000001, 951.0, 154.0000000000001, 881.0000000000001, 242.99999999999997, 491.0, 186.0, 321.0, 943.0000000000001, 810.0, 205.00000000000006, 477.99999999999994, 276.0000000000001, 347.0000000000001, 79.00000000000011, 1008.0000000000001, 114.00000000000011, 893.0000000000002]","[1, 1, 1, 15, 1, 24, 27, 35, 35, 49, 35, 35, 63, 73, 73, 73, 35, 92, 35, 99, 99]","[3, 8, 18, 18, 35, 27, 35, 39, 49, 53, 56, 73, 73, 75, 81, 85, 92, 97, 106, 102, 106]",0.05,30,52684909.0,1016.0000000000001,-1016.0000000000001,DWT,uc1.l0082987033,0.0,0.0,0.0,0.0,0.0,1.1368683772161603e-13,3.725290298461914e-09,1.1368683772161603e-13,1.0,84,0.0,3.637978807091713e-12,1.0,84,,0.0,0.0,1.0,84,0.0,0.0,0.0,3.0517578125e-05,0.0,0.0,0.0,0.0,0.0,0.0,7.579122514774403e-14,0.0,1.1368683772161603e-13,0.0,2.842170943040401e-14,0.0,0.0,0.0,2.842170943040401e-14,8.526512829121202e-14,2.7755575615628914e-17,0.0,0.0,1.3877787807814457e-17,0.0,0.0,0.0,2.7755575615628914e-17,0.9429081316715162,0.2147855325943711,0.06001694991043511,0.5630899633981896,0.06395523586733515,0.0,0.0,0.0,485,0.9539641999615227,0.5393686296985721,369,0,0,0.0,0.0,643,0,0,0.36895116268836947,0.5018404600314444,371,129.25427136720344,0.8330048173550343,467.0,443.33558758684296,0.6148228221142096,331,bior,385.74074074074076,410.0,199.97417605530825,135,0.8534087184529663,0.7130285416801533,0.18870533457887761,4,249.25
db21,1,smooth,3.3472164373700396e-26,314.8481851561048,13687268.587508265,0.5675675675675675,394.2554482889764,108,raw,1.393535492760983e-13,-1.0651235449188403e-10,"[2, 5, 11, 17, 22, 25, 29, 38, 44, 52, 55, 60, 65, 74, 78, 84, 89, 95, 98, 101, 105]","[38.000000000000114, 367.9999999999998, 460.9999999999998, 193.00000000000023, 950.9999999999999, 154.00000000000023, 881.0000000000002, 243.00000000000009, 491.00000000000034, 185.99999999999955, 320.9999999999991, 943.0, 810.0, 204.99999999999994, 478.00000000000034, 276.0000000000001, 346.9999999999999, 79.00000000000011, 1008.0, 113.99999999999977, 893.0000000000003]",21,5.882151792850637,124366.93134466413,0.8722996194867492,4.365923718251291e-06,1.0,0.4907407407407407,67631.0,0.12910941990473743,0.15147910127183992,188156.12126451553,82872438.25058056,8,12069.57955741813,0.027777777777777776,"[0.0, 0.009259259259259259, 0.018518518518518517, 0.027777777777777776, 0.037037037037037035, 0.046296296296296294, 0.05555555555555555, 0.06481481481481481, 0.07407407407407407, 0.08333333333333333, 0.09259259259259259, 0.10185185185185185, 0.1111111111111111, 0.12037037037037036, 0.12962962962962962, 0.1388888888888889, 0.14814814814814814, 0.15740740740740738, 0.16666666666666666, 0.17592592592592593, 0.18518518518518517, 0.19444444444444442, 0.2037037037037037, 0.21296296296296297, 0.2222222222222222, 0.23148148148148145, 0.24074074074074073]","[67631.0, 1786.6346316369993, 1155.983184086939, 12069.57955741813, 1906.5778542068422, 950.5914327636016, 9083.877197385173, 2481.229636774484, 778.6316126029453, 8965.162396385993, 2042.6423114779166, 1606.7171021541508, 6927.939836298324, 1790.9411989177943, 2115.0643759896507, 4469.146453396726, 811.3124818658853, 852.4454942250585, 2613.5185095958254, 1125.833636154596, 622.5282936168369, 1595.9028958466986, 1672.0836322356433, 807.7671822537562, 3024.634439411759, 842.7313814743652, 842.8235732269209]",3.0,0.3,145.1499999999999,15,0.5,1721880.1384885085,0.14445541615564297,0.12412575453778012,16430975.4527054,84089526828.82367,"[0.046875, 0.03125]",2,1721880.1384885085,0.046875,"[0.0, 0.015625, 0.03125, 0.046875, 0.0625, 0.078125, 0.09375, 0.109375, 0.125, 0.140625, 0.15625, 0.171875, 0.1875, 0.203125, 0.21875, 0.234375]","[154749.38571156532, 876106.9067082773, 1710291.3768915317, 1721880.1384885085, 1236443.3975593024, 1200279.6938555269, 1385236.6101427816, 1437054.0474222805, 1048940.2936461223, 664501.8455342907, 393060.2971508254, 165807.0810689745, 58528.066628532586, 51528.95639390746, 141871.9518112763, 339557.7347245401]",3.0,0.3,flattop,64,32,145.1499999999999,15,21,449.5238095238095,38.000000000000114,1008.0,"[2, 5, 11, 17, 22, 25, 29, 38, 44, 52, 55, 60, 65, 74, 78, 84, 89, 95, 98, 101, 105]","[38.000000000000114, 367.9999999999998, 460.9999999999998, 193.00000000000023, 950.9999999999999, 154.00000000000023, 881.0000000000002, 243.00000000000009, 491.00000000000034, 185.99999999999955, 320.9999999999991, 943.0, 810.0, 204.99999999999994, 478.00000000000034, 276.0000000000001, 346.9999999999999, 79.00000000000011, 1008.0, 113.99999999999977, 893.0000000000003]","[1, 1, 1, 15, 1, 24, 27, 35, 35, 49, 35, 35, 63, 73, 73, 73, 35, 92, 35, 99, 99]","[3, 8, 18, 18, 35, 27, 35, 39, 49, 53, 56, 73, 73, 75, 81, 85, 92, 97, 106, 102, 106]",0.05,30,52684909.0,1016.0,-1016.0,DWT,uc1.l0082987033,2.3283064365386963e-10,0.0,0.0,0.0,0.0,0.0,0.0,0.0,1.0,84,0.0,0.0,1.0,84,,0.0,0.0,1.0,84,0.0,0.0,0.0,1.52587890625e-05,0.0,0.0,0.0,0.0,0.0,0.0,2.1248611336063949e-13,0.0,0.0,0.0,1.1368683772161603e-13,0.0,0.0,0.0,1.1368683772161603e-13,1.1368683772161603e-13,2.7755575615628914e-17,2.3283064365386963e-10,0.0,4.163336342344337e-17,0.0,0.0,0.0,5.551115123125783e-17,0.8915094567172278,0.5610556462457011,0.4422073113120692,0.5474860335195529,0.09812640489436719,0.0,0.0,0.0,584,1.2947821281747898,0.732066111348838,73,0,0,0.0,0.0,533,0,0,0.5080769705377837,0.6910767776639983,74,280.788176389249,0.6372245783084638,316.0,129.86741013663797,0.6144779222291673,332,db,413.2962962962963,398.0,188.41229481502944,243,0.9143723369387087,0.671803462110104,0.15839832550987273,5,250.25
bior3.7,1,periodization,7.786035221728464e-27,321.18185947175186,10120422.997491267,0.5462962962962963,294.19504668152604,108,raw,6.173662404341518e-14,-1.0867406974313163e-10,"[2, 5, 11, 17, 22, 25, 29, 38, 44, 52, 55, 60, 65, 74, 78, 84, 89, 95, 98, 101, 105]","[37.99999999999994, 368.0000000000001, 461.0, 193.0, 950.9999999999999, 154.0, 880.9999999999999, 243.0, 491.00000000000006, 186.0, 321.0, 943.0, 810.0, 204.99999999999997, 478.00000000000017, 276.0, 346.9999999999999, 79.0, 1008.0, 113.99999999999989, 892.9999999999998]",21,5.471304833971025,120347.06712487935,0.9115248760043588,4.365923718251291e-06,1.0,0.4907407407407407,67631.0,0.1291094199047374,0.15147910127183992,188156.12126451553,82872438.25058056,8,12069.57955741813,0.027777777777777776,"[0.0, 0.009259259259259259, 0.018518518518518517, 0.027777777777777776, 0.037037037037037035, 0.046296296296296294, 0.05555555555555555, 0.06481481481481481, 0.07407407407407407, 0.08333333333333333, 0.09259259259259259, 0.10185185185185185, 0.1111111111111111, 0.12037037037037036, 0.12962962962962962, 0.1388888888888889, 0.14814814814814814, 0.15740740740740738, 0.16666666666666666, 0.17592592592592593, 0.18518518518518517, 0.19444444444444442, 0.2037037037037037, 0.21296296296296297, 0.2222222222222222, 0.23148148148148145, 0.24074074074074073]","[67631.0, 1786.6346316370025, 1155.9831840869383, 12069.57955741813, 1906.5778542068435, 950.5914327636009, 9083.877197385176, 2481.2296367744834, 778.6316126029444, 8965.162396385991, 2042.6423114779172, 1606.7171021541494, 6927.939836298324, 1790.9411989177947, 2115.064375989647, 4469.146453396724, 811.3124818658871, 852.4454942250577, 2613.518509595828, 1125.833636154594, 622.5282936168377, 1595.9028958466974, 1672.0836322356424, 807.7671822537565, 3024.6344394117596, 842.7313814743648, 842.8235732269202]",3.0,0.3,145.1500000000001,15,0.5,1721880.1384885085,0.14445541615564295,0.12412575453778009,16430975.452705398,84089526828.82367,"[0.046875, 0.03125]",2,1721880.1384885085,0.046875,"[0.0, 0.015625, 0.03125, 0.046875, 0.0625, 0.078125, 0.09375, 0.109375, 0.125, 0.140625, 0.15625, 0.171875, 0.1875, 0.203125, 0.21875, 0.234375]","[154749.3857115654, 876106.9067082778, 1710291.376891533, 1721880.1384885085, 1236443.3975593026, 1200279.6938555264, 1385236.610142781, 1437054.04742228, 1048940.2936461219, 664501.8455342905, 393060.29715082515, 165807.08106897457, 58528.06662853261, 51528.956393907465, 141871.95181127623, 339557.7347245398]",3.0,0.3,flattop,64,32,145.1500000000001,15,21,449.5238095238095,37.99999999999994,1008.0,"[2, 5, 11, 17, 22, 25, 29, 38, 44, 52, 55, 60, 65, 74, 78, 84, 89, 95, 98, 101, 105]","[37.99999999999994, 368.0000000000001, 461.0, 193.0, 950.9999999999999, 154.0, 880.9999999999999, 243.0, 491.00000000000006, 186.0, 321.0, 943.0, 810.0, 204.99999999999997, 478.00000000000017, 276.0, 346.9999999999999, 79.0, 1008.0, 113.99999999999989, 892.9999999999998]","[1, 1, 1, 15, 1, 24, 27, 35, 35, 49, 35, 35, 63, 73, 73, 73, 35, 92, 35, 99, 99]","[3, 8, 18, 18, 35, 27, 35, 39, 49, 53, 56, 73, 73, 75, 81, 85, 92, 97, 106, 102, 106]",0.05,30,52684909.0,1016.0,-1016.0,DWT,uc1.l0082987033,2.3283064365386963e-10,0.0,0.0,0.0,0.0,0.0,1.862645149230957e-09,0.0,1.0,84,0.0,0.0,1.0,84,,0.0,0.0,1.0,84,0.0,0.0,0.0,1.52587890625e-05,0.0,0.0,0.0,0.0,0.0,0.0,5.278317465646456e-14,0.0,0.0,0.0,8.526512829121202e-14,0.0,0.0,0.0,8.526512829121202e-14,5.684341886080802e-14,5.551115123125783e-17,2.3283064365386963e-10,0.0,1.3877787807814457e-17,0.0,0.0,0.0,2.7755575615628914e-17,0.9565352133435437,0.03461957698736429,0.09621056866600691,0.31005586592178774,0.08724502400286005,0.0,0.0,0.0,447,0.7982565568026709,0.4513319736819506,565,0,0,0.0,0.0,408,0,0,0.29693324978431257,0.4038830439904414,600,92.01086892318754,0.8811229083679748,505.0,492.32617174342124,0.6143340640031089,333,bior,385.74074074074076,410.0,199.97417605530825,135,0.8534087184529663,0.7130285416801533,0.18870533457887761,4,250.75
coif4,1,zero,2.1147322978303507e-26,316.84246912961953,9357956.4467257,0.5692307692307692,267.7731735555537,108,raw,1.0443497918307307e-13,-1.1182887948990646e-10,"[2, 5, 11, 17, 22, 25, 29, 38, 44, 52, 55, 60, 65, 74, 78, 84, 89, 95, 98, 101, 105]","[38.0, 368.00000000000045, 460.9999999999999, 193.0, 951.0000000000002, 154.00000000000034, 880.9999999999999, 243.00000000000014, 491.00000000000057, 185.99999999999966, 320.9999999999999, 942.9999999999998, 810.0, 205.00000000000006, 478.0000000000002, 276.0000000000002, 347.0000000000001, 78.99999999999989, 1008.0000000000001, 114.00000000000034, 893.0000000000002]",21,5.629958773577556,134473.31834319528,0.8656002708466372,4.36592371825129e-06,1.0,0.4907407407407407,67631.0,0.1291094199047374,0.15147910127183992,188156.1212645156,82872438.25058056,8,12069.57955741813,0.027777777777777776,"[0.0, 0.009259259259259259, 0.018518518518518517, 0.027777777777777776, 0.037037037037037035, 0.046296296296296294, 0.05555555555555555, 0.06481481481481481, 0.07407407407407407, 0.08333333333333333, 0.09259259259259259, 0.10185185185185185, 0.1111111111111111, 0.12037037037037036, 0.12962962962962962, 0.1388888888888889, 0.14814814814814814, 0.15740740740740738, 0.16666666666666666, 0.17592592592592593, 0.18518518518518517, 0.19444444444444442, 0.2037037037037037, 0.21296296296296297, 0.2222222222222222, 0.23148148148148145, 0.24074074074074073]","[67631.0, 1786.6346316370018, 1155.9831840869406, 12069.57955741813, 1906.577854206842, 950.5914327636019, 9083.877197385176, 2481.229636774484, 778.6316126029465, 8965.162396385991, 2042.6423114779172, 1606.7171021541508, 6927.939836298324, 1790.9411989177954, 2115.064375989651, 4469.1464533967255, 811.3124818658855, 852.4454942250588, 2613.518509595828, 1125.8336361545964, 622.5282936168375, 1595.9028958466995, 1672.0836322356424, 807.7671822537578, 3024.6344394117577, 842.7313814743645, 842.8235732269211]",3.0,0.3,145.15,15,0.5,1721880.1384885085,0.14445541615564292,0.12412575453778008,16430975.4527054,84089526828.82365,"[0.046875, 0.03125]",2,1721880.1384885085,0.046875,"[0.0, 0.015625, 0.03125, 0.046875, 0.0625, 0.078125, 0.09375, 0.109375, 0.125, 0.140625, 0.15625, 0.171875, 0.1875, 0.203125, 0.21875, 0.234375]","[154749.38571156556, 876106.9067082778, 1710291.3768915324, 1721880.1384885085, 1236443.3975593022, 1200279.6938555269, 1385236.6101427814, 1437054.0474222803, 1048940.2936461219, 664501.8455342905, 393060.2971508249, 165807.0810689744, 58528.06662853257, 51528.95639390746, 141871.95181127609, 339557.73472453956]",3.0,0.3,flattop,64,32,145.15,15,21,449.52380952380963,38.0,1008.0000000000001,"[2, 5, 11, 17, 22, 25, 29, 38, 44, 52, 55, 60, 65, 74, 78, 84, 89, 95, 98, 101, 105]","[38.0, 368.00000000000045, 460.9999999999999, 193.0, 951.0000000000002, 154.00000000000034, 880.9999999999999, 243.00000000000014, 491.00000000000057, 185.99999999999966, 320.9999999999999, 942.9999999999998, 810.0, 205.00000000000006, 478.0000000000002, 276.0000000000002, 347.0000000000001, 78.99999999999989, 1008.0000000000001, 114.00000000000034, 893.0000000000002]","[1, 1, 1, 15, 1, 24, 27, 35, 35, 49, 35, 35, 63, 73, 73, 73, 35, 92, 35, 99, 99]","[3, 8, 18, 18, 35, 27, 35, 39, 49, 53, 56, 73, 73, 75, 81, 85, 92, 97, 106, 102, 106]",0.05,30,52684909.0,1016.0000000000001,-1016.0000000000001,DWT,uc1.l0082987033,2.3283064365386963e-10,0.0,1.1368683772161603e-13,0.0,0.0,1.1368683772161603e-13,0.0,1.1368683772161603e-13,1.0,84,0.0,0.0,1.0,84,,0.0,0.0,1.0,84,0.0,0.0,0.0,0.0,0.0,0.0,0.0,0.0,1.1368683772161603e-13,1.8189894035458565e-12,1.9353830707370347e-13,0.0,1.1368683772161603e-13,0.0,0.0,0.0,0.0,0.0,0.0,0.0,5.551115123125783e-17,2.3283064365386963e-10,0.0,0.0,5.820766091346741e-11,0.0,0.0,0.0,0.9119841161080907,0.23790976700501895,0.022248594063061674,0.5660507090674687,0.12548341009537392,0.0,0.0,0.0,496,0.9538832978640318,0.5393228878840836,370,0,0,0.0,0.0,642,0,0,0.37273531926780284,0.50698759892326,358,132.60844618650805,0.8286712581569664,466.5,441.0259920446672,0.6129790399311964,334,coif,217.80246913580248,181.0,166.32516494453617,81,0.48186386976947454,0.5930495234160287,0.4847804341365592,1,250.75
rbio2.4,1,periodic,9.993085427845831e-27,320.0980271110395,9529108.477153795,0.5689655172413793,465.5276241183536,108,raw,6.912988699999305e-14,-1.1768364061026724e-10,"[2, 5, 11, 17, 22, 25, 29, 38, 44, 52, 55, 60, 65, 74, 78, 84, 89, 95, 98, 101, 105]","[37.99999999999997, 368.0, 461.0, 192.9999999999999, 951.0000000000002, 154.0000000000001, 880.9999999999999, 242.99999999999994, 491.0000000000001, 185.9999999999999, 321.0, 943.0, 810.0000000000001, 205.0, 478.0, 276.0, 347.0000000000001, 79.00000000000011, 1008.0, 114.0, 893.0000000000002]",21,5.78955659881672,108854.73627340383,0.6779987263227112,4.365923718251291e-06,1.0,0.4907407407407407,67631.0,0.12910941990473743,0.15147910127183992,188156.12126451556,82872438.25058056,8,12069.579557418134,0.027777777777777776,"[0.0, 0.009259259259259259, 0.018518518518518517, 0.027777777777777776, 0.037037037037037035, 0.046296296296296294, 0.05555555555555555, 0.06481481481481481, 0.07407407407407407, 0.08333333333333333, 0.09259259259259259, 0.10185185185185185, 0.1111111111111111, 0.12037037037037036, 0.12962962962962962, 0.1388888888888889, 0.14814814814814814, 0.15740740740740738, 0.16666666666666666, 0.17592592592592593, 0.18518518518518517, 0.19444444444444442, 0.2037037037037037, 0.21296296296296297, 0.2222222222222222, 0.23148148148148145, 0.24074074074074073]","[67631.0, 1786.6346316370013, 1155.983184086938, 12069.579557418134, 1906.5778542068426, 950.5914327636032, 9083.877197385178, 2481.229636774485, 778.6316126029437, 8965.162396385991, 2042.6423114779182, 1606.7171021541512, 6927.939836298322, 1790.9411989177952, 2115.064375989648, 4469.146453396726, 811.3124818658853, 852.4454942250578, 2613.518509595829, 1125.833636154595, 622.5282936168384, 1595.9028958466972, 1672.0836322356438, 807.7671822537554, 3024.6344394117586, 842.7313814743653, 842.8235732269209]",3.0,0.3,145.15000000000003,15,0.5,1721880.138488509,0.14445541615564295,0.1241257545377801,16430975.452705404,84089526828.82368,"[0.046875, 0.03125]",2,1721880.138488509,0.046875,"[0.0, 0.015625, 0.03125, 0.046875, 0.0625, 0.078125, 0.09375, 0.109375, 0.125, 0.140625, 0.15625, 0.171875, 0.1875, 0.203125, 0.21875, 0.234375]","[154749.3857115654, 876106.9067082782, 1710291.3768915331, 1721880.138488509, 1236443.3975593029, 1200279.693855527, 1385236.6101427816, 1437054.0474222805, 1048940.2936461219, 664501.8455342907, 393060.2971508252, 165807.0810689745, 58528.066628532615, 51528.9563939075, 141871.95181127614, 339557.7347245399]",3.0,0.3,flattop,64,32,145.15000000000003,15,21,449.5238095238095,37.99999999999997,1008.0,"[2, 5, 11, 17, 22, 25, 29, 38, 44, 52, 55, 60, 65, 74, 78, 84, 89, 95, 98, 101, 105]","[37.99999999999997, 368.0, 461.0, 192.9999999999999, 951.0000000000002, 154.0000000000001, 880.9999999999999, 242.99999999999994, 491.0000000000001, 185.9999999999999, 321.0, 943.0, 810.0000000000001, 205.0, 478.0, 276.0, 347.0000000000001, 79.00000000000011, 1008.0, 114.0, 893.0000000000002]","[1, 1, 1, 15, 1, 24, 27, 35, 35, 49, 35, 35, 63, 73, 73, 73, 35, 92, 35, 99, 99]","[3, 8, 18, 18, 35, 27, 35, 39, 49, 53, 56, 73, 73, 75, 81, 85, 92, 97, 106, 102, 106]",0.05,30,52684909.0,1016.0,-1016.0,DWT,uc1.l0082987033,2.3283064365386963e-10,0.0,0.0,0.0,0.0,0.0,3.725290298461914e-09,0.0,1.0,84,0.0,3.637978807091713e-12,1.0,84,,0.0,0.0,1.0,84,0.0,0.0,0.0,3.0517578125e-05,0.0,0.0,0.0,0.0,0.0,0.0,6.902415147383829e-14,0.0,0.0,0.0,2.842170943040401e-14,0.0,0.0,0.0,2.842170943040401e-14,2.842170943040401e-14,2.7755575615628914e-17,2.3283064365386963e-10,0.0,2.7755575615628914e-17,2.9103830456733704e-11,0.0,0.0,2.7755575615628914e-17,0.9454078620149009,0.4424093987175264,0.03885095139277673,0.5630899633981896,0.0561364037886134,0.0,0.0,0.0,682,1.0555654391388134,0.5968136796836161,220,0,0,0.0,0.0,402,0,0,0.4091789158624014,0.5565574963236951,234,214.88213823706553,0.7223744984017242,384.5,313.1655583363476,0.6128022362809654,335,rbio,366.5925925925926,360.0,210.3588723315502,135,0.8110455588331695,0.7500562468954116,0.20725123474815782,3,252.0
db20,1,smooth,2.541990320499512e-26,316.0432841868614,13021969.715466117,0.5753424657534246,418.668078553525,108,raw,1.1924617671899833e-13,-1.105346925101009e-10,"[2, 5, 11, 17, 22, 25, 29, 38, 44, 52, 55, 60, 65, 74, 78, 84, 89, 95, 98, 101, 105]","[38.0, 368.0000000000005, 460.9999999999999, 192.9999999999999, 950.9999999999999, 153.99999999999955, 881.0000000000002, 243.0, 491.00000000000006, 186.0000000000001, 320.99999999999966, 943.0000000000003, 810.0000000000001, 205.00000000000006, 478.0000000000002, 275.9999999999999, 347.0, 78.99999999999989, 1008.0000000000002, 114.00000000000057, 893.0000000000002]",21,5.890730648837467,117579.90785806153,0.866001858966667,4.365923718251291e-06,1.0,0.4907407407407407,67631.0,0.12910941990473743,0.15147910127183992,188156.12126451553,82872438.25058056,8,12069.579557418132,0.027777777777777776,"[0.0, 0.009259259259259259, 0.018518518518518517, 0.027777777777777776, 0.037037037037037035, 0.046296296296296294, 0.05555555555555555, 0.06481481481481481, 0.07407407407407407, 0.08333333333333333, 0.09259259259259259, 0.10185185185185185, 0.1111111111111111, 0.12037037037037036, 0.12962962962962962, 0.1388888888888889, 0.14814814814814814, 0.15740740740740738, 0.16666666666666666, 0.17592592592592593, 0.18518518518518517, 0.19444444444444442, 0.2037037037037037, 0.21296296296296297, 0.2222222222222222, 0.23148148148148145, 0.24074074074074073]","[67631.0, 1786.6346316370002, 1155.983184086939, 12069.579557418132, 1906.577854206843, 950.5914327636018, 9083.87719738518, 2481.2296367744834, 778.6316126029446, 8965.16239638599, 2042.6423114779172, 1606.7171021541506, 6927.939836298324, 1790.9411989177956, 2115.0643759896493, 4469.146453396726, 811.312481865885, 852.4454942250559, 2613.51850959583, 1125.8336361545962, 622.5282936168372, 1595.9028958466963, 1672.0836322356427, 807.7671822537559, 3024.6344394117605, 842.7313814743649, 842.8235732269206]",3.0,0.3,145.15000000000003,15,0.5,1721880.1384885092,0.14445541615564292,0.12412575453778006,16430975.452705404,84089526828.82372,"[0.046875, 0.03125]",2,1721880.1384885092,0.046875,"[0.0, 0.015625, 0.03125, 0.046875, 0.0625, 0.078125, 0.09375, 0.109375, 0.125, 0.140625, 0.15625, 0.171875, 0.1875, 0.203125, 0.21875, 0.234375]","[154749.38571156538, 876106.9067082778, 1710291.376891533, 1721880.1384885092, 1236443.3975593033, 1200279.6938555273, 1385236.6101427814, 1437054.0474222805, 1048940.2936461223, 664501.8455342909, 393060.29715082556, 165807.08106897474, 58528.06662853268, 51528.95639390747, 141871.95181127614, 339557.7347245397]",3.0,0.3,flattop,64,32,145.15000000000003,15,21,449.5238095238095,38.0,1008.0000000000002,"[2, 5, 11, 17, 22, 25, 29, 38, 44, 52, 55, 60, 65, 74, 78, 84, 89, 95, 98, 101, 105]","[38.0, 368.0000000000005, 460.9999999999999, 192.9999999999999, 950.9999999999999, 153.99999999999955, 881.0000000000002, 243.0, 491.00000000000006, 186.0000000000001, 320.99999999999966, 943.0000000000003, 810.0000000000001, 205.00000000000006, 478.0000000000002, 275.9999999999999, 347.0, 78.99999999999989, 1008.0000000000002, 114.00000000000057, 893.0000000000002]","[1, 1, 1, 15, 1, 24, 27, 35, 35, 49, 35, 35, 63, 73, 73, 73, 35, 92, 35, 99, 99]","[3, 8, 18, 18, 35, 27, 35, 39, 49, 53, 56, 73, 73, 75, 81, 85, 92, 97, 106, 102, 106]",0.05,30,52684909.0,1016.0,-1016.0,DWT,uc1.l0082987033,4.656612873077393e-10,0.0,0.0,0.0,0.0,2.2737367544323206e-13,3.725290298461914e-09,0.0,1.0,84,0.0,1.8189894035458565e-12,1.0,84,,0.0,0.0,1.0,84,0.0,0.0,0.0,6.103515625e-05,0.0,0.0,0.0,0.0,0.0,0.0,1.921848923389223e-13,0.0,0.0,0.0,2.842170943040401e-14,0.0,0.0,0.0,2.842170943040401e-14,0.0,2.7755575615628914e-17,4.656612873077393e-10,0.0,1.3877787807814457e-17,0.0,0.0,0.0,0.0,0.9037791464495115,0.5720481073722381,0.3776709480736523,0.6342695339404605,0.07975459340037558,0.0,0.0,0.0,593,1.3027366665289868,0.7365635845791344,67,0,0,0.0,0.0,528,0,0,0.5135044658472476,0.6984591551122041,67,286.155406495608,0.6302901724862946,313.75,119.64933303864882,0.6124642076901757,336,db,413.2962962962963,398.0,188.41229481502944,243,0.9143723369387087,0.671803462110104,0.15839832550987273,5,253.25
coif3,1,smooth,1.827148672271446e-26,317.4772842451904,9416876.969167747,0.5806451612903226,324.7586742809439,108,raw,9.356301741600297e-14,-1.1516121389831887e-10,"[2, 5, 11, 17, 22, 25, 29, 38, 44, 52, 55, 60, 65, 74, 78, 84, 89, 95, 98, 101, 105]","[38.00000000000014, 367.9999999999999, 461.0000000000001, 193.0, 951.0000000000003, 154.0, 881.0000000000001, 243.0000000000001, 491.0, 186.0000000000001, 321.0, 943.0000000000001, 810.0000000000002, 205.0, 478.0, 276.00000000000034, 347.0000000000002, 79.0, 1008.0000000000002, 114.0, 893.0000000000002]",21,5.692007995378663,107296.01349505727,0.8226455138320627,4.36592371825129e-06,1.0,0.4907407407407407,67631.0,0.12910941990473745,0.15147910127183992,188156.12126451553,82872438.25058056,8,12069.579557418134,0.027777777777777776,"[0.0, 0.009259259259259259, 0.018518518518518517, 0.027777777777777776, 0.037037037037037035, 0.046296296296296294, 0.05555555555555555, 0.06481481481481481, 0.07407407407407407, 0.08333333333333333, 0.09259259259259259, 0.10185185185185185, 0.1111111111111111, 0.12037037037037036, 0.12962962962962962, 0.1388888888888889, 0.14814814814814814, 0.15740740740740738, 0.16666666666666666, 0.17592592592592593, 0.18518518518518517, 0.19444444444444442, 0.2037037037037037, 0.21296296296296297, 0.2222222222222222, 0.23148148148148145, 0.24074074074074073]","[67631.0, 1786.6346316370011, 1155.9831840869365, 12069.579557418134, 1906.5778542068451, 950.5914327635998, 9083.877197385174, 2481.229636774484, 778.6316126029448, 8965.162396385991, 2042.6423114779182, 1606.7171021541496, 6927.939836298322, 1790.9411989177936, 2115.0643759896498, 4469.1464533967255, 811.3124818658846, 852.445494225057, 2613.518509595828, 1125.8336361545942, 622.5282936168354, 1595.9028958466984, 1672.083632235643, 807.7671822537576, 3024.6344394117586, 842.7313814743659, 842.8235732269197]",3.0,0.3,145.14999999999992,15,0.5,1721880.1384885085,0.14445541615564297,0.1241257545377801,16430975.452705408,84089526828.82368,"[0.046875, 0.03125]",2,1721880.1384885085,0.046875,"[0.0, 0.015625, 0.03125, 0.046875, 0.0625, 0.078125, 0.09375, 0.109375, 0.125, 0.140625, 0.15625, 0.171875, 0.1875, 0.203125, 0.21875, 0.234375]","[154749.38571156547, 876106.9067082779, 1710291.3768915324, 1721880.1384885085, 1236443.3975593022, 1200279.6938555273, 1385236.610142782, 1437054.0474222817, 1048940.2936461228, 664501.8455342911, 393060.2971508255, 165807.08106897457, 58528.06662853266, 51528.956393907625, 141871.95181127635, 339557.73472454003]",3.0,0.3,flattop,64,32,145.14999999999992,15,21,449.52380952380963,38.00000000000014,1008.0000000000002,"[2, 5, 11, 17, 22, 25, 29, 38, 44, 52, 55, 60, 65, 74, 78, 84, 89, 95, 98, 101, 105]","[38.00000000000014, 367.9999999999999, 461.0000000000001, 193.0, 951.0000000000003, 154.0, 881.0000000000001, 243.0000000000001, 491.0, 186.0000000000001, 321.0, 943.0000000000001, 810.0000000000002, 205.0, 478.0, 276.00000000000034, 347.0000000000002, 79.0, 1008.0000000000002, 114.0, 893.0000000000002]","[1, 1, 1, 15, 1, 24, 27, 35, 35, 49, 35, 35, 63, 73, 73, 73, 35, 92, 35, 99, 99]","[3, 8, 18, 18, 35, 27, 35, 39, 49, 53, 56, 73, 73, 75, 81, 85, 92, 97, 106, 102, 106]",0.05,30,52684909.0,1016.0000000000002,-1016.0000000000002,DWT,uc1.l0082987033,2.3283064365386963e-10,0.0,1.1368683772161603e-13,0.0,0.0,2.2737367544323206e-13,7.450580596923828e-09,2.2737367544323206e-13,1.0,84,0.0,3.637978807091713e-12,1.0,84,,0.0,0.0,1.0,84,0.0,0.0,0.0,3.0517578125e-05,0.0,0.0,0.0,0.0,1.1368683772161603e-13,1.8189894035458565e-12,1.1504025245639717e-13,0.0,2.2737367544323206e-13,0.0,8.526512829121202e-14,0.0,0.0,0.0,8.526512829121202e-14,1.4210854715202004e-13,0.0,2.3283064365386963e-10,0.0,2.7755575615628914e-17,0.0,0.0,0.0,5.551115123125783e-17,0.918501554667544,0.31741613237910266,0.027964094867753128,0.6934582807713107,0.051917093053693776,0.0,0.0,0.0,436,1.0219411959539562,0.577802628774159,259,0,0,0.0,0.0,669,0,0,0.40185143114788086,0.546590788878693,258,194.57731967866485,0.7486081141102521,405.5,347.061972809006,0.6123531526623611,337,coif,217.80246913580248,181.0,166.32516494453617,81,0.48186386976947454,0.5930495234160287,0.4847804341365592,1,253.0
bior3.3,1,antireflect,4.286027383418576e-27,323.7744736976094,10362144.8003772,0.5614035087719298,330.83838295249336,108,raw,3.704032965119785e-14,-1.089831558331873e-10,"[2, 5, 11, 17, 22, 25, 29, 38, 44, 52, 55, 60, 65, 74, 78, 84, 89, 95, 98, 101, 105]","[38.00000000000003, 367.9999999999999, 461.0, 193.0, 951.0, 153.9999999999999, 881.0, 242.99999999999997, 490.9999999999999, 186.0000000000001, 320.9999999999999, 943.0, 810.0, 205.0, 478.0, 275.9999999999999, 347.0, 78.99999999999989, 1008.0, 113.99999999999989, 893.0]",21,5.499487256368576,165741.3709862951,0.9293295731928215,4.365923718251291e-06,1.0,0.4907407407407407,67631.0,0.12910941990473743,0.15147910127183992,188156.12126451553,82872438.25058056,8,12069.57955741813,0.027777777777777776,"[0.0, 0.009259259259259259, 0.018518518518518517, 0.027777777777777776, 0.037037037037037035, 0.046296296296296294, 0.05555555555555555, 0.06481481481481481, 0.07407407407407407, 0.08333333333333333, 0.09259259259259259, 0.10185185185185185, 0.1111111111111111, 0.12037037037037036, 0.12962962962962962, 0.1388888888888889, 0.14814814814814814, 0.15740740740740738, 0.16666666666666666, 0.17592592592592593, 0.18518518518518517, 0.19444444444444442, 0.2037037037037037, 0.21296296296296297, 0.2222222222222222, 0.23148148148148145, 0.24074074074074073]","[67631.0, 1786.634631637001, 1155.9831840869392, 12069.57955741813, 1906.5778542068433, 950.591432763601, 9083.877197385176, 2481.2296367744843, 778.6316126029446, 8965.162396385991, 2042.6423114779172, 1606.717102154149, 6927.939836298324, 1790.9411989177925, 2115.064375989647, 4469.146453396725, 811.3124818658858, 852.4454942250577, 2613.518509595828, 1125.8336361545933, 622.5282936168377, 1595.9028958466977, 1672.0836322356424, 807.7671822537566, 3024.6344394117596, 842.7313814743649, 842.8235732269193]",3.0,0.3,145.14999999999998,15,0.5,1721880.1384885083,0.14445541615564295,0.12412575453778009,16430975.452705398,84089526828.82367,"[0.046875, 0.03125]",2,1721880.1384885083,0.046875,"[0.0, 0.015625, 0.03125, 0.046875, 0.0625, 0.078125, 0.09375, 0.109375, 0.125, 0.140625, 0.15625, 0.171875, 0.1875, 0.203125, 0.21875, 0.234375]","[154749.38571156544, 876106.9067082776, 1710291.3768915322, 1721880.1384885083, 1236443.3975593017, 1200279.693855527, 1385236.610142782, 1437054.0474222808, 1048940.293646122, 664501.8455342907, 393060.2971508249, 165807.0810689744, 58528.06662853257, 51528.95639390755, 141871.9518112762, 339557.7347245398]",3.0,0.3,flattop,64,32,145.14999999999998,15,21,449.5238095238095,38.00000000000003,1008.0,"[2, 5, 11, 17, 22, 25, 29, 38, 44, 52, 55, 60, 65, 74, 78, 84, 89, 95, 98, 101, 105]","[38.00000000000003, 367.9999999999999, 461.0, 193.0, 951.0, 153.9999999999999, 881.0, 242.99999999999997, 490.9999999999999, 186.0000000000001, 320.9999999999999, 943.0, 810.0, 205.0, 478.0, 275.9999999999999, 347.0, 78.99999999999989, 1008.0, 113.99999999999989, 893.0]","[1, 1, 1, 15, 1, 24, 27, 35, 35, 49, 35, 35, 63, 73, 73, 73, 35, 92, 35, 99, 99]","[3, 8, 18, 18, 35, 27, 35, 39, 49, 53, 56, 73, 73, 75, 81, 85, 92, 97, 106, 102, 106]",0.05,30,52684909.0,1016.0,-1016.0,DWT,uc1.l0082987033,4.656612873077393e-10,0.0,0.0,0.0,0.0,0.0,1.862645149230957e-09,0.0,1.0,84,0.0,0.0,1.0,84,,0.0,0.0,1.0,84,0.0,0.0,0.0,1.52587890625e-05,0.0,0.0,0.0,0.0,0.0,0.0,4.601610098255887e-14,0.0,0.0,0.0,2.842170943040401e-14,0.0,0.0,0.0,2.842170943040401e-14,2.842170943040401e-14,2.7755575615628914e-17,4.656612873077393e-10,0.0,1.3877787807814457e-17,0.0,0.0,0.0,2.7755575615628914e-17,0.9831527331708657,0.0707309399863846,0.11965844559657732,0.4786827403704791,0.21012298296221116,0.0,0.0,0.0,459,0.9606086220270764,0.5431253669270564,353,0,0,0.0,0.0,659,0,0,0.3724695684173036,0.506626129594646,359,142.8600713985542,0.8154262643429533,457.5,429.43905971124974,0.6121704965125618,338,bior,385.74074074074076,410.0,199.97417605530825,135,0.8534087184529663,0.7130285416801533,0.18870533457887761,4,254.5
rbio1.5,1,periodization,1.689511435406246e-26,317.8174117555228,9461382.682197196,0.5462962962962963,347.70218031099176,108,raw,1.1019169116261089e-13,-1.2216694322830855e-10,"[2, 5, 11, 17, 22, 25, 29, 38, 44, 52, 55, 60, 65, 74, 78, 84, 89, 95, 98, 101, 105]","[37.99999999999997, 367.9999999999999, 461.00000000000006, 193.0, 951.0000000000001, 154.0, 881.0000000000001, 243.00000000000006, 491.00000000000017, 186.0, 321.0000000000001, 943.0000000000001, 810.0000000000002, 205.00000000000003, 478.0, 276.0000000000001, 347.0, 78.99999999999989, 1008.0000000000002, 114.0, 893.0000000000002]",21,5.606764414105146,98826.92326162416,0.809485572305882,4.365923718251291e-06,1.0,0.4907407407407407,67631.00000000003,0.12910941990473737,0.15147910127183992,188156.1212645156,82872438.25058065,8,12069.579557418137,0.027777777777777776,"[0.0, 0.009259259259259259, 0.018518518518518517, 0.027777777777777776, 0.037037037037037035, 0.046296296296296294, 0.05555555555555555, 0.06481481481481481, 0.07407407407407407, 0.08333333333333333, 0.09259259259259259, 0.10185185185185185, 0.1111111111111111, 0.12037037037037036, 0.12962962962962962, 0.1388888888888889, 0.14814814814814814, 0.15740740740740738, 0.16666666666666666, 0.17592592592592593, 0.18518518518518517, 0.19444444444444442, 0.2037037037037037, 0.21296296296296297, 0.2222222222222222, 0.23148148148148145, 0.24074074074074073]","[67631.00000000003, 1786.634631637001, 1155.9831840869394, 12069.579557418137, 1906.5778542068424, 950.5914327636011, 9083.87719738518, 2481.2296367744843, 778.6316126029442, 8965.162396385993, 2042.6423114779186, 1606.7171021541496, 6927.939836298325, 1790.941198917794, 2115.0643759896484, 4469.146453396727, 811.312481865886, 852.4454942250575, 2613.5185095958304, 1125.8336361545937, 622.5282936168362, 1595.9028958466977, 1672.0836322356429, 807.7671822537573, 3024.634439411761, 842.7313814743651, 842.8235732269203]",3.0,0.3,145.15000000000006,15,0.5,1721880.1384885097,0.14445541615564292,0.12412575453778008,16430975.452705408,84089526828.82376,"[0.046875, 0.03125]",2,1721880.1384885097,0.046875,"[0.0, 0.015625, 0.03125, 0.046875, 0.0625, 0.078125, 0.09375, 0.109375, 0.125, 0.140625, 0.15625, 0.171875, 0.1875, 0.203125, 0.21875, 0.234375]","[154749.3857115653, 876106.906708278, 1710291.3768915331, 1721880.1384885097, 1236443.397559303, 1200279.6938555276, 1385236.610142782, 1437054.0474222815, 1048940.2936461228, 664501.8455342911, 393060.29715082544, 165807.0810689747, 58528.06662853267, 51528.9563939076, 141871.95181127626, 339557.73472454003]",3.0,0.3,flattop,64,32,145.15000000000006,15,21,449.52380952380963,37.99999999999997,1008.0000000000002,"[2, 5, 11, 17, 22, 25, 29, 38, 44, 52, 55, 60, 65, 74, 78, 84, 89, 95, 98, 101, 105]","[37.99999999999997, 367.9999999999999, 461.00000000000006, 193.0, 951.0000000000001, 154.0, 881.0000000000001, 243.00000000000006, 491.00000000000017, 186.0, 321.0000000000001, 943.0000000000001, 810.0000000000002, 205.00000000000003, 478.0, 276.0000000000001, 347.0, 78.99999999999989, 1008.0000000000002, 114.0, 893.0000000000002]","[1, 1, 1, 15, 1, 24, 27, 35, 35, 49, 35, 35, 63, 73, 73, 73, 35, 92, 35, 99, 99]","[3, 8, 18, 18, 35, 27, 35, 39, 49, 53, 56, 73, 73, 75, 81, 85, 92, 97, 106, 102, 106]",0.05,30,52684909.00000001,1016.0000000000002,-1016.0000000000002,DWT,uc1.l0082987033,9.313225746154785e-10,0.0,1.1368683772161603e-13,8.940696716308594e-08,0.0,2.2737367544323206e-13,7.450580596923828e-09,2.2737367544323206e-13,1.0,84,0.0,7.275957614183426e-12,1.0,84,,0.0,0.0,1.0,84,0.0,0.0,7.450580596923828e-09,0.0001068115234375,2.9103830456733704e-11,0.0,0.0,0.0,1.1368683772161603e-13,1.8189894035458565e-12,8.661854302599316e-14,0.0,2.2737367544323206e-13,0.0,5.684341886080802e-14,0.0,0.0,0.0,5.684341886080802e-14,2.842170943040401e-14,8.326672684688674e-17,9.313225746154785e-10,0.0,0.0,5.820766091346741e-11,0.0,0.0,0.0,0.9219935322474698,0.2081898258792081,0.032281307751997064,0.31005586592178774,0.028992090716310686,3.135877575339459e-05,1.5679387876697293e-05,3.135877575339459e-05,241,0.8090508688193239,0.457435046817395,556,0,0,3.135877575339459e-05,3.135877575339459e-05,275,0,0,0.3003025245033547,0.4084658683476167,594,184.20007238507444,0.762015410355201,416.5,354.99374830907306,0.6119508576323809,339,rbio,366.5925925925926,360.0,210.3588723315502,135,0.8110455588331695,0.7500562468954116,0.20725123474815782,3,255.0
db14,1,antireflect,2.1445563530350535e-26,316.7816484839399,10474338.936775846,0.5597014925373134,482.5582967506167,108,raw,1.0605508241160011e-13,-1.1683032319354032e-10,"[2, 5, 11, 17, 22, 25, 29, 38, 44, 52, 55, 60, 65, 74, 78, 84, 89, 95, 98, 101, 105]","[37.999999999999915, 368.0000000000001, 460.9999999999999, 192.99999999999972, 951.0000000000001, 154.0000000000001, 881.0, 243.0, 491.00000000000006, 186.0000000000001, 320.9999999999999, 943.0, 810.0, 204.99999999999994, 478.0000000000003, 275.9999999999998, 347.0000000000001, 79.00000000000011, 1008.0, 113.99999999999943, 893.0000000000001]",21,5.956940271148831,305236.59599659964,0.924550722344389,4.365923718251291e-06,1.0,0.4907407407407407,67631.0,0.1291094199047374,0.15147910127183992,188156.12126451556,82872438.25058058,8,12069.57955741813,0.027777777777777776,"[0.0, 0.009259259259259259, 0.018518518518518517, 0.027777777777777776, 0.037037037037037035, 0.046296296296296294, 0.05555555555555555, 0.06481481481481481, 0.07407407407407407, 0.08333333333333333, 0.09259259259259259, 0.10185185185185185, 0.1111111111111111, 0.12037037037037036, 0.12962962962962962, 0.1388888888888889, 0.14814814814814814, 0.15740740740740738, 0.16666666666666666, 0.17592592592592593, 0.18518518518518517, 0.19444444444444442, 0.2037037037037037, 0.21296296296296297, 0.2222222222222222, 0.23148148148148145, 0.24074074074074073]","[67631.0, 1786.6346316370013, 1155.9831840869397, 12069.57955741813, 1906.577854206842, 950.5914327636003, 9083.87719738518, 2481.229636774484, 778.6316126029437, 8965.16239638599, 2042.6423114779184, 1606.7171021541499, 6927.939836298322, 1790.9411989177959, 2115.064375989646, 4469.1464533967255, 811.312481865885, 852.4454942250576, 2613.5185095958286, 1125.8336361545964, 622.5282936168367, 1595.9028958466974, 1672.083632235642, 807.7671822537566, 3024.6344394117605, 842.7313814743652, 842.8235732269186]",3.0,0.3,145.1500000000001,15,0.5,1721880.1384885088,0.14445541615564295,0.12412575453778009,16430975.452705404,84089526828.82368,"[0.046875, 0.03125]",2,1721880.1384885088,0.046875,"[0.0, 0.015625, 0.03125, 0.046875, 0.0625, 0.078125, 0.09375, 0.109375, 0.125, 0.140625, 0.15625, 0.171875, 0.1875, 0.203125, 0.21875, 0.234375]","[154749.38571156535, 876106.9067082778, 1710291.3768915327, 1721880.1384885088, 1236443.3975593026, 1200279.6938555273, 1385236.6101427816, 1437054.047422281, 1048940.2936461219, 664501.8455342907, 393060.2971508252, 165807.08106897463, 58528.06662853263, 51528.956393907494, 141871.95181127614, 339557.7347245398]",3.0,0.3,flattop,64,32,145.1500000000001,15,21,449.5238095238095,37.999999999999915,1008.0,"[2, 5, 11, 17, 22, 25, 29, 38, 44, 52, 55, 60, 65, 74, 78, 84, 89, 95, 98, 101, 105]","[37.999999999999915, 368.0000000000001, 460.9999999999999, 192.99999999999972, 951.0000000000001, 154.0000000000001, 881.0, 243.0, 491.00000000000006, 186.0000000000001, 320.9999999999999, 943.0, 810.0, 204.99999999999994, 478.0000000000003, 275.9999999999998, 347.0000000000001, 79.00000000000011, 1008.0, 113.99999999999943, 893.0000000000001]","[1, 1, 1, 15, 1, 24, 27, 35, 35, 49, 35, 35, 63, 73, 73, 73, 35, 92, 35, 99, 99]","[3, 8, 18, 18, 35, 27, 35, 39, 49, 53, 56, 73, 73, 75, 81, 85, 92, 97, 106, 102, 106]",0.05,30,52684909.0,1016.0,-1016.0,DWT,uc1.l0082987033,0.0,0.0,0.0,1.4901161193847656e-08,0.0,0.0,3.725290298461914e-09,0.0,1.0,84,0.0,0.0,1.0,84,,0.0,0.0,1.0,84,0.0,0.0,0.0,3.0517578125e-05,0.0,0.0,0.0,0.0,0.0,0.0,1.23160740865084e-13,0.0,0.0,0.0,8.526512829121202e-14,0.0,0.0,0.0,8.526512829121202e-14,8.526512829121202e-14,5.551115123125783e-17,0.0,0.0,1.3877787807814457e-17,2.9103830456733704e-11,0.0,0.0,2.7755575615628914e-17,0.9113596904892916,0.6568853747861777,0.130541676944345,0.45968481614274953,0.5877229696515337,0.0,0.0,0.0,643,1.3594924544765496,0.7686531447261236,54,0,0,0.0,0.0,463,0,0,0.5492389056028195,0.7470644706646287,50,298.44541656166655,0.6144116065094747,302.5,94.71141927450317,0.6117923665622309,340,db,413.2962962962963,398.0,188.41229481502944,243,0.9143723369387087,0.671803462110104,0.15839832550987273,5,256.25
db18,1,periodization,2.9172974699992853e-26,315.4452159580987,9359797.521771237,0.5833333333333334,483.33025171994376,108,raw,1.3244549490065287e-13,-1.1155187884526246e-10,"[2, 5, 11, 17, 22, 25, 29, 38, 44, 52, 55, 60, 65, 74, 78, 84, 89, 95, 98, 101, 105]","[37.99999999999994, 367.99999999999994, 460.9999999999998, 193.00000000000068, 950.9999999999999, 154.0, 881.0000000000002, 243.00000000000003, 490.99999999999983, 186.0, 320.99999999999955, 943.0, 809.9999999999999, 205.00000000000009, 478.0, 275.9999999999999, 346.9999999999999, 78.99999999999977, 1008.0, 113.99999999999989, 893.0]",21,5.628851358958667,95467.34242112483,0.7812176407711722,4.36592371825129e-06,0.9999999999999998,0.4907407407407407,67631.0,0.12910941990473743,0.15147910127183992,188156.12126451553,82872438.25058056,8,12069.57955741813,0.027777777777777776,"[0.0, 0.009259259259259259, 0.018518518518518517, 0.027777777777777776, 0.037037037037037035, 0.046296296296296294, 0.05555555555555555, 0.06481481481481481, 0.07407407407407407, 0.08333333333333333, 0.09259259259259259, 0.10185185185185185, 0.1111111111111111, 0.12037037037037036, 0.12962962962962962, 0.1388888888888889, 0.14814814814814814, 0.15740740740740738, 0.16666666666666666, 0.17592592592592593, 0.18518518518518517, 0.19444444444444442, 0.2037037037037037, 0.21296296296296297, 0.2222222222222222, 0.23148148148148145, 0.24074074074074073]","[67631.0, 1786.6346316369995, 1155.9831840869379, 12069.57955741813, 1906.5778542068424, 950.5914327636018, 9083.87719738518, 2481.2296367744816, 778.6316126029468, 8965.162396385993, 2042.642311477916, 1606.7171021541476, 6927.939836298321, 1790.9411989177943, 2115.064375989648, 4469.146453396727, 811.3124818658865, 852.4454942250568, 2613.518509595829, 1125.8336361545919, 622.5282936168356, 1595.9028958466986, 1672.0836322356406, 807.7671822537567, 3024.634439411759, 842.7313814743646, 842.8235732269213]",3.0,0.3,145.15000000000003,15,0.5,1721880.1384885088,0.14445541615564297,0.12412575453778012,16430975.452705408,84089526828.82373,"[0.046875, 0.03125]",2,1721880.1384885088,0.046875,"[0.0, 0.015625, 0.03125, 0.046875, 0.0625, 0.078125, 0.09375, 0.109375, 0.125, 0.140625, 0.15625, 0.171875, 0.1875, 0.203125, 0.21875, 0.234375]","[154749.38571156553, 876106.906708278, 1710291.376891533, 1721880.1384885088, 1236443.3975593029, 1200279.6938555276, 1385236.610142782, 1437054.0474222815, 1048940.2936461228, 664501.8455342909, 393060.2971508253, 165807.0810689745, 58528.06662853256, 51528.956393907494, 141871.95181127626, 339557.73472454]",3.0,0.3,flattop,64,32,145.15000000000003,15,21,449.5238095238095,37.99999999999994,1008.0,"[2, 5, 11, 17, 22, 25, 29, 38, 44, 52, 55, 60, 65, 74, 78, 84, 89, 95, 98, 101, 105]","[37.99999999999994, 367.99999999999994, 460.9999999999998, 193.00000000000068, 950.9999999999999, 154.0, 881.0000000000002, 243.00000000000003, 490.99999999999983, 186.0, 320.99999999999955, 943.0, 809.9999999999999, 205.00000000000009, 478.0, 275.9999999999999, 346.9999999999999, 78.99999999999977, 1008.0, 113.99999999999989, 893.0]","[1, 1, 1, 15, 1, 24, 27, 35, 35, 49, 35, 35, 63, 73, 73, 73, 35, 92, 35, 99, 99]","[3, 8, 18, 18, 35, 27, 35, 39, 49, 53, 56, 73, 73, 75, 81, 85, 92, 97, 106, 102, 106]",0.05,30,52684909.0,1015.9999999999999,-1015.9999999999999,DWT,uc1.l0082987033,0.0,0.0,0.0,0.0,0.0,0.0,7.450580596923828e-09,1.1368683772161603e-13,1.0,84,0.0,0.0,1.0,84,,0.0,0.0,1.0,84,0.0,0.0,0.0,7.62939453125e-05,0.0,0.0,0.0,0.0,0.0,0.0,1.3263464400855204e-13,0.0,1.1368683772161603e-13,0.0,2.842170943040401e-14,0.0,0.0,0.0,2.842170943040401e-14,5.684341886080802e-14,2.7755575615628914e-17,0.0,0.0,4.163336342344337e-17,0.0,0.0,0.0,5.551115123125783e-17,0.8976389761232002,0.23649078851094218,0.02242718490829078,0.7234636871508384,0.01989803261818912,0.0,0.0,0.0,541,0.9653870602911476,0.5458270822521128,340,0,0,0.0,0.0,616,0,0,0.3799837338622922,0.5168467566721937,317,147.84789481084943,0.8089820480479981,453.5,418.0795988130411,0.6115323676932497,341,db,413.2962962962963,398.0,188.41229481502944,243,0.9143723369387087,0.671803462110104,0.15839832550987273,5,257.0
rbio2.4,1,antireflect,9.991916745023282e-27,320.09853504443583,9535025.023100084,0.5603448275862069,467.3622480174811,108,raw,6.899830501188933e-14,-1.1768797048006328e-10,"[2, 5, 11, 17, 22, 25, 29, 38, 44, 52, 55, 60, 65, 74, 78, 84, 89, 95, 98, 101, 105]","[37.99999999999997, 368.0, 461.0, 192.9999999999999, 951.0000000000002, 154.0000000000001, 880.9999999999999, 242.99999999999994, 491.0000000000001, 185.9999999999999, 321.0, 943.0, 810.0000000000001, 205.0, 478.0, 276.0, 347.0000000000001, 79.00000000000011, 1008.0, 114.0, 893.0000000000002]",21,5.80447567520779,167453.4821671385,0.7941286090011274,4.365923718251291e-06,1.0,0.4907407407407407,67631.0,0.12910941990473743,0.15147910127183992,188156.12126451556,82872438.25058056,8,12069.579557418134,0.027777777777777776,"[0.0, 0.009259259259259259, 0.018518518518518517, 0.027777777777777776, 0.037037037037037035, 0.046296296296296294, 0.05555555555555555, 0.06481481481481481, 0.07407407407407407, 0.08333333333333333, 0.09259259259259259, 0.10185185185185185, 0.1111111111111111, 0.12037037037037036, 0.12962962962962962, 0.1388888888888889, 0.14814814814814814, 0.15740740740740738, 0.16666666666666666, 0.17592592592592593, 0.18518518518518517, 0.19444444444444442, 0.2037037037037037, 0.21296296296296297, 0.2222222222222222, 0.23148148148148145, 0.24074074074074073]","[67631.0, 1786.6346316370013, 1155.983184086938, 12069.579557418134, 1906.5778542068426, 950.5914327636032, 9083.877197385178, 2481.229636774485, 778.6316126029437, 8965.162396385991, 2042.6423114779182, 1606.7171021541512, 6927.939836298322, 1790.9411989177952, 2115.064375989648, 4469.146453396726, 811.3124818658853, 852.4454942250578, 2613.518509595829, 1125.833636154595, 622.5282936168384, 1595.9028958466972, 1672.0836322356438, 807.7671822537554, 3024.6344394117586, 842.7313814743653, 842.8235732269209]",3.0,0.3,145.15000000000003,15,0.5,1721880.138488509,0.14445541615564295,0.1241257545377801,16430975.452705404,84089526828.82368,"[0.046875, 0.03125]",2,1721880.138488509,0.046875,"[0.0, 0.015625, 0.03125, 0.046875, 0.0625, 0.078125, 0.09375, 0.109375, 0.125, 0.140625, 0.15625, 0.171875, 0.1875, 0.203125, 0.21875, 0.234375]","[154749.3857115654, 876106.9067082782, 1710291.3768915331, 1721880.138488509, 1236443.3975593029, 1200279.693855527, 1385236.6101427816, 1437054.0474222805, 1048940.2936461219, 664501.8455342907, 393060.2971508252, 165807.0810689745, 58528.066628532615, 51528.9563939075, 141871.95181127614, 339557.7347245399]",3.0,0.3,flattop,64,32,145.15000000000003,15,21,449.5238095238095,37.99999999999997,1008.0,"[2, 5, 11, 17, 22, 25, 29, 38, 44, 52, 55, 60, 65, 74, 78, 84, 89, 95, 98, 101, 105]","[37.99999999999997, 368.0, 461.0, 192.9999999999999, 951.0000000000002, 154.0000000000001, 880.9999999999999, 242.99999999999994, 491.0000000000001, 185.9999999999999, 321.0, 943.0, 810.0000000000001, 205.0, 478.0, 276.0, 347.0000000000001, 79.00000000000011, 1008.0, 114.0, 893.0000000000002]","[1, 1, 1, 15, 1, 24, 27, 35, 35, 49, 35, 35, 63, 73, 73, 73, 35, 92, 35, 99, 99]","[3, 8, 18, 18, 35, 27, 35, 39, 49, 53, 56, 73, 73, 75, 81, 85, 92, 97, 106, 102, 106]",0.05,30,52684909.0,1016.0,-1016.0,DWT,uc1.l0082987033,2.3283064365386963e-10,0.0,0.0,0.0,0.0,0.0,3.725290298461914e-09,0.0,1.0,84,0.0,3.637978807091713e-12,1.0,84,,0.0,0.0,1.0,84,0.0,0.0,0.0,3.0517578125e-05,0.0,0.0,0.0,0.0,0.0,0.0,6.902415147383829e-14,0.0,0.0,0.0,2.842170943040401e-14,0.0,0.0,0.0,2.842170943040401e-14,2.842170943040401e-14,2.7755575615628914e-17,2.3283064365386963e-10,0.0,2.7755575615628914e-17,2.9103830456733704e-11,0.0,0.0,2.7755575615628914e-17,0.9454130768004685,0.4615258598779004,0.03942487744969975,0.4668657291465995,0.21475750116202305,0.0,0.0,0.0,677,1.09037250686753,0.6164934962065218,177,0,0,0.0,0.0,420,0,0,0.42559740888733827,0.5788896229732504,195,234.23118921270924,0.6973757245313834,367.25,273.29909086722415,0.6114462601985082,342,rbio,366.5925925925926,360.0,210.3588723315502,135,0.8110455588331695,0.7500562468954116,0.20725123474815782,3,257.25
db11,1,antireflect,1.6235341770859698e-26,317.99040875772425,10088371.305363292,0.5546875,452.1775884004684,108,raw,8.842309600570135e-14,-1.1212886175116021e-10,"[2, 5, 11, 17, 22, 25, 29, 38, 44, 52, 55, 60, 65, 74, 78, 84, 89, 95, 98, 101, 105]","[37.99999999999994, 368.0, 461.0000000000001, 192.99999999999972, 950.9999999999999, 154.00000000000023, 880.9999999999999, 242.99999999999991, 490.99999999999994, 185.9999999999999, 320.9999999999998, 942.9999999999999, 810.0000000000002, 205.0000000000001, 478.0, 275.9999999999999, 346.99999999999966, 79.00000000000045, 1007.9999999999999, 113.99999999999989, 893.0000000000001]",21,5.884866139873739,259728.38837938808,0.9191427397909053,4.36592371825129e-06,1.0,0.4907407407407407,67631.0,0.1291094199047374,0.15147910127183992,188156.12126451553,82872438.25058056,8,12069.57955741813,0.027777777777777776,"[0.0, 0.009259259259259259, 0.018518518518518517, 0.027777777777777776, 0.037037037037037035, 0.046296296296296294, 0.05555555555555555, 0.06481481481481481, 0.07407407407407407, 0.08333333333333333, 0.09259259259259259, 0.10185185185185185, 0.1111111111111111, 0.12037037037037036, 0.12962962962962962, 0.1388888888888889, 0.14814814814814814, 0.15740740740740738, 0.16666666666666666, 0.17592592592592593, 0.18518518518518517, 0.19444444444444442, 0.2037037037037037, 0.21296296296296297, 0.2222222222222222, 0.23148148148148145, 0.24074074074074073]","[67631.0, 1786.634631637002, 1155.9831840869374, 12069.57955741813, 1906.5778542068426, 950.5914327636025, 9083.877197385176, 2481.2296367744816, 778.6316126029435, 8965.162396385991, 2042.6423114779175, 1606.71710215415, 6927.939836298323, 1790.9411989177959, 2115.0643759896475, 4469.146453396723, 811.3124818658858, 852.4454942250583, 2613.5185095958263, 1125.8336361545933, 622.5282936168385, 1595.9028958466965, 1672.0836322356422, 807.7671822537569, 3024.634439411761, 842.7313814743657, 842.8235732269196]",3.0,0.3,145.15000000000006,15,0.5,1721880.1384885088,0.14445541615564297,0.12412575453778013,16430975.4527054,84089526828.82365,"[0.046875, 0.03125]",2,1721880.1384885088,0.046875,"[0.0, 0.015625, 0.03125, 0.046875, 0.0625, 0.078125, 0.09375, 0.109375, 0.125, 0.140625, 0.15625, 0.171875, 0.1875, 0.203125, 0.21875, 0.234375]","[154749.38571156567, 876106.906708278, 1710291.3768915324, 1721880.1384885088, 1236443.3975593029, 1200279.6938555269, 1385236.6101427812, 1437054.04742228, 1048940.2936461216, 664501.84553429, 393060.29715082474, 165807.0810689742, 58528.06662853252, 51528.956393907574, 141871.95181127626, 339557.7347245401]",3.0,0.3,flattop,64,32,145.15000000000006,15,21,449.5238095238095,37.99999999999994,1007.9999999999999,"[2, 5, 11, 17, 22, 25, 29, 38, 44, 52, 55, 60, 65, 74, 78, 84, 89, 95, 98, 101, 105]","[37.99999999999994, 368.0, 461.0000000000001, 192.99999999999972, 950.9999999999999, 154.00000000000023, 880.9999999999999, 242.99999999999991, 490.99999999999994, 185.9999999999999, 320.9999999999998, 942.9999999999999, 810.0000000000002, 205.0000000000001, 478.0, 275.9999999999999, 346.99999999999966, 79.00000000000045, 1007.9999999999999, 113.99999999999989, 893.0000000000001]","[1, 1, 1, 15, 1, 24, 27, 35, 35, 49, 35, 35, 63, 73, 73, 73, 35, 92, 35, 99, 99]","[3, 8, 18, 18, 35, 27, 35, 39, 49, 53, 56, 73, 73, 75, 81, 85, 92, 97, 106, 102, 106]",0.05,30,52684909.0,1016.0,-1016.0,DWT,uc1.l0082987033,0.0,0.0,0.0,0.0,0.0,1.1368683772161603e-13,0.0,0.0,1.0,84,0.0,0.0,1.0,84,,0.0,0.0,1.0,84,0.0,0.0,0.0,0.0,0.0,0.0,0.0,0.0,0.0,0.0,1.4752220609114462e-13,0.0,0.0,0.0,5.684341886080802e-14,0.0,0.0,0.0,5.684341886080802e-14,5.684341886080802e-14,5.551115123125783e-17,0.0,0.0,5.551115123125783e-17,0.0,0.0,0.0,5.551115123125783e-17,0.9237696357225794,0.5645336570878443,0.09310144022388649,0.4037185754189946,0.4645366843199416,0.0,0.0,0.0,620,1.2303814339849877,0.6956541430819038,105,0,0,0.0,0.0,504,0,0,0.48993199855464925,0.6663963266771423,94,271.22853217658843,0.6495755398235292,330.75,168.35627901644983,0.6111249792140903,343,db,413.2962962962963,398.0,188.41229481502944,243,0.9143723369387087,0.671803462110104,0.15839832550987273,5,258.5
rbio2.8,1,smooth,1.2686935855160973e-26,319.0614556709222,9270279.32589555,0.5967741935483871,421.96637619650124,108,raw,8.60628440940908e-14,-1.193409815414277e-10,"[2, 5, 11, 17, 22, 25, 29, 38, 44, 52, 55, 60, 65, 74, 78, 84, 89, 95, 98, 101, 105]","[37.99999999999994, 367.9999999999999, 461.0, 192.9999999999999, 951.0000000000002, 154.0000000000001, 880.9999999999999, 243.0, 491.0000000000001, 186.0, 321.0000000000001, 943.0, 810.0, 205.0, 478.0, 276.0, 347.0000000000001, 79.0, 1008.0, 113.99999999999989, 893.0000000000002]",21,5.7754046141579085,113499.9303408181,0.7402107333727957,4.365923718251291e-06,1.0,0.4907407407407407,67631.0,0.12910941990473743,0.15147910127183992,188156.12126451556,82872438.25058056,8,12069.57955741813,0.027777777777777776,"[0.0, 0.009259259259259259, 0.018518518518518517, 0.027777777777777776, 0.037037037037037035, 0.046296296296296294, 0.05555555555555555, 0.06481481481481481, 0.07407407407407407, 0.08333333333333333, 0.09259259259259259, 0.10185185185185185, 0.1111111111111111, 0.12037037037037036, 0.12962962962962962, 0.1388888888888889, 0.14814814814814814, 0.15740740740740738, 0.16666666666666666, 0.17592592592592593, 0.18518518518518517, 0.19444444444444442, 0.2037037037037037, 0.21296296296296297, 0.2222222222222222, 0.23148148148148145, 0.24074074074074073]","[67631.0, 1786.634631637001, 1155.983184086939, 12069.57955741813, 1906.5778542068426, 950.5914327636027, 9083.877197385176, 2481.229636774485, 778.6316126029437, 8965.162396385995, 2042.6423114779182, 1606.7171021541508, 6927.939836298322, 1790.9411989177947, 2115.0643759896484, 4469.146453396728, 811.3124818658853, 852.4454942250577, 2613.5185095958273, 1125.8336361545944, 622.5282936168379, 1595.9028958466977, 1672.0836322356438, 807.7671822537566, 3024.6344394117596, 842.7313814743659, 842.8235732269203]",3.0,0.3,145.15000000000006,15,0.5,1721880.1384885088,0.14445541615564295,0.1241257545377801,16430975.452705404,84089526828.8237,"[0.046875, 0.03125]",2,1721880.1384885088,0.046875,"[0.0, 0.015625, 0.03125, 0.046875, 0.0625, 0.078125, 0.09375, 0.109375, 0.125, 0.140625, 0.15625, 0.171875, 0.1875, 0.203125, 0.21875, 0.234375]","[154749.38571156544, 876106.906708278, 1710291.3768915331, 1721880.1384885088, 1236443.3975593029, 1200279.6938555276, 1385236.6101427816, 1437054.0474222808, 1048940.293646122, 664501.8455342908, 393060.2971508252, 165807.0810689745, 58528.06662853264, 51528.95639390757, 141871.95181127626, 339557.73472454]",3.0,0.3,flattop,64,32,145.15000000000006,15,21,449.5238095238095,37.99999999999994,1008.0,"[2, 5, 11, 17, 22, 25, 29, 38, 44, 52, 55, 60, 65, 74, 78, 84, 89, 95, 98, 101, 105]","[37.99999999999994, 367.9999999999999, 461.0, 192.9999999999999, 951.0000000000002, 154.0000000000001, 880.9999999999999, 243.0, 491.0000000000001, 186.0, 321.0000000000001, 943.0, 810.0, 205.0, 478.0, 276.0, 347.0000000000001, 79.0, 1008.0, 113.99999999999989, 893.0000000000002]","[1, 1, 1, 15, 1, 24, 27, 35, 35, 49, 35, 35, 63, 73, 73, 73, 35, 92, 35, 99, 99]","[3, 8, 18, 18, 35, 27, 35, 39, 49, 53, 56, 73, 73, 75, 81, 85, 92, 97, 106, 102, 106]",0.05,30,52684909.0,1016.0,-1016.0,DWT,uc1.l0082987033,0.0,0.0,0.0,0.0,0.0,0.0,3.725290298461914e-09,0.0,1.0,84,0.0,0.0,1.0,84,,0.0,0.0,1.0,84,0.0,0.0,0.0,4.57763671875e-05,0.0,0.0,0.0,0.0,0.0,0.0,6.767073673905715e-14,0.0,0.0,0.0,5.684341886080802e-14,0.0,0.0,0.0,5.684341886080802e-14,5.684341886080802e-14,2.7755575615628914e-17,0.0,0.0,2.7755575615628914e-17,2.9103830456733704e-11,0.0,0.0,2.7755575615628914e-17,0.9347657230554758,0.4242758455416539,0.01374360066028512,0.8734907190484775,0.0687104916679324,0.0,0.0,0.0,696,1.1567496412208191,0.654022938087984,135,0,0,0.0,0.0,379,0,0,0.4629972759947649,0.6297602216116907,137,265.48618922020535,0.6569945875707941,336.75,212.97007434342382,0.6109585340954746,344,rbio,366.5925925925926,360.0,210.3588723315502,135,0.8110455588331695,0.7500562468954116,0.20725123474815782,3,258.75
db12,1,antisymmetric,1.9941585606011394e-26,317.0974262397851,10333278.57530311,0.5846153846153846,505.6005507657129,108,raw,9.970625148559547e-14,-1.1670187038959124e-10,"[2, 5, 11, 17, 22, 25, 29, 38, 44, 52, 55, 60, 65, 74, 78, 84, 89, 95, 98, 101, 105]","[38.00000000000003, 367.9999999999999, 461.0000000000002, 192.99999999999943, 951.0000000000001, 153.9999999999999, 881.0, 243.0, 490.99999999999994, 186.0000000000001, 320.9999999999998, 943.0, 809.9999999999999, 204.99999999999997, 477.9999999999998, 275.9999999999999, 346.99999999999966, 79.00000000000011, 1008.0, 113.99999999999989, 892.9999999999999]",21,5.908174539074356,283180.6637769551,0.9196046755303611,4.365923718251291e-06,1.0,0.4907407407407407,67631.0,0.1291094199047374,0.15147910127183994,188156.12126451553,82872438.25058056,8,12069.57955741813,0.027777777777777776,"[0.0, 0.009259259259259259, 0.018518518518518517, 0.027777777777777776, 0.037037037037037035, 0.046296296296296294, 0.05555555555555555, 0.06481481481481481, 0.07407407407407407, 0.08333333333333333, 0.09259259259259259, 0.10185185185185185, 0.1111111111111111, 0.12037037037037036, 0.12962962962962962, 0.1388888888888889, 0.14814814814814814, 0.15740740740740738, 0.16666666666666666, 0.17592592592592593, 0.18518518518518517, 0.19444444444444442, 0.2037037037037037, 0.21296296296296297, 0.2222222222222222, 0.23148148148148145, 0.24074074074074073]","[67631.0, 1786.6346316370007, 1155.9831840869376, 12069.57955741813, 1906.5778542068415, 950.5914327635992, 9083.877197385178, 2481.2296367744825, 778.6316126029456, 8965.162396385993, 2042.6423114779184, 1606.71710215415, 6927.939836298322, 1790.9411989177954, 2115.0643759896484, 4469.146453396727, 811.3124818658846, 852.4454942250564, 2613.518509595828, 1125.833636154593, 622.5282936168371, 1595.9028958466974, 1672.0836322356422, 807.7671822537566, 3024.634439411761, 842.7313814743649, 842.823573226921]",3.0,0.3,145.14999999999995,15,0.5,1721880.1384885088,0.1444554161556429,0.12412575453778009,16430975.452705404,84089526828.82372,"[0.046875, 0.03125]",2,1721880.1384885088,0.046875,"[0.0, 0.015625, 0.03125, 0.046875, 0.0625, 0.078125, 0.09375, 0.109375, 0.125, 0.140625, 0.15625, 0.171875, 0.1875, 0.203125, 0.21875, 0.234375]","[154749.3857115656, 876106.9067082781, 1710291.3768915324, 1721880.1384885088, 1236443.3975593029, 1200279.6938555273, 1385236.610142782, 1437054.047422281, 1048940.2936461226, 664501.8455342908, 393060.29715082515, 165807.08106897445, 58528.06662853259, 51528.95639390756, 141871.9518112763, 339557.7347245399]",3.0,0.3,flattop,64,32,145.14999999999995,15,21,449.5238095238095,38.00000000000003,1008.0,"[2, 5, 11, 17, 22, 25, 29, 38, 44, 52, 55, 60, 65, 74, 78, 84, 89, 95, 98, 101, 105]","[38.00000000000003, 367.9999999999999, 461.0000000000002, 192.99999999999943, 951.0000000000001, 153.9999999999999, 881.0, 243.0, 490.99999999999994, 186.0000000000001, 320.9999999999998, 943.0, 809.9999999999999, 204.99999999999997, 477.9999999999998, 275.9999999999999, 346.99999999999966, 79.00000000000011, 1008.0, 113.99999999999989, 892.9999999999999]","[1, 1, 1, 15, 1, 24, 27, 35, 35, 49, 35, 35, 63, 73, 73, 73, 35, 92, 35, 99, 99]","[3, 8, 18, 18, 35, 27, 35, 39, 49, 53, 56, 73, 73, 75, 81, 85, 92, 97, 106, 102, 106]",0.05,30,52684909.0,1016.0000000000001,-1016.0000000000001,DWT,uc1.l0082987033,0.0,0.0,0.0,0.0,0.0,0.0,3.725290298461914e-09,1.1368683772161603e-13,1.0,84,0.0,0.0,1.0,84,,0.0,0.0,1.0,84,0.0,0.0,0.0,6.103515625e-05,0.0,0.0,0.0,0.0,0.0,0.0,1.2992781453898974e-13,0.0,1.1368683772161603e-13,0.0,5.684341886080802e-14,0.0,0.0,0.0,5.684341886080802e-14,2.842170943040401e-14,5.551115123125783e-17,0.0,2.7755575615628914e-17,1.3877787807814457e-17,0.0,0.0,0.0,2.7755575615628914e-17,0.9146016771271057,0.5943997222750819,0.11685831881899073,0.7377739578856901,0.5280197094722469,0.0,0.0,0.0,653,1.4107074937664748,0.7976099814322386,39,0,0,0.0,0.0,449,0,0,0.5783306771158231,0.7866345533087282,33,308.78849287713643,0.6010484588150692,293.5,66.99873360174051,0.6109247462034002,345,db,413.2962962962963,398.0,188.41229481502944,243,0.9143723369387087,0.671803462110104,0.15839832550987273,5,260.0
rbio2.4,1,smooth,9.972721129662903e-27,320.10688636285096,9262852.962986013,0.5775862068965517,428.13897188836575,108,raw,6.89160662693245e-14,-1.1773659824854186e-10,"[2, 5, 11, 17, 22, 25, 29, 38, 44, 52, 55, 60, 65, 74, 78, 84, 89, 95, 98, 101, 105]","[37.99999999999997, 368.0, 461.0, 192.9999999999999, 951.0000000000002, 154.0000000000001, 880.9999999999999, 242.99999999999994, 491.0000000000001, 185.9999999999999, 321.0, 943.0, 810.0000000000001, 205.0, 478.0, 276.0, 347.0000000000001, 79.00000000000011, 1008.0, 114.0, 893.0000000000002]",21,5.742634865885307,110343.5967714217,0.70821408629515,4.365923718251291e-06,1.0,0.4907407407407407,67631.0,0.12910941990473743,0.15147910127183992,188156.12126451556,82872438.25058056,8,12069.579557418134,0.027777777777777776,"[0.0, 0.009259259259259259, 0.018518518518518517, 0.027777777777777776, 0.037037037037037035, 0.046296296296296294, 0.05555555555555555, 0.06481481481481481, 0.07407407407407407, 0.08333333333333333, 0.09259259259259259, 0.10185185185185185, 0.1111111111111111, 0.12037037037037036, 0.12962962962962962, 0.1388888888888889, 0.14814814814814814, 0.15740740740740738, 0.16666666666666666, 0.17592592592592593, 0.18518518518518517, 0.19444444444444442, 0.2037037037037037, 0.21296296296296297, 0.2222222222222222, 0.23148148148148145, 0.24074074074074073]","[67631.0, 1786.6346316370013, 1155.983184086938, 12069.579557418134, 1906.5778542068426, 950.5914327636032, 9083.877197385178, 2481.229636774485, 778.6316126029437, 8965.162396385991, 2042.6423114779182, 1606.7171021541512, 6927.939836298322, 1790.9411989177952, 2115.064375989648, 4469.146453396726, 811.3124818658854, 852.4454942250577, 2613.518509595829, 1125.8336361545953, 622.5282936168385, 1595.9028958466972, 1672.0836322356438, 807.7671822537555, 3024.6344394117586, 842.7313814743653, 842.8235732269204]",3.0,0.3,145.15000000000003,15,0.5,1721880.138488509,0.14445541615564295,0.1241257545377801,16430975.452705404,84089526828.82368,"[0.046875, 0.03125]",2,1721880.138488509,0.046875,"[0.0, 0.015625, 0.03125, 0.046875, 0.0625, 0.078125, 0.09375, 0.109375, 0.125, 0.140625, 0.15625, 0.171875, 0.1875, 0.203125, 0.21875, 0.234375]","[154749.3857115654, 876106.9067082782, 1710291.3768915331, 1721880.138488509, 1236443.3975593029, 1200279.693855527, 1385236.6101427816, 1437054.0474222805, 1048940.2936461219, 664501.8455342907, 393060.2971508252, 165807.0810689745, 58528.066628532615, 51528.9563939075, 141871.95181127614, 339557.7347245399]",3.0,0.3,flattop,64,32,145.15000000000003,15,21,449.5238095238095,37.99999999999997,1008.0,"[2, 5, 11, 17, 22, 25, 29, 38, 44, 52, 55, 60, 65, 74, 78, 84, 89, 95, 98, 101, 105]","[37.99999999999997, 368.0, 461.0, 192.9999999999999, 951.0000000000002, 154.0000000000001, 880.9999999999999, 242.99999999999994, 491.0000000000001, 185.9999999999999, 321.0, 943.0, 810.0000000000001, 205.0, 478.0, 276.0, 347.0000000000001, 79.00000000000011, 1008.0, 114.0, 893.0000000000002]","[1, 1, 1, 15, 1, 24, 27, 35, 35, 49, 35, 35, 63, 73, 73, 73, 35, 92, 35, 99, 99]","[3, 8, 18, 18, 35, 27, 35, 39, 49, 53, 56, 73, 73, 75, 81, 85, 92, 97, 106, 102, 106]",0.05,30,52684909.0,1016.0,-1016.0,DWT,uc1.l0082987033,2.3283064365386963e-10,0.0,0.0,0.0,0.0,0.0,3.725290298461914e-09,0.0,1.0,84,0.0,3.637978807091713e-12,1.0,84,,0.0,0.0,1.0,84,0.0,0.0,0.0,3.0517578125e-05,0.0,0.0,0.0,0.0,0.0,0.0,6.902415147383829e-14,0.0,0.0,0.0,2.842170943040401e-14,0.0,0.0,0.0,2.842170943040401e-14,2.842170943040401e-14,2.7755575615628914e-17,2.3283064365386963e-10,0.0,2.7755575615628914e-17,2.9103830456733704e-11,0.0,0.0,2.7755575615628914e-17,0.9454988170472363,0.38228654247304245,0.013023216973478247,0.6593141976497784,0.06016660413555914,0.0,0.0,0.0,681,1.0527464906657371,0.5952198542809696,227,0,0,0.0,0.0,415,0,0,0.4120578756558189,0.560473403503966,227,214.801458716338,0.7224787355086073,387.5,315.24261015058556,0.6109163703382829,346,rbio,366.5925925925926,360.0,210.3588723315502,135,0.8110455588331695,0.7500562468954116,0.20725123474815782,3,260.25
rbio1.3,1,periodization,1.593665565848657e-26,318.07105122192917,9459884.397867415,0.5462962962962963,337.0466191825769,108,raw,1.0455833729692028e-13,-1.2176226693583265e-10,"[2, 5, 11, 17, 22, 25, 29, 38, 44, 52, 55, 60, 65, 74, 78, 84, 89, 95, 98, 101, 105]","[38.0, 367.99999999999994, 461.00000000000006, 193.0, 951.0000000000001, 154.0, 881.0000000000002, 243.00000000000006, 491.00000000000017, 186.0, 321.0000000000001, 943.0000000000001, 810.0000000000002, 205.00000000000003, 478.00000000000006, 275.9999999999999, 347.0, 78.99999999999989, 1008.0000000000002, 114.0, 893.0]",21,5.594519695193718,97676.60703339337,0.8190187084233538,4.36592371825129e-06,1.0,0.4907407407407407,67631.00000000003,0.12910941990473737,0.15147910127183994,188156.1212645156,82872438.25058065,8,12069.579557418136,0.027777777777777776,"[0.0, 0.009259259259259259, 0.018518518518518517, 0.027777777777777776, 0.037037037037037035, 0.046296296296296294, 0.05555555555555555, 0.06481481481481481, 0.07407407407407407, 0.08333333333333333, 0.09259259259259259, 0.10185185185185185, 0.1111111111111111, 0.12037037037037036, 0.12962962962962962, 0.1388888888888889, 0.14814814814814814, 0.15740740740740738, 0.16666666666666666, 0.17592592592592593, 0.18518518518518517, 0.19444444444444442, 0.2037037037037037, 0.21296296296296297, 0.2222222222222222, 0.23148148148148145, 0.24074074074074073]","[67631.00000000003, 1786.6346316370007, 1155.9831840869397, 12069.579557418136, 1906.5778542068424, 950.5914327636012, 9083.87719738518, 2481.229636774485, 778.6316126029448, 8965.162396385995, 2042.6423114779188, 1606.7171021541494, 6927.939836298324, 1790.9411989177936, 2115.0643759896484, 4469.146453396726, 811.3124818658865, 852.4454942250577, 2613.51850959583, 1125.8336361545937, 622.5282936168363, 1595.9028958466956, 1672.083632235643, 807.7671822537575, 3024.6344394117605, 842.7313814743653, 842.82357322692]",3.0,0.3,145.15000000000003,15,0.5,1721880.1384885088,0.14445541615564295,0.12412575453778009,16430975.452705404,84089526828.82372,"[0.046875, 0.03125]",2,1721880.1384885088,0.046875,"[0.0, 0.015625, 0.03125, 0.046875, 0.0625, 0.078125, 0.09375, 0.109375, 0.125, 0.140625, 0.15625, 0.171875, 0.1875, 0.203125, 0.21875, 0.234375]","[154749.3857115653, 876106.906708278, 1710291.3768915334, 1721880.1384885088, 1236443.3975593029, 1200279.6938555276, 1385236.610142782, 1437054.047422281, 1048940.2936461226, 664501.8455342909, 393060.2971508254, 165807.08106897466, 58528.066628532666, 51528.95639390756, 141871.95181127626, 339557.73472454003]",3.0,0.3,flattop,64,32,145.15000000000003,15,21,449.52380952380963,38.0,1008.0000000000002,"[2, 5, 11, 17, 22, 25, 29, 38, 44, 52, 55, 60, 65, 74, 78, 84, 89, 95, 98, 101, 105]","[38.0, 367.99999999999994, 461.00000000000006, 193.0, 951.0000000000001, 154.0, 881.0000000000002, 243.00000000000006, 491.00000000000017, 186.0, 321.0000000000001, 943.0000000000001, 810.0000000000002, 205.00000000000003, 478.00000000000006, 275.9999999999999, 347.0, 78.99999999999989, 1008.0000000000002, 114.0, 893.0]","[1, 1, 1, 15, 1, 24, 27, 35, 35, 49, 35, 35, 63, 73, 73, 73, 35, 92, 35, 99, 99]","[3, 8, 18, 18, 35, 27, 35, 39, 49, 53, 56, 73, 73, 75, 81, 85, 92, 97, 106, 102, 106]",0.05,30,52684909.00000001,1016.0000000000002,-1016.0000000000002,DWT,uc1.l0082987033,0.0,0.0,1.1368683772161603e-13,8.940696716308594e-08,0.0,2.2737367544323206e-13,3.725290298461914e-09,2.2737367544323206e-13,1.0,84,0.0,5.4569682106375694e-12,1.0,84,,0.0,0.0,1.0,84,0.0,0.0,7.450580596923828e-09,6.103515625e-05,2.9103830456733704e-11,0.0,0.0,0.0,1.1368683772161603e-13,1.8189894035458565e-12,7.985146935208747e-14,0.0,2.2737367544323206e-13,0.0,2.842170943040401e-14,0.0,0.0,0.0,2.842170943040401e-14,0.0,8.326672684688674e-17,0.0,2.7755575615628914e-17,1.3877787807814457e-17,5.820766091346741e-11,0.0,0.0,2.7755575615628914e-17,0.9245975654502226,0.19250013522046755,0.032135968828688216,0.31005586592178774,0.02587829673206233,3.135877575339459e-05,1.5679387876697293e-05,3.135877575339459e-05,281,0.8014502563562514,0.4531376822734817,560,0,0,3.135877575339459e-05,3.135877575339459e-05,278,0,0,0.2970335664306457,0.4040194928135805,599,173.93964470470786,0.7752717768673025,429.5,376.96713712233094,0.6101811080718942,347,rbio,366.5925925925926,360.0,210.3588723315502,135,0.8110455588331695,0.7500562468954116,0.20725123474815782,3,261.0
db20,1,symmetric,2.184046145609006e-26,316.70240501063387,11613822.307610279,0.5684931506849316,465.37008146478246,108,raw,1.1233812234355291e-13,-1.0823975049589827e-10,"[2, 5, 11, 17, 22, 25, 29, 38, 44, 52, 55, 60, 65, 74, 78, 84, 89, 95, 98, 101, 105]","[38.00000000000003, 368.0000000000001, 461.0, 193.00000000000006, 950.9999999999998, 153.99999999999977, 881.0000000000001, 243.0, 491.00000000000006, 186.0000000000001, 320.99999999999966, 943.0000000000003, 810.0000000000001, 205.00000000000006, 478.0000000000002, 275.9999999999998, 347.0, 79.0, 1007.9999999999998, 114.00000000000023, 892.9999999999998]",21,6.062009400674838,95291.06642778838,0.7794197359238757,4.365923718251293e-06,1.0,0.4907407407407407,67631.0,0.1291094199047374,0.15147910127183992,188156.12126451553,82872438.25058056,8,12069.57955741813,0.027777777777777776,"[0.0, 0.009259259259259259, 0.018518518518518517, 0.027777777777777776, 0.037037037037037035, 0.046296296296296294, 0.05555555555555555, 0.06481481481481481, 0.07407407407407407, 0.08333333333333333, 0.09259259259259259, 0.10185185185185185, 0.1111111111111111, 0.12037037037037036, 0.12962962962962962, 0.1388888888888889, 0.14814814814814814, 0.15740740740740738, 0.16666666666666666, 0.17592592592592593, 0.18518518518518517, 0.19444444444444442, 0.2037037037037037, 0.21296296296296297, 0.2222222222222222, 0.23148148148148145, 0.24074074074074073]","[67631.0, 1786.6346316369986, 1155.9831840869372, 12069.57955741813, 1906.577854206843, 950.5914327636024, 9083.87719738518, 2481.229636774482, 778.6316126029438, 8965.162396385991, 2042.6423114779182, 1606.717102154151, 6927.939836298322, 1790.9411989177936, 2115.0643759896484, 4469.146453396725, 811.3124818658865, 852.4454942250547, 2613.518509595831, 1125.8336361545958, 622.5282936168365, 1595.9028958466963, 1672.0836322356424, 807.7671822537567, 3024.6344394117596, 842.7313814743654, 842.8235732269201]",3.0,0.3,145.15,15,0.5,1721880.1384885092,0.14445541615564292,0.12412575453778006,16430975.452705402,84089526828.8237,"[0.046875, 0.03125]",2,1721880.1384885092,0.046875,"[0.0, 0.015625, 0.03125, 0.046875, 0.0625, 0.078125, 0.09375, 0.109375, 0.125, 0.140625, 0.15625, 0.171875, 0.1875, 0.203125, 0.21875, 0.234375]","[154749.3857115655, 876106.9067082778, 1710291.3768915327, 1721880.1384885092, 1236443.3975593029, 1200279.693855527, 1385236.610142781, 1437054.0474222805, 1048940.2936461223, 664501.8455342911, 393060.2971508256, 165807.0810689748, 58528.06662853268, 51528.956393907465, 141871.95181127614, 339557.7347245398]",3.0,0.3,flattop,64,32,145.15,15,21,449.5238095238095,38.00000000000003,1007.9999999999998,"[2, 5, 11, 17, 22, 25, 29, 38, 44, 52, 55, 60, 65, 74, 78, 84, 89, 95, 98, 101, 105]","[38.00000000000003, 368.0000000000001, 461.0, 193.00000000000006, 950.9999999999998, 153.99999999999977, 881.0000000000001, 243.0, 491.00000000000006, 186.0000000000001, 320.99999999999966, 943.0000000000003, 810.0000000000001, 205.00000000000006, 478.0000000000002, 275.9999999999998, 347.0, 79.0, 1007.9999999999998, 114.00000000000023, 892.9999999999998]","[1, 1, 1, 15, 1, 24, 27, 35, 35, 49, 35, 35, 63, 73, 73, 73, 35, 92, 35, 99, 99]","[3, 8, 18, 18, 35, 27, 35, 39, 49, 53, 56, 73, 73, 75, 81, 85, 92, 97, 106, 102, 106]",0.05,30,52684909.0,1015.9999999999998,-1015.9999999999998,DWT,uc1.l0082987033,4.656612873077393e-10,0.0,0.0,0.0,0.0,2.2737367544323206e-13,1.862645149230957e-09,2.2737367544323206e-13,1.0,84,0.0,0.0,1.0,84,,0.0,0.0,1.0,84,0.0,0.0,0.0,4.57763671875e-05,0.0,0.0,0.0,0.0,0.0,0.0,1.3940171768245774e-13,0.0,2.2737367544323206e-13,0.0,0.0,0.0,0.0,0.0,0.0,2.842170943040401e-14,5.551115123125783e-17,4.656612873077393e-10,0.0,1.3877787807814457e-17,0.0,0.0,0.0,0.0,0.9105461237423101,0.7915150181426811,0.24107562764620022,0.5578174026172809,0.01942087067424031,0.0,0.0,0.0,595,1.2935183064564353,0.7313515501646347,75,0,0,0.0,0.0,535,0,0,0.5040750085645426,0.6856333839556121,78,283.0999529023863,0.6342377869478213,320.75,134.6634613429005,0.6099160510966497,348,db,413.2962962962963,398.0,188.41229481502944,243,0.9143723369387087,0.671803462110104,0.15839832550987273,5,262.25
db19,1,zero,2.111774799862536e-26,316.8485470811176,9369190.132203152,0.5694444444444444,217.8788175120107,108,raw,1.0799591673613011e-13,-1.0589473742328501e-10,"[2, 5, 11, 17, 22, 25, 29, 38, 44, 52, 55, 60, 65, 74, 78, 84, 89, 95, 98, 101, 105]","[38.0, 367.99999999999994, 460.9999999999999, 193.00000000000023, 950.9999999999999, 153.9999999999999, 881.0000000000001, 242.99999999999997, 490.99999999999943, 186.00000000000023, 321.00000000000045, 943.0000000000002, 810.0, 205.0, 478.00000000000006, 276.0000000000002, 347.0, 79.0, 1008.0, 114.00000000000023, 893.0]",21,5.623208437078778,145167.2360146605,0.899357971966096,4.365923718251291e-06,1.0,0.4907407407407407,67631.0,0.12910941990473743,0.15147910127183992,188156.12126451553,82872438.25058056,8,12069.57955741813,0.027777777777777776,"[0.0, 0.009259259259259259, 0.018518518518518517, 0.027777777777777776, 0.037037037037037035, 0.046296296296296294, 0.05555555555555555, 0.06481481481481481, 0.07407407407407407, 0.08333333333333333, 0.09259259259259259, 0.10185185185185185, 0.1111111111111111, 0.12037037037037036, 0.12962962962962962, 0.1388888888888889, 0.14814814814814814, 0.15740740740740738, 0.16666666666666666, 0.17592592592592593, 0.18518518518518517, 0.19444444444444442, 0.2037037037037037, 0.21296296296296297, 0.2222222222222222, 0.23148148148148145, 0.24074074074074073]","[67631.0, 1786.6346316370007, 1155.9831840869383, 12069.57955741813, 1906.5778542068426, 950.5914327635999, 9083.877197385176, 2481.229636774481, 778.6316126029449, 8965.16239638599, 2042.6423114779168, 1606.7171021541494, 6927.939836298322, 1790.9411989177931, 2115.0643759896475, 4469.146453396726, 811.3124818658852, 852.445494225058, 2613.518509595829, 1125.833636154595, 622.5282936168356, 1595.9028958466968, 1672.0836322356424, 807.7671822537568, 3024.6344394117596, 842.731381474364, 842.8235732269206]",3.0,0.3,145.15,15,0.5,1721880.1384885088,0.14445541615564295,0.1241257545377801,16430975.4527054,84089526828.82368,"[0.046875, 0.03125]",2,1721880.1384885088,0.046875,"[0.0, 0.015625, 0.03125, 0.046875, 0.0625, 0.078125, 0.09375, 0.109375, 0.125, 0.140625, 0.15625, 0.171875, 0.1875, 0.203125, 0.21875, 0.234375]","[154749.38571156564, 876106.906708278, 1710291.376891532, 1721880.1384885088, 1236443.3975593029, 1200279.693855527, 1385236.610142781, 1437054.0474222805, 1048940.2936461219, 664501.8455342907, 393060.29715082527, 165807.0810689747, 58528.066628532746, 51528.95639390759, 141871.95181127626, 339557.73472453986]",3.0,0.3,flattop,64,32,145.15,15,21,449.5238095238095,38.0,1008.0,"[2, 5, 11, 17, 22, 25, 29, 38, 44, 52, 55, 60, 65, 74, 78, 84, 89, 95, 98, 101, 105]","[38.0, 367.99999999999994, 460.9999999999999, 193.00000000000023, 950.9999999999999, 153.9999999999999, 881.0000000000001, 242.99999999999997, 490.99999999999943, 186.00000000000023, 321.00000000000045, 943.0000000000002, 810.0, 205.0, 478.00000000000006, 276.0000000000002, 347.0, 79.0, 1008.0, 114.00000000000023, 893.0]","[1, 1, 1, 15, 1, 24, 27, 35, 35, 49, 35, 35, 63, 73, 73, 73, 35, 92, 35, 99, 99]","[3, 8, 18, 18, 35, 27, 35, 39, 49, 53, 56, 73, 73, 75, 81, 85, 92, 97, 106, 102, 106]",0.05,30,52684909.0,1016.0,-1016.0,DWT,uc1.l0082987033,0.0,0.0,0.0,0.0,0.0,0.0,0.0,0.0,1.0,84,0.0,0.0,1.0,84,,0.0,0.0,1.0,84,0.0,0.0,0.0,3.0517578125e-05,0.0,0.0,0.0,0.0,0.0,0.0,1.3128122927377093e-13,0.0,0.0,0.0,0.0,0.0,0.0,0.0,0.0,0.0,2.7755575615628914e-17,0.0,0.0,2.7755575615628914e-17,0.0,0.0,0.0,2.7755575615628914e-17,0.9120465164424312,0.22926026739017746,0.023338301616981992,0.568435754189944,0.15443080360008843,0.0,0.0,0.0,555,0.9626738174850514,0.5442930225311897,345,0,0,0.0,0.0,611,0,0,0.37750232864792466,0.5134715957830697,328,144.30840816344232,0.8135550282126068,459.75,426.17597445151284,0.6097813900752957,349,db,413.2962962962963,398.0,188.41229481502944,243,0.9143723369387087,0.671803462110104,0.15839832550987273,5,263.0
db20,1,reflect,2.3018961214349124e-26,316.4741659002269,11712197.506424973,0.5547945205479452,472.8138638186025,108,raw,1.1385131520674566e-13,-1.0917111659125629e-10,"[2, 5, 11, 17, 22, 25, 29, 38, 44, 52, 55, 60, 65, 74, 78, 84, 89, 95, 98, 101, 105]","[37.99999999999997, 368.00000000000034, 460.9999999999998, 193.00000000000017, 950.9999999999999, 153.99999999999955, 881.0, 243.0, 491.00000000000006, 186.0000000000001, 320.99999999999966, 943.0000000000003, 810.0000000000001, 205.00000000000006, 478.0000000000001, 276.0, 346.99999999999955, 79.00000000000011, 1008.0, 114.00000000000023, 893.0000000000002]",21,6.102119689545128,91443.751721405,0.7622777912764995,4.365923718251292e-06,1.0,0.4907407407407407,67631.0,0.12910941990473743,0.15147910127183992,188156.12126451553,82872438.25058056,8,12069.579557418132,0.027777777777777776,"[0.0, 0.009259259259259259, 0.018518518518518517, 0.027777777777777776, 0.037037037037037035, 0.046296296296296294, 0.05555555555555555, 0.06481481481481481, 0.07407407407407407, 0.08333333333333333, 0.09259259259259259, 0.10185185185185185, 0.1111111111111111, 0.12037037037037036, 0.12962962962962962, 0.1388888888888889, 0.14814814814814814, 0.15740740740740738, 0.16666666666666666, 0.17592592592592593, 0.18518518518518517, 0.19444444444444442, 0.2037037037037037, 0.21296296296296297, 0.2222222222222222, 0.23148148148148145, 0.24074074074074073]","[67631.0, 1786.6346316369984, 1155.9831840869385, 12069.579557418132, 1906.5778542068424, 950.5914327636028, 9083.87719738518, 2481.229636774483, 778.6316126029448, 8965.162396385993, 2042.6423114779159, 1606.7171021541521, 6927.939836298322, 1790.9411989177934, 2115.064375989649, 4469.146453396726, 811.312481865888, 852.4454942250542, 2613.518509595829, 1125.8336361545944, 622.5282936168356, 1595.9028958466965, 1672.0836322356424, 807.7671822537562, 3024.6344394117596, 842.7313814743657, 842.8235732269203]",3.0,0.3,145.15000000000006,15,0.5,1721880.1384885092,0.1444554161556429,0.12412575453778008,16430975.452705404,84089526828.82372,"[0.046875, 0.03125]",2,1721880.1384885092,0.046875,"[0.0, 0.015625, 0.03125, 0.046875, 0.0625, 0.078125, 0.09375, 0.109375, 0.125, 0.140625, 0.15625, 0.171875, 0.1875, 0.203125, 0.21875, 0.234375]","[154749.38571156538, 876106.9067082775, 1710291.376891533, 1721880.1384885092, 1236443.3975593033, 1200279.693855527, 1385236.6101427814, 1437054.0474222805, 1048940.2936461223, 664501.8455342911, 393060.2971508257, 165807.08106897474, 58528.0666285327, 51528.95639390747, 141871.95181127614, 339557.7347245397]",3.0,0.3,flattop,64,32,145.15000000000006,15,21,449.5238095238095,37.99999999999997,1008.0,"[2, 5, 11, 17, 22, 25, 29, 38, 44, 52, 55, 60, 65, 74, 78, 84, 89, 95, 98, 101, 105]","[37.99999999999997, 368.00000000000034, 460.9999999999998, 193.00000000000017, 950.9999999999999, 153.99999999999955, 881.0, 243.0, 491.00000000000006, 186.0000000000001, 320.99999999999966, 943.0000000000003, 810.0000000000001, 205.00000000000006, 478.0000000000001, 276.0, 346.99999999999955, 79.00000000000011, 1008.0, 114.00000000000023, 893.0000000000002]","[1, 1, 1, 15, 1, 24, 27, 35, 35, 49, 35, 35, 63, 73, 73, 73, 35, 92, 35, 99, 99]","[3, 8, 18, 18, 35, 27, 35, 39, 49, 53, 56, 73, 73, 75, 81, 85, 92, 97, 106, 102, 106]",0.05,30,52684909.0,1015.9999999999999,-1015.9999999999999,DWT,uc1.l0082987033,4.656612873077393e-10,0.0,0.0,0.0,0.0,0.0,3.725290298461914e-09,1.1368683772161603e-13,1.0,84,0.0,1.8189894035458565e-12,1.0,84,,0.0,0.0,1.0,84,0.0,0.0,0.0,6.103515625e-05,0.0,0.0,0.0,0.0,0.0,0.0,1.6647001237808063e-13,0.0,1.1368683772161603e-13,0.0,5.684341886080802e-14,0.0,0.0,0.0,5.684341886080802e-14,2.842170943040401e-14,2.7755575615628914e-17,4.656612873077393e-10,0.0,0.0,0.0,0.0,0.0,2.7755575615628914e-17,0.908202867662776,0.8429100749961482,0.250618372765952,0.40491313997091927,0.009006564508472405,0.0,0.0,0.0,591,1.2572538262704724,0.710847716807552,91,0,0,0.0,0.0,545,0,0,0.48313020398085355,0.6571446531139501,103,272.6236722419142,0.6477730332791806,332.5,165.12100597370656,0.6090932349858436,350,db,413.2962962962963,398.0,188.41229481502944,243,0.9143723369387087,0.671803462110104,0.15839832550987273,5,263.75
bior1.3,1,periodization,8.988324979694053e-27,320.55823544905275,9479062.387433356,0.5462962962962963,309.2651715672168,108,raw,6.769893287936516e-14,-1.1716594361388453e-10,"[2, 5, 11, 17, 22, 25, 29, 38, 44, 52, 55, 60, 65, 74, 78, 84, 89, 95, 98, 101, 105]","[38.0, 368.00000000000006, 460.9999999999999, 193.0000000000001, 951.0, 154.0, 881.0000000000001, 243.00000000000003, 490.99999999999994, 186.0, 321.0, 943.0000000000001, 810.0, 205.00000000000003, 478.00000000000017, 276.0, 347.0000000000001, 79.0, 1008.0000000000002, 114.00000000000011, 893.0]",21,5.564389244531263,96025.52572552298,0.8389139370121862,4.365923718251291e-06,1.0,0.4907407407407407,67631.0,0.12910941990473743,0.15147910127183992,188156.12126451553,82872438.25058056,8,12069.57955741813,0.027777777777777776,"[0.0, 0.009259259259259259, 0.018518518518518517, 0.027777777777777776, 0.037037037037037035, 0.046296296296296294, 0.05555555555555555, 0.06481481481481481, 0.07407407407407407, 0.08333333333333333, 0.09259259259259259, 0.10185185185185185, 0.1111111111111111, 0.12037037037037036, 0.12962962962962962, 0.1388888888888889, 0.14814814814814814, 0.15740740740740738, 0.16666666666666666, 0.17592592592592593, 0.18518518518518517, 0.19444444444444442, 0.2037037037037037, 0.21296296296296297, 0.2222222222222222, 0.23148148148148145, 0.24074074074074073]","[67631.0, 1786.6346316369995, 1155.9831840869374, 12069.57955741813, 1906.5778542068424, 950.5914327636026, 9083.87719738518, 2481.2296367744834, 778.6316126029461, 8965.162396385991, 2042.642311477917, 1606.7171021541485, 6927.939836298324, 1790.9411989177927, 2115.064375989648, 4469.146453396724, 811.3124818658858, 852.4454942250564, 2613.518509595828, 1125.8336361545937, 622.5282936168381, 1595.9028958466986, 1672.083632235643, 807.7671822537573, 3024.634439411761, 842.7313814743658, 842.8235732269205]",3.0,0.3,145.15000000000003,15,0.5,1721880.1384885088,0.14445541615564295,0.12412575453778009,16430975.452705404,84089526828.82372,"[0.046875, 0.03125]",2,1721880.1384885088,0.046875,"[0.0, 0.015625, 0.03125, 0.046875, 0.0625, 0.078125, 0.09375, 0.109375, 0.125, 0.140625, 0.15625, 0.171875, 0.1875, 0.203125, 0.21875, 0.234375]","[154749.3857115654, 876106.9067082782, 1710291.3768915334, 1721880.1384885088, 1236443.3975593026, 1200279.693855527, 1385236.6101427819, 1437054.047422281, 1048940.2936461223, 664501.8455342908, 393060.2971508252, 165807.08106897463, 58528.066628532644, 51528.95639390757, 141871.95181127626, 339557.73472454003]",3.0,0.3,flattop,64,32,145.15000000000003,15,21,449.5238095238095,38.0,1008.0000000000002,"[2, 5, 11, 17, 22, 25, 29, 38, 44, 52, 55, 60, 65, 74, 78, 84, 89, 95, 98, 101, 105]","[38.0, 368.00000000000006, 460.9999999999999, 193.0000000000001, 951.0, 154.0, 881.0000000000001, 243.00000000000003, 490.99999999999994, 186.0, 321.0, 943.0000000000001, 810.0, 205.00000000000003, 478.00000000000017, 276.0, 347.0000000000001, 79.0, 1008.0000000000002, 114.00000000000011, 893.0]","[1, 1, 1, 15, 1, 24, 27, 35, 35, 49, 35, 35, 63, 73, 73, 73, 35, 92, 35, 99, 99]","[3, 8, 18, 18, 35, 27, 35, 39, 49, 53, 56, 73, 73, 75, 81, 85, 92, 97, 106, 102, 106]",0.05,30,52684909.0,1016.0000000000002,-1016.0000000000002,DWT,uc1.l0082987033,0.0,0.0,0.0,0.0,0.0,2.2737367544323206e-13,3.725290298461914e-09,2.2737367544323206e-13,1.0,84,0.0,0.0,1.0,84,,0.0,0.0,1.0,84,0.0,0.0,0.0,6.103515625e-05,0.0,0.0,0.0,0.0,0.0,0.0,5.955024833037033e-14,0.0,2.2737367544323206e-13,0.0,2.842170943040401e-14,0.0,0.0,0.0,2.842170943040401e-14,0.0,2.7755575615628914e-17,0.0,0.0,1.3877787807814457e-17,0.0,0.0,0.0,2.7755575615628914e-17,0.9501326700637012,0.15389267891853894,0.0339963022109034,0.31005586592178774,0.021408980453825596,0.0,0.0,0.0,470,0.7966100311531872,0.4504010327898695,568,0,0,0.0,0.0,405,0,0,0.29389729951375143,0.3997536013040177,609,92.65347627945033,0.8802926663056198,513.0,500.0378227350486,0.6087509843156006,351,bior,385.74074074074076,410.0,199.97417605530825,135,0.8534087184529663,0.7130285416801533,0.18870533457887761,4,264.25
db12,1,antireflect,2.0010304155977312e-26,317.08248621233514,10110928.859529655,0.5769230769230769,525.2626979665813,108,raw,9.753514868188407e-14,-1.1686984713321703e-10,"[2, 5, 11, 17, 22, 25, 29, 38, 44, 52, 55, 60, 65, 74, 78, 84, 89, 95, 98, 101, 105]","[38.00000000000006, 367.9999999999999, 461.00000000000017, 192.99999999999972, 951.0000000000001, 153.9999999999999, 881.0, 243.0, 490.99999999999994, 186.0000000000001, 320.9999999999998, 943.0, 809.9999999999999, 204.99999999999997, 477.9999999999998, 275.9999999999999, 346.99999999999966, 79.0, 1008.0, 114.00000000000023, 892.9999999999998]",21,5.925824657018632,269784.0833247838,0.9159456020909521,4.365923718251291e-06,1.0,0.4907407407407407,67631.0,0.1291094199047374,0.15147910127183992,188156.12126451553,82872438.25058056,8,12069.579557418134,0.027777777777777776,"[0.0, 0.009259259259259259, 0.018518518518518517, 0.027777777777777776, 0.037037037037037035, 0.046296296296296294, 0.05555555555555555, 0.06481481481481481, 0.07407407407407407, 0.08333333333333333, 0.09259259259259259, 0.10185185185185185, 0.1111111111111111, 0.12037037037037036, 0.12962962962962962, 0.1388888888888889, 0.14814814814814814, 0.15740740740740738, 0.16666666666666666, 0.17592592592592593, 0.18518518518518517, 0.19444444444444442, 0.2037037037037037, 0.21296296296296297, 0.2222222222222222, 0.23148148148148145, 0.24074074074074073]","[67631.0, 1786.6346316370007, 1155.9831840869385, 12069.579557418134, 1906.5778542068422, 950.5914327635984, 9083.877197385178, 2481.2296367744825, 778.6316126029458, 8965.162396385993, 2042.6423114779182, 1606.7171021541499, 6927.939836298322, 1790.9411989177931, 2115.0643759896484, 4469.146453396725, 811.3124818658841, 852.4454942250561, 2613.5185095958273, 1125.8336361545933, 622.5282936168368, 1595.9028958466968, 1672.083632235642, 807.7671822537567, 3024.634439411761, 842.7313814743644, 842.8235732269208]",3.0,0.3,145.14999999999995,15,0.5,1721880.1384885088,0.14445541615564292,0.12412575453778008,16430975.452705404,84089526828.82372,"[0.046875, 0.03125]",2,1721880.1384885088,0.046875,"[0.0, 0.015625, 0.03125, 0.046875, 0.0625, 0.078125, 0.09375, 0.109375, 0.125, 0.140625, 0.15625, 0.171875, 0.1875, 0.203125, 0.21875, 0.234375]","[154749.3857115656, 876106.9067082781, 1710291.3768915324, 1721880.1384885088, 1236443.3975593029, 1200279.6938555273, 1385236.610142782, 1437054.0474222812, 1048940.2936461226, 664501.8455342908, 393060.29715082515, 165807.08106897445, 58528.06662853259, 51528.95639390756, 141871.9518112763, 339557.7347245399]",3.0,0.3,flattop,64,32,145.14999999999995,15,21,449.5238095238095,38.00000000000006,1008.0,"[2, 5, 11, 17, 22, 25, 29, 38, 44, 52, 55, 60, 65, 74, 78, 84, 89, 95, 98, 101, 105]","[38.00000000000006, 367.9999999999999, 461.00000000000017, 192.99999999999972, 951.0000000000001, 153.9999999999999, 881.0, 243.0, 490.99999999999994, 186.0000000000001, 320.9999999999998, 943.0, 809.9999999999999, 204.99999999999997, 477.9999999999998, 275.9999999999999, 346.99999999999966, 79.0, 1008.0, 114.00000000000023, 892.9999999999998]","[1, 1, 1, 15, 1, 24, 27, 35, 35, 49, 35, 35, 63, 73, 73, 73, 35, 92, 35, 99, 99]","[3, 8, 18, 18, 35, 27, 35, 39, 49, 53, 56, 73, 73, 75, 81, 85, 92, 97, 106, 102, 106]",0.05,30,52684909.0,1016.0,-1016.0,DWT,uc1.l0082987033,0.0,0.0,0.0,0.0,0.0,0.0,3.725290298461914e-09,0.0,1.0,84,0.0,3.637978807091713e-12,1.0,84,,0.0,0.0,1.0,84,0.0,0.0,0.0,6.103515625e-05,0.0,0.0,0.0,0.0,0.0,0.0,1.2045391139552172e-13,0.0,0.0,0.0,5.684341886080802e-14,0.0,0.0,0.0,5.684341886080802e-14,5.684341886080802e-14,5.551115123125783e-17,0.0,0.0,0.0,0.0,0.0,0.0,0.0,0.9144482927659063,0.6170155857047867,0.09528960342485833,0.6519123334765788,0.49175647107072684,0.0,0.0,0.0,652,1.3622890920432886,0.7702343556061507,53,0,0,0.0,0.0,462,0,0,0.5540844572885715,0.7536552992972458,48,302.54737920971434,0.6091119131657438,303.75,92.16695544241864,0.6083350263503138,352,db,413.2962962962963,398.0,188.41229481502944,243,0.9143723369387087,0.671803462110104,0.15839832550987273,5,265.25
rbio2.8,1,symmetric,1.2677352656016066e-26,319.0647373957014,10109494.965785233,0.5645161290322581,454.586074865038,108,raw,8.560230713572778e-14,-1.1929079946071462e-10,"[2, 5, 11, 17, 22, 25, 29, 38, 44, 52, 55, 60, 65, 74, 78, 84, 89, 95, 98, 101, 105]","[37.99999999999994, 367.9999999999999, 461.0, 192.9999999999999, 951.0000000000002, 154.0000000000001, 880.9999999999999, 243.0, 491.0000000000001, 186.0, 321.0000000000001, 943.0, 810.0, 205.0, 478.0, 276.0, 347.0000000000001, 79.0, 1008.0, 113.99999999999989, 893.0000000000002]",21,5.895616328012322,103739.0697372151,0.6903641584563179,4.365923718251291e-06,1.0,0.4907407407407407,67631.0,0.12910941990473743,0.15147910127183992,188156.12126451556,82872438.25058056,8,12069.57955741813,0.027777777777777776,"[0.0, 0.009259259259259259, 0.018518518518518517, 0.027777777777777776, 0.037037037037037035, 0.046296296296296294, 0.05555555555555555, 0.06481481481481481, 0.07407407407407407, 0.08333333333333333, 0.09259259259259259, 0.10185185185185185, 0.1111111111111111, 0.12037037037037036, 0.12962962962962962, 0.1388888888888889, 0.14814814814814814, 0.15740740740740738, 0.16666666666666666, 0.17592592592592593, 0.18518518518518517, 0.19444444444444442, 0.2037037037037037, 0.21296296296296297, 0.2222222222222222, 0.23148148148148145, 0.24074074074074073]","[67631.0, 1786.634631637001, 1155.983184086939, 12069.57955741813, 1906.5778542068426, 950.5914327636025, 9083.877197385176, 2481.229636774485, 778.6316126029438, 8965.162396385995, 2042.6423114779182, 1606.7171021541508, 6927.939836298322, 1790.9411989177947, 2115.0643759896484, 4469.146453396728, 811.3124818658853, 852.4454942250576, 2613.5185095958273, 1125.8336361545942, 622.5282936168379, 1595.9028958466977, 1672.083632235644, 807.7671822537566, 3024.6344394117596, 842.7313814743659, 842.8235732269204]",3.0,0.3,145.15000000000006,15,0.5,1721880.1384885088,0.14445541615564295,0.1241257545377801,16430975.452705404,84089526828.8237,"[0.046875, 0.03125]",2,1721880.1384885088,0.046875,"[0.0, 0.015625, 0.03125, 0.046875, 0.0625, 0.078125, 0.09375, 0.109375, 0.125, 0.140625, 0.15625, 0.171875, 0.1875, 0.203125, 0.21875, 0.234375]","[154749.38571156544, 876106.906708278, 1710291.3768915331, 1721880.1384885088, 1236443.3975593029, 1200279.6938555276, 1385236.6101427816, 1437054.0474222808, 1048940.293646122, 664501.8455342908, 393060.2971508252, 165807.0810689745, 58528.06662853264, 51528.95639390757, 141871.95181127626, 339557.73472454]",3.0,0.3,flattop,64,32,145.15000000000006,15,21,449.5238095238095,37.99999999999994,1008.0,"[2, 5, 11, 17, 22, 25, 29, 38, 44, 52, 55, 60, 65, 74, 78, 84, 89, 95, 98, 101, 105]","[37.99999999999994, 367.9999999999999, 461.0, 192.9999999999999, 951.0000000000002, 154.0000000000001, 880.9999999999999, 243.0, 491.0000000000001, 186.0, 321.0000000000001, 943.0, 810.0, 205.0, 478.0, 276.0, 347.0000000000001, 79.0, 1008.0, 113.99999999999989, 893.0000000000002]","[1, 1, 1, 15, 1, 24, 27, 35, 35, 49, 35, 35, 63, 73, 73, 73, 35, 92, 35, 99, 99]","[3, 8, 18, 18, 35, 27, 35, 39, 49, 53, 56, 73, 73, 75, 81, 85, 92, 97, 106, 102, 106]",0.05,30,52684909.0,1016.0,-1016.0,DWT,uc1.l0082987033,0.0,0.0,0.0,0.0,0.0,0.0,3.725290298461914e-09,0.0,1.0,84,0.0,0.0,1.0,84,,0.0,0.0,1.0,84,0.0,0.0,0.0,4.57763671875e-05,0.0,0.0,0.0,0.0,0.0,0.0,6.767073673905715e-14,0.0,0.0,0.0,5.684341886080802e-14,0.0,0.0,0.0,5.684341886080802e-14,5.684341886080802e-14,2.7755575615628914e-17,0.0,0.0,2.7755575615628914e-17,2.9103830456733704e-11,0.0,0.0,2.7755575615628914e-17,0.9347994154473119,0.5783083404952525,0.09515051061796498,0.5134258424941438,0.04228879276229201,0.0,0.0,0.0,698,1.1198949289275704,0.6331853891858905,158,0,0,0.0,0.0,391,0,0,0.4327945803633931,0.5886790807924124,179,250.81267910534348,0.6759526109750085,356.5,251.47876403295123,0.6076791478647652,353,rbio,366.5925925925926,360.0,210.3588723315502,135,0.8110455588331695,0.7500562468954116,0.20725123474815782,3,265.5
db8,1,periodization,2.059162160044879e-26,316.9581176231065,9342558.536087094,0.5833333333333334,476.4501111652692,108,raw,9.852201359266216e-14,-1.0544165540693554e-10,"[2, 5, 11, 17, 22, 25, 29, 38, 44, 52, 55, 60, 65, 74, 78, 84, 89, 95, 98, 101, 105]","[38.000000000000085, 367.99999999999994, 461.0, 192.99999999999994, 950.9999999999997, 154.0, 880.9999999999997, 243.00000000000003, 491.00000000000006, 186.0, 320.99999999999966, 942.9999999999999, 810.0, 205.00000000000006, 478.00000000000017, 276.0000000000001, 346.9999999999999, 79.0, 1007.9999999999995, 113.99999999999977, 892.9999999999999]",21,5.639237773731499,95467.34242112482,0.7889220142586083,4.365923718251293e-06,1.0,0.4907407407407407,67631.0,0.1291094199047374,0.15147910127183992,188156.12126451553,82872438.25058056,8,12069.57955741813,0.027777777777777776,"[0.0, 0.009259259259259259, 0.018518518518518517, 0.027777777777777776, 0.037037037037037035, 0.046296296296296294, 0.05555555555555555, 0.06481481481481481, 0.07407407407407407, 0.08333333333333333, 0.09259259259259259, 0.10185185185185185, 0.1111111111111111, 0.12037037037037036, 0.12962962962962962, 0.1388888888888889, 0.14814814814814814, 0.15740740740740738, 0.16666666666666666, 0.17592592592592593, 0.18518518518518517, 0.19444444444444442, 0.2037037037037037, 0.21296296296296297, 0.2222222222222222, 0.23148148148148145, 0.24074074074074073]","[67631.0, 1786.634631637002, 1155.98318408694, 12069.57955741813, 1906.577854206843, 950.5914327636025, 9083.877197385176, 2481.229636774484, 778.6316126029434, 8965.162396385993, 2042.6423114779172, 1606.7171021541506, 6927.939836298321, 1790.9411989177922, 2115.0643759896475, 4469.146453396728, 811.3124818658868, 852.4454942250578, 2613.518509595829, 1125.8336361545937, 622.5282936168372, 1595.902895846697, 1672.0836322356424, 807.7671822537576, 3024.6344394117605, 842.7313814743648, 842.8235732269214]",3.0,0.3,145.14999999999992,15,0.5,1721880.1384885088,0.1444554161556429,0.12412575453778006,16430975.452705398,84089526828.82365,"[0.046875, 0.03125]",2,1721880.1384885088,0.046875,"[0.0, 0.015625, 0.03125, 0.046875, 0.0625, 0.078125, 0.09375, 0.109375, 0.125, 0.140625, 0.15625, 0.171875, 0.1875, 0.203125, 0.21875, 0.234375]","[154749.3857115655, 876106.9067082776, 1710291.3768915317, 1721880.1384885088, 1236443.397559302, 1200279.6938555264, 1385236.6101427807, 1437054.0474222808, 1048940.2936461223, 664501.845534291, 393060.2971508253, 165807.08106897466, 58528.06662853273, 51528.95639390759, 141871.9518112763, 339557.7347245399]",3.0,0.3,flattop,64,32,145.14999999999992,15,21,449.52380952380946,38.000000000000085,1007.9999999999995,"[2, 5, 11, 17, 22, 25, 29, 38, 44, 52, 55, 60, 65, 74, 78, 84, 89, 95, 98, 101, 105]","[38.000000000000085, 367.99999999999994, 461.0, 192.99999999999994, 950.9999999999997, 154.0, 880.9999999999997, 243.00000000000003, 491.00000000000006, 186.0, 320.99999999999966, 942.9999999999999, 810.0, 205.00000000000006, 478.00000000000017, 276.0000000000001, 346.9999999999999, 79.0, 1007.9999999999995, 113.99999999999977, 892.9999999999999]","[1, 1, 1, 15, 1, 24, 27, 35, 35, 49, 35, 35, 63, 73, 73, 73, 35, 92, 35, 99, 99]","[3, 8, 18, 18, 35, 27, 35, 39, 49, 53, 56, 73, 73, 75, 81, 85, 92, 97, 106, 102, 106]",0.05,30,52684909.0,1015.9999999999997,-1015.9999999999997,DWT,uc1.l0082987033,0.0,0.0,5.684341886080802e-14,0.0,0.0,4.547473508864641e-13,1.862645149230957e-09,3.410605131648481e-13,1.0,84,0.0,0.0,1.0,84,,0.0,0.0,1.0,84,0.0,0.0,0.0,0.0,0.0,0.0,0.0,0.0,5.684341886080802e-14,1.8189894035458565e-12,1.2722098506942746e-13,0.0,3.410605131648481e-13,0.0,8.526512829121202e-14,0.0,0.0,0.0,8.526512829121202e-14,8.526512829121202e-14,5.551115123125783e-17,0.0,0.0,1.3877787807814457e-17,0.0,0.0,0.0,2.7755575615628914e-17,0.9131714412556918,0.24979935329040887,0.020754941817664782,0.7234636871508384,0.019898032618189086,0.0,0.0,0.0,560,0.9805247002150629,0.5543858605615735,317,0,0,0.0,0.0,609,0,0,0.3854174912265586,0.5242376516500364,298,161.35881341490668,0.7915260808592937,446.0,402.49428765038,0.6076493453392076,354,db,413.2962962962963,398.0,188.41229481502944,243,0.9143723369387087,0.671803462110104,0.15839832550987273,5,266.75
db10,1,antisymmetric,1.357635461299474e-26,318.7671913799676,10284779.25087812,0.5714285714285714,369.557210463733,108,raw,8.447563636258969e-14,-1.1150569356743809e-10,"[2, 5, 11, 17, 22, 25, 29, 38, 44, 52, 55, 60, 65, 74, 78, 84, 89, 95, 98, 101, 105]","[38.00000000000006, 368.0000000000002, 461.0, 192.99999999999994, 950.9999999999999, 154.0, 881.0000000000002, 243.0, 491.0000000000003, 185.99999999999977, 320.9999999999998, 942.9999999999998, 810.0000000000002, 205.0000000000001, 478.00000000000006, 275.9999999999999, 347.00000000000034, 79.00000000000011, 1007.9999999999995, 114.00000000000011, 893.0]",21,5.802219061146217,257836.4591631646,0.9224348881179066,4.365923718251291e-06,1.0,0.4907407407407407,67631.0,0.12910941990473737,0.15147910127183992,188156.12126451556,82872438.25058056,8,12069.579557418134,0.027777777777777776,"[0.0, 0.009259259259259259, 0.018518518518518517, 0.027777777777777776, 0.037037037037037035, 0.046296296296296294, 0.05555555555555555, 0.06481481481481481, 0.07407407407407407, 0.08333333333333333, 0.09259259259259259, 0.10185185185185185, 0.1111111111111111, 0.12037037037037036, 0.12962962962962962, 0.1388888888888889, 0.14814814814814814, 0.15740740740740738, 0.16666666666666666, 0.17592592592592593, 0.18518518518518517, 0.19444444444444442, 0.2037037037037037, 0.21296296296296297, 0.2222222222222222, 0.23148148148148145, 0.24074074074074073]","[67631.0, 1786.6346316370018, 1155.9831840869397, 12069.579557418134, 1906.577854206844, 950.5914327636011, 9083.877197385176, 2481.229636774483, 778.631612602946, 8965.16239638599, 2042.6423114779168, 1606.717102154149, 6927.939836298323, 1790.9411989177943, 2115.0643759896484, 4469.1464533967255, 811.3124818658868, 852.4454942250564, 2613.518509595829, 1125.8336361545944, 622.5282936168397, 1595.9028958466963, 1672.0836322356442, 807.7671822537558, 3024.6344394117596, 842.7313814743649, 842.8235732269201]",3.0,0.3,145.14999999999995,15,0.5,1721880.1384885088,0.14445541615564295,0.12412575453778009,16430975.452705402,84089526828.82372,"[0.046875, 0.03125]",2,1721880.1384885088,0.046875,"[0.0, 0.015625, 0.03125, 0.046875, 0.0625, 0.078125, 0.09375, 0.109375, 0.125, 0.140625, 0.15625, 0.171875, 0.1875, 0.203125, 0.21875, 0.234375]","[154749.38571156547, 876106.9067082779, 1710291.3768915324, 1721880.1384885088, 1236443.3975593029, 1200279.6938555273, 1385236.6101427814, 1437054.047422281, 1048940.2936461223, 664501.8455342907, 393060.29715082515, 165807.0810689745, 58528.06662853267, 51528.956393907516, 141871.9518112762, 339557.7347245398]",3.0,0.3,flattop,64,32,145.14999999999995,15,21,449.5238095238095,38.00000000000006,1007.9999999999995,"[2, 5, 11, 17, 22, 25, 29, 38, 44, 52, 55, 60, 65, 74, 78, 84, 89, 95, 98, 101, 105]","[38.00000000000006, 368.0000000000002, 461.0, 192.99999999999994, 950.9999999999999, 154.0, 881.0000000000002, 243.0, 491.0000000000003, 185.99999999999977, 320.9999999999998, 942.9999999999998, 810.0000000000002, 205.0000000000001, 478.00000000000006, 275.9999999999999, 347.00000000000034, 79.00000000000011, 1007.9999999999995, 114.00000000000011, 893.0]","[1, 1, 1, 15, 1, 24, 27, 35, 35, 49, 35, 35, 63, 73, 73, 73, 35, 92, 35, 99, 99]","[3, 8, 18, 18, 35, 27, 35, 39, 49, 53, 56, 73, 73, 75, 81, 85, 92, 97, 106, 102, 106]",0.05,30,52684909.0,1015.9999999999998,-1015.9999999999998,DWT,uc1.l0082987033,0.0,0.0,0.0,0.0,0.0,4.547473508864641e-13,1.862645149230957e-09,2.2737367544323206e-13,1.0,84,0.0,3.637978807091713e-12,1.0,84,,0.0,0.0,1.0,84,0.0,0.0,0.0,6.103515625e-05,0.0,0.0,0.0,0.0,0.0,0.0,1.5158245029548808e-13,0.0,2.2737367544323206e-13,0.0,5.684341886080802e-14,0.0,0.0,0.0,5.684341886080802e-14,5.684341886080802e-14,8.326672684688674e-17,0.0,0.0,1.3877787807814457e-17,2.9103830456733704e-11,0.0,0.0,2.7755575615628914e-17,0.9317446081048444,0.458634362178496,0.11215371138699334,0.5905826017557858,0.4594154162133784,0.0,0.0,0.0,596,1.264440008833317,0.7149107638714162,87,0,0,0.0,0.0,542,0,0,0.5105061399278996,0.6943808883634942,70,284.13186492659827,0.6329045672782968,323.75,136.5055495877595,0.6073114567657634,355,db,413.2962962962963,398.0,188.41229481502944,243,0.9143723369387087,0.671803462110104,0.15839832550987273,5,267.5
rbio2.4,1,symmetric,9.991215535329752e-27,320.09883983299096,9405092.262550354,0.5775862068965517,465.5276241183536,108,raw,6.899830501188933e-14,-1.1767120611239144e-10,"[2, 5, 11, 17, 22, 25, 29, 38, 44, 52, 55, 60, 65, 74, 78, 84, 89, 95, 98, 101, 105]","[37.99999999999997, 368.0, 461.0, 192.9999999999999, 951.0000000000002, 154.0000000000001, 880.9999999999999, 242.99999999999994, 491.0000000000001, 185.9999999999999, 321.0, 943.0, 810.0000000000001, 205.0, 478.0, 276.0, 347.0000000000001, 79.00000000000011, 1008.0, 114.0, 893.0000000000002]",21,5.783393380967572,107347.11824752319,0.6853737300409274,4.365923718251291e-06,1.0,0.4907407407407407,67631.0,0.12910941990473743,0.15147910127183992,188156.12126451556,82872438.25058056,8,12069.579557418134,0.027777777777777776,"[0.0, 0.009259259259259259, 0.018518518518518517, 0.027777777777777776, 0.037037037037037035, 0.046296296296296294, 0.05555555555555555, 0.06481481481481481, 0.07407407407407407, 0.08333333333333333, 0.09259259259259259, 0.10185185185185185, 0.1111111111111111, 0.12037037037037036, 0.12962962962962962, 0.1388888888888889, 0.14814814814814814, 0.15740740740740738, 0.16666666666666666, 0.17592592592592593, 0.18518518518518517, 0.19444444444444442, 0.2037037037037037, 0.21296296296296297, 0.2222222222222222, 0.23148148148148145, 0.24074074074074073]","[67631.0, 1786.6346316370013, 1155.983184086938, 12069.579557418134, 1906.5778542068426, 950.5914327636032, 9083.877197385178, 2481.229636774485, 778.6316126029437, 8965.162396385991, 2042.6423114779182, 1606.7171021541512, 6927.939836298322, 1790.9411989177952, 2115.064375989648, 4469.146453396726, 811.3124818658853, 852.4454942250578, 2613.518509595829, 1125.833636154595, 622.5282936168384, 1595.9028958466972, 1672.0836322356438, 807.7671822537554, 3024.6344394117586, 842.7313814743653, 842.8235732269208]",3.0,0.3,145.15000000000003,15,0.5,1721880.138488509,0.14445541615564295,0.1241257545377801,16430975.452705404,84089526828.82368,"[0.046875, 0.03125]",2,1721880.138488509,0.046875,"[0.0, 0.015625, 0.03125, 0.046875, 0.0625, 0.078125, 0.09375, 0.109375, 0.125, 0.140625, 0.15625, 0.171875, 0.1875, 0.203125, 0.21875, 0.234375]","[154749.3857115654, 876106.9067082782, 1710291.3768915331, 1721880.138488509, 1236443.3975593029, 1200279.693855527, 1385236.6101427816, 1437054.0474222805, 1048940.2936461219, 664501.8455342907, 393060.2971508252, 165807.0810689745, 58528.066628532615, 51528.9563939075, 141871.95181127614, 339557.7347245399]",3.0,0.3,flattop,64,32,145.15000000000003,15,21,449.5238095238095,37.99999999999997,1008.0,"[2, 5, 11, 17, 22, 25, 29, 38, 44, 52, 55, 60, 65, 74, 78, 84, 89, 95, 98, 101, 105]","[37.99999999999997, 368.0, 461.0, 192.9999999999999, 951.0000000000002, 154.0000000000001, 880.9999999999999, 242.99999999999994, 491.0000000000001, 185.9999999999999, 321.0, 943.0, 810.0000000000001, 205.0, 478.0, 276.0, 347.0000000000001, 79.00000000000011, 1008.0, 114.0, 893.0000000000002]","[1, 1, 1, 15, 1, 24, 27, 35, 35, 49, 35, 35, 63, 73, 73, 73, 35, 92, 35, 99, 99]","[3, 8, 18, 18, 35, 27, 35, 39, 49, 53, 56, 73, 73, 75, 81, 85, 92, 97, 106, 102, 106]",0.05,30,52684909.0,1016.0,-1016.0,DWT,uc1.l0082987033,2.3283064365386963e-10,0.0,0.0,0.0,0.0,0.0,3.725290298461914e-09,0.0,1.0,84,0.0,3.637978807091713e-12,1.0,84,,0.0,0.0,1.0,84,0.0,0.0,0.0,3.0517578125e-05,0.0,0.0,0.0,0.0,0.0,0.0,6.902415147383829e-14,0.0,0.0,0.0,2.842170943040401e-14,0.0,0.0,0.0,2.842170943040401e-14,2.842170943040401e-14,2.7755575615628914e-17,2.3283064365386963e-10,0.0,2.7755575615628914e-17,2.9103830456733704e-11,0.0,0.0,2.7755575615628914e-17,0.9454162059645872,0.4345121997524033,0.02682093629815609,0.6593141976497784,0.05205542864080414,0.0,0.0,0.0,683,1.082464142120265,0.6120221294014981,184,0,0,0.0,0.0,428,0,0,0.42362379366114583,0.5762051485137566,200,234.35923280297706,0.6972102935362053,373.75,280.9904340953932,0.6071645782926505,356,rbio,366.5925925925926,360.0,210.3588723315502,135,0.8110455588331695,0.7500562468954116,0.20725123474815782,3,267.75
db16,1,antisymmetric,1.9549726255610497e-26,317.1836163060153,11108538.22623853,0.5289855072463768,399.3774902240423,108,raw,9.908123704210287e-14,-1.15322307259192e-10,"[2, 5, 11, 17, 22, 25, 29, 38, 44, 52, 55, 60, 65, 74, 78, 84, 89, 95, 98, 101, 105]","[37.99999999999997, 367.9999999999999, 461.0, 192.9999999999999, 950.9999999999998, 153.99999999999977, 881.0000000000002, 243.00000000000014, 490.99999999999994, 186.0000000000001, 320.9999999999999, 943.0, 809.9999999999998, 205.00000000000003, 478.00000000000034, 276.0, 347.0000000000002, 79.00000000000034, 1008.0000000000001, 114.0, 893.0000000000002]",21,5.946101008622889,347347.069753562,0.9470364690053488,4.36592371825129e-06,0.9999999999999998,0.4907407407407407,67631.0,0.1291094199047374,0.15147910127183994,188156.12126451556,82872438.25058056,8,12069.57955741813,0.027777777777777776,"[0.0, 0.009259259259259259, 0.018518518518518517, 0.027777777777777776, 0.037037037037037035, 0.046296296296296294, 0.05555555555555555, 0.06481481481481481, 0.07407407407407407, 0.08333333333333333, 0.09259259259259259, 0.10185185185185185, 0.1111111111111111, 0.12037037037037036, 0.12962962962962962, 0.1388888888888889, 0.14814814814814814, 0.15740740740740738, 0.16666666666666666, 0.17592592592592593, 0.18518518518518517, 0.19444444444444442, 0.2037037037037037, 0.21296296296296297, 0.2222222222222222, 0.23148148148148145, 0.24074074074074073]","[67631.0, 1786.634631637001, 1155.9831840869394, 12069.57955741813, 1906.577854206843, 950.5914327636011, 9083.877197385178, 2481.2296367744834, 778.6316126029448, 8965.162396385991, 2042.6423114779175, 1606.7171021541487, 6927.939836298323, 1790.9411989177934, 2115.064375989647, 4469.1464533967255, 811.3124818658857, 852.4454942250564, 2613.518509595828, 1125.8336361545944, 622.5282936168395, 1595.9028958466981, 1672.083632235643, 807.7671822537545, 3024.634439411759, 842.7313814743648, 842.8235732269187]",3.0,0.3,145.15000000000006,15,0.5,1721880.1384885088,0.14445541615564295,0.12412575453778009,16430975.452705402,84089526828.8237,"[0.046875, 0.03125]",2,1721880.1384885088,0.046875,"[0.0, 0.015625, 0.03125, 0.046875, 0.0625, 0.078125, 0.09375, 0.109375, 0.125, 0.140625, 0.15625, 0.171875, 0.1875, 0.203125, 0.21875, 0.234375]","[154749.38571156544, 876106.9067082778, 1710291.376891532, 1721880.1384885088, 1236443.3975593029, 1200279.693855527, 1385236.6101427819, 1437054.0474222808, 1048940.2936461223, 664501.8455342907, 393060.29715082515, 165807.08106897445, 58528.06662853246, 51528.95639390741, 141871.95181127623, 339557.73472454003]",3.0,0.3,flattop,64,32,145.15000000000006,15,21,449.5238095238095,37.99999999999997,1008.0000000000001,"[2, 5, 11, 17, 22, 25, 29, 38, 44, 52, 55, 60, 65, 74, 78, 84, 89, 95, 98, 101, 105]","[37.99999999999997, 367.9999999999999, 461.0, 192.9999999999999, 950.9999999999998, 153.99999999999977, 881.0000000000002, 243.00000000000014, 490.99999999999994, 186.0000000000001, 320.9999999999999, 943.0, 809.9999999999998, 205.00000000000003, 478.00000000000034, 276.0, 347.0000000000002, 79.00000000000034, 1008.0000000000001, 114.0, 893.0000000000002]","[1, 1, 1, 15, 1, 24, 27, 35, 35, 49, 35, 35, 63, 73, 73, 73, 35, 92, 35, 99, 99]","[3, 8, 18, 18, 35, 27, 35, 39, 49, 53, 56, 73, 73, 75, 81, 85, 92, 97, 106, 102, 106]",0.05,30,52684909.0,1016.0000000000001,-1016.0000000000001,DWT,uc1.l0082987033,0.0,0.0,0.0,0.0,0.0,1.1368683772161603e-13,1.862645149230957e-09,1.1368683772161603e-13,1.0,84,0.0,0.0,1.0,84,,0.0,0.0,1.0,84,0.0,0.0,0.0,4.57763671875e-05,0.0,0.0,0.0,0.0,0.0,0.0,1.3669488821289543e-13,0.0,1.1368683772161603e-13,0.0,5.684341886080802e-14,0.0,0.0,0.0,5.684341886080802e-14,2.842170943040401e-14,5.551115123125783e-17,0.0,2.7755575615628914e-17,1.3877787807814457e-17,2.9103830456733704e-11,0.0,0.0,2.7755575615628914e-17,0.9154865622650181,0.6429965564938943,0.19206126976234805,0.11683264512994945,0.7017119203768036,0.0,0.0,0.0,603,1.294238676689833,0.7317588454338692,74,0,0,0.0,0.0,534,0,0,0.5138177908056029,0.6988853338511315,66,289.2027835274066,0.6263529928586478,319.25,124.23879421223009,0.606942646300125,357,db,413.2962962962963,398.0,188.41229481502944,243,0.9143723369387087,0.671803462110104,0.15839832550987273,5,269.0
rbio2.6,1,constant,9.820821579802013e-27,320.17354490131373,9246463.584767697,0.5916666666666667,396.06888615166326,108,raw,6.755090314274838e-14,-1.1744138994629406e-10,"[2, 5, 11, 17, 22, 25, 29, 38, 44, 52, 55, 60, 65, 74, 78, 84, 89, 95, 98, 101, 105]","[37.99999999999997, 368.0, 461.0, 192.9999999999999, 951.0000000000002, 154.0000000000001, 881.0000000000001, 242.99999999999997, 491.0000000000001, 186.0, 321.0, 943.0, 810.0, 205.0, 478.0, 276.0, 347.0000000000002, 79.0, 1008.0, 113.99999999999989, 893.0000000000001]",21,5.732886726578402,120342.56693393285,0.7469357821408846,4.365923718251291e-06,1.0,0.4907407407407407,67631.0,0.1291094199047374,0.15147910127183992,188156.1212645156,82872438.25058056,8,12069.579557418134,0.027777777777777776,"[0.0, 0.009259259259259259, 0.018518518518518517, 0.027777777777777776, 0.037037037037037035, 0.046296296296296294, 0.05555555555555555, 0.06481481481481481, 0.07407407407407407, 0.08333333333333333, 0.09259259259259259, 0.10185185185185185, 0.1111111111111111, 0.12037037037037036, 0.12962962962962962, 0.1388888888888889, 0.14814814814814814, 0.15740740740740738, 0.16666666666666666, 0.17592592592592593, 0.18518518518518517, 0.19444444444444442, 0.2037037037037037, 0.21296296296296297, 0.2222222222222222, 0.23148148148148145, 0.24074074074074073]","[67631.0, 1786.6346316370013, 1155.9831840869385, 12069.579557418134, 1906.577854206843, 950.5914327636027, 9083.877197385178, 2481.2296367744852, 778.6316126029438, 8965.162396385991, 2042.6423114779182, 1606.71710215415, 6927.939836298322, 1790.941198917795, 2115.064375989648, 4469.1464533967255, 811.3124818658847, 852.4454942250582, 2613.518509595829, 1125.833636154595, 622.5282936168379, 1595.9028958466977, 1672.0836322356438, 807.767182253756, 3024.6344394117605, 842.7313814743654, 842.8235732269212]",3.0,0.3,145.15000000000003,15,0.5,1721880.1384885092,0.14445541615564295,0.12412575453778009,16430975.452705404,84089526828.82372,"[0.046875, 0.03125]",2,1721880.1384885092,0.046875,"[0.0, 0.015625, 0.03125, 0.046875, 0.0625, 0.078125, 0.09375, 0.109375, 0.125, 0.140625, 0.15625, 0.171875, 0.1875, 0.203125, 0.21875, 0.234375]","[154749.38571156544, 876106.906708278, 1710291.3768915334, 1721880.1384885092, 1236443.3975593029, 1200279.693855527, 1385236.6101427816, 1437054.0474222808, 1048940.2936461219, 664501.8455342905, 393060.29715082515, 165807.08106897445, 58528.0666285326, 51528.9563939075, 141871.95181127623, 339557.7347245399]",3.0,0.3,flattop,64,32,145.15000000000003,15,21,449.5238095238095,37.99999999999997,1008.0,"[2, 5, 11, 17, 22, 25, 29, 38, 44, 52, 55, 60, 65, 74, 78, 84, 89, 95, 98, 101, 105]","[37.99999999999997, 368.0, 461.0, 192.9999999999999, 951.0000000000002, 154.0000000000001, 881.0000000000001, 242.99999999999997, 491.0000000000001, 186.0, 321.0, 943.0, 810.0, 205.0, 478.0, 276.0, 347.0000000000002, 79.0, 1008.0, 113.99999999999989, 893.0000000000001]","[1, 1, 1, 15, 1, 24, 27, 35, 35, 49, 35, 35, 63, 73, 73, 73, 35, 92, 35, 99, 99]","[3, 8, 18, 18, 35, 27, 35, 39, 49, 53, 56, 73, 73, 75, 81, 85, 92, 97, 106, 102, 106]",0.05,30,52684909.0,1016.0,-1016.0,DWT,uc1.l0082987033,4.656612873077393e-10,0.0,0.0,0.0,0.0,0.0,3.725290298461914e-09,0.0,1.0,84,0.0,3.637978807091713e-12,1.0,84,,0.0,0.0,1.0,84,0.0,0.0,0.0,6.103515625e-05,0.0,0.0,0.0,0.0,0.0,0.0,5.684341886080802e-14,0.0,0.0,0.0,2.842170943040401e-14,0.0,0.0,0.0,2.842170943040401e-14,2.842170943040401e-14,5.551115123125783e-17,4.656612873077393e-10,0.0,1.3877787807814457e-17,5.820766091346741e-11,0.0,0.0,2.7755575615628914e-17,0.9461831783962936,0.36979582779596526,0.011433388836986233,0.8164804469273744,0.08723284242430512,0.0,0.0,0.0,708,1.1198098310949236,0.6331372751147473,159,0,0,0.0,0.0,372,0,0,0.446225136876185,0.6069470721703137,161,258.74698065871223,0.6657015753763408,350.0,240.94803817194096,0.6067525964737002,358,rbio,366.5925925925926,360.0,210.3588723315502,135,0.8110455588331695,0.7500562468954116,0.20725123474815782,3,269.25
db12,1,symmetric,2.0543690996188972e-26,316.9682383709753,10353892.528182607,0.5846153846153846,463.83510130962657,108,raw,9.996941546180295e-14,-1.172419938910714e-10,"[2, 5, 11, 17, 22, 25, 29, 38, 44, 52, 55, 60, 65, 74, 78, 84, 89, 95, 98, 101, 105]","[38.00000000000003, 367.9999999999998, 461.0000000000003, 192.99999999999972, 951.0000000000001, 153.9999999999999, 881.0, 243.0, 490.99999999999994, 186.0000000000001, 320.9999999999998, 943.0, 809.9999999999999, 204.99999999999997, 477.9999999999998, 275.9999999999999, 346.99999999999955, 79.00000000000011, 1007.9999999999999, 114.0, 893.0]",21,5.896411732842706,98754.14974441685,0.7827251743831496,4.365923718251291e-06,1.0,0.4907407407407407,67631.0,0.12910941990473743,0.15147910127183992,188156.12126451553,82872438.25058056,8,12069.579557418136,0.027777777777777776,"[0.0, 0.009259259259259259, 0.018518518518518517, 0.027777777777777776, 0.037037037037037035, 0.046296296296296294, 0.05555555555555555, 0.06481481481481481, 0.07407407407407407, 0.08333333333333333, 0.09259259259259259, 0.10185185185185185, 0.1111111111111111, 0.12037037037037036, 0.12962962962962962, 0.1388888888888889, 0.14814814814814814, 0.15740740740740738, 0.16666666666666666, 0.17592592592592593, 0.18518518518518517, 0.19444444444444442, 0.2037037037037037, 0.21296296296296297, 0.2222222222222222, 0.23148148148148145, 0.24074074074074073]","[67631.0, 1786.6346316370007, 1155.9831840869379, 12069.579557418136, 1906.5778542068422, 950.5914327635991, 9083.87719738518, 2481.229636774483, 778.6316126029456, 8965.16239638599, 2042.6423114779172, 1606.7171021541508, 6927.939836298322, 1790.9411989177936, 2115.064375989648, 4469.146453396727, 811.3124818658853, 852.4454942250561, 2613.518509595829, 1125.8336361545928, 622.5282936168362, 1595.9028958466972, 1672.0836322356417, 807.7671822537574, 3024.634439411761, 842.7313814743644, 842.8235732269203]",3.0,0.3,145.15000000000003,15,0.5,1721880.1384885088,0.1444554161556429,0.12412575453778009,16430975.452705404,84089526828.82372,"[0.046875, 0.03125]",2,1721880.1384885088,0.046875,"[0.0, 0.015625, 0.03125, 0.046875, 0.0625, 0.078125, 0.09375, 0.109375, 0.125, 0.140625, 0.15625, 0.171875, 0.1875, 0.203125, 0.21875, 0.234375]","[154749.3857115656, 876106.9067082782, 1710291.3768915324, 1721880.1384885088, 1236443.3975593029, 1200279.6938555273, 1385236.610142782, 1437054.047422281, 1048940.2936461226, 664501.8455342907, 393060.29715082515, 165807.08106897445, 58528.066628532586, 51528.95639390756, 141871.9518112763, 339557.7347245399]",3.0,0.3,flattop,64,32,145.15000000000003,15,21,449.5238095238095,38.00000000000003,1007.9999999999999,"[2, 5, 11, 17, 22, 25, 29, 38, 44, 52, 55, 60, 65, 74, 78, 84, 89, 95, 98, 101, 105]","[38.00000000000003, 367.9999999999998, 461.0000000000003, 192.99999999999972, 951.0000000000001, 153.9999999999999, 881.0, 243.0, 490.99999999999994, 186.0000000000001, 320.9999999999998, 943.0, 809.9999999999999, 204.99999999999997, 477.9999999999998, 275.9999999999999, 346.99999999999955, 79.00000000000011, 1007.9999999999999, 114.0, 893.0]","[1, 1, 1, 15, 1, 24, 27, 35, 35, 49, 35, 35, 63, 73, 73, 73, 35, 92, 35, 99, 99]","[3, 8, 18, 18, 35, 27, 35, 39, 49, 53, 56, 73, 73, 75, 81, 85, 92, 97, 106, 102, 106]",0.05,30,52684909.0,1016.0,-1016.0,DWT,uc1.l0082987033,0.0,0.0,0.0,0.0,0.0,1.1368683772161603e-13,3.725290298461914e-09,0.0,1.0,84,0.0,5.4569682106375694e-12,1.0,84,,0.0,0.0,1.0,84,0.0,0.0,0.0,6.103515625e-05,0.0,0.0,0.0,0.0,0.0,0.0,1.2451415559986516e-13,0.0,0.0,0.0,2.842170943040401e-14,0.0,0.0,0.0,2.842170943040401e-14,2.842170943040401e-14,2.7755575615628914e-17,0.0,0.0,1.3877787807814457e-17,0.0,0.0,0.0,2.7755575615628914e-17,0.9132753476542524,0.5793275272832442,0.11885794576368602,0.7377739578856901,0.028795099893672946,0.0,0.0,0.0,626,1.203685568227762,0.6805603769503523,115,0,0,0.0,0.0,514,0,0,0.47560597569610913,0.6469103387502708,114,266.928673369248,0.6551309129596279,342.25,190.38053441345102,0.606473725213664,359,db,413.2962962962963,398.0,188.41229481502944,243,0.9143723369387087,0.671803462110104,0.15839832550987273,5,270.5
rbio2.6,1,smooth,9.828651754713095e-27,320.17008363608966,9255941.784041299,0.5916666666666667,423.7981206984657,108,raw,6.784696261598176e-14,-1.1745160399812058e-10,"[2, 5, 11, 17, 22, 25, 29, 38, 44, 52, 55, 60, 65, 74, 78, 84, 89, 95, 98, 101, 105]","[38.0, 368.0, 461.0, 192.9999999999999, 951.0000000000002, 154.0000000000001, 881.0000000000001, 242.99999999999997, 491.0000000000001, 186.0, 321.0, 943.0, 810.0, 205.0, 478.0, 276.0, 347.0000000000002, 79.0, 1008.0, 113.99999999999989, 893.0000000000001]",21,5.7557938516971925,112266.73189029482,0.7286357009913143,4.365923718251291e-06,1.0,0.4907407407407407,67631.0,0.1291094199047374,0.15147910127183992,188156.1212645156,82872438.25058056,8,12069.579557418134,0.027777777777777776,"[0.0, 0.009259259259259259, 0.018518518518518517, 0.027777777777777776, 0.037037037037037035, 0.046296296296296294, 0.05555555555555555, 0.06481481481481481, 0.07407407407407407, 0.08333333333333333, 0.09259259259259259, 0.10185185185185185, 0.1111111111111111, 0.12037037037037036, 0.12962962962962962, 0.1388888888888889, 0.14814814814814814, 0.15740740740740738, 0.16666666666666666, 0.17592592592592593, 0.18518518518518517, 0.19444444444444442, 0.2037037037037037, 0.21296296296296297, 0.2222222222222222, 0.23148148148148145, 0.24074074074074073]","[67631.0, 1786.6346316370013, 1155.9831840869385, 12069.579557418134, 1906.577854206843, 950.5914327636027, 9083.877197385178, 2481.2296367744852, 778.6316126029438, 8965.162396385991, 2042.6423114779182, 1606.7171021541506, 6927.939836298322, 1790.941198917795, 2115.064375989648, 4469.1464533967255, 811.3124818658847, 852.4454942250584, 2613.518509595829, 1125.833636154595, 622.5282936168379, 1595.9028958466977, 1672.0836322356438, 807.767182253756, 3024.6344394117605, 842.7313814743653, 842.8235732269212]",3.0,0.3,145.15000000000003,15,0.5,1721880.1384885092,0.14445541615564295,0.12412575453778009,16430975.452705404,84089526828.82372,"[0.046875, 0.03125]",2,1721880.1384885092,0.046875,"[0.0, 0.015625, 0.03125, 0.046875, 0.0625, 0.078125, 0.09375, 0.109375, 0.125, 0.140625, 0.15625, 0.171875, 0.1875, 0.203125, 0.21875, 0.234375]","[154749.38571156544, 876106.906708278, 1710291.3768915334, 1721880.1384885092, 1236443.3975593029, 1200279.693855527, 1385236.6101427816, 1437054.0474222808, 1048940.2936461219, 664501.8455342905, 393060.29715082515, 165807.08106897445, 58528.0666285326, 51528.9563939075, 141871.95181127623, 339557.7347245399]",3.0,0.3,flattop,64,32,145.15000000000003,15,21,449.5238095238095,38.0,1008.0,"[2, 5, 11, 17, 22, 25, 29, 38, 44, 52, 55, 60, 65, 74, 78, 84, 89, 95, 98, 101, 105]","[38.0, 368.0, 461.0, 192.9999999999999, 951.0000000000002, 154.0000000000001, 881.0000000000001, 242.99999999999997, 491.0000000000001, 186.0, 321.0, 943.0, 810.0, 205.0, 478.0, 276.0, 347.0000000000002, 79.0, 1008.0, 113.99999999999989, 893.0000000000001]","[1, 1, 1, 15, 1, 24, 27, 35, 35, 49, 35, 35, 63, 73, 73, 73, 35, 92, 35, 99, 99]","[3, 8, 18, 18, 35, 27, 35, 39, 49, 53, 56, 73, 73, 75, 81, 85, 92, 97, 106, 102, 106]",0.05,30,52684909.0,1016.0,-1016.0,DWT,uc1.l0082987033,4.656612873077393e-10,0.0,0.0,0.0,0.0,0.0,3.725290298461914e-09,0.0,1.0,84,0.0,3.637978807091713e-12,1.0,84,,0.0,0.0,1.0,84,0.0,0.0,0.0,6.103515625e-05,0.0,0.0,0.0,0.0,0.0,0.0,5.5490004126026876e-14,0.0,0.0,0.0,2.842170943040401e-14,0.0,0.0,0.0,2.842170943040401e-14,0.0,5.551115123125783e-17,4.656612873077393e-10,0.0,1.3877787807814457e-17,5.820766091346741e-11,0.0,0.0,2.7755575615628914e-17,0.9461476427216027,0.3991477230574775,0.012352807968555826,0.8164804469273744,0.06537234358101052,0.0,0.0,0.0,705,1.1261799673493322,0.6367389319302464,149,0,0,0.0,0.0,382,0,0,0.44790019285120425,0.6092254519291873,157,261.20665509643254,0.6625237014257978,348.25,233.68475942466193,0.606294150454501,360,rbio,366.5925925925926,360.0,210.3588723315502,135,0.8110455588331695,0.7500562468954116,0.20725123474815782,3,270.75
db15,1,reflect,1.8524557683669948e-26,317.41754464184334,11107142.188390708,0.5367647058823529,431.87976764467567,108,raw,1.0296290569116265e-13,-1.0720180299017622e-10,"[2, 5, 11, 17, 22, 25, 29, 38, 44, 52, 55, 60, 65, 74, 78, 84, 89, 95, 98, 101, 105]","[37.99999999999994, 367.9999999999999, 460.99999999999983, 193.00000000000023, 950.9999999999998, 154.00000000000023, 881.0000000000001, 242.99999999999991, 490.99999999999994, 185.99999999999977, 321.0, 943.0000000000002, 810.0, 205.0, 478.00000000000006, 275.9999999999998, 347.0, 78.99999999999977, 1008.0000000000001, 114.0, 892.9999999999994]",21,5.941061039535513,92122.22460928964,0.7766246690873694,4.365923718251292e-06,1.0,0.4907407407407407,67631.0,0.12910941990473737,0.15147910127183992,188156.12126451556,82872438.25058056,8,12069.579557418134,0.027777777777777776,"[0.0, 0.009259259259259259, 0.018518518518518517, 0.027777777777777776, 0.037037037037037035, 0.046296296296296294, 0.05555555555555555, 0.06481481481481481, 0.07407407407407407, 0.08333333333333333, 0.09259259259259259, 0.10185185185185185, 0.1111111111111111, 0.12037037037037036, 0.12962962962962962, 0.1388888888888889, 0.14814814814814814, 0.15740740740740738, 0.16666666666666666, 0.17592592592592593, 0.18518518518518517, 0.19444444444444442, 0.2037037037037037, 0.21296296296296297, 0.2222222222222222, 0.23148148148148145, 0.24074074074074073]","[67631.0, 1786.6346316370016, 1155.98318408694, 12069.579557418134, 1906.5778542068438, 950.5914327636003, 9083.877197385176, 2481.2296367744834, 778.6316126029474, 8965.16239638599, 2042.6423114779166, 1606.7171021541456, 6927.939836298322, 1790.9411989177936, 2115.064375989649, 4469.1464533967255, 811.3124818658875, 852.4454942250569, 2613.5185095958263, 1125.8336361545914, 622.528293616837, 1595.9028958466981, 1672.0836322356427, 807.7671822537568, 3024.6344394117596, 842.7313814743673, 842.8235732269198]",3.0,0.3,145.15000000000006,15,0.5,1721880.1384885088,0.14445541615564295,0.12412575453778009,16430975.452705398,84089526828.82367,"[0.046875, 0.03125]",2,1721880.1384885088,0.046875,"[0.0, 0.015625, 0.03125, 0.046875, 0.0625, 0.078125, 0.09375, 0.109375, 0.125, 0.140625, 0.15625, 0.171875, 0.1875, 0.203125, 0.21875, 0.234375]","[154749.38571156553, 876106.906708278, 1710291.3768915327, 1721880.1384885088, 1236443.3975593026, 1200279.6938555266, 1385236.610142781, 1437054.04742228, 1048940.2936461219, 664501.8455342907, 393060.29715082515, 165807.08106897463, 58528.0666285327, 51528.95639390758, 141871.9518112762, 339557.73472453974]",3.0,0.3,flattop,64,32,145.15000000000006,15,21,449.5238095238095,37.99999999999994,1008.0000000000001,"[2, 5, 11, 17, 22, 25, 29, 38, 44, 52, 55, 60, 65, 74, 78, 84, 89, 95, 98, 101, 105]","[37.99999999999994, 367.9999999999999, 460.99999999999983, 193.00000000000023, 950.9999999999998, 154.00000000000023, 881.0000000000001, 242.99999999999991, 490.99999999999994, 185.99999999999977, 321.0, 943.0000000000002, 810.0, 205.0, 478.00000000000006, 275.9999999999998, 347.0, 78.99999999999977, 1008.0000000000001, 114.0, 892.9999999999994]","[1, 1, 1, 15, 1, 24, 27, 35, 35, 49, 35, 35, 63, 73, 73, 73, 35, 92, 35, 99, 99]","[3, 8, 18, 18, 35, 27, 35, 39, 49, 53, 56, 73, 73, 75, 81, 85, 92, 97, 106, 102, 106]",0.05,30,52684909.0,1016.0000000000002,-1016.0000000000002,DWT,uc1.l0082987033,0.0,0.0,0.0,0.0,0.0,1.1368683772161603e-13,1.862645149230957e-09,2.2737367544323206e-13,1.0,84,0.0,3.637978807091713e-12,1.0,84,,0.0,0.0,1.0,84,0.0,0.0,0.0,1.52587890625e-05,0.0,0.0,0.0,0.0,0.0,0.0,1.3940171768245774e-13,0.0,2.2737367544323206e-13,0.0,5.684341886080802e-14,0.0,0.0,0.0,5.684341886080802e-14,5.684341886080802e-14,8.326672684688674e-17,0.0,0.0,1.3877787807814457e-17,2.9103830456733704e-11,0.0,0.0,2.7755575615628914e-17,0.9178882277557701,0.6365386249984855,0.19192584911243007,0.20366414722313508,0.010843124529902382,0.0,0.0,0.0,612,1.0507680824101346,0.5941012679127896,232,0,0,0.0,0.0,552,0,0,0.39217199472394465,0.5334250007769866,275,192.0388415572919,0.751887801605566,417.75,351.11466985285267,0.6060795597175117,361,db,413.2962962962963,398.0,188.41229481502944,243,0.9143723369387087,0.671803462110104,0.15839832550987273,5,272.0
sym8,1,antireflect,5.889273785247822e-21,262.3944056656543,10112264.285823837,0.5491803278688525,397.63824228612856,108,raw,5.523250992369966e-11,2.7263680201500263e-10,"[2, 5, 11, 17, 22, 25, 29, 38, 44, 52, 55, 60, 65, 74, 78, 84, 89, 95, 98, 101, 105]","[37.99999999999915, 367.9999999999454, 460.9999999998752, 193.0000000000938, 950.9999999998479, 154.00000000015837, 881.0000000000614, 243.00000000002908, 490.99999999985687, 185.9999999999701, 320.99999999992895, 942.9999999997747, 810.0000000000637, 205.00000000007574, 477.9999999999641, 276.00000000000443, 346.9999999999667, 78.99999999978809, 1008.0000000000864, 114.0000000001977, 892.9999999998114]",21,5.779065406670755,235213.7122753707,0.9112587184336182,4.365923718251929e-06,0.9999999999999997,0.4907407407407407,67630.99999999962,0.12910941990473573,0.15147910127183808,188156.1212645053,82872438.25057907,8,12069.579557418132,0.027777777777777776,"[0.0, 0.009259259259259259, 0.018518518518518517, 0.027777777777777776, 0.037037037037037035, 0.046296296296296294, 0.05555555555555555, 0.06481481481481481, 0.07407407407407407, 0.08333333333333333, 0.09259259259259259, 0.10185185185185185, 0.1111111111111111, 0.12037037037037036, 0.12962962962962962, 0.1388888888888889, 0.14814814814814814, 0.15740740740740738, 0.16666666666666666, 0.17592592592592593, 0.18518518518518517, 0.19444444444444442, 0.2037037037037037, 0.21296296296296297, 0.2222222222222222, 0.23148148148148145, 0.24074074074074073]","[67630.99999999962, 1786.6346316367367, 1155.9831840868296, 12069.579557418132, 1906.57785420686, 950.5914327631393, 9083.87719738442, 2481.2296367741187, 778.6316126031659, 8965.162396383796, 2042.6423114770212, 1606.717102153999, 6927.939836295857, 1790.9411989173204, 2115.0643759885347, 4469.14645339524, 811.3124818655574, 852.445494224977, 2613.518509595147, 1125.8336361543895, 622.5282936168683, 1595.9028958468125, 1672.083632235922, 807.7671822541837, 3024.6344394128782, 842.7313814748202, 842.8235732272756]",3.0,0.3,145.15000000003258,15,0.5,1721880.1384882606,0.14445541615565666,0.1241257545377828,16430975.452701515,84089526828.75574,"[0.046875, 0.03125]",2,1721880.1384882606,0.046875,"[0.0, 0.015625, 0.03125, 0.046875, 0.0625, 0.078125, 0.09375, 0.109375, 0.125, 0.140625, 0.15625, 0.171875, 0.1875, 0.203125, 0.21875, 0.234375]","[154749.38571155228, 876106.90670818, 1710291.3768913036, 1721880.1384882606, 1236443.3975589564, 1200279.693854932, 1385236.6101419113, 1437054.0474212999, 1048940.2936453486, 664501.8455337954, 393060.29715055536, 165807.08106887928, 58528.06662852324, 51528.95639395509, 141871.9518114326, 339557.73472488706]",3.0,0.3,flattop,64,32,145.15000000003258,15,21,449.5238095237857,37.99999999999915,1008.0000000000864,"[2, 5, 11, 17, 22, 25, 29, 38, 44, 52, 55, 60, 65, 74, 78, 84, 89, 95, 98, 101, 105]","[37.99999999999915, 367.9999999999454, 460.9999999998752, 193.0000000000938, 950.9999999998479, 154.00000000015837, 881.0000000000614, 243.00000000002908, 490.99999999985687, 185.9999999999701, 320.99999999992895, 942.9999999997747, 810.0000000000637, 205.00000000007574, 477.9999999999641, 276.00000000000443, 346.9999999999667, 78.99999999978809, 1008.0000000000864, 114.0000000001977, 892.9999999998114]","[1, 1, 1, 15, 1, 24, 27, 35, 35, 49, 35, 35, 63, 73, 73, 73, 35, 92, 35, 99, 99]","[3, 8, 18, 18, 35, 27, 35, 39, 49, 53, 56, 73, 73, 75, 81, 85, 92, 97, 106, 102, 106]",0.05,30,52684908.99999767,1015.9999999999889,-1015.9999999999889,DWT,uc1.l0082987033,2.48197466135025e-07,0.0,2.3817392502678558e-11,1.4901161193847656e-06,0.0,8.640199666842818e-11,3.885477781295776e-06,1.1141310096718371e-11,1.0,84,0.0,1.8189894035458565e-12,1.0,84,,0.0,0.0,1.0,84,0.0,0.0,2.332031726837158e-06,0.0679168701171875,3.7834979593753815e-10,0.0,0.0,0.0,2.3817392502678558e-11,5.002220859751105e-10,9.72455555234947e-11,0.0,1.1141310096718371e-11,0.0,3.257127900724299e-11,0.0,0.0,0.0,3.257127900724299e-11,8.526512829121202e-13,1.7208456881689926e-15,2.48197466135025e-07,1.8318679906315083e-15,2.7200464103316335e-15,1.0244548320770264e-08,0.0,0.0,1.3739009929736312e-14,0.35298370858235184,0.4289665781348527,0.09541914453791461,0.3422474585584768,0.3981778439375111,0.009815296810812507,0.004907648405406253,0.009815296810812507,164,0.7701532074841899,0.4354424203711861,616,0,0,0.009815296810812507,0.009815296810812507,164,0,0,0.32355894675022145,0.4400988182318563,537,240.3308483459139,0.6894950279768555,370.25,255.09071844039326,0.6055679274251202,362,sym,445.72514619883043,505.0,280.45746329325993,171,0.986117580085908,1.0,0.009717693939864401,6,273.0
db21,1,constant,3.20295057762069e-26,315.0395207374585,9311901.668017881,0.5608108108108109,200.87981489094122,108,raw,1.3668079014274152e-13,-1.0674372497021592e-10,"[2, 5, 11, 17, 22, 25, 29, 38, 44, 52, 55, 60, 65, 74, 78, 84, 89, 95, 98, 101, 105]","[38.00000000000006, 368.00000000000034, 460.9999999999996, 193.0000000000001, 951.0, 154.0000000000001, 881.0000000000002, 243.00000000000003, 491.00000000000034, 185.99999999999955, 320.9999999999991, 943.0, 810.0, 204.99999999999994, 478.0000000000002, 276.0, 346.9999999999998, 78.99999999999989, 1007.9999999999999, 114.00000000000034, 893.0000000000001]",21,5.666147859839182,136778.5248819308,0.8839210162735394,4.365923718251291e-06,1.0,0.4907407407407407,67631.0,0.12910941990473743,0.15147910127183992,188156.12126451553,82872438.25058056,8,12069.579557418134,0.027777777777777776,"[0.0, 0.009259259259259259, 0.018518518518518517, 0.027777777777777776, 0.037037037037037035, 0.046296296296296294, 0.05555555555555555, 0.06481481481481481, 0.07407407407407407, 0.08333333333333333, 0.09259259259259259, 0.10185185185185185, 0.1111111111111111, 0.12037037037037036, 0.12962962962962962, 0.1388888888888889, 0.14814814814814814, 0.15740740740740738, 0.16666666666666666, 0.17592592592592593, 0.18518518518518517, 0.19444444444444442, 0.2037037037037037, 0.21296296296296297, 0.2222222222222222, 0.23148148148148145, 0.24074074074074073]","[67631.0, 1786.6346316370002, 1155.9831840869383, 12069.579557418134, 1906.5778542068429, 950.5914327636019, 9083.877197385176, 2481.229636774483, 778.6316126029453, 8965.162396385991, 2042.6423114779177, 1606.7171021541508, 6927.939836298324, 1790.9411989177945, 2115.0643759896525, 4469.146453396726, 811.3124818658868, 852.4454942250572, 2613.5185095958273, 1125.8336361545958, 622.5282936168361, 1595.9028958466968, 1672.0836322356424, 807.767182253757, 3024.6344394117614, 842.7313814743648, 842.8235732269202]",3.0,0.3,145.14999999999995,15,0.5,1721880.1384885085,0.14445541615564297,0.1241257545377801,16430975.452705402,84089526828.82368,"[0.046875, 0.03125]",2,1721880.1384885085,0.046875,"[0.0, 0.015625, 0.03125, 0.046875, 0.0625, 0.078125, 0.09375, 0.109375, 0.125, 0.140625, 0.15625, 0.171875, 0.1875, 0.203125, 0.21875, 0.234375]","[154749.38571156532, 876106.9067082775, 1710291.376891532, 1721880.1384885085, 1236443.3975593024, 1200279.6938555273, 1385236.6101427814, 1437054.0474222808, 1048940.293646122, 664501.8455342908, 393060.29715082527, 165807.08106897457, 58528.066628532615, 51528.95639390748, 141871.95181127626, 339557.73472454]",3.0,0.3,flattop,64,32,145.14999999999995,15,21,449.5238095238095,38.00000000000006,1007.9999999999999,"[2, 5, 11, 17, 22, 25, 29, 38, 44, 52, 55, 60, 65, 74, 78, 84, 89, 95, 98, 101, 105]","[38.00000000000006, 368.00000000000034, 460.9999999999996, 193.0000000000001, 951.0, 154.0000000000001, 881.0000000000002, 243.00000000000003, 491.00000000000034, 185.99999999999955, 320.9999999999991, 943.0, 810.0, 204.99999999999994, 478.0000000000002, 276.0, 346.9999999999998, 78.99999999999989, 1007.9999999999999, 114.00000000000034, 893.0000000000001]","[1, 1, 1, 15, 1, 24, 27, 35, 35, 49, 35, 35, 63, 73, 73, 73, 35, 92, 35, 99, 99]","[3, 8, 18, 18, 35, 27, 35, 39, 49, 53, 56, 73, 73, 75, 81, 85, 92, 97, 106, 102, 106]",0.05,30,52684909.0,1016.0,-1016.0,DWT,uc1.l0082987033,2.3283064365386963e-10,0.0,0.0,0.0,0.0,1.1368683772161603e-13,1.862645149230957e-09,0.0,1.0,84,0.0,3.637978807091713e-12,1.0,84,,0.0,0.0,1.0,84,0.0,0.0,0.0,3.0517578125e-05,0.0,0.0,0.0,0.0,0.0,0.0,1.9895196601282808e-13,0.0,0.0,0.0,5.684341886080802e-14,0.0,0.0,0.0,5.684341886080802e-14,5.684341886080802e-14,2.7755575615628914e-17,2.3283064365386963e-10,0.0,2.7755575615628914e-17,0.0,0.0,0.0,5.551115123125783e-17,0.8934738363690709,0.2842804164886471,0.017781116283594727,0.4720670391061459,0.1317233796590516,0.0,0.0,0.0,587,0.9286312357136425,0.5250454441816175,407,0,0,0.0,0.0,605,0,0,0.35986515758130205,0.48948184609036277,398,112.01897160749157,0.8552726465019489,499.25,480.42073254011103,0.6051234033543336,363,db,413.2962962962963,398.0,188.41229481502944,243,0.9143723369387087,0.671803462110104,0.15839832550987273,5,273.5
db17,1,antisymmetric,2.775761945494118e-26,315.6612009370446,11163301.10279357,0.5642857142857143,467.39273926913484,108,raw,1.253976346628473e-13,-1.0107048531438131e-10,"[2, 5, 11, 17, 22, 25, 29, 38, 44, 52, 55, 60, 65, 74, 78, 84, 89, 95, 98, 101, 105]","[38.00000000000014, 367.9999999999997, 461.00000000000006, 192.99999999999977, 950.9999999999999, 154.00000000000023, 880.9999999999999, 243.0, 491.0000000000001, 186.0, 321.0, 943.0000000000001, 810.0000000000002, 205.0, 478.0, 276.0000000000002, 346.9999999999998, 79.0, 1007.9999999999997, 114.00000000000011, 892.9999999999998]",21,5.972022512954444,353595.4678411124,0.9459930820323319,4.3659237182512925e-06,0.9999999999999997,0.4907407407407407,67631.0,0.12910941990473743,0.15147910127183992,188156.1212645155,82872438.25058056,8,12069.579557418128,0.027777777777777776,"[0.0, 0.009259259259259259, 0.018518518518518517, 0.027777777777777776, 0.037037037037037035, 0.046296296296296294, 0.05555555555555555, 0.06481481481481481, 0.07407407407407407, 0.08333333333333333, 0.09259259259259259, 0.10185185185185185, 0.1111111111111111, 0.12037037037037036, 0.12962962962962962, 0.1388888888888889, 0.14814814814814814, 0.15740740740740738, 0.16666666666666666, 0.17592592592592593, 0.18518518518518517, 0.19444444444444442, 0.2037037037037037, 0.21296296296296297, 0.2222222222222222, 0.23148148148148145, 0.24074074074074073]","[67631.0, 1786.6346316370013, 1155.983184086938, 12069.579557418128, 1906.5778542068442, 950.5914327636002, 9083.877197385174, 2481.229636774485, 778.6316126029436, 8965.162396385995, 2042.6423114779147, 1606.717102154151, 6927.939836298323, 1790.9411989177916, 2115.0643759896493, 4469.146453396724, 811.3124818658864, 852.4454942250571, 2613.518509595828, 1125.8336361545935, 622.5282936168383, 1595.9028958466968, 1672.0836322356433, 807.767182253759, 3024.634439411759, 842.7313814743655, 842.8235732269184]",3.0,0.3,145.14999999999984,15,0.5,1721880.1384885078,0.14445541615564295,0.12412575453778008,16430975.452705398,84089526828.82368,"[0.046875, 0.03125]",2,1721880.1384885078,0.046875,"[0.0, 0.015625, 0.03125, 0.046875, 0.0625, 0.078125, 0.09375, 0.109375, 0.125, 0.140625, 0.15625, 0.171875, 0.1875, 0.203125, 0.21875, 0.234375]","[154749.38571156556, 876106.9067082775, 1710291.3768915315, 1721880.1384885078, 1236443.3975593022, 1200279.693855527, 1385236.610142782, 1437054.047422281, 1048940.2936461226, 664501.845534291, 393060.2971508254, 165807.08106897457, 58528.06662853273, 51528.95639390756, 141871.95181127626, 339557.73472453986]",3.0,0.3,flattop,64,32,145.14999999999984,15,21,449.5238095238095,38.00000000000014,1007.9999999999997,"[2, 5, 11, 17, 22, 25, 29, 38, 44, 52, 55, 60, 65, 74, 78, 84, 89, 95, 98, 101, 105]","[38.00000000000014, 367.9999999999997, 461.00000000000006, 192.99999999999977, 950.9999999999999, 154.00000000000023, 880.9999999999999, 243.0, 491.0000000000001, 186.0, 321.0, 943.0000000000001, 810.0000000000002, 205.0, 478.0, 276.0000000000002, 346.9999999999998, 79.0, 1007.9999999999997, 114.00000000000011, 892.9999999999998]","[1, 1, 1, 15, 1, 24, 27, 35, 35, 49, 35, 35, 63, 73, 73, 73, 35, 92, 35, 99, 99]","[3, 8, 18, 18, 35, 27, 35, 39, 49, 53, 56, 73, 73, 75, 81, 85, 92, 97, 106, 102, 106]",0.05,30,52684909.0,1015.9999999999998,-1015.9999999999998,DWT,uc1.l0082987033,9.313225746154785e-10,0.0,0.0,0.0,0.0,3.410605131648481e-13,1.862645149230957e-09,2.2737367544323206e-13,1.0,84,0.0,1.8189894035458565e-12,1.0,84,,0.0,0.0,1.0,84,0.0,0.0,0.0,3.0517578125e-05,0.0,0.0,0.0,0.0,0.0,0.0,1.312812292737709e-13,0.0,2.2737367544323206e-13,0.0,1.7053025658242404e-13,0.0,0.0,0.0,1.7053025658242404e-13,1.4210854715202004e-13,2.7755575615628914e-17,9.313225746154785e-10,0.0,0.0,2.9103830456733704e-11,0.0,0.0,2.7755575615628914e-17,0.8998564230546253,0.676210906885534,0.1973734640886189,0.510853950518755,0.7186257253799092,0.0,0.0,0.0,635,1.4684979096793174,0.8302845172710863,30,0,0,0.0,0.0,495,0,0,0.6005840939854885,0.8169032340679132,28,314.6945609105227,0.5934178799605649,297.0,55.06409003104788,0.6048484748640034,364,db,413.2962962962963,398.0,188.41229481502944,243,0.9143723369387087,0.671803462110104,0.15839832550987273,5,274.25
db16,1,smooth,1.8302975420514533e-26,317.4698061469358,11145346.930016126,0.5362318840579711,316.8471695660799,108,raw,9.493640441683559e-14,-1.1416134704234145e-10,"[2, 5, 11, 17, 22, 25, 29, 38, 44, 52, 55, 60, 65, 74, 78, 84, 89, 95, 98, 101, 105]","[37.99999999999983, 367.9999999999998, 461.0000000000001, 192.99999999999983, 950.9999999999998, 154.0, 881.0000000000002, 243.00000000000014, 490.99999999999994, 186.0000000000001, 320.9999999999999, 943.0, 809.9999999999998, 205.00000000000003, 478.0000000000004, 276.0, 347.0000000000001, 79.00000000000023, 1008.0, 113.99999999999989, 893.0]",21,5.827659490208104,100263.90708238127,0.8652763500231669,4.36592371825129e-06,1.0,0.4907407407407407,67631.0,0.1291094199047374,0.15147910127183994,188156.12126451556,82872438.25058056,8,12069.579557418128,0.027777777777777776,"[0.0, 0.009259259259259259, 0.018518518518518517, 0.027777777777777776, 0.037037037037037035, 0.046296296296296294, 0.05555555555555555, 0.06481481481481481, 0.07407407407407407, 0.08333333333333333, 0.09259259259259259, 0.10185185185185185, 0.1111111111111111, 0.12037037037037036, 0.12962962962962962, 0.1388888888888889, 0.14814814814814814, 0.15740740740740738, 0.16666666666666666, 0.17592592592592593, 0.18518518518518517, 0.19444444444444442, 0.2037037037037037, 0.21296296296296297, 0.2222222222222222, 0.23148148148148145, 0.24074074074074073]","[67631.0, 1786.634631637001, 1155.9831840869397, 12069.579557418128, 1906.5778542068426, 950.5914327636008, 9083.87719738518, 2481.229636774483, 778.631612602945, 8965.162396385991, 2042.6423114779182, 1606.717102154149, 6927.939836298324, 1790.941198917794, 2115.0643759896466, 4469.1464533967255, 811.312481865886, 852.4454942250563, 2613.518509595828, 1125.8336361545946, 622.5282936168388, 1595.9028958466981, 1672.0836322356422, 807.7671822537553, 3024.634439411759, 842.7313814743654, 842.8235732269196]",3.0,0.3,145.15000000000018,15,0.5,1721880.1384885088,0.14445541615564295,0.12412575453778006,16430975.452705404,84089526828.8237,"[0.046875, 0.03125]",2,1721880.1384885088,0.046875,"[0.0, 0.015625, 0.03125, 0.046875, 0.0625, 0.078125, 0.09375, 0.109375, 0.125, 0.140625, 0.15625, 0.171875, 0.1875, 0.203125, 0.21875, 0.234375]","[154749.3857115655, 876106.9067082776, 1710291.3768915315, 1721880.1384885088, 1236443.3975593029, 1200279.6938555276, 1385236.6101427819, 1437054.047422281, 1048940.293646122, 664501.8455342907, 393060.2971508252, 165807.0810689744, 58528.06662853247, 51528.956393907414, 141871.95181127623, 339557.73472454]",3.0,0.3,flattop,64,32,145.15000000000018,15,21,449.5238095238095,37.99999999999983,1008.0,"[2, 5, 11, 17, 22, 25, 29, 38, 44, 52, 55, 60, 65, 74, 78, 84, 89, 95, 98, 101, 105]","[37.99999999999983, 367.9999999999998, 461.0000000000001, 192.99999999999983, 950.9999999999998, 154.0, 881.0000000000002, 243.00000000000014, 490.99999999999994, 186.0000000000001, 320.9999999999999, 943.0, 809.9999999999998, 205.00000000000003, 478.0000000000004, 276.0, 347.0000000000001, 79.00000000000023, 1008.0, 113.99999999999989, 893.0]","[1, 1, 1, 15, 1, 24, 27, 35, 35, 49, 35, 35, 63, 73, 73, 73, 35, 92, 35, 99, 99]","[3, 8, 18, 18, 35, 27, 35, 39, 49, 53, 56, 73, 73, 75, 81, 85, 92, 97, 106, 102, 106]",0.05,30,52684909.0,1016.0,-1016.0,DWT,uc1.l0082987033,0.0,0.0,0.0,0.0,0.0,0.0,3.725290298461914e-09,0.0,1.0,84,0.0,1.8189894035458565e-12,1.0,84,,0.0,0.0,1.0,84,0.0,0.0,0.0,4.57763671875e-05,0.0,0.0,0.0,0.0,0.0,0.0,1.2722098506942741e-13,0.0,0.0,0.0,1.7053025658242404e-13,0.0,0.0,0.0,1.7053025658242404e-13,1.7053025658242404e-13,5.551115123125783e-17,0.0,2.7755575615628914e-17,1.3877787807814457e-17,2.9103830456733704e-11,0.0,0.0,2.7755575615628914e-17,0.9184247794857308,0.4912322899132119,0.1956318452993764,0.19771678406606835,0.03288186595091511,0.0,0.0,0.0,606,0.9867263953045259,0.5578922812242638,305,0,0,0.0,0.0,573,0,0,0.3671775129430605,0.49942797487315177,375,147.4728788625217,0.8094665647771038,464.75,428.2324715964539,0.6045071841973374,365,db,413.2962962962963,398.0,188.41229481502944,243,0.9143723369387087,0.671803462110104,0.15839832550987273,5,275.0
rbio3.5,1,zero,7.164580826570047e-27,321.543115246877,9268110.949731093,0.559322033898305,474.89116774637847,108,raw,4.9195215802279105e-14,-1.1086698226137123e-10,"[2, 5, 11, 17, 22, 25, 29, 38, 44, 52, 55, 60, 65, 74, 78, 84, 89, 95, 98, 101, 105]","[38.0, 368.0, 461.00000000000006, 192.99999999999994, 951.0, 154.0, 881.0, 242.99999999999997, 491.0000000000001, 185.9999999999999, 321.0, 943.0, 810.0000000000002, 205.0, 478.0, 276.0, 346.9999999999998, 78.99999999999989, 1008.0000000000001, 114.0, 893.0]",21,5.820006646693436,128449.87467019579,0.6784079546065092,4.365923718251291e-06,0.9999999999999998,0.4907407407407407,67631.0,0.12910941990473743,0.15147910127183992,188156.12126451553,82872438.25058056,8,12069.57955741813,0.027777777777777776,"[0.0, 0.009259259259259259, 0.018518518518518517, 0.027777777777777776, 0.037037037037037035, 0.046296296296296294, 0.05555555555555555, 0.06481481481481481, 0.07407407407407407, 0.08333333333333333, 0.09259259259259259, 0.10185185185185185, 0.1111111111111111, 0.12037037037037036, 0.12962962962962962, 0.1388888888888889, 0.14814814814814814, 0.15740740740740738, 0.16666666666666666, 0.17592592592592593, 0.18518518518518517, 0.19444444444444442, 0.2037037037037037, 0.21296296296296297, 0.2222222222222222, 0.23148148148148145, 0.24074074074074073]","[67631.0, 1786.634631637001, 1155.9831840869383, 12069.57955741813, 1906.5778542068433, 950.591432763602, 9083.877197385176, 2481.2296367744843, 778.6316126029436, 8965.162396385991, 2042.642311477917, 1606.7171021541506, 6927.939836298324, 1790.9411989177927, 2115.0643759896493, 4469.146453396725, 811.3124818658862, 852.4454942250588, 2613.518509595828, 1125.8336361545946, 622.5282936168352, 1595.9028958466981, 1672.0836322356422, 807.7671822537562, 3024.6344394117596, 842.7313814743658, 842.823573226921]",3.0,0.3,145.15000000000003,15,0.5,1721880.1384885088,0.14445541615564292,0.12412575453778006,16430975.452705404,84089526828.82368,"[0.046875, 0.03125]",2,1721880.1384885088,0.046875,"[0.0, 0.015625, 0.03125, 0.046875, 0.0625, 0.078125, 0.09375, 0.109375, 0.125, 0.140625, 0.15625, 0.171875, 0.1875, 0.203125, 0.21875, 0.234375]","[154749.3857115655, 876106.906708278, 1710291.3768915324, 1721880.1384885088, 1236443.3975593026, 1200279.6938555269, 1385236.6101427816, 1437054.047422281, 1048940.2936461219, 664501.8455342908, 393060.2971508254, 165807.08106897466, 58528.06662853263, 51528.956393907494, 141871.95181127614, 339557.73472454003]",3.0,0.3,flattop,64,32,145.15000000000003,15,21,449.5238095238095,38.0,1008.0000000000001,"[2, 5, 11, 17, 22, 25, 29, 38, 44, 52, 55, 60, 65, 74, 78, 84, 89, 95, 98, 101, 105]","[38.0, 368.0, 461.00000000000006, 192.99999999999994, 951.0, 154.0, 881.0, 242.99999999999997, 491.0000000000001, 185.9999999999999, 321.0, 943.0, 810.0000000000002, 205.0, 478.0, 276.0, 346.9999999999998, 78.99999999999989, 1008.0000000000001, 114.0, 893.0]","[1, 1, 1, 15, 1, 24, 27, 35, 35, 49, 35, 35, 63, 73, 73, 73, 35, 92, 35, 99, 99]","[3, 8, 18, 18, 35, 27, 35, 39, 49, 53, 56, 73, 73, 75, 81, 85, 92, 97, 106, 102, 106]",0.05,30,52684909.0,1016.0,-1016.0,DWT,uc1.l0082987033,0.0,0.0,0.0,0.0,0.0,1.1368683772161603e-13,3.725290298461914e-09,0.0,1.0,84,0.0,0.0,1.0,84,,0.0,0.0,1.0,84,0.0,0.0,0.0,3.0517578125e-05,0.0,0.0,0.0,0.0,0.0,0.0,5.007634518690231e-14,0.0,0.0,0.0,2.842170943040401e-14,0.0,0.0,0.0,2.842170943040401e-14,0.0,2.7755575615628914e-17,0.0,0.0,1.3877787807814457e-17,0.0,0.0,0.0,0.0,0.9602441078876007,0.48142636882401246,0.013533260439269314,0.45544929457437705,0.10917853478096456,0.0,0.0,0.0,421,1.0494774111063379,0.5933715260497845,240,0,0,0.0,0.0,693,0,0,0.4039663133012449,0.5494674119662124,248,212.12653456526053,0.7259347098640045,400.5,332.85559993978165,0.6042464246994441,366,rbio,366.5925925925926,360.0,210.3588723315502,135,0.8110455588331695,0.7500562468954116,0.20725123474815782,3,275.25
sym20,1,periodic,1.5454219159119507e-17,228.20455244419531,11942436.338112118,0.5684931506849316,416.53499953445385,108,raw,3.136249449442875e-09,-9.638714503925542e-11,"[2, 5, 11, 17, 22, 25, 29, 38, 44, 52, 55, 60, 65, 74, 78, 84, 89, 95, 98, 101, 105]","[37.99999999809597, 367.9999999920843, 460.9999999943669, 192.99999999520003, 950.999999991393, 153.9999999941582, 880.9999999825247, 242.99999999537852, 490.99999999309773, 185.99999999706495, 320.99999999304896, 942.9999999941231, 809.999999983803, 204.99999999627755, 477.9999999920179, 275.9999999963602, 346.9999999942321, 79.00000000112254, 1007.9999999897502, 113.99999999556974, 892.9999999811638]",21,6.068587620428139,95476.84703247195,0.8179120534210197,4.3659237183720735e-06,1.0,0.4907407407407407,67631.0,0.12910941990394978,0.1514791012718618,188156.1212629087,82872438.2505645,8,12069.57955738639,0.027777777777777776,"[0.0, 0.009259259259259259, 0.018518518518518517, 0.027777777777777776, 0.037037037037037035, 0.046296296296296294, 0.05555555555555555, 0.06481481481481481, 0.07407407407407407, 0.08333333333333333, 0.09259259259259259, 0.10185185185185185, 0.1111111111111111, 0.12037037037037036, 0.12962962962962962, 0.1388888888888889, 0.14814814814814814, 0.15740740740740738, 0.16666666666666666, 0.17592592592592593, 0.18518518518518517, 0.19444444444444442, 0.2037037037037037, 0.21296296296296297, 0.2222222222222222, 0.23148148148148145, 0.24074074074074073]","[67631.0, 1786.6346316364345, 1155.9831840855163, 12069.57955738639, 1906.5778541985273, 950.5914327576627, 9083.877197311323, 2481.229636749986, 778.6316125940655, 8965.162396272279, 2042.6423114498584, 1606.7171021306956, 6927.939836192134, 1790.9411988891802, 2115.064375954566, 4469.146453319924, 811.312481851458, 852.445494209386, 2613.518509546236, 1125.8336361325883, 622.5282936043264, 1595.902895813796, 1672.0836322003267, 807.7671822363039, 3024.6344393450418, 842.7313814554533, 842.8235732077851]",3.0,0.3,145.15000000479034,15,0.5,1721880.1384706458,0.14445541615482324,0.12412575453789129,16430975.452304455,84089526825.86485,"[0.046875, 0.03125]",2,1721880.1384706458,0.046875,"[0.0, 0.015625, 0.03125, 0.046875, 0.0625, 0.078125, 0.09375, 0.109375, 0.125, 0.140625, 0.15625, 0.171875, 0.1875, 0.203125, 0.21875, 0.234375]","[154749.38571105688, 876106.906702003, 1710291.3768755586, 1721880.1384706458, 1236443.397539172, 1200279.693827207, 1385236.6101049718, 1437054.0473805498, 1048940.293613434, 664501.8455121908, 393060.2971371594, 165807.08106297764, 58528.066626256405, 51528.95639161807, 141871.95180482592, 339557.73470921745]",3.0,0.3,flattop,64,32,145.15000000479034,15,21,449.52380951670636,37.99999999809597,1007.9999999897502,"[2, 5, 11, 17, 22, 25, 29, 38, 44, 52, 55, 60, 65, 74, 78, 84, 89, 95, 98, 101, 105]","[37.99999999809597, 367.9999999920843, 460.9999999943669, 192.99999999520003, 950.999999991393, 153.9999999941582, 880.9999999825247, 242.99999999537852, 490.99999999309773, 185.99999999706495, 320.99999999304896, 942.9999999941231, 809.999999983803, 204.99999999627755, 477.9999999920179, 275.9999999963602, 346.9999999942321, 79.00000000112254, 1007.9999999897502, 113.99999999556974, 892.9999999811638]","[1, 1, 1, 15, 1, 24, 27, 35, 35, 49, 35, 35, 63, 73, 73, 73, 35, 92, 35, 99, 99]","[3, 8, 18, 18, 35, 27, 35, 39, 49, 53, 56, 73, 73, 75, 81, 85, 92, 97, 106, 102, 106]",0.05,30,52684908.99977655,1015.9999999970103,-1015.9999999970103,DWT,uc1.l0082987033,1.7862999811768532e-05,0.0,7.1031536208465695e-09,1.6063451766967773e-05,0.0,1.0249777915305458e-08,0.0004009455442428589,2.9897364584030584e-09,1.0,84,0.0,3.173954610247165e-08,1.0,84,,0.0,0.0,1.0,84,0.0,0.0,0.00022345036268234253,2.95880126953125,0.0,0.0,0.0,0.0,7.1031536208465695e-09,1.4916622603777796e-07,7.210078798553217e-09,0.0,2.9897364584030584e-09,0.0,4.7903370159474434e-09,0.0,0.0,0.0,4.7903370159474434e-09,1.9040271581616253e-09,7.876754803959329e-13,1.7862999811768532e-05,2.1871393585115584e-14,1.1121659149182506e-13,1.6068224795162678e-06,0.0,0.0,8.196776590807531e-13,0.0019677005164352446,0.7999439770890711,0.2729523605386068,0.5578174026172809,0.019923760675317204,0.9404810436200571,0.47024052181002857,0.9404810436200571,7,0.7687252544407392,0.43463505980529593,617,0,0,0.9404810436200571,0.9404810436200571,7,0,0,0.33052104028734225,0.4495685274421284,517,325.88341473600644,0.5789619964651079,287.0,13.827946667987788,0.6040804814366882,367,sym,445.72514619883043,505.0,280.45746329325993,171,0.986117580085908,1.0,0.009717693939864401,6,276.75
rbio2.6,1,symmetric,9.942832066476196e-27,320.1199220689939,9755640.0722254,0.575,462.1173940915713,108,raw,6.866935004163001e-14,-1.17521548048672e-10,"[2, 5, 11, 17, 22, 25, 29, 38, 44, 52, 55, 60, 65, 74, 78, 84, 89, 95, 98, 101, 105]","[37.99999999999994, 368.0, 461.0, 192.9999999999999, 951.0000000000002, 154.0000000000001, 881.0000000000001, 242.99999999999997, 491.0000000000001, 186.0, 321.0, 943.0, 810.0, 205.0, 478.0, 276.0, 347.0000000000002, 79.0, 1008.0, 113.99999999999989, 893.0000000000002]",21,5.8377430245721005,104822.43349893225,0.6925802243908827,4.365923718251291e-06,1.0,0.4907407407407407,67631.0,0.1291094199047374,0.15147910127183992,188156.1212645156,82872438.25058056,8,12069.579557418134,0.027777777777777776,"[0.0, 0.009259259259259259, 0.018518518518518517, 0.027777777777777776, 0.037037037037037035, 0.046296296296296294, 0.05555555555555555, 0.06481481481481481, 0.07407407407407407, 0.08333333333333333, 0.09259259259259259, 0.10185185185185185, 0.1111111111111111, 0.12037037037037036, 0.12962962962962962, 0.1388888888888889, 0.14814814814814814, 0.15740740740740738, 0.16666666666666666, 0.17592592592592593, 0.18518518518518517, 0.19444444444444442, 0.2037037037037037, 0.21296296296296297, 0.2222222222222222, 0.23148148148148145, 0.24074074074074073]","[67631.0, 1786.6346316370016, 1155.9831840869385, 12069.579557418134, 1906.5778542068429, 950.5914327636028, 9083.877197385178, 2481.2296367744852, 778.6316126029437, 8965.162396385991, 2042.6423114779182, 1606.7171021541506, 6927.939836298322, 1790.9411989177954, 2115.064375989648, 4469.1464533967255, 811.3124818658849, 852.4454942250582, 2613.518509595829, 1125.833636154595, 622.5282936168379, 1595.9028958466977, 1672.083632235644, 807.7671822537562, 3024.6344394117605, 842.7313814743653, 842.8235732269211]",3.0,0.3,145.15000000000006,15,0.5,1721880.1384885092,0.14445541615564295,0.12412575453778009,16430975.452705404,84089526828.82372,"[0.046875, 0.03125]",2,1721880.1384885092,0.046875,"[0.0, 0.015625, 0.03125, 0.046875, 0.0625, 0.078125, 0.09375, 0.109375, 0.125, 0.140625, 0.15625, 0.171875, 0.1875, 0.203125, 0.21875, 0.234375]","[154749.38571156544, 876106.906708278, 1710291.3768915334, 1721880.1384885092, 1236443.3975593029, 1200279.693855527, 1385236.6101427816, 1437054.0474222808, 1048940.2936461219, 664501.8455342905, 393060.29715082515, 165807.08106897445, 58528.0666285326, 51528.9563939075, 141871.95181127623, 339557.7347245399]",3.0,0.3,flattop,64,32,145.15000000000006,15,21,449.5238095238095,37.99999999999994,1008.0,"[2, 5, 11, 17, 22, 25, 29, 38, 44, 52, 55, 60, 65, 74, 78, 84, 89, 95, 98, 101, 105]","[37.99999999999994, 368.0, 461.0, 192.9999999999999, 951.0000000000002, 154.0000000000001, 881.0000000000001, 242.99999999999997, 491.0000000000001, 186.0, 321.0, 943.0, 810.0, 205.0, 478.0, 276.0, 347.0000000000002, 79.0, 1008.0, 113.99999999999989, 893.0000000000002]","[1, 1, 1, 15, 1, 24, 27, 35, 35, 49, 35, 35, 63, 73, 73, 73, 35, 92, 35, 99, 99]","[3, 8, 18, 18, 35, 27, 35, 39, 49, 53, 56, 73, 73, 75, 81, 85, 92, 97, 106, 102, 106]",0.05,30,52684909.0,1016.0,-1016.0,DWT,uc1.l0082987033,4.656612873077393e-10,0.0,0.0,0.0,0.0,0.0,3.725290298461914e-09,0.0,1.0,84,0.0,3.637978807091713e-12,1.0,84,,0.0,0.0,1.0,84,0.0,0.0,0.0,6.103515625e-05,0.0,0.0,0.0,0.0,0.0,0.0,6.361049253471373e-14,0.0,0.0,0.0,5.684341886080802e-14,0.0,0.0,0.0,5.684341886080802e-14,5.684341886080802e-14,5.551115123125783e-17,4.656612873077393e-10,0.0,1.3877787807814457e-17,5.820766091346741e-11,0.0,0.0,2.7755575615628914e-17,0.9456326503662323,0.5041527608576472,0.060825323992634184,0.6304469273743012,0.04522135294113591,0.0,0.0,0.0,707,1.1201359447710548,0.6333216588543341,157,0,0,0.0,0.0,389,0,0,0.4372558031063903,0.5947471523966193,176,255.78946420836024,0.6695226560615501,357.25,249.43306704567118,0.603979674284005,368,rbio,366.5925925925926,360.0,210.3588723315502,135,0.8110455588331695,0.7500562468954116,0.20725123474815782,3,276.75
rbio2.6,1,zero,9.818016741027895e-27,320.1747854288751,9248170.190806357,0.5916666666666667,396.06888615166326,108,raw,6.741932115464465e-14,-1.1745093786430583e-10,"[2, 5, 11, 17, 22, 25, 29, 38, 44, 52, 55, 60, 65, 74, 78, 84, 89, 95, 98, 101, 105]","[37.99999999999997, 368.0, 461.0, 192.9999999999999, 951.0000000000002, 154.0000000000001, 881.0000000000001, 242.99999999999997, 491.0000000000001, 186.0, 321.0, 943.0, 810.0, 205.0, 478.0, 276.0, 347.0000000000002, 79.0, 1008.0, 113.99999999999989, 893.0000000000001]",21,5.72992022330555,123785.70823505192,0.7541522699046751,4.365923718251291e-06,1.0,0.4907407407407407,67631.0,0.1291094199047374,0.15147910127183992,188156.1212645156,82872438.25058056,8,12069.579557418134,0.027777777777777776,"[0.0, 0.009259259259259259, 0.018518518518518517, 0.027777777777777776, 0.037037037037037035, 0.046296296296296294, 0.05555555555555555, 0.06481481481481481, 0.07407407407407407, 0.08333333333333333, 0.09259259259259259, 0.10185185185185185, 0.1111111111111111, 0.12037037037037036, 0.12962962962962962, 0.1388888888888889, 0.14814814814814814, 0.15740740740740738, 0.16666666666666666, 0.17592592592592593, 0.18518518518518517, 0.19444444444444442, 0.2037037037037037, 0.21296296296296297, 0.2222222222222222, 0.23148148148148145, 0.24074074074074073]","[67631.0, 1786.6346316370013, 1155.9831840869385, 12069.579557418134, 1906.577854206843, 950.5914327636027, 9083.877197385178, 2481.2296367744852, 778.6316126029438, 8965.162396385991, 2042.6423114779182, 1606.71710215415, 6927.939836298322, 1790.941198917795, 2115.064375989648, 4469.1464533967255, 811.3124818658847, 852.4454942250582, 2613.518509595829, 1125.833636154595, 622.5282936168379, 1595.9028958466977, 1672.0836322356438, 807.767182253756, 3024.6344394117605, 842.7313814743654, 842.8235732269212]",3.0,0.3,145.15000000000003,15,0.5,1721880.1384885092,0.14445541615564295,0.12412575453778009,16430975.452705404,84089526828.82372,"[0.046875, 0.03125]",2,1721880.1384885092,0.046875,"[0.0, 0.015625, 0.03125, 0.046875, 0.0625, 0.078125, 0.09375, 0.109375, 0.125, 0.140625, 0.15625, 0.171875, 0.1875, 0.203125, 0.21875, 0.234375]","[154749.38571156544, 876106.906708278, 1710291.3768915334, 1721880.1384885092, 1236443.3975593029, 1200279.693855527, 1385236.6101427816, 1437054.0474222808, 1048940.2936461219, 664501.8455342905, 393060.29715082515, 165807.08106897445, 58528.0666285326, 51528.9563939075, 141871.95181127623, 339557.7347245399]",3.0,0.3,flattop,64,32,145.15000000000003,15,21,449.5238095238095,37.99999999999997,1008.0,"[2, 5, 11, 17, 22, 25, 29, 38, 44, 52, 55, 60, 65, 74, 78, 84, 89, 95, 98, 101, 105]","[37.99999999999997, 368.0, 461.0, 192.9999999999999, 951.0000000000002, 154.0000000000001, 881.0000000000001, 242.99999999999997, 491.0000000000001, 186.0, 321.0, 943.0, 810.0, 205.0, 478.0, 276.0, 347.0000000000002, 79.0, 1008.0, 113.99999999999989, 893.0000000000001]","[1, 1, 1, 15, 1, 24, 27, 35, 35, 49, 35, 35, 63, 73, 73, 73, 35, 92, 35, 99, 99]","[3, 8, 18, 18, 35, 27, 35, 39, 49, 53, 56, 73, 73, 75, 81, 85, 92, 97, 106, 102, 106]",0.05,30,52684909.0,1016.0,-1016.0,DWT,uc1.l0082987033,4.656612873077393e-10,0.0,0.0,0.0,0.0,0.0,3.725290298461914e-09,0.0,1.0,84,0.0,3.637978807091713e-12,1.0,84,,0.0,0.0,1.0,84,0.0,0.0,0.0,6.103515625e-05,0.0,0.0,0.0,0.0,0.0,0.0,5.684341886080802e-14,0.0,0.0,0.0,2.842170943040401e-14,0.0,0.0,0.0,2.842170943040401e-14,2.842170943040401e-14,5.551115123125783e-17,4.656612873077393e-10,0.0,1.3877787807814457e-17,5.820766091346741e-11,0.0,0.0,2.7755575615628914e-17,0.9461959144858484,0.36599471818897017,0.011598935708992425,0.8164804469273744,0.09655309055018885,0.0,0.0,0.0,709,1.1217277906315157,0.6342216839501216,154,0,0,0.0,0.0,386,0,0,0.4473646211722749,0.6084969773642197,158,261.68986096777485,0.6618994044343994,351.75,237.75938558077584,0.6037210200466572,369,rbio,366.5925925925926,360.0,210.3588723315502,135,0.8110455588331695,0.7500562468954116,0.20725123474815782,3,277.5
sym14,1,smooth,4.647897083154043e-21,263.42245808132157,9512892.058895059,0.5895522388059702,319.3262890222137,108,raw,5.421431205200459e-11,-1.8243073725134135e-11,"[2, 5, 11, 17, 22, 25, 29, 38, 44, 52, 55, 60, 65, 74, 78, 84, 89, 95, 98, 101, 105]","[37.999999999972204, 367.9999999998481, 460.99999999989876, 192.99999999991905, 950.999999999872, 153.9999999998987, 880.9999999996957, 242.99999999991866, 490.99999999988034, 185.99999999994338, 320.999999999873, 942.9999999998968, 809.9999999997183, 204.99999999993437, 477.99999999985675, 275.9999999999354, 346.99999999990087, 79.00000000001114, 1007.9999999998413, 113.9999999999286, 892.999999999664]",21,5.730364980836667,111080.30045027543,0.8809110144397982,4.365923718253363e-06,0.9999999999999998,0.4907407407407407,67630.99999999991,0.1291094199047236,0.15147910127184044,188156.12126448765,82872438.2505802,8,12069.57955741777,0.027777777777777776,"[0.0, 0.009259259259259259, 0.018518518518518517, 0.027777777777777776, 0.037037037037037035, 0.046296296296296294, 0.05555555555555555, 0.06481481481481481, 0.07407407407407407, 0.08333333333333333, 0.09259259259259259, 0.10185185185185185, 0.1111111111111111, 0.12037037037037036, 0.12962962962962962, 0.1388888888888889, 0.14814814814814814, 0.15740740740740738, 0.16666666666666666, 0.17592592592592593, 0.18518518518518517, 0.19444444444444442, 0.2037037037037037, 0.21296296296296297, 0.2222222222222222, 0.23148148148148145, 0.24074074074074073]","[67630.99999999991, 1786.6346316369488, 1155.9831840869128, 12069.57955741777, 1906.5778542067337, 950.5914327634537, 9083.87719738414, 2481.229636774133, 778.6316126028338, 8965.162396384105, 2042.6423114773763, 1606.7171021537506, 6927.939836296355, 1790.9411989172763, 2115.0643759889745, 4469.146453395243, 811.3124818656264, 852.4454942247557, 2613.5185095948755, 1125.8336361541892, 622.528293616624, 1595.902895846093, 1672.0836322350092, 807.767182253473, 3024.634439410626, 842.7313814740494, 842.8235732265973]",3.0,0.3,145.1500000000688,15,0.5,1721880.138488254,0.1444554161556282,0.12412575453778259,16430975.45269849,84089526828.77412,"[0.046875, 0.03125]",2,1721880.138488254,0.046875,"[0.0, 0.015625, 0.03125, 0.046875, 0.0625, 0.078125, 0.09375, 0.109375, 0.125, 0.140625, 0.15625, 0.171875, 0.1875, 0.203125, 0.21875, 0.234375]","[154749.38571155825, 876106.9067081888, 1710291.3768913043, 1721880.138488254, 1236443.3975589902, 1200279.6938550475, 1385236.610142109, 1437054.0474215185, 1048940.293645508, 664501.8455338683, 393060.29715056357, 165807.08106886048, 58528.066628490924, 51528.956393869295, 141871.9518111701, 339557.734724286]",3.0,0.3,flattop,64,32,145.1500000000688,15,21,449.523809523686,37.999999999972204,1007.9999999998413,"[2, 5, 11, 17, 22, 25, 29, 38, 44, 52, 55, 60, 65, 74, 78, 84, 89, 95, 98, 101, 105]","[37.999999999972204, 367.9999999998481, 460.99999999989876, 192.99999999991905, 950.999999999872, 153.9999999998987, 880.9999999996957, 242.99999999991866, 490.99999999988034, 185.99999999994338, 320.999999999873, 942.9999999998968, 809.9999999997183, 204.99999999993437, 477.99999999985675, 275.9999999999354, 346.99999999990087, 79.00000000001114, 1007.9999999998413, 113.9999999999286, 892.999999999664]","[1, 1, 1, 15, 1, 24, 27, 35, 35, 49, 35, 35, 63, 73, 73, 73, 35, 92, 35, 99, 99]","[3, 8, 18, 18, 35, 27, 35, 39, 49, 53, 56, 73, 73, 75, 81, 85, 92, 97, 106, 102, 106]",0.05,30,52684908.999996156,1015.9999999999515,-1015.9999999999515,DWT,uc1.l0082987033,2.547167241573334e-07,0.0,1.2352074918453582e-10,3.5762786865234375e-07,0.0,1.5870682545937598e-10,6.910413503646851e-06,4.8544279707130045e-11,1.0,84,0.0,3.601599019020796e-10,1.0,84,,0.0,0.0,1.0,84,0.0,0.0,3.844499588012695e-06,0.049530029296875,8.731149137020111e-11,0.0,0.0,0.0,1.2352074918453582e-10,2.5938788894563913e-09,1.2451550901459993e-10,0.0,4.8544279707130045e-11,0.0,6.87805368215777e-11,0.0,0.0,0.0,6.87805368215777e-11,2.779643182293512e-11,1.3850032232198828e-14,2.547167241573334e-07,5.273559366969494e-16,2.5118795932144167e-15,2.7881469577550888e-08,0.0,0.0,1.4710455076283324e-14,0.36353838551215967,0.3665646053486383,0.037277900989189726,0.7928791795213879,0.06216078923622188,0.01618112828875161,0.008090564144375804,0.01618112828875161,140,0.7620602719792537,0.430866697787768,621,0,0,0.01618112828875161,0.01618112828875161,140,0,0,0.32448417212151953,0.44135729244991206,534,255.07564237561635,0.6704449064914517,358.75,225.1152100546957,0.6034718072508938,370,sym,445.72514619883043,505.0,280.45746329325993,171,0.986117580085908,1.0,0.009717693939864401,6,279.0
bior3.5,1,periodization,8.387680443044663e-27,320.858604349855,10151954.771546721,0.5462962962962963,294.19504668152604,108,raw,5.911320815559711e-14,-1.0993006505089008e-10,"[2, 5, 11, 17, 22, 25, 29, 38, 44, 52, 55, 60, 65, 74, 78, 84, 89, 95, 98, 101, 105]","[38.0, 368.0, 461.0000000000001, 192.9999999999999, 951.0000000000001, 153.9999999999999, 880.9999999999999, 242.9999999999999, 490.9999999999999, 186.0, 320.9999999999998, 943.0000000000002, 810.0, 204.99999999999991, 478.00000000000006, 276.0, 347.00000000000034, 78.99999999999989, 1008.0, 113.99999999999989, 892.9999999999998]",21,5.467738302633484,121609.22159694677,0.9124431392080156,4.365923718251292e-06,1.0,0.4907407407407407,67631.0,0.1291094199047374,0.15147910127183992,188156.12126451553,82872438.25058056,8,12069.57955741813,0.027777777777777776,"[0.0, 0.009259259259259259, 0.018518518518518517, 0.027777777777777776, 0.037037037037037035, 0.046296296296296294, 0.05555555555555555, 0.06481481481481481, 0.07407407407407407, 0.08333333333333333, 0.09259259259259259, 0.10185185185185185, 0.1111111111111111, 0.12037037037037036, 0.12962962962962962, 0.1388888888888889, 0.14814814814814814, 0.15740740740740738, 0.16666666666666666, 0.17592592592592593, 0.18518518518518517, 0.19444444444444442, 0.2037037037037037, 0.21296296296296297, 0.2222222222222222, 0.23148148148148145, 0.24074074074074073]","[67631.0, 1786.6346316370007, 1155.9831840869374, 12069.57955741813, 1906.5778542068447, 950.5914327635999, 9083.877197385176, 2481.229636774485, 778.6316126029436, 8965.162396385991, 2042.6423114779186, 1606.7171021541492, 6927.939836298324, 1790.941198917793, 2115.064375989649, 4469.1464533967255, 811.3124818658856, 852.4454942250574, 2613.518509595828, 1125.8336361545958, 622.5282936168376, 1595.9028958466974, 1672.0836322356429, 807.7671822537568, 3024.6344394117586, 842.7313814743649, 842.823573226919]",3.0,0.3,145.15,15,0.5,1721880.1384885088,0.14445541615564295,0.12412575453778009,16430975.4527054,84089526828.82368,"[0.046875, 0.03125]",2,1721880.1384885088,0.046875,"[0.0, 0.015625, 0.03125, 0.046875, 0.0625, 0.078125, 0.09375, 0.109375, 0.125, 0.140625, 0.15625, 0.171875, 0.1875, 0.203125, 0.21875, 0.234375]","[154749.3857115656, 876106.9067082782, 1710291.3768915327, 1721880.1384885088, 1236443.3975593017, 1200279.6938555269, 1385236.6101427814, 1437054.047422281, 1048940.2936461223, 664501.8455342909, 393060.29715082515, 165807.08106897457, 58528.06662853262, 51528.956393907545, 141871.9518112762, 339557.73472453986]",3.0,0.3,flattop,64,32,145.15,15,21,449.5238095238095,38.0,1008.0,"[2, 5, 11, 17, 22, 25, 29, 38, 44, 52, 55, 60, 65, 74, 78, 84, 89, 95, 98, 101, 105]","[38.0, 368.0, 461.0000000000001, 192.9999999999999, 951.0000000000001, 153.9999999999999, 880.9999999999999, 242.9999999999999, 490.9999999999999, 186.0, 320.9999999999998, 943.0000000000002, 810.0, 204.99999999999991, 478.00000000000006, 276.0, 347.00000000000034, 78.99999999999989, 1008.0, 113.99999999999989, 892.9999999999998]","[1, 1, 1, 15, 1, 24, 27, 35, 35, 49, 35, 35, 63, 73, 73, 73, 35, 92, 35, 99, 99]","[3, 8, 18, 18, 35, 27, 35, 39, 49, 53, 56, 73, 73, 75, 81, 85, 92, 97, 106, 102, 106]",0.05,30,52684909.0,1016.0,-1016.0,DWT,uc1.l0082987033,0.0,0.0,0.0,0.0,0.0,0.0,0.0,0.0,1.0,84,0.0,0.0,1.0,84,,0.0,0.0,1.0,84,0.0,0.0,0.0,3.0517578125e-05,0.0,0.0,0.0,0.0,0.0,0.0,1.0421293457814804e-13,0.0,0.0,0.0,0.0,0.0,0.0,0.0,0.0,0.0,5.551115123125783e-17,0.0,0.0,1.3877787807814457e-17,0.0,0.0,0.0,2.7755575615628914e-17,0.9532164590412034,0.030049625335923202,0.09926926320091305,0.31005586592178774,0.09066155321966528,0.0,0.0,0.0,533,0.7968762873497215,0.4505515732817236,567,0,0,0.0,0.0,395,0,0,0.29665055334389856,0.4034985255878623,601,90.3696114115064,0.8832433961091648,524.0,510.5049071555298,0.6031204060649182,371,bior,385.74074074074076,410.0,199.97417605530825,135,0.8534087184529663,0.7130285416801533,0.18870533457887761,4,279.25
db26,1,constant,3.029833591116411e-26,315.2808353497162,9388739.796723878,0.6075949367088608,202.4659379221667,108,raw,1.2217387595430615e-13,-1.1375778097289026e-10,"[2, 5, 11, 17, 22, 25, 29, 38, 44, 52, 55, 60, 65, 74, 78, 84, 89, 95, 98, 101, 105]","[38.0, 368.0000000000001, 461.00000000000006, 192.9999999999996, 951.0000000000002, 154.00000000000023, 881.0, 243.00000000000014, 490.99999999999994, 186.00000000000045, 320.9999999999999, 942.9999999999998, 809.9999999999993, 204.99999999999991, 477.9999999999997, 276.0, 346.9999999999998, 79.0, 1008.0, 113.99999999999989, 892.9999999999998]",21,5.6218439895388395,138866.20705268148,0.9103727070472327,4.3659237182512925e-06,1.0,0.4907407407407407,67631.0,0.12910941990473743,0.15147910127183992,188156.12126451553,82872438.25058056,8,12069.57955741813,0.027777777777777776,"[0.0, 0.009259259259259259, 0.018518518518518517, 0.027777777777777776, 0.037037037037037035, 0.046296296296296294, 0.05555555555555555, 0.06481481481481481, 0.07407407407407407, 0.08333333333333333, 0.09259259259259259, 0.10185185185185185, 0.1111111111111111, 0.12037037037037036, 0.12962962962962962, 0.1388888888888889, 0.14814814814814814, 0.15740740740740738, 0.16666666666666666, 0.17592592592592593, 0.18518518518518517, 0.19444444444444442, 0.2037037037037037, 0.21296296296296297, 0.2222222222222222, 0.23148148148148145, 0.24074074074074073]","[67631.0, 1786.634631637001, 1155.9831840869388, 12069.57955741813, 1906.5778542068435, 950.5914327636, 9083.877197385176, 2481.2296367744843, 778.6316126029452, 8965.16239638599, 2042.6423114779175, 1606.7171021541506, 6927.939836298324, 1790.9411989177936, 2115.0643759896498, 4469.146453396725, 811.3124818658852, 852.4454942250567, 2613.518509595827, 1125.8336361545955, 622.5282936168393, 1595.9028958466995, 1672.0836322356422, 807.7671822537555, 3024.6344394117605, 842.7313814743643, 842.8235732269205]",3.0,0.3,145.15,15,0.5,1721880.1384885083,0.14445541615564297,0.1241257545377801,16430975.4527054,84089526828.8237,"[0.046875, 0.03125]",2,1721880.1384885083,0.046875,"[0.0, 0.015625, 0.03125, 0.046875, 0.0625, 0.078125, 0.09375, 0.109375, 0.125, 0.140625, 0.15625, 0.171875, 0.1875, 0.203125, 0.21875, 0.234375]","[154749.38571156524, 876106.9067082775, 1710291.3768915322, 1721880.1384885083, 1236443.3975593026, 1200279.6938555273, 1385236.6101427819, 1437054.0474222805, 1048940.2936461219, 664501.8455342907, 393060.2971508253, 165807.0810689747, 58528.06662853263, 51528.95639390743, 141871.95181127606, 339557.7347245398]",3.0,0.3,flattop,64,32,145.15,15,21,449.5238095238095,38.0,1008.0,"[2, 5, 11, 17, 22, 25, 29, 38, 44, 52, 55, 60, 65, 74, 78, 84, 89, 95, 98, 101, 105]","[38.0, 368.0000000000001, 461.00000000000006, 192.9999999999996, 951.0000000000002, 154.00000000000023, 881.0, 243.00000000000014, 490.99999999999994, 186.00000000000045, 320.9999999999999, 942.9999999999998, 809.9999999999993, 204.99999999999991, 477.9999999999997, 276.0, 346.9999999999998, 79.0, 1008.0, 113.99999999999989, 892.9999999999998]","[1, 1, 1, 15, 1, 24, 27, 35, 35, 49, 35, 35, 63, 73, 73, 73, 35, 92, 35, 99, 99]","[3, 8, 18, 18, 35, 27, 35, 39, 49, 53, 56, 73, 73, 75, 81, 85, 92, 97, 106, 102, 106]",0.05,30,52684909.0,1016.0,-1016.0,DWT,uc1.l0082987033,4.656612873077393e-10,0.0,0.0,0.0,0.0,0.0,0.0,0.0,1.0,84,0.0,0.0,1.0,84,,0.0,0.0,1.0,84,0.0,0.0,0.0,4.57763671875e-05,0.0,0.0,0.0,0.0,0.0,0.0,1.7323708605198627e-13,0.0,0.0,0.0,0.0,0.0,0.0,0.0,0.0,0.0,2.7755575615628914e-17,4.656612873077393e-10,0.0,2.7755575615628914e-17,0.0,0.0,0.0,5.551115123125783e-17,0.8959513343370795,0.22751194144030784,0.02523468879531289,0.9942719751078426,0.13737453194637012,0.0,0.0,0.0,721,1.1166027185417433,0.6313239828516124,163,0,0,0.0,0.0,360,0,0,0.45606889432538256,0.6203363666524015,145,267.52242896624574,0.6543637868653156,347.25,232.6086997529668,0.6028601880063011,372,db,413.2962962962963,398.0,188.41229481502944,243,0.9143723369387087,0.671803462110104,0.15839832550987273,5,280.25
rbio2.8,1,reflect,1.2919503736848352e-26,318.98256479294423,10238548.835685771,0.5483870967741935,495.2402514177111,108,raw,8.586547111193522e-14,-1.1933487531479223e-10,"[2, 5, 11, 17, 22, 25, 29, 38, 44, 52, 55, 60, 65, 74, 78, 84, 89, 95, 98, 101, 105]","[37.99999999999994, 367.9999999999999, 461.0, 192.9999999999999, 951.0000000000002, 154.0000000000001, 880.9999999999999, 243.0, 491.0000000000001, 186.0, 321.0000000000001, 943.0, 810.0, 205.0, 478.0, 276.0, 347.0000000000001, 79.0, 1008.0, 114.00000000000011, 893.0000000000002]",21,5.946590337673623,104209.76130256263,0.6252754982294755,4.365923718251291e-06,1.0,0.4907407407407407,67631.0,0.1291094199047374,0.15147910127183992,188156.12126451556,82872438.25058056,8,12069.57955741813,0.027777777777777776,"[0.0, 0.009259259259259259, 0.018518518518518517, 0.027777777777777776, 0.037037037037037035, 0.046296296296296294, 0.05555555555555555, 0.06481481481481481, 0.07407407407407407, 0.08333333333333333, 0.09259259259259259, 0.10185185185185185, 0.1111111111111111, 0.12037037037037036, 0.12962962962962962, 0.1388888888888889, 0.14814814814814814, 0.15740740740740738, 0.16666666666666666, 0.17592592592592593, 0.18518518518518517, 0.19444444444444442, 0.2037037037037037, 0.21296296296296297, 0.2222222222222222, 0.23148148148148145, 0.24074074074074073]","[67631.0, 1786.6346316370016, 1155.983184086939, 12069.57955741813, 1906.5778542068424, 950.5914327636027, 9083.877197385176, 2481.229636774485, 778.6316126029437, 8965.162396385993, 2042.642311477918, 1606.7171021541508, 6927.939836298322, 1790.941198917795, 2115.0643759896484, 4469.146453396727, 811.3124818658852, 852.4454942250575, 2613.5185095958263, 1125.8336361545946, 622.5282936168379, 1595.902895846698, 1672.0836322356438, 807.7671822537566, 3024.63443941176, 842.7313814743659, 842.8235732269203]",3.0,0.3,145.15000000000006,15,0.5,1721880.1384885088,0.14445541615564295,0.1241257545377801,16430975.452705404,84089526828.8237,"[0.046875, 0.03125]",2,1721880.1384885088,0.046875,"[0.0, 0.015625, 0.03125, 0.046875, 0.0625, 0.078125, 0.09375, 0.109375, 0.125, 0.140625, 0.15625, 0.171875, 0.1875, 0.203125, 0.21875, 0.234375]","[154749.38571156544, 876106.906708278, 1710291.3768915331, 1721880.1384885088, 1236443.3975593029, 1200279.6938555276, 1385236.6101427816, 1437054.0474222808, 1048940.293646122, 664501.8455342908, 393060.2971508252, 165807.0810689745, 58528.06662853264, 51528.95639390757, 141871.95181127626, 339557.73472454]",3.0,0.3,flattop,64,32,145.15000000000006,15,21,449.5238095238095,37.99999999999994,1008.0,"[2, 5, 11, 17, 22, 25, 29, 38, 44, 52, 55, 60, 65, 74, 78, 84, 89, 95, 98, 101, 105]","[37.99999999999994, 367.9999999999999, 461.0, 192.9999999999999, 951.0000000000002, 154.0000000000001, 880.9999999999999, 243.0, 491.0000000000001, 186.0, 321.0000000000001, 943.0, 810.0, 205.0, 478.0, 276.0, 347.0000000000001, 79.0, 1008.0, 114.00000000000011, 893.0000000000002]","[1, 1, 1, 15, 1, 24, 27, 35, 35, 49, 35, 35, 63, 73, 73, 73, 35, 92, 35, 99, 99]","[3, 8, 18, 18, 35, 27, 35, 39, 49, 53, 56, 73, 73, 75, 81, 85, 92, 97, 106, 102, 106]",0.05,30,52684909.0,1016.0,-1016.0,DWT,uc1.l0082987033,0.0,0.0,0.0,0.0,0.0,0.0,3.725290298461914e-09,0.0,1.0,84,0.0,0.0,1.0,84,,0.0,0.0,1.0,84,0.0,0.0,0.0,4.57763671875e-05,0.0,0.0,0.0,0.0,0.0,0.0,6.767073673905715e-14,0.0,0.0,0.0,5.684341886080802e-14,0.0,0.0,0.0,5.684341886080802e-14,5.684341886080802e-14,5.551115123125783e-17,0.0,0.0,2.7755575615628914e-17,2.9103830456733704e-11,0.0,0.0,2.7755575615628914e-17,0.9339557762890689,0.6436235550793161,0.10766919624215596,0.3333934042169758,0.043562908982376775,0.0,0.0,0.0,694,1.0868023667139184,0.6144749491765986,180,0,0,0.0,0.0,424,0,0,0.4124409681619788,0.5609944787544816,226,233.9829053584898,0.6976965047047936,381.0,290.2810899830744,0.6027242213446449,373,rbio,366.5925925925926,360.0,210.3588723315502,135,0.8110455588331695,0.7500562468954116,0.20725123474815782,3,280.5
db15,1,antireflect,1.9211392578482373e-26,317.25943464423887,10605760.389245119,0.5367647058823529,424.7993788847627,108,raw,1.0253526422982553e-13,-1.0675615946809167e-10,"[2, 5, 11, 17, 22, 25, 29, 38, 44, 52, 55, 60, 65, 74, 78, 84, 89, 95, 98, 101, 105]","[37.999999999999915, 367.9999999999999, 460.9999999999999, 193.0, 950.9999999999998, 154.00000000000045, 881.0000000000001, 242.99999999999991, 490.99999999999994, 185.99999999999977, 321.0, 943.0000000000002, 810.0, 205.0, 478.0, 275.9999999999998, 347.0000000000001, 79.0, 1008.0, 114.00000000000023, 892.9999999999995]",21,5.952297076680446,315458.4463918681,0.9324470097652393,4.365923718251292e-06,0.9999999999999998,0.4907407407407407,67631.0,0.12910941990473737,0.15147910127183992,188156.12126451556,82872438.25058056,8,12069.579557418134,0.027777777777777776,"[0.0, 0.009259259259259259, 0.018518518518518517, 0.027777777777777776, 0.037037037037037035, 0.046296296296296294, 0.05555555555555555, 0.06481481481481481, 0.07407407407407407, 0.08333333333333333, 0.09259259259259259, 0.10185185185185185, 0.1111111111111111, 0.12037037037037036, 0.12962962962962962, 0.1388888888888889, 0.14814814814814814, 0.15740740740740738, 0.16666666666666666, 0.17592592592592593, 0.18518518518518517, 0.19444444444444442, 0.2037037037037037, 0.21296296296296297, 0.2222222222222222, 0.23148148148148145, 0.24074074074074073]","[67631.0, 1786.6346316370011, 1155.9831840869392, 12069.579557418134, 1906.577854206844, 950.5914327635994, 9083.877197385176, 2481.229636774483, 778.6316126029476, 8965.162396385991, 2042.6423114779152, 1606.7171021541458, 6927.939836298321, 1790.9411989177936, 2115.064375989649, 4469.146453396725, 811.3124818658861, 852.4454942250576, 2613.518509595828, 1125.8336361545926, 622.528293616838, 1595.9028958466977, 1672.0836322356429, 807.7671822537563, 3024.634439411761, 842.7313814743666, 842.8235732269187]",3.0,0.3,145.15000000000012,15,0.5,1721880.1384885088,0.14445541615564292,0.12412575453778008,16430975.452705398,84089526828.82365,"[0.046875, 0.03125]",2,1721880.1384885088,0.046875,"[0.0, 0.015625, 0.03125, 0.046875, 0.0625, 0.078125, 0.09375, 0.109375, 0.125, 0.140625, 0.15625, 0.171875, 0.1875, 0.203125, 0.21875, 0.234375]","[154749.38571156558, 876106.906708278, 1710291.3768915324, 1721880.1384885088, 1236443.3975593026, 1200279.6938555266, 1385236.6101427812, 1437054.04742228, 1048940.2936461216, 664501.8455342907, 393060.29715082515, 165807.08106897463, 58528.06662853268, 51528.95639390758, 141871.95181127617, 339557.73472453974]",3.0,0.3,flattop,64,32,145.15000000000012,15,21,449.5238095238095,37.999999999999915,1008.0,"[2, 5, 11, 17, 22, 25, 29, 38, 44, 52, 55, 60, 65, 74, 78, 84, 89, 95, 98, 101, 105]","[37.999999999999915, 367.9999999999999, 460.9999999999999, 193.0, 950.9999999999998, 154.00000000000045, 881.0000000000001, 242.99999999999991, 490.99999999999994, 185.99999999999977, 321.0, 943.0000000000002, 810.0, 205.0, 478.0, 275.9999999999998, 347.0000000000001, 79.0, 1008.0, 114.00000000000023, 892.9999999999995]","[1, 1, 1, 15, 1, 24, 27, 35, 35, 49, 35, 35, 63, 73, 73, 73, 35, 92, 35, 99, 99]","[3, 8, 18, 18, 35, 27, 35, 39, 49, 53, 56, 73, 73, 75, 81, 85, 92, 97, 106, 102, 106]",0.05,30,52684909.0,1016.0000000000001,-1016.0000000000001,DWT,uc1.l0082987033,0.0,0.0,0.0,0.0,0.0,0.0,1.862645149230957e-09,1.1368683772161603e-13,1.0,84,0.0,3.637978807091713e-12,1.0,84,,0.0,0.0,1.0,84,0.0,0.0,0.0,0.0,0.0,0.0,0.0,0.0,0.0,0.0,1.2992781453898974e-13,0.0,1.1368683772161603e-13,0.0,1.1368683772161603e-13,0.0,0.0,0.0,1.1368683772161603e-13,8.526512829121202e-14,8.326672684688674e-17,0.0,0.0,0.0,2.9103830456733704e-11,0.0,0.0,0.0,0.9162649642736209,0.6509358478591573,0.14329002652119502,0.20366414722313508,0.6153925230208945,0.0,0.0,0.0,611,1.2744945838519603,0.7205955918243162,84,0,0,0.0,0.0,540,0,0,0.5059095017796006,0.688128627261694,75,287.85239272932927,0.6280976838122361,327.5,139.24372686385396,0.602485534412578,374,db,413.2962962962963,398.0,188.41229481502944,243,0.9143723369387087,0.671803462110104,0.15839832550987273,5,281.75
sym20,1,symmetric,1.5370653053789985e-17,228.2280999139649,11847637.996165378,0.5684931506849316,408.89939336069864,108,raw,3.111802075276653e-09,-9.571257431748694e-11,"[2, 5, 11, 17, 22, 25, 29, 38, 44, 52, 55, 60, 65, 74, 78, 84, 89, 95, 98, 101, 105]","[37.999999998188514, 367.99999999188844, 460.99999999436017, 192.99999999520207, 950.9999999924665, 153.99999999415832, 880.9999999825247, 242.99999999537852, 490.99999999309773, 185.99999999706495, 320.99999999304896, 942.9999999941231, 809.999999983803, 204.9999999962776, 477.9999999920178, 275.9999999963602, 346.9999999942311, 79.0000000011139, 1007.9999999886682, 113.99999999544809, 892.9999999817924]",21,6.069003658088263,95286.34100699353,0.8076213726041439,4.365923718372285e-06,1.0,0.4907407407407407,67630.99999999999,0.12910941990394445,0.15147910127185954,188156.12126291092,82872438.25056623,8,12069.579557387417,0.027777777777777776,"[0.0, 0.009259259259259259, 0.018518518518518517, 0.027777777777777776, 0.037037037037037035, 0.046296296296296294, 0.05555555555555555, 0.06481481481481481, 0.07407407407407407, 0.08333333333333333, 0.09259259259259259, 0.10185185185185185, 0.1111111111111111, 0.12037037037037036, 0.12962962962962962, 0.1388888888888889, 0.14814814814814814, 0.15740740740740738, 0.16666666666666666, 0.17592592592592593, 0.18518518518518517, 0.19444444444444442, 0.2037037037037037, 0.21296296296296297, 0.2222222222222222, 0.23148148148148145, 0.24074074074074073]","[67630.99999999999, 1786.634631637237, 1155.9831840874929, 12069.579557387417, 1906.5778541949608, 950.5914327564104, 9083.8771973129, 2481.229636754558, 778.63161259087, 8965.1623962758, 2042.642311446753, 1606.7171021292438, 6927.93983619402, 1790.9411988909876, 2115.064375957947, 4469.146453318596, 811.3124818544828, 852.4454942071759, 2613.5185095448196, 1125.8336361341762, 622.5282936065336, 1595.90289581172, 1672.0836321984586, 807.767182238009, 3024.634439344491, 842.731381454859, 842.8235732067096]",3.0,0.3,145.1500000041107,15,0.5,1721880.1384706334,0.1444554161548284,0.12412575453789111,16430975.452303791,84089526825.8592,"[0.046875, 0.03125]",2,1721880.1384706334,0.046875,"[0.0, 0.015625, 0.03125, 0.046875, 0.0625, 0.078125, 0.09375, 0.109375, 0.125, 0.140625, 0.15625, 0.171875, 0.1875, 0.203125, 0.21875, 0.234375]","[154749.38571087422, 876106.9067017047, 1710291.3768753908, 1721880.1384706334, 1236443.3975391702, 1200279.693827211, 1385236.6101049683, 1437054.0473805522, 1048940.293613433, 664501.8455121912, 393060.29713715956, 165807.08106297755, 58528.06662625632, 51528.95639161803, 141871.9518048261, 339557.7347092178]",3.0,0.3,flattop,64,32,145.1500000041107,15,21,449.5238095167245,37.999999998188514,1007.9999999886682,"[2, 5, 11, 17, 22, 25, 29, 38, 44, 52, 55, 60, 65, 74, 78, 84, 89, 95, 98, 101, 105]","[37.999999998188514, 367.99999999188844, 460.99999999436017, 192.99999999520207, 950.9999999924665, 153.99999999415832, 880.9999999825247, 242.99999999537852, 490.99999999309773, 185.99999999706495, 320.99999999304896, 942.9999999941231, 809.999999983803, 204.9999999962776, 477.9999999920178, 275.9999999963602, 346.9999999942311, 79.0000000011139, 1007.9999999886682, 113.99999999544809, 892.9999999817924]","[1, 1, 1, 15, 1, 24, 27, 35, 35, 49, 35, 35, 63, 73, 73, 73, 35, 92, 35, 99, 99]","[3, 8, 18, 18, 35, 27, 35, 39, 49, 53, 56, 73, 73, 75, 81, 85, 92, 97, 106, 102, 106]",0.05,30,52684908.99977866,1015.9999999970019,-1015.9999999970019,DWT,uc1.l0082987033,1.7875339835882187e-05,0.0,7.085020570229972e-09,1.4334917068481445e-05,0.0,1.13318492367398e-08,0.0004016086459159851,2.998149284394458e-09,1.0,84,0.0,3.0713636078871787e-08,1.0,84,,0.0,0.0,1.0,84,0.0,0.0,0.00022134184837341309,2.964447021484375,1.4551915228366852e-11,0.0,0.0,0.0,7.085020570229972e-09,1.4878605725243688e-07,7.191120164948405e-09,0.0,2.998149284394458e-09,0.0,4.110688678338192e-09,0.0,0.0,0.0,4.110688678338192e-09,1.8114860722562298e-09,7.930045509141337e-13,1.7875339835882187e-05,1.9623191960249642e-14,1.1103618025032347e-13,1.604610588401556e-06,0.0,0.0,8.145151220162461e-13,0.002209454664516608,0.8004770642294907,0.2637565832911641,0.5578174026172809,0.01940807942042426,0.9316065100818465,0.46580325504092324,0.9316065100818465,8,0.7643326893741195,0.4321515160822295,619,0,0,0.9316065100818465,0.9316065100818465,8,0,0,0.32873371684457536,0.447137443576699,521,326.9281266578329,0.5776122394601643,289.0,15.776920983675728,0.6021136132701339,375,sym,445.72514619883043,505.0,280.45746329325993,171,0.986117580085908,1.0,0.009717693939864401,6,282.75
db8,1,antireflect,8.588650062917356e-27,320.755774030315,9942653.444198472,0.5245901639344263,368.13786145464326,108,raw,6.065929651581594e-14,-1.0696321606218428e-10,"[2, 5, 11, 17, 22, 25, 29, 38, 44, 52, 55, 60, 65, 74, 78, 84, 89, 95, 98, 101, 105]","[37.99999999999994, 367.99999999999994, 461.0000000000002, 193.0000000000001, 951.0000000000001, 154.0000000000001, 880.9999999999999, 243.00000000000009, 491.00000000000006, 185.9999999999999, 320.9999999999999, 942.9999999999998, 810.0, 205.0, 478.0, 275.9999999999999, 346.9999999999999, 79.0, 1007.9999999999998, 113.99999999999989, 893.0]",21,5.775053307979436,219716.0588444318,0.9023024064909398,4.365923718251291e-06,1.0,0.4907407407407407,67631.0,0.12910941990473737,0.15147910127183992,188156.12126451556,82872438.25058056,8,12069.579557418134,0.027777777777777776,"[0.0, 0.009259259259259259, 0.018518518518518517, 0.027777777777777776, 0.037037037037037035, 0.046296296296296294, 0.05555555555555555, 0.06481481481481481, 0.07407407407407407, 0.08333333333333333, 0.09259259259259259, 0.10185185185185185, 0.1111111111111111, 0.12037037037037036, 0.12962962962962962, 0.1388888888888889, 0.14814814814814814, 0.15740740740740738, 0.16666666666666666, 0.17592592592592593, 0.18518518518518517, 0.19444444444444442, 0.2037037037037037, 0.21296296296296297, 0.2222222222222222, 0.23148148148148145, 0.24074074074074073]","[67631.0, 1786.6346316370002, 1155.9831840869385, 12069.579557418134, 1906.5778542068422, 950.5914327636012, 9083.877197385176, 2481.2296367744843, 778.6316126029432, 8965.162396385991, 2042.6423114779182, 1606.7171021541494, 6927.939836298322, 1790.9411989177945, 2115.0643759896466, 4469.146453396725, 811.3124818658865, 852.4454942250568, 2613.518509595828, 1125.8336361545928, 622.5282936168369, 1595.902895846698, 1672.083632235643, 807.767182253756, 3024.6344394117596, 842.7313814743661, 842.8235732269198]",3.0,0.3,145.15,15,0.5,1721880.1384885083,0.14445541615564295,0.12412575453778009,16430975.452705396,84089526828.82364,"[0.046875, 0.03125]",2,1721880.1384885083,0.046875,"[0.0, 0.015625, 0.03125, 0.046875, 0.0625, 0.078125, 0.09375, 0.109375, 0.125, 0.140625, 0.15625, 0.171875, 0.1875, 0.203125, 0.21875, 0.234375]","[154749.38571156538, 876106.9067082775, 1710291.3768915324, 1721880.1384885083, 1236443.3975593017, 1200279.6938555266, 1385236.610142781, 1437054.0474222803, 1048940.293646122, 664501.8455342904, 393060.29715082503, 165807.08106897457, 58528.06662853264, 51528.956393907516, 141871.95181127609, 339557.7347245399]",3.0,0.3,flattop,64,32,145.15,15,21,449.5238095238095,37.99999999999994,1007.9999999999998,"[2, 5, 11, 17, 22, 25, 29, 38, 44, 52, 55, 60, 65, 74, 78, 84, 89, 95, 98, 101, 105]","[37.99999999999994, 367.99999999999994, 461.0000000000002, 193.0000000000001, 951.0000000000001, 154.0000000000001, 880.9999999999999, 243.00000000000009, 491.00000000000006, 185.9999999999999, 320.9999999999999, 942.9999999999998, 810.0, 205.0, 478.0, 275.9999999999999, 346.9999999999999, 79.0, 1007.9999999999998, 113.99999999999989, 893.0]","[1, 1, 1, 15, 1, 24, 27, 35, 35, 49, 35, 35, 63, 73, 73, 73, 35, 92, 35, 99, 99]","[3, 8, 18, 18, 35, 27, 35, 39, 49, 53, 56, 73, 73, 75, 81, 85, 92, 97, 106, 102, 106]",0.05,30,52684909.0,1015.9999999999998,-1015.9999999999998,DWT,uc1.l0082987033,4.656612873077393e-10,0.0,0.0,0.0,0.0,2.2737367544323206e-13,3.725290298461914e-09,2.2737367544323206e-13,1.0,84,0.0,3.637978807091713e-12,1.0,84,,0.0,0.0,1.0,84,0.0,0.0,0.0,1.52587890625e-05,0.0,0.0,0.0,0.0,0.0,0.0,9.338561669989893e-14,0.0,2.2737367544323206e-13,0.0,0.0,0.0,0.0,0.0,0.0,5.684341886080802e-14,8.326672684688674e-17,4.656612873077393e-10,0.0,1.3877787807814457e-17,2.9103830456733704e-11,0.0,0.0,2.7755575615628914e-17,0.9521607338808974,0.4238257016627619,0.07896628801839435,0.06777177397197609,0.35622720563569127,0.0,0.0,0.0,604,0.9922920270121834,0.5610390734704375,295,0,0,0.0,0.0,584,0,0,0.37579034063394423,0.5111429817566384,336,161.8669721304092,0.7908695450511509,454.75,410.9316493130499,0.6016686226547745,376,db,413.2962962962963,398.0,188.41229481502944,243,0.9143723369387087,0.671803462110104,0.15839832550987273,5,283.25
db21,1,periodization,5.077153342035042e-26,313.0388203085914,9324462.412462287,0.5833333333333334,477.0774730286405,108,raw,1.6917331733010446e-13,-1.081302825056703e-10,"[2, 5, 11, 17, 22, 25, 29, 38, 44, 52, 55, 60, 65, 74, 78, 84, 89, 95, 98, 101, 105]","[37.99999999999986, 367.99999999999983, 461.00000000000017, 193.00000000000028, 951.0000000000005, 154.0000000000008, 881.0000000000001, 242.99999999999997, 491.0000000000007, 186.0, 320.9999999999991, 943.0, 810.0000000000003, 204.99999999999986, 478.00000000000006, 276.0, 346.9999999999998, 78.99999999999977, 1007.9999999999999, 113.99999999999943, 893.0]",21,5.650181926797819,95467.34242112482,0.7723157384701389,4.365923718251291e-06,0.9999999999999998,0.4907407407407407,67631.0,0.1291094199047374,0.15147910127183992,188156.12126451556,82872438.25058056,8,12069.57955741813,0.027777777777777776,"[0.0, 0.009259259259259259, 0.018518518518518517, 0.027777777777777776, 0.037037037037037035, 0.046296296296296294, 0.05555555555555555, 0.06481481481481481, 0.07407407407407407, 0.08333333333333333, 0.09259259259259259, 0.10185185185185185, 0.1111111111111111, 0.12037037037037036, 0.12962962962962962, 0.1388888888888889, 0.14814814814814814, 0.15740740740740738, 0.16666666666666666, 0.17592592592592593, 0.18518518518518517, 0.19444444444444442, 0.2037037037037037, 0.21296296296296297, 0.2222222222222222, 0.23148148148148145, 0.24074074074074073]","[67631.0, 1786.6346316370016, 1155.983184086941, 12069.57955741813, 1906.577854206841, 950.591432763605, 9083.877197385174, 2481.2296367744843, 778.6316126029446, 8965.162396385991, 2042.6423114779177, 1606.7171021541528, 6927.939836298323, 1790.941198917795, 2115.064375989653, 4469.146453396727, 811.3124818658858, 852.4454942250562, 2613.5185095958254, 1125.8336361545937, 622.528293616834, 1595.9028958466988, 1672.0836322356422, 807.7671822537582, 3024.63443941176, 842.7313814743676, 842.82357322692]",3.0,0.3,145.1500000000001,15,0.5,1721880.1384885076,0.14445541615564297,0.1241257545377801,16430975.4527054,84089526828.82361,"[0.046875, 0.03125]",2,1721880.1384885076,0.046875,"[0.0, 0.015625, 0.03125, 0.046875, 0.0625, 0.078125, 0.09375, 0.109375, 0.125, 0.140625, 0.15625, 0.171875, 0.1875, 0.203125, 0.21875, 0.234375]","[154749.3857115654, 876106.9067082775, 1710291.3768915315, 1721880.1384885076, 1236443.397559302, 1200279.6938555264, 1385236.610142781, 1437054.0474222805, 1048940.2936461223, 664501.8455342909, 393060.29715082544, 165807.0810689747, 58528.06662853273, 51528.956393907516, 141871.9518112762, 339557.73472454003]",3.0,0.3,flattop,64,32,145.1500000000001,15,21,449.52380952380963,37.99999999999986,1007.9999999999999,"[2, 5, 11, 17, 22, 25, 29, 38, 44, 52, 55, 60, 65, 74, 78, 84, 89, 95, 98, 101, 105]","[37.99999999999986, 367.99999999999983, 461.00000000000017, 193.00000000000028, 951.0000000000005, 154.0000000000008, 881.0000000000001, 242.99999999999997, 491.0000000000007, 186.0, 320.9999999999991, 943.0, 810.0000000000003, 204.99999999999986, 478.00000000000006, 276.0, 346.9999999999998, 78.99999999999977, 1007.9999999999999, 113.99999999999943, 893.0]","[1, 1, 1, 15, 1, 24, 27, 35, 35, 49, 35, 35, 63, 73, 73, 73, 35, 92, 35, 99, 99]","[3, 8, 18, 18, 35, 27, 35, 39, 49, 53, 56, 73, 73, 75, 81, 85, 92, 97, 106, 102, 106]",0.05,30,52684909.0,1016.0,-1016.0,DWT,uc1.l0082987033,1.1641532182693481e-09,0.0,1.1368683772161603e-13,0.0,0.0,1.1368683772161603e-13,0.0,0.0,1.0,84,0.0,0.0,1.0,84,,0.0,0.0,1.0,84,0.0,0.0,0.0,4.57763671875e-05,0.0,0.0,0.0,0.0,1.1368683772161603e-13,1.8189894035458565e-12,2.5850221434319834e-13,0.0,0.0,0.0,8.526512829121202e-14,0.0,0.0,0.0,8.526512829121202e-14,1.4210854715202004e-13,5.551115123125783e-17,1.1641532182693481e-09,0.0,2.7755575615628914e-17,2.9103830456733704e-11,0.0,0.0,5.551115123125783e-17,0.8729333013358318,0.2638225723920093,0.018999553289989857,0.7234636871508384,0.019898032618189086,0.0,0.0,0.0,582,0.9625157315501097,0.5442036411958026,346,0,0,0.0,0.0,610,0,0,0.37982342935737173,0.5166287134875397,318,153.2753513560916,0.8019698302892874,464.0,425.87692870465156,0.6012433130774602,377,db,413.2962962962963,398.0,188.41229481502944,243,0.9143723369387087,0.671803462110104,0.15839832550987273,5,284.0
db11,1,antisymmetric,1.9695110398735673e-26,317.1514389164094,10294278.826961085,0.5703125,417.12482676841114,108,raw,1.0348923364357759e-13,-1.1224288165578922e-10,"[2, 5, 11, 17, 22, 25, 29, 38, 44, 52, 55, 60, 65, 74, 78, 84, 89, 95, 98, 101, 105]","[37.99999999999994, 368.0000000000002, 461.00000000000017, 192.99999999999966, 950.9999999999999, 154.00000000000023, 880.9999999999999, 242.99999999999991, 490.99999999999994, 185.9999999999999, 320.9999999999998, 942.9999999999999, 810.0000000000002, 205.0000000000001, 478.0, 275.9999999999999, 346.9999999999998, 79.00000000000057, 1007.9999999999998, 114.00000000000034, 893.0000000000002]",21,5.857878241387139,270205.25537890167,0.9202027442121066,4.36592371825129e-06,1.0,0.4907407407407407,67631.0,0.12910941990473745,0.15147910127183992,188156.12126451553,82872438.25058056,8,12069.57955741813,0.027777777777777776,"[0.0, 0.009259259259259259, 0.018518518518518517, 0.027777777777777776, 0.037037037037037035, 0.046296296296296294, 0.05555555555555555, 0.06481481481481481, 0.07407407407407407, 0.08333333333333333, 0.09259259259259259, 0.10185185185185185, 0.1111111111111111, 0.12037037037037036, 0.12962962962962962, 0.1388888888888889, 0.14814814814814814, 0.15740740740740738, 0.16666666666666666, 0.17592592592592593, 0.18518518518518517, 0.19444444444444442, 0.2037037037037037, 0.21296296296296297, 0.2222222222222222, 0.23148148148148145, 0.24074074074074073]","[67631.0, 1786.634631637002, 1155.9831840869374, 12069.57955741813, 1906.5778542068433, 950.591432763603, 9083.877197385176, 2481.229636774482, 778.6316126029432, 8965.162396385991, 2042.6423114779175, 1606.71710215415, 6927.939836298323, 1790.9411989177963, 2115.0643759896484, 4469.146453396722, 811.3124818658866, 852.4454942250578, 2613.5185095958263, 1125.8336361545935, 622.5282936168385, 1595.9028958466965, 1672.083632235643, 807.767182253756, 3024.6344394117605, 842.7313814743659, 842.8235732269204]",3.0,0.3,145.1500000000001,15,0.5,1721880.1384885088,0.14445541615564297,0.12412575453778013,16430975.4527054,84089526828.82365,"[0.046875, 0.03125]",2,1721880.1384885088,0.046875,"[0.0, 0.015625, 0.03125, 0.046875, 0.0625, 0.078125, 0.09375, 0.109375, 0.125, 0.140625, 0.15625, 0.171875, 0.1875, 0.203125, 0.21875, 0.234375]","[154749.38571156567, 876106.906708278, 1710291.3768915324, 1721880.1384885088, 1236443.3975593029, 1200279.6938555269, 1385236.6101427812, 1437054.04742228, 1048940.2936461216, 664501.84553429, 393060.29715082474, 165807.0810689742, 58528.06662853252, 51528.956393907574, 141871.95181127626, 339557.7347245401]",3.0,0.3,flattop,64,32,145.1500000000001,15,21,449.5238095238095,37.99999999999994,1007.9999999999998,"[2, 5, 11, 17, 22, 25, 29, 38, 44, 52, 55, 60, 65, 74, 78, 84, 89, 95, 98, 101, 105]","[37.99999999999994, 368.0000000000002, 461.00000000000017, 192.99999999999966, 950.9999999999999, 154.00000000000023, 880.9999999999999, 242.99999999999991, 490.99999999999994, 185.9999999999999, 320.9999999999998, 942.9999999999999, 810.0000000000002, 205.0000000000001, 478.0, 275.9999999999999, 346.9999999999998, 79.00000000000057, 1007.9999999999998, 114.00000000000034, 893.0000000000002]","[1, 1, 1, 15, 1, 24, 27, 35, 35, 49, 35, 35, 63, 73, 73, 73, 35, 92, 35, 99, 99]","[3, 8, 18, 18, 35, 27, 35, 39, 49, 53, 56, 73, 73, 75, 81, 85, 92, 97, 106, 102, 106]",0.05,30,52684909.0,1015.9999999999999,-1015.9999999999999,DWT,uc1.l0082987033,0.0,0.0,0.0,0.0,0.0,2.2737367544323206e-13,0.0,1.1368683772161603e-13,1.0,84,0.0,0.0,1.0,84,,0.0,0.0,1.0,84,0.0,0.0,0.0,0.0,0.0,0.0,0.0,0.0,0.0,0.0,1.8541781866501662e-13,0.0,1.1368683772161603e-13,0.0,8.526512829121202e-14,0.0,0.0,0.0,8.526512829121202e-14,5.684341886080802e-14,0.0,0.0,0.0,5.551115123125783e-17,0.0,0.0,0.0,5.551115123125783e-17,0.9151562075607644,0.5299528895057439,0.11307520414530722,0.5781250000000001,0.49289654279731887,0.0,0.0,0.0,621,1.2990163884809118,0.7344601500131739,69,0,0,0.0,0.0,530,0,0,0.525841168801827,0.7152393073710726,61,297.08738893912454,0.6161661641613378,320.25,116.3355646947535,0.6012032371194286,378,db,413.2962962962963,398.0,188.41229481502944,243,0.9143723369387087,0.671803462110104,0.15839832550987273,5,284.75
rbio2.8,1,periodic,1.2666250169201844e-26,319.06854249721005,10068916.094946021,0.5564516129032258,449.5323489241551,108,raw,8.589836660896115e-14,-1.1932765886513217e-10,"[2, 5, 11, 17, 22, 25, 29, 38, 44, 52, 55, 60, 65, 74, 78, 84, 89, 95, 98, 101, 105]","[38.0, 367.9999999999999, 461.0, 192.9999999999999, 951.0000000000002, 154.0000000000001, 880.9999999999999, 243.0, 491.0000000000001, 186.0, 321.0000000000001, 943.0, 810.0, 205.0, 478.0, 276.0, 347.0000000000001, 79.0, 1008.0, 113.99999999999989, 893.0000000000002]",21,5.899839995150204,103916.96681596263,0.6804234059960035,4.365923718251291e-06,1.0,0.4907407407407407,67631.0,0.1291094199047374,0.15147910127183992,188156.12126451556,82872438.25058056,8,12069.57955741813,0.027777777777777776,"[0.0, 0.009259259259259259, 0.018518518518518517, 0.027777777777777776, 0.037037037037037035, 0.046296296296296294, 0.05555555555555555, 0.06481481481481481, 0.07407407407407407, 0.08333333333333333, 0.09259259259259259, 0.10185185185185185, 0.1111111111111111, 0.12037037037037036, 0.12962962962962962, 0.1388888888888889, 0.14814814814814814, 0.15740740740740738, 0.16666666666666666, 0.17592592592592593, 0.18518518518518517, 0.19444444444444442, 0.2037037037037037, 0.21296296296296297, 0.2222222222222222, 0.23148148148148145, 0.24074074074074073]","[67631.0, 1786.634631637001, 1155.983184086939, 12069.57955741813, 1906.5778542068426, 950.5914327636026, 9083.877197385176, 2481.229636774485, 778.6316126029438, 8965.162396385995, 2042.6423114779182, 1606.7171021541508, 6927.939836298322, 1790.9411989177947, 2115.064375989648, 4469.146453396728, 811.3124818658854, 852.4454942250577, 2613.5185095958273, 1125.8336361545944, 622.5282936168376, 1595.9028958466977, 1672.0836322356442, 807.7671822537566, 3024.6344394117596, 842.7313814743657, 842.8235732269204]",3.0,0.3,145.15000000000003,15,0.5,1721880.1384885088,0.14445541615564295,0.1241257545377801,16430975.452705404,84089526828.8237,"[0.046875, 0.03125]",2,1721880.1384885088,0.046875,"[0.0, 0.015625, 0.03125, 0.046875, 0.0625, 0.078125, 0.09375, 0.109375, 0.125, 0.140625, 0.15625, 0.171875, 0.1875, 0.203125, 0.21875, 0.234375]","[154749.38571156544, 876106.906708278, 1710291.3768915331, 1721880.1384885088, 1236443.3975593029, 1200279.6938555276, 1385236.6101427816, 1437054.0474222808, 1048940.293646122, 664501.8455342908, 393060.2971508252, 165807.0810689745, 58528.06662853264, 51528.95639390757, 141871.95181127626, 339557.73472454]",3.0,0.3,flattop,64,32,145.15000000000003,15,21,449.5238095238095,38.0,1008.0,"[2, 5, 11, 17, 22, 25, 29, 38, 44, 52, 55, 60, 65, 74, 78, 84, 89, 95, 98, 101, 105]","[38.0, 367.9999999999999, 461.0, 192.9999999999999, 951.0000000000002, 154.0000000000001, 880.9999999999999, 243.0, 491.0000000000001, 186.0, 321.0000000000001, 943.0, 810.0, 205.0, 478.0, 276.0, 347.0000000000001, 79.0, 1008.0, 113.99999999999989, 893.0000000000002]","[1, 1, 1, 15, 1, 24, 27, 35, 35, 49, 35, 35, 63, 73, 73, 73, 35, 92, 35, 99, 99]","[3, 8, 18, 18, 35, 27, 35, 39, 49, 53, 56, 73, 73, 75, 81, 85, 92, 97, 106, 102, 106]",0.05,30,52684909.0,1016.0,-1016.0,DWT,uc1.l0082987033,0.0,0.0,0.0,0.0,0.0,0.0,3.725290298461914e-09,0.0,1.0,84,0.0,0.0,1.0,84,,0.0,0.0,1.0,84,0.0,0.0,0.0,4.57763671875e-05,0.0,0.0,0.0,0.0,0.0,0.0,6.496390726949486e-14,0.0,0.0,0.0,2.842170943040401e-14,0.0,0.0,0.0,2.842170943040401e-14,0.0,5.551115123125783e-17,0.0,0.0,2.7755575615628914e-17,2.9103830456733704e-11,0.0,0.0,2.7755575615628914e-17,0.9348384811763515,0.5837203088154901,0.09121421543044167,0.42340962335555915,0.04277034282654814,0.0,0.0,0.0,697,1.0848423373016196,0.6133667541538471,182,0,0,0.0,0.0,426,0,0,0.41519059432087807,0.5647344687478509,219,236.45013568756238,0.6945088686207204,381.0,288.9577620817996,0.6011304033026083,379,rbio,366.5925925925926,360.0,210.3588723315502,135,0.8110455588331695,0.7500562468954116,0.20725123474815782,3,285.0
db17,1,symmetric,2.68801723917709e-26,315.8007026151172,11162341.210291075,0.5642857142857143,461.97177875381067,108,raw,1.1914749022792048e-13,-1.0060996480376677e-10,"[2, 5, 11, 17, 22, 25, 29, 38, 44, 52, 55, 60, 65, 74, 78, 84, 89, 95, 98, 101, 105]","[37.99999999999997, 367.9999999999998, 461.00000000000017, 193.00000000000006, 950.9999999999999, 153.9999999999999, 880.9999999999998, 243.0, 491.0000000000001, 186.0, 321.0, 943.0000000000001, 810.0000000000002, 205.0, 478.0000000000001, 276.0000000000002, 347.0, 78.99999999999909, 1007.9999999999999, 113.99999999999977, 892.9999999999998]",21,5.97253607005926,96058.41689724915,0.7969042255845262,4.3659237182512925e-06,0.9999999999999998,0.4907407407407407,67631.0,0.12910941990473743,0.15147910127183994,188156.1212645155,82872438.25058056,8,12069.579557418128,0.027777777777777776,"[0.0, 0.009259259259259259, 0.018518518518518517, 0.027777777777777776, 0.037037037037037035, 0.046296296296296294, 0.05555555555555555, 0.06481481481481481, 0.07407407407407407, 0.08333333333333333, 0.09259259259259259, 0.10185185185185185, 0.1111111111111111, 0.12037037037037036, 0.12962962962962962, 0.1388888888888889, 0.14814814814814814, 0.15740740740740738, 0.16666666666666666, 0.17592592592592593, 0.18518518518518517, 0.19444444444444442, 0.2037037037037037, 0.21296296296296297, 0.2222222222222222, 0.23148148148148145, 0.24074074074074073]","[67631.0, 1786.6346316370004, 1155.9831840869388, 12069.579557418128, 1906.5778542068433, 950.5914327635995, 9083.877197385176, 2481.229636774484, 778.6316126029441, 8965.162396385993, 2042.642311477917, 1606.717102154148, 6927.939836298323, 1790.9411989177922, 2115.0643759896498, 4469.146453396725, 811.3124818658877, 852.4454942250577, 2613.5185095958304, 1125.833636154593, 622.5282936168379, 1595.9028958466988, 1672.0836322356433, 807.7671822537598, 3024.634439411759, 842.731381474364, 842.823573226918]",3.0,0.3,145.14999999999992,15,0.5,1721880.138488508,0.14445541615564292,0.12412575453778006,16430975.4527054,84089526828.82372,"[0.046875, 0.03125]",2,1721880.138488508,0.046875,"[0.0, 0.015625, 0.03125, 0.046875, 0.0625, 0.078125, 0.09375, 0.109375, 0.125, 0.140625, 0.15625, 0.171875, 0.1875, 0.203125, 0.21875, 0.234375]","[154749.3857115655, 876106.9067082775, 1710291.3768915317, 1721880.138488508, 1236443.3975593026, 1200279.6938555273, 1385236.6101427819, 1437054.0474222815, 1048940.2936461228, 664501.8455342911, 393060.2971508254, 165807.08106897466, 58528.06662853276, 51528.95639390756, 141871.95181127623, 339557.7347245398]",3.0,0.3,flattop,64,32,145.14999999999992,15,21,449.52380952380946,37.99999999999997,1007.9999999999999,"[2, 5, 11, 17, 22, 25, 29, 38, 44, 52, 55, 60, 65, 74, 78, 84, 89, 95, 98, 101, 105]","[37.99999999999997, 367.9999999999998, 461.00000000000017, 193.00000000000006, 950.9999999999999, 153.9999999999999, 880.9999999999998, 243.0, 491.0000000000001, 186.0, 321.0, 943.0000000000001, 810.0000000000002, 205.0, 478.0000000000001, 276.0000000000002, 347.0, 78.99999999999909, 1007.9999999999999, 113.99999999999977, 892.9999999999998]","[1, 1, 1, 15, 1, 24, 27, 35, 35, 49, 35, 35, 63, 73, 73, 73, 35, 92, 35, 99, 99]","[3, 8, 18, 18, 35, 27, 35, 39, 49, 53, 56, 73, 73, 75, 81, 85, 92, 97, 106, 102, 106]",0.05,30,52684909.0,1016.0,-1016.0,DWT,uc1.l0082987033,6.984919309616089e-10,0.0,5.684341886080802e-14,0.0,0.0,1.1368683772161603e-13,0.0,0.0,1.0,84,0.0,1.8189894035458565e-12,1.0,84,,0.0,0.0,1.0,84,0.0,0.0,0.0,6.103515625e-05,0.0,0.0,0.0,0.0,5.684341886080802e-14,1.8189894035458565e-12,1.5293586503026917e-13,0.0,0.0,0.0,8.526512829121202e-14,0.0,0.0,0.0,8.526512829121202e-14,2.842170943040401e-14,2.7755575615628914e-17,6.984919309616089e-10,2.7755575615628914e-17,1.3877787807814457e-17,2.9103830456733704e-11,0.0,0.0,0.0,0.9012886410240433,0.676868949929922,0.1972803510926194,0.510853950518755,0.02149801365195176,0.0,0.0,0.0,640,1.1907886207939793,0.6732684797649711,123,0,0,0.0,0.0,521,0,0,0.46155798124345837,0.627802519852863,138,264.3816685526186,0.658421616857082,355.5,212.10770252742842,0.5995596456378434,380,db,413.2962962962963,398.0,188.41229481502944,243,0.9143723369387087,0.671803462110104,0.15839832550987273,5,286.25
bior6.8,1,symmetric,2.5086420176380784e-21,266.1006361912073,10289960.442670966,0.5725806451612904,417.2306173714596,108,raw,3.946317346977443e-11,-1.0911016535092629e-10,"[2, 5, 11, 17, 22, 25, 29, 38, 44, 52, 55, 60, 65, 74, 78, 84, 89, 95, 98, 101, 105]","[37.99999999997726, 367.9999999998827, 460.99999999993116, 192.99999999994037, 950.9999999999146, 153.99999999992428, 880.9999999997787, 242.9999999999401, 490.99999999991866, 185.99999999995555, 320.99999999990723, 942.9999999999283, 809.9999999997983, 204.99999999995268, 477.9999999998963, 275.9999999999559, 346.9999999999319, 79.0000000000066, 1007.9999999998699, 113.99999999995634, 892.9999999997524]",21,5.784355806512682,102634.38845560778,0.8115011827948792,4.365923718252757e-06,1.0,0.4907407407407407,67631.0,0.1291094199047273,0.15147910127184053,188156.12126449554,82872438.25058052,8,12069.579557417963,0.027777777777777776,"[0.0, 0.009259259259259259, 0.018518518518518517, 0.027777777777777776, 0.037037037037037035, 0.046296296296296294, 0.05555555555555555, 0.06481481481481481, 0.07407407407407407, 0.08333333333333333, 0.09259259259259259, 0.10185185185185185, 0.1111111111111111, 0.12037037037037036, 0.12962962962962962, 0.1388888888888889, 0.14814814814814814, 0.15740740740740738, 0.16666666666666666, 0.17592592592592593, 0.18518518518518517, 0.19444444444444442, 0.2037037037037037, 0.21296296296296297, 0.2222222222222222, 0.23148148148148145, 0.24074074074074073]","[67631.0, 1786.6346316369977, 1155.9831840869329, 12069.579557417963, 1906.577854206791, 950.5914327635593, 9083.877197384621, 2481.2296367742833, 778.6316126028438, 8965.162396384741, 2042.6423114775455, 1606.7171021538165, 6927.939836296787, 1790.9411989173814, 2115.0643759891573, 4469.146453395484, 811.3124818657378, 852.4454942247626, 2613.518509595077, 1125.8336361543445, 622.5282936167467, 1595.902895846211, 1672.0836322351443, 807.7671822536057, 3024.6344394109406, 842.7313814741184, 842.823573226654]",3.0,0.3,145.1500000000443,15,0.5,1721880.1384883912,0.1444554161556316,0.12412575453778248,16430975.4527006,84089526828.7917,"[0.046875, 0.03125]",2,1721880.1384883912,0.046875,"[0.0, 0.015625, 0.03125, 0.046875, 0.0625, 0.078125, 0.09375, 0.109375, 0.125, 0.140625, 0.15625, 0.171875, 0.1875, 0.203125, 0.21875, 0.234375]","[154749.38571156433, 876106.9067082405, 1710291.3768914281, 1721880.1384883912, 1236443.3975591268, 1200279.6938552114, 1385236.6101423032, 1437054.0474217164, 1048940.2936456478, 664501.8455339572, 393060.2971506184, 165807.08106888563, 58528.06662850137, 51528.95639388031, 141871.95181120033, 339557.7347243579]",3.0,0.3,flattop,64,32,145.1500000000443,15,21,449.52380952371993,37.99999999997726,1007.9999999998699,"[2, 5, 11, 17, 22, 25, 29, 38, 44, 52, 55, 60, 65, 74, 78, 84, 89, 95, 98, 101, 105]","[37.99999999997726, 367.9999999998827, 460.99999999993116, 192.99999999994037, 950.9999999999146, 153.99999999992428, 880.9999999997787, 242.9999999999401, 490.99999999991866, 185.99999999995555, 320.99999999990723, 942.9999999999283, 809.9999999997983, 204.99999999995268, 477.9999999998963, 275.9999999999559, 346.9999999999319, 79.0000000000066, 1007.9999999998699, 113.99999999995634, 892.9999999997524]","[1, 1, 1, 15, 1, 24, 27, 35, 35, 49, 35, 35, 63, 73, 73, 73, 35, 92, 35, 99, 99]","[3, 8, 18, 18, 35, 27, 35, 39, 49, 53, 56, 73, 73, 75, 81, 85, 92, 97, 106, 102, 106]",0.05,30,52684908.99999739,1015.9999999999702,-1015.9999999999702,DWT,uc1.l0082987033,1.1757947504520416e-07,0.0,8.958522812463343e-11,4.470348358154297e-08,0.0,1.3005774235352874e-10,4.800036549568176e-06,2.97859514830634e-11,1.0,84,0.0,1.673470251262188e-10,1.0,84,,0.0,0.0,1.0,84,0.0,0.0,2.60770320892334e-06,0.031951904296875,0.0,0.0,0.0,0.0,8.958522812463343e-11,1.8808350432664156e-09,9.019020451108059e-11,0.0,2.97859514830634e-11,0.0,4.4281023292569444e-11,0.0,0.0,0.0,4.4281023292569444e-11,2.2737367544323206e-11,1.0158540675320182e-14,1.1757947504520416e-07,6.106226635438361e-16,2.400857290751901e-15,1.9994331523776054e-08,0.0,0.0,1.1324274851176597e-14,0.39103436167012606,0.4357453974431031,0.11265630546854444,0.6034420616327272,0.03929852813352028,0.010975571513688106,0.005487785756844053,0.010975571513688106,146,0.7659177043643983,0.43304767902355673,618,0,0,0.010975571513688106,0.010975571513688106,146,0,0,0.31643533086960424,0.4304094093557126,553,255.12921562742804,0.6703756904038398,365.75,233.57566877400598,0.5989152353827984,381,bior,385.74074074074076,410.0,199.97417605530825,135,0.8534087184529663,0.7130285416801533,0.18870533457887761,4,286.75
db13,1,periodization,2.822254339455435e-26,315.5890616170532,9323599.460317543,0.5833333333333334,512.4819786221767,108,raw,1.2907370645549505e-13,-1.1239864594614421e-10,"[2, 5, 11, 17, 22, 25, 29, 38, 44, 52, 55, 60, 65, 74, 78, 84, 89, 95, 98, 101, 105]","[38.0, 368.00000000000057, 461.00000000000034, 193.00000000000023, 951.0000000000001, 153.99999999999977, 881.0, 242.99999999999994, 491.0, 185.9999999999999, 320.99999999999966, 942.9999999999999, 809.9999999999998, 205.00000000000009, 478.0, 275.99999999999966, 346.9999999999999, 79.00000000000023, 1008.0000000000002, 114.00000000000045, 893.0]",21,5.650704883262506,95467.34242112483,0.7707855279023162,4.365923718251291e-06,1.0,0.4907407407407407,67631.0,0.1291094199047374,0.15147910127183992,188156.12126451553,82872438.25058056,8,12069.57955741813,0.027777777777777776,"[0.0, 0.009259259259259259, 0.018518518518518517, 0.027777777777777776, 0.037037037037037035, 0.046296296296296294, 0.05555555555555555, 0.06481481481481481, 0.07407407407407407, 0.08333333333333333, 0.09259259259259259, 0.10185185185185185, 0.1111111111111111, 0.12037037037037036, 0.12962962962962962, 0.1388888888888889, 0.14814814814814814, 0.15740740740740738, 0.16666666666666666, 0.17592592592592593, 0.18518518518518517, 0.19444444444444442, 0.2037037037037037, 0.21296296296296297, 0.2222222222222222, 0.23148148148148145, 0.24074074074074073]","[67631.0, 1786.6346316370032, 1155.983184086939, 12069.57955741813, 1906.5778542068442, 950.5914327636012, 9083.877197385176, 2481.229636774485, 778.631612602945, 8965.16239638599, 2042.6423114779197, 1606.7171021541487, 6927.939836298324, 1790.941198917794, 2115.064375989649, 4469.146453396724, 811.3124818658887, 852.445494225058, 2613.5185095958277, 1125.833636154596, 622.5282936168372, 1595.902895846695, 1672.0836322356427, 807.7671822537568, 3024.63443941176, 842.7313814743642, 842.8235732269205]",3.0,0.3,145.15000000000006,15,0.5,1721880.1384885083,0.14445541615564292,0.12412575453778008,16430975.452705396,84089526828.82365,"[0.046875, 0.03125]",2,1721880.1384885083,0.046875,"[0.0, 0.015625, 0.03125, 0.046875, 0.0625, 0.078125, 0.09375, 0.109375, 0.125, 0.140625, 0.15625, 0.171875, 0.1875, 0.203125, 0.21875, 0.234375]","[154749.38571156547, 876106.9067082778, 1710291.3768915324, 1721880.1384885083, 1236443.3975593015, 1200279.6938555266, 1385236.6101427812, 1437054.0474222805, 1048940.2936461223, 664501.8455342907, 393060.29715082503, 165807.08106897445, 58528.06662853255, 51528.9563939075, 141871.9518112762, 339557.7347245399]",3.0,0.3,flattop,64,32,145.15000000000006,15,21,449.5238095238095,38.0,1008.0000000000002,"[2, 5, 11, 17, 22, 25, 29, 38, 44, 52, 55, 60, 65, 74, 78, 84, 89, 95, 98, 101, 105]","[38.0, 368.00000000000057, 461.00000000000034, 193.00000000000023, 951.0000000000001, 153.99999999999977, 881.0, 242.99999999999994, 491.0, 185.9999999999999, 320.99999999999966, 942.9999999999999, 809.9999999999998, 205.00000000000009, 478.0, 275.99999999999966, 346.9999999999999, 79.00000000000023, 1008.0000000000002, 114.00000000000045, 893.0]","[1, 1, 1, 15, 1, 24, 27, 35, 35, 49, 35, 35, 63, 73, 73, 73, 35, 92, 35, 99, 99]","[3, 8, 18, 18, 35, 27, 35, 39, 49, 53, 56, 73, 73, 75, 81, 85, 92, 97, 106, 102, 106]",0.05,30,52684909.0,1016.0000000000005,-1016.0000000000005,DWT,uc1.l0082987033,4.656612873077393e-10,0.0,0.0,0.0,0.0,2.2737367544323206e-13,3.725290298461914e-09,4.547473508864641e-13,1.0,84,0.0,0.0,1.0,84,,0.0,0.0,1.0,84,0.0,0.0,0.0,0.0,0.0,0.0,0.0,0.0,0.0,0.0,1.8000415972589201e-13,0.0,4.547473508864641e-13,0.0,5.684341886080802e-14,0.0,0.0,0.0,5.684341886080802e-14,0.0,5.551115123125783e-17,4.656612873077393e-10,0.0,0.0,0.0,0.0,0.0,0.0,0.8991157923194197,0.26449265924482157,0.018915843854410003,0.7234636871508384,0.01989803261818912,0.0,0.0,0.0,559,0.9785184148488786,0.5532515125548172,322,0,0,0.0,0.0,633,0,0,0.38517720303753583,0.5239108161565781,299,167.8419395343925,0.7831499489219735,453.25,407.38344758419544,0.5987778168382478,382,db,413.2962962962963,398.0,188.41229481502944,243,0.9143723369387087,0.671803462110104,0.15839832550987273,5,287.75
db13,1,constant,1.943230284901482e-26,317.2097804092923,9317223.497885449,0.5681818181818182,263.94989069746583,108,raw,1.0758472302330591e-13,-1.129591975512774e-10,"[2, 5, 11, 17, 22, 25, 29, 38, 44, 52, 55, 60, 65, 74, 78, 84, 89, 95, 98, 101, 105]","[37.99999999999994, 368.00000000000045, 461.00000000000057, 193.0, 951.0000000000002, 154.0000000000001, 881.0, 243.00000000000006, 490.9999999999999, 186.0, 320.99999999999966, 943.0, 810.0, 205.00000000000006, 478.0, 275.9999999999999, 347.0, 79.00000000000011, 1008.0, 114.00000000000011, 892.9999999999999]",21,5.659578043669837,128727.65590348374,0.8611642037625845,4.365923718251291e-06,1.0,0.4907407407407407,67631.0,0.12910941990473745,0.15147910127183992,188156.12126451553,82872438.25058056,8,12069.579557418134,0.027777777777777776,"[0.0, 0.009259259259259259, 0.018518518518518517, 0.027777777777777776, 0.037037037037037035, 0.046296296296296294, 0.05555555555555555, 0.06481481481481481, 0.07407407407407407, 0.08333333333333333, 0.09259259259259259, 0.10185185185185185, 0.1111111111111111, 0.12037037037037036, 0.12962962962962962, 0.1388888888888889, 0.14814814814814814, 0.15740740740740738, 0.16666666666666666, 0.17592592592592593, 0.18518518518518517, 0.19444444444444442, 0.2037037037037037, 0.21296296296296297, 0.2222222222222222, 0.23148148148148145, 0.24074074074074073]","[67631.0, 1786.634631637002, 1155.983184086939, 12069.579557418134, 1906.5778542068447, 950.5914327636013, 9083.877197385176, 2481.2296367744852, 778.6316126029458, 8965.162396385991, 2042.6423114779188, 1606.7171021541487, 6927.939836298324, 1790.9411989177945, 2115.064375989648, 4469.146453396725, 811.3124818658865, 852.4454942250559, 2613.5185095958286, 1125.8336361545967, 622.5282936168376, 1595.9028958466977, 1672.083632235643, 807.7671822537561, 3024.634439411759, 842.7313814743646, 842.8235732269198]",3.0,0.3,145.15000000000006,15,0.5,1721880.1384885083,0.14445541615564295,0.12412575453778008,16430975.452705402,84089526828.82368,"[0.046875, 0.03125]",2,1721880.1384885083,0.046875,"[0.0, 0.015625, 0.03125, 0.046875, 0.0625, 0.078125, 0.09375, 0.109375, 0.125, 0.140625, 0.15625, 0.171875, 0.1875, 0.203125, 0.21875, 0.234375]","[154749.3857115655, 876106.906708278, 1710291.376891533, 1721880.1384885083, 1236443.3975593017, 1200279.6938555264, 1385236.6101427819, 1437054.0474222812, 1048940.2936461228, 664501.8455342911, 393060.29715082527, 165807.08106897454, 58528.06662853261, 51528.95639390753, 141871.95181127632, 339557.73472454015]",3.0,0.3,flattop,64,32,145.15000000000006,15,21,449.5238095238095,37.99999999999994,1008.0,"[2, 5, 11, 17, 22, 25, 29, 38, 44, 52, 55, 60, 65, 74, 78, 84, 89, 95, 98, 101, 105]","[37.99999999999994, 368.00000000000045, 461.00000000000057, 193.0, 951.0000000000002, 154.0000000000001, 881.0, 243.00000000000006, 490.9999999999999, 186.0, 320.99999999999966, 943.0, 810.0, 205.00000000000006, 478.0, 275.9999999999999, 347.0, 79.00000000000011, 1008.0, 114.00000000000011, 892.9999999999999]","[1, 1, 1, 15, 1, 24, 27, 35, 35, 49, 35, 35, 63, 73, 73, 73, 35, 92, 35, 99, 99]","[3, 8, 18, 18, 35, 27, 35, 39, 49, 53, 56, 73, 73, 75, 81, 85, 92, 97, 106, 102, 106]",0.05,30,52684909.0,1016.0000000000001,-1016.0000000000001,DWT,uc1.l0082987033,4.656612873077393e-10,0.0,0.0,0.0,0.0,0.0,1.862645149230957e-09,1.1368683772161603e-13,1.0,84,0.0,3.637978807091713e-12,1.0,84,,0.0,0.0,1.0,84,0.0,0.0,0.0,3.0517578125e-05,0.0,0.0,0.0,0.0,0.0,0.0,1.163936671911783e-13,0.0,1.1368683772161603e-13,0.0,5.684341886080802e-14,0.0,0.0,0.0,5.684341886080802e-14,5.684341886080802e-14,0.0,4.656612873077393e-10,0.0,0.0,0.0,0.0,0.0,2.7755575615628914e-17,0.9157551805310113,0.27586222541971195,0.018297352759950362,0.5543423057389545,0.10993046152243063,0.0,0.0,0.0,563,0.9622420043129921,0.5440488765989747,349,0,0,0.0,0.0,635,0,0,0.3748375051944118,0.5098469528409819,344,148.72877999903045,0.8078439534896247,472.75,438.4374451139119,0.5985279198972671,383,db,413.2962962962963,398.0,188.41229481502944,243,0.9143723369387087,0.671803462110104,0.15839832550987273,5,288.5
db1,1,periodization,1.5231815743939237e-26,318.2675063367853,9460241.573880227,0.5462962962962963,328.1355888153859,108,raw,1.0389220348214518e-13,-1.2140666250104521e-10,"[2, 5, 11, 17, 22, 25, 29, 38, 44, 52, 55, 60, 65, 74, 78, 84, 89, 95, 98, 101, 105]","[38.0, 367.99999999999994, 461.00000000000006, 193.0, 951.0000000000002, 154.0, 881.0000000000001, 243.00000000000006, 491.00000000000017, 186.0, 321.0000000000001, 943.0000000000001, 810.0000000000002, 205.00000000000003, 478.00000000000006, 276.0, 347.0, 78.99999999999989, 1008.0000000000001, 114.0, 893.0000000000002]",21,5.569087067021978,95467.34242112485,0.8379720908410171,4.36592371825129e-06,1.0,0.4907407407407407,67631.00000000003,0.12910941990473737,0.15147910127183992,188156.12126451562,82872438.25058065,8,12069.579557418137,0.027777777777777776,"[0.0, 0.009259259259259259, 0.018518518518518517, 0.027777777777777776, 0.037037037037037035, 0.046296296296296294, 0.05555555555555555, 0.06481481481481481, 0.07407407407407407, 0.08333333333333333, 0.09259259259259259, 0.10185185185185185, 0.1111111111111111, 0.12037037037037036, 0.12962962962962962, 0.1388888888888889, 0.14814814814814814, 0.15740740740740738, 0.16666666666666666, 0.17592592592592593, 0.18518518518518517, 0.19444444444444442, 0.2037037037037037, 0.21296296296296297, 0.2222222222222222, 0.23148148148148145, 0.24074074074074073]","[67631.00000000003, 1786.634631637001, 1155.9831840869392, 12069.579557418137, 1906.5778542068429, 950.5914327636015, 9083.87719738518, 2481.2296367744843, 778.6316126029442, 8965.162396385995, 2042.6423114779186, 1606.7171021541496, 6927.939836298326, 1790.941198917794, 2115.064375989648, 4469.146453396727, 811.3124818658862, 852.4454942250574, 2613.5185095958304, 1125.8336361545944, 622.528293616837, 1595.9028958466965, 1672.0836322356424, 807.7671822537575, 3024.6344394117605, 842.7313814743653, 842.8235732269203]",3.0,0.3,145.15000000000003,15,0.5,1721880.1384885088,0.14445541615564295,0.12412575453778009,16430975.452705404,84089526828.82372,"[0.046875, 0.03125]",2,1721880.1384885088,0.046875,"[0.0, 0.015625, 0.03125, 0.046875, 0.0625, 0.078125, 0.09375, 0.109375, 0.125, 0.140625, 0.15625, 0.171875, 0.1875, 0.203125, 0.21875, 0.234375]","[154749.38571156512, 876106.9067082775, 1710291.3768915324, 1721880.1384885088, 1236443.3975593026, 1200279.6938555276, 1385236.610142782, 1437054.0474222815, 1048940.2936461228, 664501.8455342911, 393060.29715082544, 165807.08106897466, 58528.06662853267, 51528.95639390754, 141871.95181127626, 339557.73472454003]",3.0,0.3,flattop,64,32,145.15000000000003,15,21,449.52380952380963,38.0,1008.0000000000001,"[2, 5, 11, 17, 22, 25, 29, 38, 44, 52, 55, 60, 65, 74, 78, 84, 89, 95, 98, 101, 105]","[38.0, 367.99999999999994, 461.00000000000006, 193.0, 951.0000000000002, 154.0, 881.0000000000001, 243.00000000000006, 491.00000000000017, 186.0, 321.0000000000001, 943.0000000000001, 810.0000000000002, 205.00000000000003, 478.00000000000006, 276.0, 347.0, 78.99999999999989, 1008.0000000000001, 114.0, 893.0000000000002]","[1, 1, 1, 15, 1, 24, 27, 35, 35, 49, 35, 35, 63, 73, 73, 73, 35, 92, 35, 99, 99]","[3, 8, 18, 18, 35, 27, 35, 39, 49, 53, 56, 73, 73, 75, 81, 85, 92, 97, 106, 102, 106]",0.05,30,52684909.00000001,1016.0000000000001,-1016.0000000000001,DWT,uc1.l0082987033,0.0,0.0,1.1368683772161603e-13,8.940696716308594e-08,0.0,1.1368683772161603e-13,3.725290298461914e-09,1.1368683772161603e-13,1.0,84,0.0,7.275957614183426e-12,1.0,84,,0.0,0.0,1.0,84,0.0,0.0,7.450580596923828e-09,6.103515625e-05,2.9103830456733704e-11,0.0,0.0,0.0,1.1368683772161603e-13,1.8189894035458565e-12,7.985146935208744e-14,0.0,1.1368683772161603e-13,0.0,2.842170943040401e-14,0.0,0.0,0.0,2.842170943040401e-14,0.0,8.326672684688674e-17,0.0,0.0,1.3877787807814457e-17,8.731149137020111e-11,0.0,0.0,2.7755575615628914e-17,0.9266145056732257,0.1599122031054272,0.03217061617572511,0.31005586592178774,0.019898032618189163,3.135877575339459e-05,1.5679387876697293e-05,3.135877575339459e-05,321,0.7839916724605023,0.4432666488817595,577,0,0,3.135877575339459e-05,3.135877575339459e-05,286,0,0,0.289730244698871,0.3940856514050709,618,171.16171690343998,0.7788608308741085,450.5,401.48575728846606,0.5984097436024289,384,db,413.2962962962963,398.0,188.41229481502944,243,0.9143723369387087,0.671803462110104,0.15839832550987273,5,289.25
db11,1,periodization,2.8794160771598663e-26,315.5019788598495,9380419.160467543,0.5740740740740741,403.5689764681117,108,raw,1.226755322839516e-13,-1.1014633649608703e-10,"[2, 5, 11, 17, 22, 25, 29, 38, 44, 52, 55, 60, 65, 74, 78, 84, 89, 95, 98, 101, 105]","[37.999999999999886, 368.00000000000034, 461.0, 192.99999999999994, 951.0, 154.00000000000034, 881.0, 242.99999999999991, 490.99999999999994, 185.99999999999977, 321.0, 942.9999999999997, 810.0000000000003, 205.0000000000001, 477.9999999999997, 275.9999999999998, 346.99999999999955, 79.00000000000068, 1008.0, 114.0, 892.9999999999998]",21,5.616477057020346,95467.34242112483,0.8068901071328043,4.36592371825129e-06,1.0,0.4907407407407407,67631.0,0.1291094199047374,0.15147910127183992,188156.1212645156,82872438.25058056,8,12069.57955741813,0.027777777777777776,"[0.0, 0.009259259259259259, 0.018518518518518517, 0.027777777777777776, 0.037037037037037035, 0.046296296296296294, 0.05555555555555555, 0.06481481481481481, 0.07407407407407407, 0.08333333333333333, 0.09259259259259259, 0.10185185185185185, 0.1111111111111111, 0.12037037037037036, 0.12962962962962962, 0.1388888888888889, 0.14814814814814814, 0.15740740740740738, 0.16666666666666666, 0.17592592592592593, 0.18518518518518517, 0.19444444444444442, 0.2037037037037037, 0.21296296296296297, 0.2222222222222222, 0.23148148148148145, 0.24074074074074073]","[67631.0, 1786.634631637003, 1155.983184086939, 12069.57955741813, 1906.5778542068447, 950.5914327636032, 9083.877197385176, 2481.2296367744816, 778.6316126029424, 8965.162396385993, 2042.6423114779188, 1606.7171021541499, 6927.939836298322, 1790.9411989177963, 2115.0643759896475, 4469.146453396723, 811.3124818658856, 852.4454942250588, 2613.5185095958254, 1125.8336361545926, 622.5282936168377, 1595.9028958466977, 1672.0836322356436, 807.767182253756, 3024.63443941176, 842.7313814743668, 842.8235732269227]",3.0,0.3,145.1500000000001,15,0.5,1721880.1384885088,0.14445541615564297,0.12412575453778012,16430975.452705402,84089526828.82365,"[0.046875, 0.03125]",2,1721880.1384885088,0.046875,"[0.0, 0.015625, 0.03125, 0.046875, 0.0625, 0.078125, 0.09375, 0.109375, 0.125, 0.140625, 0.15625, 0.171875, 0.1875, 0.203125, 0.21875, 0.234375]","[154749.38571156567, 876106.906708278, 1710291.376891532, 1721880.1384885088, 1236443.3975593029, 1200279.6938555276, 1385236.6101427816, 1437054.0474222805, 1048940.2936461219, 664501.8455342902, 393060.2971508248, 165807.0810689743, 58528.06662853256, 51528.956393907574, 141871.95181127623, 339557.73472454003]",3.0,0.3,flattop,64,32,145.1500000000001,15,21,449.5238095238095,37.999999999999886,1008.0,"[2, 5, 11, 17, 22, 25, 29, 38, 44, 52, 55, 60, 65, 74, 78, 84, 89, 95, 98, 101, 105]","[37.999999999999886, 368.00000000000034, 461.0, 192.99999999999994, 951.0, 154.00000000000034, 881.0, 242.99999999999991, 490.99999999999994, 185.99999999999977, 321.0, 942.9999999999997, 810.0000000000003, 205.0000000000001, 477.9999999999997, 275.9999999999998, 346.99999999999955, 79.00000000000068, 1008.0, 114.0, 892.9999999999998]","[1, 1, 1, 15, 1, 24, 27, 35, 35, 49, 35, 35, 63, 73, 73, 73, 35, 92, 35, 99, 99]","[3, 8, 18, 18, 35, 27, 35, 39, 49, 53, 56, 73, 73, 75, 81, 85, 92, 97, 106, 102, 106]",0.05,30,52684909.0,1016.0,-1016.0,DWT,uc1.l0082987033,0.0,0.0,0.0,0.0,0.0,0.0,1.862645149230957e-09,0.0,1.0,84,0.0,0.0,1.0,84,,0.0,0.0,1.0,84,0.0,0.0,0.0,0.0,0.0,0.0,0.0,0.0,0.0,0.0,1.854178186650166e-13,0.0,0.0,0.0,8.526512829121202e-14,0.0,0.0,0.0,8.526512829121202e-14,1.1368683772161603e-13,5.551115123125783e-17,0.0,0.0,4.163336342344337e-17,5.820766091346741e-11,0.0,0.0,5.551115123125783e-17,0.8982217422161034,0.22063505748645063,0.024427557404626304,0.6201117318435755,0.01989803261818912,0.0,0.0,0.0,623,0.9174682585599063,0.5187339288322889,423,0,0,0.0,0.0,589,0,0,0.356658824313789,0.4851206516432214,406,111.64639119410293,0.8557540165450866,510.25,492.0019131542361,0.5982581452234477,385,db,413.2962962962963,398.0,188.41229481502944,243,0.9143723369387087,0.671803462110104,0.15839832550987273,5,290.0
rbio2.8,1,constant,1.2328617701767251e-26,319.18587925433644,9242426.609935883,0.5806451612903226,355.213247777478,108,raw,8.507597918331287e-14,-1.192514975656429e-10,"[2, 5, 11, 17, 22, 25, 29, 38, 44, 52, 55, 60, 65, 74, 78, 84, 89, 95, 98, 101, 105]","[37.99999999999994, 367.9999999999999, 461.0, 192.9999999999999, 951.0000000000002, 154.0000000000001, 880.9999999999999, 243.0, 491.0000000000001, 186.0, 321.0000000000001, 943.0, 810.0, 205.0, 478.0, 276.0, 347.0000000000001, 79.0, 1008.0, 113.99999999999989, 893.0000000000002]",21,5.735838421625163,125446.91526611679,0.7650568704804125,4.365923718251291e-06,1.0,0.4907407407407407,67631.0,0.12910941990473743,0.15147910127183992,188156.12126451556,82872438.25058056,8,12069.57955741813,0.027777777777777776,"[0.0, 0.009259259259259259, 0.018518518518518517, 0.027777777777777776, 0.037037037037037035, 0.046296296296296294, 0.05555555555555555, 0.06481481481481481, 0.07407407407407407, 0.08333333333333333, 0.09259259259259259, 0.10185185185185185, 0.1111111111111111, 0.12037037037037036, 0.12962962962962962, 0.1388888888888889, 0.14814814814814814, 0.15740740740740738, 0.16666666666666666, 0.17592592592592593, 0.18518518518518517, 0.19444444444444442, 0.2037037037037037, 0.21296296296296297, 0.2222222222222222, 0.23148148148148145, 0.24074074074074073]","[67631.0, 1786.634631637001, 1155.9831840869388, 12069.57955741813, 1906.5778542068426, 950.5914327636028, 9083.877197385176, 2481.229636774485, 778.6316126029437, 8965.162396385995, 2042.6423114779182, 1606.7171021541508, 6927.939836298322, 1790.9411989177947, 2115.0643759896484, 4469.146453396728, 811.3124818658853, 852.4454942250575, 2613.5185095958273, 1125.8336361545944, 622.5282936168381, 1595.9028958466977, 1672.0836322356438, 807.7671822537566, 3024.6344394117596, 842.7313814743658, 842.8235732269202]",3.0,0.3,145.15000000000006,15,0.5,1721880.1384885088,0.14445541615564295,0.1241257545377801,16430975.452705404,84089526828.8237,"[0.046875, 0.03125]",2,1721880.1384885088,0.046875,"[0.0, 0.015625, 0.03125, 0.046875, 0.0625, 0.078125, 0.09375, 0.109375, 0.125, 0.140625, 0.15625, 0.171875, 0.1875, 0.203125, 0.21875, 0.234375]","[154749.38571156544, 876106.906708278, 1710291.3768915331, 1721880.1384885088, 1236443.3975593029, 1200279.6938555276, 1385236.6101427816, 1437054.0474222808, 1048940.293646122, 664501.8455342908, 393060.2971508252, 165807.0810689745, 58528.06662853264, 51528.95639390757, 141871.95181127626, 339557.73472454]",3.0,0.3,flattop,64,32,145.15000000000006,15,21,449.5238095238095,37.99999999999994,1008.0,"[2, 5, 11, 17, 22, 25, 29, 38, 44, 52, 55, 60, 65, 74, 78, 84, 89, 95, 98, 101, 105]","[37.99999999999994, 367.9999999999999, 461.0, 192.9999999999999, 951.0000000000002, 154.0000000000001, 880.9999999999999, 243.0, 491.0000000000001, 186.0, 321.0000000000001, 943.0, 810.0, 205.0, 478.0, 276.0, 347.0000000000001, 79.0, 1008.0, 113.99999999999989, 893.0000000000002]","[1, 1, 1, 15, 1, 24, 27, 35, 35, 49, 35, 35, 63, 73, 73, 73, 35, 92, 35, 99, 99]","[3, 8, 18, 18, 35, 27, 35, 39, 49, 53, 56, 73, 73, 75, 81, 85, 92, 97, 106, 102, 106]",0.05,30,52684909.0,1016.0,-1016.0,DWT,uc1.l0082987033,0.0,0.0,0.0,0.0,0.0,0.0,3.725290298461914e-09,0.0,1.0,84,0.0,0.0,1.0,84,,0.0,0.0,1.0,84,0.0,0.0,0.0,4.57763671875e-05,0.0,0.0,0.0,0.0,0.0,0.0,6.767073673905715e-14,0.0,0.0,0.0,5.684341886080802e-14,0.0,0.0,0.0,5.684341886080802e-14,5.684341886080802e-14,2.7755575615628914e-17,0.0,0.0,2.7755575615628914e-17,2.9103830456733704e-11,0.0,0.0,2.7755575615628914e-17,0.9360431391729543,0.37357796297911,0.011041787881267508,0.6934582807713107,0.10104981617482559,0.0,0.0,0.0,699,1.0717389977124159,0.6059581634342069,196,0,0,0.0,0.0,437,0,0,0.42303419739589365,0.5754031907184999,201,238.6522923976777,0.6916637049125611,383.25,289.936803581164,0.5982543330764356,386,rbio,366.5925925925926,360.0,210.3588723315502,135,0.8110455588331695,0.7500562468954116,0.20725123474815782,3,290.25
rbio2.8,1,zero,1.268778315020732e-26,319.06116563770985,9244557.864684032,0.5806451612903226,355.213247777478,108,raw,8.61121873396297e-14,-1.19347531857273e-10,"[2, 5, 11, 17, 22, 25, 29, 38, 44, 52, 55, 60, 65, 74, 78, 84, 89, 95, 98, 101, 105]","[37.99999999999994, 367.9999999999999, 461.0, 192.9999999999999, 951.0000000000002, 154.0000000000001, 880.9999999999999, 243.0, 491.0000000000001, 186.0, 321.0000000000001, 943.0, 810.0, 205.0, 478.0, 276.0, 347.0000000000001, 79.0, 1008.0, 113.99999999999989, 893.0000000000002]",21,5.732099507809065,129709.3446066859,0.7729409147298628,4.365923718251291e-06,1.0,0.4907407407407407,67631.0,0.12910941990473743,0.15147910127183992,188156.12126451556,82872438.25058056,8,12069.57955741813,0.027777777777777776,"[0.0, 0.009259259259259259, 0.018518518518518517, 0.027777777777777776, 0.037037037037037035, 0.046296296296296294, 0.05555555555555555, 0.06481481481481481, 0.07407407407407407, 0.08333333333333333, 0.09259259259259259, 0.10185185185185185, 0.1111111111111111, 0.12037037037037036, 0.12962962962962962, 0.1388888888888889, 0.14814814814814814, 0.15740740740740738, 0.16666666666666666, 0.17592592592592593, 0.18518518518518517, 0.19444444444444442, 0.2037037037037037, 0.21296296296296297, 0.2222222222222222, 0.23148148148148145, 0.24074074074074073]","[67631.0, 1786.634631637001, 1155.983184086939, 12069.57955741813, 1906.5778542068426, 950.5914327636027, 9083.877197385176, 2481.229636774485, 778.6316126029437, 8965.162396385995, 2042.6423114779182, 1606.7171021541508, 6927.939836298322, 1790.9411989177947, 2115.0643759896484, 4469.146453396728, 811.3124818658853, 852.4454942250577, 2613.5185095958273, 1125.8336361545944, 622.5282936168379, 1595.9028958466977, 1672.0836322356438, 807.7671822537566, 3024.6344394117596, 842.7313814743659, 842.8235732269203]",3.0,0.3,145.15000000000006,15,0.5,1721880.1384885088,0.14445541615564295,0.1241257545377801,16430975.452705404,84089526828.8237,"[0.046875, 0.03125]",2,1721880.1384885088,0.046875,"[0.0, 0.015625, 0.03125, 0.046875, 0.0625, 0.078125, 0.09375, 0.109375, 0.125, 0.140625, 0.15625, 0.171875, 0.1875, 0.203125, 0.21875, 0.234375]","[154749.38571156544, 876106.906708278, 1710291.3768915331, 1721880.1384885088, 1236443.3975593029, 1200279.6938555276, 1385236.6101427816, 1437054.0474222808, 1048940.293646122, 664501.8455342908, 393060.2971508252, 165807.0810689745, 58528.06662853264, 51528.95639390757, 141871.95181127626, 339557.73472454]",3.0,0.3,flattop,64,32,145.15000000000006,15,21,449.5238095238095,37.99999999999994,1008.0,"[2, 5, 11, 17, 22, 25, 29, 38, 44, 52, 55, 60, 65, 74, 78, 84, 89, 95, 98, 101, 105]","[37.99999999999994, 367.9999999999999, 461.0, 192.9999999999999, 951.0000000000002, 154.0000000000001, 880.9999999999999, 243.0, 491.0000000000001, 186.0, 321.0000000000001, 943.0, 810.0, 205.0, 478.0, 276.0, 347.0000000000001, 79.0, 1008.0, 113.99999999999989, 893.0000000000002]","[1, 1, 1, 15, 1, 24, 27, 35, 35, 49, 35, 35, 63, 73, 73, 73, 35, 92, 35, 99, 99]","[3, 8, 18, 18, 35, 27, 35, 39, 49, 53, 56, 73, 73, 75, 81, 85, 92, 97, 106, 102, 106]",0.05,30,52684909.0,1016.0,-1016.0,DWT,uc1.l0082987033,0.0,0.0,0.0,0.0,0.0,0.0,3.725290298461914e-09,0.0,1.0,84,0.0,0.0,1.0,84,,0.0,0.0,1.0,84,0.0,0.0,0.0,4.57763671875e-05,0.0,0.0,0.0,0.0,0.0,0.0,6.767073673905715e-14,0.0,0.0,0.0,5.684341886080802e-14,0.0,0.0,0.0,5.684341886080802e-14,5.684341886080802e-14,2.7755575615628914e-17,0.0,0.0,2.7755575615628914e-17,2.9103830456733704e-11,0.0,0.0,2.7755575615628914e-17,0.9347627453796211,0.3687871301638685,0.011248527192515609,0.6934582807713107,0.11258779722144693,0.0,0.0,0.0,700,1.0732939071030676,0.6068373047556267,194,0,0,0.0,0.0,435,0,0,0.4241688961457526,0.5769465867020689,199,239.97638772734842,0.6899529874323664,382.0,287.6210735932568,0.5982064678763899,387,rbio,366.5925925925926,360.0,210.3588723315502,135,0.8110455588331695,0.7500562468954116,0.20725123474815782,3,291.0
db14,1,periodic,1.8061525549375777e-26,317.52747881389746,11399007.165906336,0.5671641791044776,482.5582967506167,108,raw,9.835753610753236e-14,-1.1514689202130119e-10,"[2, 5, 11, 17, 22, 25, 29, 38, 44, 52, 55, 60, 65, 74, 78, 84, 89, 95, 98, 101, 105]","[37.99999999999994, 368.0000000000002, 461.0000000000001, 192.99999999999966, 951.0000000000001, 154.00000000000023, 881.0, 243.0, 491.00000000000006, 186.0000000000001, 320.9999999999999, 943.0, 810.0, 204.99999999999994, 478.0000000000003, 275.9999999999999, 347.0000000000002, 79.00000000000011, 1008.0, 113.99999999999989, 893.0000000000005]",21,5.927499472229673,98487.67102167198,0.7954849245716084,4.365923718251291e-06,1.0,0.4907407407407407,67631.0,0.1291094199047374,0.15147910127183992,188156.12126451556,82872438.25058056,8,12069.57955741813,0.027777777777777776,"[0.0, 0.009259259259259259, 0.018518518518518517, 0.027777777777777776, 0.037037037037037035, 0.046296296296296294, 0.05555555555555555, 0.06481481481481481, 0.07407407407407407, 0.08333333333333333, 0.09259259259259259, 0.10185185185185185, 0.1111111111111111, 0.12037037037037036, 0.12962962962962962, 0.1388888888888889, 0.14814814814814814, 0.15740740740740738, 0.16666666666666666, 0.17592592592592593, 0.18518518518518517, 0.19444444444444442, 0.2037037037037037, 0.21296296296296297, 0.2222222222222222, 0.23148148148148145, 0.24074074074074073]","[67631.0, 1786.6346316370002, 1155.9831840869385, 12069.57955741813, 1906.5778542068422, 950.5914327636009, 9083.87719738518, 2481.2296367744843, 778.6316126029441, 8965.162396385991, 2042.6423114779186, 1606.7171021541496, 6927.939836298322, 1790.941198917795, 2115.064375989647, 4469.146453396725, 811.3124818658861, 852.4454942250575, 2613.518509595827, 1125.833636154596, 622.528293616837, 1595.9028958466993, 1672.0836322356429, 807.7671822537554, 3024.63443941176, 842.7313814743645, 842.8235732269189]",3.0,0.3,145.15000000000006,15,0.5,1721880.1384885088,0.14445541615564295,0.1241257545377801,16430975.4527054,84089526828.82368,"[0.046875, 0.03125]",2,1721880.1384885088,0.046875,"[0.0, 0.015625, 0.03125, 0.046875, 0.0625, 0.078125, 0.09375, 0.109375, 0.125, 0.140625, 0.15625, 0.171875, 0.1875, 0.203125, 0.21875, 0.234375]","[154749.38571156535, 876106.9067082778, 1710291.3768915327, 1721880.1384885088, 1236443.3975593026, 1200279.6938555273, 1385236.6101427814, 1437054.0474222805, 1048940.2936461219, 664501.8455342907, 393060.29715082515, 165807.08106897463, 58528.066628532615, 51528.956393907494, 141871.95181127614, 339557.7347245398]",3.0,0.3,flattop,64,32,145.15000000000006,15,21,449.5238095238095,37.99999999999994,1008.0,"[2, 5, 11, 17, 22, 25, 29, 38, 44, 52, 55, 60, 65, 74, 78, 84, 89, 95, 98, 101, 105]","[37.99999999999994, 368.0000000000002, 461.0000000000001, 192.99999999999966, 951.0000000000001, 154.00000000000023, 881.0, 243.0, 491.00000000000006, 186.0000000000001, 320.9999999999999, 943.0, 810.0, 204.99999999999994, 478.0000000000003, 275.9999999999999, 347.0000000000002, 79.00000000000011, 1008.0, 113.99999999999989, 893.0000000000005]","[1, 1, 1, 15, 1, 24, 27, 35, 35, 49, 35, 35, 63, 73, 73, 73, 35, 92, 35, 99, 99]","[3, 8, 18, 18, 35, 27, 35, 39, 49, 53, 56, 73, 73, 75, 81, 85, 92, 97, 106, 102, 106]",0.05,30,52684909.0,1016.0,-1016.0,DWT,uc1.l0082987033,0.0,0.0,0.0,0.0,0.0,0.0,0.0,0.0,1.0,84,0.0,0.0,1.0,84,,0.0,0.0,1.0,84,0.0,0.0,0.0,3.0517578125e-05,0.0,0.0,0.0,0.0,0.0,0.0,1.299278145389897e-13,0.0,0.0,0.0,5.684341886080802e-14,0.0,0.0,0.0,5.684341886080802e-14,5.684341886080802e-14,5.551115123125783e-17,0.0,0.0,2.7755575615628914e-17,2.9103830456733704e-11,0.0,0.0,2.7755575615628914e-17,0.9190168858396325,0.6191615992443271,0.22023779280730485,0.5429834069874091,0.028073767947335588,0.0,0.0,0.0,648,1.1995326975034935,0.6782123557227691,116,0,0,0.0,0.0,515,0,0,0.46589469056520183,0.6337012306339552,134,269.1955608846476,0.6522021177200936,353.25,204.41188642371782,0.5979033844414422,388,db,413.2962962962963,398.0,188.41229481502944,243,0.9143723369387087,0.671803462110104,0.15839832550987273,5,292.25
bior1.1,1,periodization,1.5231815743939237e-26,318.2675063367853,9460241.573880227,0.5462962962962963,328.1355888153859,108,raw,1.0389220348214518e-13,-1.2140666250104521e-10,"[2, 5, 11, 17, 22, 25, 29, 38, 44, 52, 55, 60, 65, 74, 78, 84, 89, 95, 98, 101, 105]","[38.0, 367.99999999999994, 461.00000000000006, 193.0, 951.0000000000002, 154.0, 881.0000000000001, 243.00000000000006, 491.00000000000017, 186.0, 321.0000000000001, 943.0000000000001, 810.0000000000002, 205.00000000000003, 478.00000000000006, 276.0, 347.0, 78.99999999999989, 1008.0000000000001, 114.0, 893.0000000000002]",21,5.569087067021978,95467.34242112485,0.8379720908410171,4.36592371825129e-06,1.0,0.4907407407407407,67631.00000000003,0.12910941990473737,0.15147910127183992,188156.12126451562,82872438.25058065,8,12069.579557418137,0.027777777777777776,"[0.0, 0.009259259259259259, 0.018518518518518517, 0.027777777777777776, 0.037037037037037035, 0.046296296296296294, 0.05555555555555555, 0.06481481481481481, 0.07407407407407407, 0.08333333333333333, 0.09259259259259259, 0.10185185185185185, 0.1111111111111111, 0.12037037037037036, 0.12962962962962962, 0.1388888888888889, 0.14814814814814814, 0.15740740740740738, 0.16666666666666666, 0.17592592592592593, 0.18518518518518517, 0.19444444444444442, 0.2037037037037037, 0.21296296296296297, 0.2222222222222222, 0.23148148148148145, 0.24074074074074073]","[67631.00000000003, 1786.634631637001, 1155.9831840869392, 12069.579557418137, 1906.5778542068429, 950.5914327636015, 9083.87719738518, 2481.2296367744843, 778.6316126029442, 8965.162396385995, 2042.6423114779186, 1606.7171021541496, 6927.939836298326, 1790.941198917794, 2115.064375989648, 4469.146453396727, 811.3124818658862, 852.4454942250574, 2613.5185095958304, 1125.8336361545944, 622.528293616837, 1595.9028958466965, 1672.0836322356424, 807.7671822537575, 3024.6344394117605, 842.7313814743653, 842.8235732269203]",3.0,0.3,145.15000000000003,15,0.5,1721880.1384885088,0.14445541615564295,0.12412575453778009,16430975.452705404,84089526828.82372,"[0.046875, 0.03125]",2,1721880.1384885088,0.046875,"[0.0, 0.015625, 0.03125, 0.046875, 0.0625, 0.078125, 0.09375, 0.109375, 0.125, 0.140625, 0.15625, 0.171875, 0.1875, 0.203125, 0.21875, 0.234375]","[154749.38571156512, 876106.9067082775, 1710291.3768915324, 1721880.1384885088, 1236443.3975593026, 1200279.6938555276, 1385236.610142782, 1437054.0474222815, 1048940.2936461228, 664501.8455342911, 393060.29715082544, 165807.08106897466, 58528.06662853267, 51528.95639390754, 141871.95181127626, 339557.73472454003]",3.0,0.3,flattop,64,32,145.15000000000003,15,21,449.52380952380963,38.0,1008.0000000000001,"[2, 5, 11, 17, 22, 25, 29, 38, 44, 52, 55, 60, 65, 74, 78, 84, 89, 95, 98, 101, 105]","[38.0, 367.99999999999994, 461.00000000000006, 193.0, 951.0000000000002, 154.0, 881.0000000000001, 243.00000000000006, 491.00000000000017, 186.0, 321.0000000000001, 943.0000000000001, 810.0000000000002, 205.00000000000003, 478.00000000000006, 276.0, 347.0, 78.99999999999989, 1008.0000000000001, 114.0, 893.0000000000002]","[1, 1, 1, 15, 1, 24, 27, 35, 35, 49, 35, 35, 63, 73, 73, 73, 35, 92, 35, 99, 99]","[3, 8, 18, 18, 35, 27, 35, 39, 49, 53, 56, 73, 73, 75, 81, 85, 92, 97, 106, 102, 106]",0.05,30,52684909.00000001,1016.0000000000001,-1016.0000000000001,DWT,uc1.l0082987033,0.0,0.0,1.1368683772161603e-13,8.940696716308594e-08,0.0,1.1368683772161603e-13,3.725290298461914e-09,1.1368683772161603e-13,1.0,84,0.0,7.275957614183426e-12,1.0,84,,0.0,0.0,1.0,84,0.0,0.0,7.450580596923828e-09,6.103515625e-05,2.9103830456733704e-11,0.0,0.0,0.0,1.1368683772161603e-13,1.8189894035458565e-12,7.985146935208744e-14,0.0,1.1368683772161603e-13,0.0,2.842170943040401e-14,0.0,0.0,0.0,2.842170943040401e-14,0.0,8.326672684688674e-17,0.0,0.0,1.3877787807814457e-17,8.731149137020111e-11,0.0,0.0,2.7755575615628914e-17,0.9266145056732257,0.1599122031054272,0.03217061617572511,0.31005586592178774,0.019898032618189163,3.135877575339459e-05,1.5679387876697293e-05,3.135877575339459e-05,327,0.7839916724605023,0.4432666488817595,578,0,0,3.135877575339459e-05,3.135877575339459e-05,287,0,0,0.289730244698871,0.3940856514050709,619,169.91443925301542,0.7804723007066985,452.75,404.5292214381344,0.5977619901466309,389,bior,385.74074074074076,410.0,199.97417605530825,135,0.8534087184529663,0.7130285416801533,0.18870533457887761,4,292.75
db12,1,periodic,2.373068905328186e-26,316.34191962442395,11086264.811933614,0.5846153846153846,463.662363582187,108,raw,1.1029860152794516e-13,-1.1819900613829826e-10,"[2, 5, 11, 17, 22, 25, 29, 38, 44, 52, 55, 60, 65, 74, 78, 84, 89, 95, 98, 101, 105]","[37.999999999999886, 367.9999999999994, 461.00000000000017, 192.99999999999977, 951.0, 153.9999999999999, 881.0, 243.0, 490.99999999999994, 186.0000000000001, 320.9999999999998, 943.0, 809.9999999999999, 204.99999999999997, 477.9999999999998, 275.9999999999999, 346.9999999999998, 79.00000000000011, 1008.0, 114.00000000000011, 892.9999999999995]",21,5.902473953940166,99890.6623751905,0.7916058517115575,4.365923718251291e-06,0.9999999999999998,0.4907407407407407,67631.0,0.1291094199047374,0.15147910127183992,188156.12126451553,82872438.25058056,8,12069.57955741813,0.027777777777777776,"[0.0, 0.009259259259259259, 0.018518518518518517, 0.027777777777777776, 0.037037037037037035, 0.046296296296296294, 0.05555555555555555, 0.06481481481481481, 0.07407407407407407, 0.08333333333333333, 0.09259259259259259, 0.10185185185185185, 0.1111111111111111, 0.12037037037037036, 0.12962962962962962, 0.1388888888888889, 0.14814814814814814, 0.15740740740740738, 0.16666666666666666, 0.17592592592592593, 0.18518518518518517, 0.19444444444444442, 0.2037037037037037, 0.21296296296296297, 0.2222222222222222, 0.23148148148148145, 0.24074074074074073]","[67631.0, 1786.6346316370013, 1155.9831840869374, 12069.57955741813, 1906.5778542068424, 950.591432763599, 9083.87719738518, 2481.2296367744834, 778.6316126029458, 8965.162396385993, 2042.6423114779172, 1606.7171021541506, 6927.939836298321, 1790.9411989177931, 2115.064375989647, 4469.146453396724, 811.3124818658837, 852.4454942250563, 2613.5185095958273, 1125.833636154593, 622.5282936168368, 1595.9028958466974, 1672.0836322356415, 807.7671822537579, 3024.6344394117596, 842.7313814743651, 842.8235732269209]",3.0,0.3,145.15000000000012,15,0.5,1721880.1384885088,0.14445541615564292,0.12412575453778008,16430975.452705404,84089526828.82372,"[0.046875, 0.03125]",2,1721880.1384885088,0.046875,"[0.0, 0.015625, 0.03125, 0.046875, 0.0625, 0.078125, 0.09375, 0.109375, 0.125, 0.140625, 0.15625, 0.171875, 0.1875, 0.203125, 0.21875, 0.234375]","[154749.3857115656, 876106.9067082781, 1710291.3768915324, 1721880.1384885088, 1236443.3975593029, 1200279.6938555273, 1385236.610142782, 1437054.0474222812, 1048940.2936461226, 664501.8455342908, 393060.29715082515, 165807.08106897445, 58528.066628532586, 51528.95639390756, 141871.9518112763, 339557.7347245399]",3.0,0.3,flattop,64,32,145.15000000000012,15,21,449.52380952380946,37.999999999999886,1008.0,"[2, 5, 11, 17, 22, 25, 29, 38, 44, 52, 55, 60, 65, 74, 78, 84, 89, 95, 98, 101, 105]","[37.999999999999886, 367.9999999999994, 461.00000000000017, 192.99999999999977, 951.0, 153.9999999999999, 881.0, 243.0, 490.99999999999994, 186.0000000000001, 320.9999999999998, 943.0, 809.9999999999999, 204.99999999999997, 477.9999999999998, 275.9999999999999, 346.9999999999998, 79.00000000000011, 1008.0, 114.00000000000011, 892.9999999999995]","[1, 1, 1, 15, 1, 24, 27, 35, 35, 49, 35, 35, 63, 73, 73, 73, 35, 92, 35, 99, 99]","[3, 8, 18, 18, 35, 27, 35, 39, 49, 53, 56, 73, 73, 75, 81, 85, 92, 97, 106, 102, 106]",0.05,30,52684909.0,1016.0,-1016.0,DWT,uc1.l0082987033,0.0,0.0,5.684341886080802e-14,0.0,0.0,0.0,3.725290298461914e-09,0.0,1.0,84,0.0,0.0,1.0,84,,0.0,0.0,1.0,84,0.0,0.0,0.0,6.103515625e-05,0.0,0.0,0.0,0.0,5.684341886080802e-14,1.8189894035458565e-12,1.4481537662158226e-13,0.0,0.0,0.0,1.1368683772161603e-13,0.0,0.0,0.0,1.1368683772161603e-13,1.1368683772161603e-13,5.551115123125783e-17,0.0,0.0,0.0,0.0,0.0,0.0,0.0,0.9068451385285425,0.5870953147197739,0.18990066914126247,0.7377739578856901,0.031871528884132486,0.0,0.0,0.0,627,1.2404632697555729,0.7013543841859682,97,0,0,0.0,0.0,539,0,0,0.49069732183188036,0.6674373050622486,92,284.3218540082114,0.632659103348564,338.75,162.40998573732662,0.5974988023202769,390,db,413.2962962962963,398.0,188.41229481502944,243,0.9143723369387087,0.671803462110104,0.15839832550987273,5,293.75
bior3.5,1,zero,7.879843931040996e-27,321.1298469528622,9985277.996310249,0.5677966101694916,291.87105323787677,108,raw,5.898162616749346e-14,-1.0890599533297587e-10,"[2, 5, 11, 17, 22, 25, 29, 38, 44, 52, 55, 60, 65, 74, 78, 84, 89, 95, 98, 101, 105]","[37.99999999999997, 367.9999999999999, 461.0000000000002, 192.9999999999999, 951.0, 154.0000000000001, 881.0, 242.99999999999994, 491.0000000000001, 186.0, 321.0, 943.0, 809.9999999999999, 204.99999999999997, 477.9999999999998, 276.0, 346.99999999999966, 79.00000000000011, 1008.0, 114.0, 893.0]",21,5.480199090287512,135067.19722884128,0.9210260044483625,4.365923718251291e-06,0.9999999999999998,0.4907407407407407,67631.0,0.12910941990473743,0.15147910127183992,188156.12126451553,82872438.25058056,8,12069.57955741813,0.027777777777777776,"[0.0, 0.009259259259259259, 0.018518518518518517, 0.027777777777777776, 0.037037037037037035, 0.046296296296296294, 0.05555555555555555, 0.06481481481481481, 0.07407407407407407, 0.08333333333333333, 0.09259259259259259, 0.10185185185185185, 0.1111111111111111, 0.12037037037037036, 0.12962962962962962, 0.1388888888888889, 0.14814814814814814, 0.15740740740740738, 0.16666666666666666, 0.17592592592592593, 0.18518518518518517, 0.19444444444444442, 0.2037037037037037, 0.21296296296296297, 0.2222222222222222, 0.23148148148148145, 0.24074074074074073]","[67631.0, 1786.6346316370007, 1155.9831840869404, 12069.57955741813, 1906.5778542068433, 950.5914327636013, 9083.877197385176, 2481.2296367744834, 778.6316126029429, 8965.162396385991, 2042.6423114779163, 1606.7171021541521, 6927.939836298323, 1790.941198917793, 2115.064375989649, 4469.146453396725, 811.312481865885, 852.4454942250578, 2613.518509595828, 1125.8336361545933, 622.5282936168375, 1595.9028958466974, 1672.0836322356427, 807.7671822537566, 3024.6344394117596, 842.731381474366, 842.8235732269197]",3.0,0.3,145.15000000000003,15,0.5,1721880.1384885085,0.14445541615564295,0.12412575453778009,16430975.452705398,84089526828.82368,"[0.046875, 0.03125]",2,1721880.1384885085,0.046875,"[0.0, 0.015625, 0.03125, 0.046875, 0.0625, 0.078125, 0.09375, 0.109375, 0.125, 0.140625, 0.15625, 0.171875, 0.1875, 0.203125, 0.21875, 0.234375]","[154749.38571156544, 876106.9067082775, 1710291.376891532, 1721880.1384885085, 1236443.3975593029, 1200279.693855527, 1385236.6101427814, 1437054.0474222805, 1048940.2936461219, 664501.8455342904, 393060.2971508251, 165807.08106897442, 58528.0666285326, 51528.956393907545, 141871.9518112763, 339557.73472454]",3.0,0.3,flattop,64,32,145.15000000000003,15,21,449.5238095238095,37.99999999999997,1008.0,"[2, 5, 11, 17, 22, 25, 29, 38, 44, 52, 55, 60, 65, 74, 78, 84, 89, 95, 98, 101, 105]","[37.99999999999997, 367.9999999999999, 461.0000000000002, 192.9999999999999, 951.0, 154.0000000000001, 881.0, 242.99999999999994, 491.0000000000001, 186.0, 321.0, 943.0, 809.9999999999999, 204.99999999999997, 477.9999999999998, 276.0, 346.99999999999966, 79.00000000000011, 1008.0, 114.0, 893.0]","[1, 1, 1, 15, 1, 24, 27, 35, 35, 49, 35, 35, 63, 73, 73, 73, 35, 92, 35, 99, 99]","[3, 8, 18, 18, 35, 27, 35, 39, 49, 53, 56, 73, 73, 75, 81, 85, 92, 97, 106, 102, 106]",0.05,30,52684909.0,1016.0,-1016.0,DWT,uc1.l0082987033,2.3283064365386963e-10,0.0,0.0,0.0,0.0,0.0,1.862645149230957e-09,0.0,1.0,84,0.0,0.0,1.0,84,,0.0,0.0,1.0,84,0.0,0.0,0.0,3.0517578125e-05,0.0,0.0,0.0,0.0,0.0,0.0,7.579122514774403e-14,0.0,0.0,0.0,2.842170943040401e-14,0.0,0.0,0.0,2.842170943040401e-14,2.842170943040401e-14,2.7755575615628914e-17,2.3283064365386963e-10,0.0,1.3877787807814457e-17,0.0,0.0,0.0,2.7755575615628914e-17,0.9560012178732545,0.046016174267764165,0.08310102158485405,0.5500426096013641,0.12709098239255062,0.0,0.0,0.0,528,0.9090127654478277,0.5139532172149436,433,0,0,0.0,0.0,663,0,0,0.35245040114395754,0.47939643328281184,428,110.07573150638912,0.8577832926274043,513.0,497.00847862029804,0.5974962974764928,391,bior,385.74074074074076,410.0,199.97417605530825,135,0.8534087184529663,0.7130285416801533,0.18870533457887761,4,294.25
rbio3.5,1,constant,7.042862510601502e-27,321.6175310091972,9267837.223488789,0.559322033898305,474.89116774637847,108,raw,4.8109664400423404e-14,-1.1072209815665765e-10,"[2, 5, 11, 17, 22, 25, 29, 38, 44, 52, 55, 60, 65, 74, 78, 84, 89, 95, 98, 101, 105]","[37.99999999999997, 368.0, 461.00000000000006, 192.99999999999994, 951.0, 154.0, 881.0, 242.99999999999997, 491.0000000000001, 185.9999999999999, 321.0, 943.0, 810.0000000000002, 205.0, 478.0, 276.0, 346.9999999999998, 78.99999999999989, 1008.0000000000001, 114.0, 893.0]",21,5.822723439092168,125683.70291554781,0.6705480629482634,4.365923718251291e-06,1.0,0.4907407407407407,67631.0,0.12910941990473743,0.15147910127183992,188156.12126451553,82872438.25058056,8,12069.57955741813,0.027777777777777776,"[0.0, 0.009259259259259259, 0.018518518518518517, 0.027777777777777776, 0.037037037037037035, 0.046296296296296294, 0.05555555555555555, 0.06481481481481481, 0.07407407407407407, 0.08333333333333333, 0.09259259259259259, 0.10185185185185185, 0.1111111111111111, 0.12037037037037036, 0.12962962962962962, 0.1388888888888889, 0.14814814814814814, 0.15740740740740738, 0.16666666666666666, 0.17592592592592593, 0.18518518518518517, 0.19444444444444442, 0.2037037037037037, 0.21296296296296297, 0.2222222222222222, 0.23148148148148145, 0.24074074074074073]","[67631.0, 1786.634631637001, 1155.9831840869385, 12069.57955741813, 1906.5778542068433, 950.5914327636023, 9083.877197385176, 2481.2296367744843, 778.6316126029435, 8965.162396385991, 2042.642311477917, 1606.7171021541506, 6927.939836298324, 1790.9411989177927, 2115.0643759896493, 4469.146453396725, 811.3124818658858, 852.4454942250591, 2613.518509595828, 1125.8336361545944, 622.5282936168352, 1595.9028958466981, 1672.0836322356422, 807.7671822537562, 3024.6344394117596, 842.7313814743655, 842.8235732269209]",3.0,0.3,145.15000000000006,15,0.5,1721880.1384885088,0.14445541615564292,0.12412575453778006,16430975.452705404,84089526828.82368,"[0.046875, 0.03125]",2,1721880.1384885088,0.046875,"[0.0, 0.015625, 0.03125, 0.046875, 0.0625, 0.078125, 0.09375, 0.109375, 0.125, 0.140625, 0.15625, 0.171875, 0.1875, 0.203125, 0.21875, 0.234375]","[154749.3857115655, 876106.906708278, 1710291.3768915324, 1721880.1384885088, 1236443.3975593026, 1200279.6938555269, 1385236.6101427816, 1437054.047422281, 1048940.2936461219, 664501.8455342908, 393060.2971508254, 165807.08106897466, 58528.06662853263, 51528.956393907494, 141871.95181127614, 339557.73472454003]",3.0,0.3,flattop,64,32,145.15000000000006,15,21,449.5238095238095,37.99999999999997,1008.0000000000001,"[2, 5, 11, 17, 22, 25, 29, 38, 44, 52, 55, 60, 65, 74, 78, 84, 89, 95, 98, 101, 105]","[37.99999999999997, 368.0, 461.00000000000006, 192.99999999999994, 951.0, 154.0, 881.0, 242.99999999999997, 491.0000000000001, 185.9999999999999, 321.0, 943.0, 810.0000000000002, 205.0, 478.0, 276.0, 346.9999999999998, 78.99999999999989, 1008.0000000000001, 114.0, 893.0]","[1, 1, 1, 15, 1, 24, 27, 35, 35, 49, 35, 35, 63, 73, 73, 73, 35, 92, 35, 99, 99]","[3, 8, 18, 18, 35, 27, 35, 39, 49, 53, 56, 73, 73, 75, 81, 85, 92, 97, 106, 102, 106]",0.05,30,52684909.0,1016.0,-1016.0,DWT,uc1.l0082987033,0.0,0.0,0.0,0.0,0.0,1.1368683772161603e-13,3.725290298461914e-09,0.0,1.0,84,0.0,0.0,1.0,84,,0.0,0.0,1.0,84,0.0,0.0,0.0,3.0517578125e-05,0.0,0.0,0.0,0.0,0.0,0.0,5.1429759921683455e-14,0.0,0.0,0.0,5.684341886080802e-14,0.0,0.0,0.0,5.684341886080802e-14,2.842170943040401e-14,2.7755575615628914e-17,0.0,0.0,1.3877787807814457e-17,0.0,0.0,0.0,0.0,0.9610081101094771,0.4849075130322587,0.013506708017578015,0.45544929457437705,0.10169077727773607,0.0,0.0,0.0,420,1.0486680053314497,0.592913890340091,241,0,0,0.0,0.0,708,0,0,0.4033124806022854,0.5485780809771498,255,217.12208547266673,0.7194805097252368,406.0,337.1450963462321,0.5974663530538329,392,rbio,366.5925925925926,360.0,210.3588723315502,135,0.8110455588331695,0.7500562468954116,0.20725123474815782,3,294.75
rbio2.6,1,periodic,1.0483581608469918e-26,319.88992630914174,9796113.968532028,0.5666666666666667,462.1173940915713,108,raw,6.922857349107083e-14,-1.1760847851150014e-10,"[2, 5, 11, 17, 22, 25, 29, 38, 44, 52, 55, 60, 65, 74, 78, 84, 89, 95, 98, 101, 105]","[37.99999999999994, 368.0, 461.0, 192.9999999999999, 951.0000000000002, 154.0000000000001, 881.0000000000001, 242.99999999999997, 491.0000000000001, 186.0, 321.0, 943.0, 810.0, 205.0, 478.0, 276.0, 347.0000000000002, 79.0, 1007.9999999999999, 113.99999999999989, 893.0000000000001]",21,5.839110611000105,105953.47890115315,0.6849399108130565,4.365923718251291e-06,1.0,0.4907407407407407,67631.0,0.1291094199047374,0.15147910127183992,188156.1212645156,82872438.25058056,8,12069.579557418134,0.027777777777777776,"[0.0, 0.009259259259259259, 0.018518518518518517, 0.027777777777777776, 0.037037037037037035, 0.046296296296296294, 0.05555555555555555, 0.06481481481481481, 0.07407407407407407, 0.08333333333333333, 0.09259259259259259, 0.10185185185185185, 0.1111111111111111, 0.12037037037037036, 0.12962962962962962, 0.1388888888888889, 0.14814814814814814, 0.15740740740740738, 0.16666666666666666, 0.17592592592592593, 0.18518518518518517, 0.19444444444444442, 0.2037037037037037, 0.21296296296296297, 0.2222222222222222, 0.23148148148148145, 0.24074074074074073]","[67631.0, 1786.6346316370016, 1155.9831840869385, 12069.579557418134, 1906.5778542068429, 950.591432763603, 9083.877197385178, 2481.229636774485, 778.6316126029437, 8965.162396385991, 2042.642311477918, 1606.7171021541506, 6927.939836298322, 1790.9411989177952, 2115.064375989648, 4469.146453396726, 811.3124818658846, 852.4454942250583, 2613.518509595829, 1125.833636154595, 622.5282936168379, 1595.9028958466984, 1672.0836322356438, 807.7671822537558, 3024.6344394117605, 842.7313814743655, 842.8235732269212]",3.0,0.3,145.15000000000006,15,0.5,1721880.1384885092,0.14445541615564295,0.12412575453778009,16430975.452705404,84089526828.82372,"[0.046875, 0.03125]",2,1721880.1384885092,0.046875,"[0.0, 0.015625, 0.03125, 0.046875, 0.0625, 0.078125, 0.09375, 0.109375, 0.125, 0.140625, 0.15625, 0.171875, 0.1875, 0.203125, 0.21875, 0.234375]","[154749.38571156544, 876106.906708278, 1710291.3768915334, 1721880.1384885092, 1236443.3975593029, 1200279.693855527, 1385236.6101427816, 1437054.0474222808, 1048940.2936461219, 664501.8455342905, 393060.29715082515, 165807.08106897445, 58528.0666285326, 51528.9563939075, 141871.95181127623, 339557.7347245399]",3.0,0.3,flattop,64,32,145.15000000000006,15,21,449.5238095238095,37.99999999999994,1007.9999999999999,"[2, 5, 11, 17, 22, 25, 29, 38, 44, 52, 55, 60, 65, 74, 78, 84, 89, 95, 98, 101, 105]","[37.99999999999994, 368.0, 461.0, 192.9999999999999, 951.0000000000002, 154.0000000000001, 881.0000000000001, 242.99999999999997, 491.0000000000001, 186.0, 321.0, 943.0, 810.0, 205.0, 478.0, 276.0, 347.0000000000002, 79.0, 1007.9999999999999, 113.99999999999989, 893.0000000000001]","[1, 1, 1, 15, 1, 24, 27, 35, 35, 49, 35, 35, 63, 73, 73, 73, 35, 92, 35, 99, 99]","[3, 8, 18, 18, 35, 27, 35, 39, 49, 53, 56, 73, 73, 75, 81, 85, 92, 97, 106, 102, 106]",0.05,30,52684909.0,1016.0,-1016.0,DWT,uc1.l0082987033,4.656612873077393e-10,0.0,0.0,0.0,0.0,1.1368683772161603e-13,3.725290298461914e-09,0.0,1.0,84,0.0,3.637978807091713e-12,1.0,84,,0.0,0.0,1.0,84,0.0,0.0,0.0,6.103515625e-05,0.0,0.0,0.0,0.0,0.0,0.0,6.361049253471374e-14,0.0,0.0,0.0,5.684341886080802e-14,0.0,0.0,0.0,5.684341886080802e-14,5.684341886080802e-14,5.551115123125783e-17,4.656612873077393e-10,0.0,1.3877787807814457e-17,5.820766091346741e-11,0.0,0.0,2.7755575615628914e-17,0.9432713593430606,0.5059051088012544,0.06475143627612699,0.5374301675977653,0.048282982676433904,0.0,0.0,0.0,706,1.085576348254207,0.61378176184669,181,0,0,0.0,0.0,425,0,0,0.41992821093892824,0.5711784861232971,210,242.76257262326635,0.6863532653446172,380.5,284.573179548529,0.5973755990805774,393,rbio,366.5925925925926,360.0,210.3588723315502,135,0.8110455588331695,0.7500562468954116,0.20725123474815782,3,295.5
rbio1.1,1,periodization,1.5231815743939237e-26,318.2675063367853,9460241.573880227,0.5462962962962963,328.1355888153859,108,raw,1.0389220348214518e-13,-1.2140666250104521e-10,"[2, 5, 11, 17, 22, 25, 29, 38, 44, 52, 55, 60, 65, 74, 78, 84, 89, 95, 98, 101, 105]","[38.0, 367.99999999999994, 461.00000000000006, 193.0, 951.0000000000002, 154.0, 881.0000000000001, 243.00000000000006, 491.00000000000017, 186.0, 321.0000000000001, 943.0000000000001, 810.0000000000002, 205.00000000000003, 478.00000000000006, 276.0, 347.0, 78.99999999999989, 1008.0000000000001, 114.0, 893.0000000000002]",21,5.569087067021978,95467.34242112485,0.8379720908410171,4.36592371825129e-06,1.0,0.4907407407407407,67631.00000000003,0.12910941990473737,0.15147910127183992,188156.12126451562,82872438.25058065,8,12069.579557418137,0.027777777777777776,"[0.0, 0.009259259259259259, 0.018518518518518517, 0.027777777777777776, 0.037037037037037035, 0.046296296296296294, 0.05555555555555555, 0.06481481481481481, 0.07407407407407407, 0.08333333333333333, 0.09259259259259259, 0.10185185185185185, 0.1111111111111111, 0.12037037037037036, 0.12962962962962962, 0.1388888888888889, 0.14814814814814814, 0.15740740740740738, 0.16666666666666666, 0.17592592592592593, 0.18518518518518517, 0.19444444444444442, 0.2037037037037037, 0.21296296296296297, 0.2222222222222222, 0.23148148148148145, 0.24074074074074073]","[67631.00000000003, 1786.634631637001, 1155.9831840869392, 12069.579557418137, 1906.5778542068429, 950.5914327636015, 9083.87719738518, 2481.2296367744843, 778.6316126029442, 8965.162396385995, 2042.6423114779186, 1606.7171021541496, 6927.939836298326, 1790.941198917794, 2115.064375989648, 4469.146453396727, 811.3124818658862, 852.4454942250574, 2613.5185095958304, 1125.8336361545944, 622.528293616837, 1595.9028958466965, 1672.0836322356424, 807.7671822537575, 3024.6344394117605, 842.7313814743653, 842.8235732269203]",3.0,0.3,145.15000000000003,15,0.5,1721880.1384885088,0.14445541615564295,0.12412575453778009,16430975.452705404,84089526828.82372,"[0.046875, 0.03125]",2,1721880.1384885088,0.046875,"[0.0, 0.015625, 0.03125, 0.046875, 0.0625, 0.078125, 0.09375, 0.109375, 0.125, 0.140625, 0.15625, 0.171875, 0.1875, 0.203125, 0.21875, 0.234375]","[154749.38571156512, 876106.9067082775, 1710291.3768915324, 1721880.1384885088, 1236443.3975593026, 1200279.6938555276, 1385236.610142782, 1437054.0474222815, 1048940.2936461228, 664501.8455342911, 393060.29715082544, 165807.08106897466, 58528.06662853267, 51528.95639390754, 141871.95181127626, 339557.73472454003]",3.0,0.3,flattop,64,32,145.15000000000003,15,21,449.52380952380963,38.0,1008.0000000000001,"[2, 5, 11, 17, 22, 25, 29, 38, 44, 52, 55, 60, 65, 74, 78, 84, 89, 95, 98, 101, 105]","[38.0, 367.99999999999994, 461.00000000000006, 193.0, 951.0000000000002, 154.0, 881.0000000000001, 243.00000000000006, 491.00000000000017, 186.0, 321.0000000000001, 943.0000000000001, 810.0000000000002, 205.00000000000003, 478.00000000000006, 276.0, 347.0, 78.99999999999989, 1008.0000000000001, 114.0, 893.0000000000002]","[1, 1, 1, 15, 1, 24, 27, 35, 35, 49, 35, 35, 63, 73, 73, 73, 35, 92, 35, 99, 99]","[3, 8, 18, 18, 35, 27, 35, 39, 49, 53, 56, 73, 73, 75, 81, 85, 92, 97, 106, 102, 106]",0.05,30,52684909.00000001,1016.0000000000001,-1016.0000000000001,DWT,uc1.l0082987033,0.0,0.0,1.1368683772161603e-13,8.940696716308594e-08,0.0,1.1368683772161603e-13,3.725290298461914e-09,1.1368683772161603e-13,1.0,84,0.0,7.275957614183426e-12,1.0,84,,0.0,0.0,1.0,84,0.0,0.0,7.450580596923828e-09,6.103515625e-05,2.9103830456733704e-11,0.0,0.0,0.0,1.1368683772161603e-13,1.8189894035458565e-12,7.985146935208744e-14,0.0,1.1368683772161603e-13,0.0,2.842170943040401e-14,0.0,0.0,0.0,2.842170943040401e-14,0.0,8.326672684688674e-17,0.0,0.0,1.3877787807814457e-17,8.731149137020111e-11,0.0,0.0,2.7755575615628914e-17,0.9266145056732257,0.1599122031054272,0.03217061617572511,0.31005586592178774,0.019898032618189163,3.135877575339459e-05,1.5679387876697293e-05,3.135877575339459e-05,290,0.7839916724605023,0.4432666488817595,576,0,0,3.135877575339459e-05,3.135877575339459e-05,285,0,0,0.289730244698871,0.3940856514050709,621,180.50484758033508,0.7667896026093862,443.0,388.21891993706646,0.5972190907103778,394,rbio,366.5925925925926,360.0,210.3588723315502,135,0.8110455588331695,0.7500562468954116,0.20725123474815782,3,296.25
rbio2.6,1,reflect,9.922263248799323e-27,320.12891566008113,9963494.530620666,0.5583333333333333,475.09080594968765,108,raw,6.840618606542257e-14,-1.1749201611621696e-10,"[2, 5, 11, 17, 22, 25, 29, 38, 44, 52, 55, 60, 65, 74, 78, 84, 89, 95, 98, 101, 105]","[37.99999999999997, 368.0, 461.0, 192.9999999999999, 951.0000000000002, 154.0000000000001, 881.0000000000001, 242.99999999999997, 491.0000000000001, 186.0, 321.0, 943.0, 810.0, 205.0, 478.0, 276.0, 347.0000000000002, 79.0, 1008.0, 113.99999999999989, 893.0000000000002]",21,5.8719545613187245,101760.3664809341,0.6610889096476129,4.365923718251291e-06,1.0,0.4907407407407407,67631.0,0.1291094199047374,0.15147910127183992,188156.1212645156,82872438.25058056,8,12069.579557418134,0.027777777777777776,"[0.0, 0.009259259259259259, 0.018518518518518517, 0.027777777777777776, 0.037037037037037035, 0.046296296296296294, 0.05555555555555555, 0.06481481481481481, 0.07407407407407407, 0.08333333333333333, 0.09259259259259259, 0.10185185185185185, 0.1111111111111111, 0.12037037037037036, 0.12962962962962962, 0.1388888888888889, 0.14814814814814814, 0.15740740740740738, 0.16666666666666666, 0.17592592592592593, 0.18518518518518517, 0.19444444444444442, 0.2037037037037037, 0.21296296296296297, 0.2222222222222222, 0.23148148148148145, 0.24074074074074073]","[67631.0, 1786.6346316370016, 1155.9831840869385, 12069.579557418134, 1906.5778542068429, 950.5914327636027, 9083.877197385178, 2481.2296367744852, 778.6316126029436, 8965.162396385991, 2042.6423114779182, 1606.71710215415, 6927.939836298322, 1790.9411989177954, 2115.0643759896484, 4469.1464533967255, 811.3124818658849, 852.4454942250582, 2613.518509595829, 1125.833636154595, 622.5282936168379, 1595.9028958466977, 1672.0836322356442, 807.7671822537562, 3024.6344394117605, 842.7313814743653, 842.8235732269213]",3.0,0.3,145.15000000000003,15,0.5,1721880.1384885092,0.14445541615564295,0.12412575453778009,16430975.452705404,84089526828.82372,"[0.046875, 0.03125]",2,1721880.1384885092,0.046875,"[0.0, 0.015625, 0.03125, 0.046875, 0.0625, 0.078125, 0.09375, 0.109375, 0.125, 0.140625, 0.15625, 0.171875, 0.1875, 0.203125, 0.21875, 0.234375]","[154749.38571156544, 876106.906708278, 1710291.3768915334, 1721880.1384885092, 1236443.3975593029, 1200279.693855527, 1385236.6101427816, 1437054.0474222808, 1048940.2936461219, 664501.8455342905, 393060.29715082515, 165807.08106897445, 58528.0666285326, 51528.9563939075, 141871.95181127623, 339557.7347245399]",3.0,0.3,flattop,64,32,145.15000000000003,15,21,449.5238095238095,37.99999999999997,1008.0,"[2, 5, 11, 17, 22, 25, 29, 38, 44, 52, 55, 60, 65, 74, 78, 84, 89, 95, 98, 101, 105]","[37.99999999999997, 368.0, 461.0, 192.9999999999999, 951.0000000000002, 154.0000000000001, 881.0000000000001, 242.99999999999997, 491.0000000000001, 186.0, 321.0, 943.0, 810.0, 205.0, 478.0, 276.0, 347.0000000000002, 79.0, 1008.0, 113.99999999999989, 893.0000000000002]","[1, 1, 1, 15, 1, 24, 27, 35, 35, 49, 35, 35, 63, 73, 73, 73, 35, 92, 35, 99, 99]","[3, 8, 18, 18, 35, 27, 35, 39, 49, 53, 56, 73, 73, 75, 81, 85, 92, 97, 106, 102, 106]",0.05,30,52684909.0,1016.0,-1016.0,DWT,uc1.l0082987033,4.656612873077393e-10,0.0,0.0,0.0,0.0,0.0,3.725290298461914e-09,0.0,1.0,84,0.0,3.637978807091713e-12,1.0,84,,0.0,0.0,1.0,84,0.0,0.0,0.0,6.103515625e-05,0.0,0.0,0.0,0.0,0.0,0.0,6.22570777999326e-14,0.0,0.0,0.0,2.842170943040401e-14,0.0,0.0,0.0,2.842170943040401e-14,2.842170943040401e-14,5.551115123125783e-17,4.656612873077393e-10,0.0,1.3877787807814457e-17,5.820766091346741e-11,0.0,0.0,2.7755575615628914e-17,0.9457249846158464,0.5479894901772314,0.08098794772675581,0.4444134078212294,0.036932635781444574,0.0,0.0,0.0,703,1.0744621271625712,0.6074978130353988,193,0,0,0.0,0.0,434,0,0,0.41120969322450157,0.5593197216496485,232,233.5786805339905,0.6982187590000123,390.5,302.61044135989886,0.5968483975878615,395,rbio,366.5925925925926,360.0,210.3588723315502,135,0.8110455588331695,0.7500562468954116,0.20725123474815782,3,297.0
coif3,1,reflect,2.0933746192482558e-26,316.88655356845254,10438783.278905496,0.5483870967741935,419.64289712664777,108,raw,1.0020790781524093e-13,-1.1494116769483814e-10,"[2, 5, 11, 17, 22, 25, 29, 38, 44, 52, 55, 60, 65, 74, 78, 84, 89, 95, 98, 101, 105]","[38.00000000000014, 368.0, 461.0000000000002, 193.0, 951.0000000000003, 154.0, 881.0000000000001, 243.0000000000001, 491.0, 186.0000000000001, 321.0, 943.0000000000001, 810.0000000000002, 205.0, 478.0, 276.00000000000034, 347.0000000000002, 78.99999999999989, 1008.0000000000002, 114.00000000000023, 893.0000000000002]",21,5.829669816756023,100902.74414981162,0.75107903913693,4.36592371825129e-06,1.0,0.4907407407407407,67631.0,0.12910941990473745,0.15147910127183992,188156.12126451553,82872438.25058056,8,12069.579557418134,0.027777777777777776,"[0.0, 0.009259259259259259, 0.018518518518518517, 0.027777777777777776, 0.037037037037037035, 0.046296296296296294, 0.05555555555555555, 0.06481481481481481, 0.07407407407407407, 0.08333333333333333, 0.09259259259259259, 0.10185185185185185, 0.1111111111111111, 0.12037037037037036, 0.12962962962962962, 0.1388888888888889, 0.14814814814814814, 0.15740740740740738, 0.16666666666666666, 0.17592592592592593, 0.18518518518518517, 0.19444444444444442, 0.2037037037037037, 0.21296296296296297, 0.2222222222222222, 0.23148148148148145, 0.24074074074074073]","[67631.0, 1786.6346316370013, 1155.9831840869363, 12069.579557418134, 1906.5778542068451, 950.5914327635998, 9083.877197385174, 2481.229636774484, 778.6316126029446, 8965.162396385991, 2042.6423114779188, 1606.7171021541508, 6927.939836298324, 1790.9411989177945, 2115.0643759896507, 4469.146453396727, 811.3124818658854, 852.445494225057, 2613.518509595828, 1125.833636154594, 622.528293616835, 1595.9028958466997, 1672.0836322356433, 807.7671822537571, 3024.634439411759, 842.7313814743661, 842.8235732269204]",3.0,0.3,145.14999999999992,15,0.5,1721880.1384885085,0.14445541615564297,0.1241257545377801,16430975.452705408,84089526828.82372,"[0.046875, 0.03125]",2,1721880.1384885085,0.046875,"[0.0, 0.015625, 0.03125, 0.046875, 0.0625, 0.078125, 0.09375, 0.109375, 0.125, 0.140625, 0.15625, 0.171875, 0.1875, 0.203125, 0.21875, 0.234375]","[154749.38571156547, 876106.9067082779, 1710291.3768915324, 1721880.1384885085, 1236443.3975593022, 1200279.6938555273, 1385236.6101427823, 1437054.0474222817, 1048940.293646123, 664501.8455342911, 393060.2971508255, 165807.08106897457, 58528.06662853267, 51528.956393907625, 141871.95181127635, 339557.73472454003]",3.0,0.3,flattop,64,32,145.14999999999992,15,21,449.52380952380963,38.00000000000014,1008.0000000000002,"[2, 5, 11, 17, 22, 25, 29, 38, 44, 52, 55, 60, 65, 74, 78, 84, 89, 95, 98, 101, 105]","[38.00000000000014, 368.0, 461.0000000000002, 193.0, 951.0000000000003, 154.0, 881.0000000000001, 243.0000000000001, 491.0, 186.0000000000001, 321.0, 943.0000000000001, 810.0000000000002, 205.0, 478.0, 276.00000000000034, 347.0000000000002, 78.99999999999989, 1008.0000000000002, 114.00000000000023, 893.0000000000002]","[1, 1, 1, 15, 1, 24, 27, 35, 35, 49, 35, 35, 63, 73, 73, 73, 35, 92, 35, 99, 99]","[3, 8, 18, 18, 35, 27, 35, 39, 49, 53, 56, 73, 73, 75, 81, 85, 92, 97, 106, 102, 106]",0.05,30,52684909.0,1016.0000000000002,-1016.0000000000002,DWT,uc1.l0082987033,2.3283064365386963e-10,0.0,1.1368683772161603e-13,0.0,0.0,2.2737367544323206e-13,7.450580596923828e-09,2.2737367544323206e-13,1.0,84,0.0,3.637978807091713e-12,1.0,84,,0.0,0.0,1.0,84,0.0,0.0,0.0,6.103515625e-05,0.0,0.0,0.0,0.0,1.1368683772161603e-13,1.8189894035458565e-12,1.312812292737709e-13,0.0,2.2737367544323206e-13,0.0,8.526512829121202e-14,0.0,0.0,0.0,8.526512829121202e-14,1.4210854715202004e-13,0.0,2.3283064365386963e-10,0.0,2.7755575615628914e-17,0.0,0.0,0.0,5.551115123125783e-17,0.9124367165810076,0.4938082087144562,0.12709265132904762,0.3333934042169758,0.03461113566706868,0.0,0.0,0.0,367,1.0051142759239742,0.568288736325171,277,0,0,0.0,0.0,722,0,0,0.38026842330171123,0.5172339859146852,314,204.69326645821386,0.7355384154286643,420.0,366.81569294913834,0.5964513782569678,396,coif,217.80246913580248,181.0,166.32516494453617,81,0.48186386976947454,0.5930495234160287,0.4847804341365592,1,297.25
bior2.8,1,zero,1.3533814558253935e-26,318.7808208974231,9601843.780720148,0.5564516129032258,236.25565699888242,108,raw,7.92781478324926e-14,-1.1659140319864104e-10,"[2, 5, 11, 17, 22, 25, 29, 38, 44, 52, 55, 60, 65, 74, 78, 84, 89, 95, 98, 101, 105]","[38.0, 368.0, 461.0000000000001, 193.0, 951.0, 154.0, 881.0, 243.00000000000003, 491.0, 186.0, 321.0, 943.0000000000002, 810.0, 205.00000000000006, 478.00000000000006, 276.0, 346.9999999999999, 79.0, 1008.0000000000001, 114.00000000000011, 893.0]",21,5.551325737451366,132227.3842908095,0.891880170950206,4.365923718251291e-06,1.0,0.4907407407407407,67631.0,0.12910941990473743,0.15147910127183992,188156.12126451553,82872438.25058056,8,12069.579557418134,0.027777777777777776,"[0.0, 0.009259259259259259, 0.018518518518518517, 0.027777777777777776, 0.037037037037037035, 0.046296296296296294, 0.05555555555555555, 0.06481481481481481, 0.07407407407407407, 0.08333333333333333, 0.09259259259259259, 0.10185185185185185, 0.1111111111111111, 0.12037037037037036, 0.12962962962962962, 0.1388888888888889, 0.14814814814814814, 0.15740740740740738, 0.16666666666666666, 0.17592592592592593, 0.18518518518518517, 0.19444444444444442, 0.2037037037037037, 0.21296296296296297, 0.2222222222222222, 0.23148148148148145, 0.24074074074074073]","[67631.0, 1786.6346316370007, 1155.983184086937, 12069.579557418134, 1906.5778542068438, 950.5914327635986, 9083.877197385178, 2481.229636774484, 778.6316126029458, 8965.16239638599, 2042.642311477917, 1606.71710215415, 6927.939836298325, 1790.9411989177922, 2115.064375989648, 4469.146453396725, 811.3124818658873, 852.4454942250577, 2613.518509595829, 1125.8336361545958, 622.5282936168385, 1595.9028958466965, 1672.0836322356424, 807.7671822537563, 3024.6344394117596, 842.7313814743645, 842.8235732269197]",3.0,0.3,145.15000000000003,15,0.5,1721880.1384885092,0.14445541615564295,0.12412575453778009,16430975.452705404,84089526828.82372,"[0.046875, 0.03125]",2,1721880.1384885092,0.046875,"[0.0, 0.015625, 0.03125, 0.046875, 0.0625, 0.078125, 0.09375, 0.109375, 0.125, 0.140625, 0.15625, 0.171875, 0.1875, 0.203125, 0.21875, 0.234375]","[154749.3857115655, 876106.9067082782, 1710291.3768915334, 1721880.1384885092, 1236443.3975593026, 1200279.6938555264, 1385236.6101427814, 1437054.047422281, 1048940.293646123, 664501.8455342911, 393060.29715082527, 165807.08106897463, 58528.0666285326, 51528.95639390746, 141871.9518112761, 339557.7347245399]",3.0,0.3,flattop,64,32,145.15000000000003,15,21,449.5238095238095,38.0,1008.0000000000001,"[2, 5, 11, 17, 22, 25, 29, 38, 44, 52, 55, 60, 65, 74, 78, 84, 89, 95, 98, 101, 105]","[38.0, 368.0, 461.0000000000001, 193.0, 951.0, 154.0, 881.0, 243.00000000000003, 491.0, 186.0, 321.0, 943.0000000000002, 810.0, 205.00000000000006, 478.00000000000006, 276.0, 346.9999999999999, 79.0, 1008.0000000000001, 114.00000000000011, 893.0]","[1, 1, 1, 15, 1, 24, 27, 35, 35, 49, 35, 35, 63, 73, 73, 73, 35, 92, 35, 99, 99]","[3, 8, 18, 18, 35, 27, 35, 39, 49, 53, 56, 73, 73, 75, 81, 85, 92, 97, 106, 102, 106]",0.05,30,52684909.0,1016.0000000000001,-1016.0000000000001,DWT,uc1.l0082987033,4.656612873077393e-10,0.0,0.0,0.0,0.0,1.1368683772161603e-13,3.725290298461914e-09,1.1368683772161603e-13,1.0,84,0.0,3.637978807091713e-12,1.0,84,,0.0,0.0,1.0,84,0.0,0.0,0.0,6.103515625e-05,0.0,0.0,0.0,0.0,0.0,0.0,3.924902730865318e-14,0.0,1.1368683772161603e-13,0.0,2.842170943040401e-14,0.0,0.0,0.0,2.842170943040401e-14,0.0,2.7755575615628914e-17,4.656612873077393e-10,0.0,1.3877787807814457e-17,0.0,0.0,0.0,2.7755575615628914e-17,0.9318845378898045,0.13715383938416967,0.045906535234075244,0.42340962335555915,0.11940388537885895,0.0,0.0,0.0,460,0.8677863135367724,0.49064389923896834,506,0,0,0.0,0.0,665,0,0,0.33155168424849357,0.450970390051326,512,89.24264675590925,0.8846994227959829,535.75,525.8258009873567,0.5962579801318415,397,bior,385.74074074074076,410.0,199.97417605530825,135,0.8534087184529663,0.7130285416801533,0.18870533457887761,4,298.75
db19,1,constant,2.4173152369899155e-26,316.2616902165228,9360325.794495044,0.5694444444444444,217.8788175120107,108,raw,1.2075936958219118e-13,-1.0712997156048299e-10,"[2, 5, 11, 17, 22, 25, 29, 38, 44, 52, 55, 60, 65, 74, 78, 84, 89, 95, 98, 101, 105]","[37.999999999999886, 367.9999999999997, 460.9999999999999, 193.0000000000001, 950.9999999999999, 153.99999999999977, 881.0, 242.99999999999997, 490.99999999999943, 186.00000000000023, 321.00000000000045, 943.0000000000002, 810.0, 204.99999999999994, 477.9999999999999, 276.0, 347.0, 79.00000000000011, 1007.9999999999997, 114.00000000000011, 893.0000000000001]",21,5.636005273523683,135403.88004909575,0.8919871567844997,4.3659237182512925e-06,0.9999999999999998,0.4907407407407407,67631.0,0.12910941990473743,0.15147910127183992,188156.12126451553,82872438.25058056,8,12069.579557418134,0.027777777777777776,"[0.0, 0.009259259259259259, 0.018518518518518517, 0.027777777777777776, 0.037037037037037035, 0.046296296296296294, 0.05555555555555555, 0.06481481481481481, 0.07407407407407407, 0.08333333333333333, 0.09259259259259259, 0.10185185185185185, 0.1111111111111111, 0.12037037037037036, 0.12962962962962962, 0.1388888888888889, 0.14814814814814814, 0.15740740740740738, 0.16666666666666666, 0.17592592592592593, 0.18518518518518517, 0.19444444444444442, 0.2037037037037037, 0.21296296296296297, 0.2222222222222222, 0.23148148148148145, 0.24074074074074073]","[67631.0, 1786.6346316370004, 1155.983184086938, 12069.579557418134, 1906.5778542068424, 950.5914327636006, 9083.877197385176, 2481.229636774482, 778.6316126029444, 8965.16239638599, 2042.6423114779157, 1606.7171021541499, 6927.939836298321, 1790.9411989177927, 2115.064375989647, 4469.1464533967255, 811.3124818658838, 852.4454942250577, 2613.518509595829, 1125.833636154594, 622.5282936168368, 1595.9028958466954, 1672.0836322356415, 807.7671822537557, 3024.6344394117605, 842.7313814743625, 842.8235732269198]",3.0,0.3,145.15000000000006,15,0.5,1721880.1384885088,0.14445541615564295,0.12412575453778009,16430975.4527054,84089526828.82372,"[0.046875, 0.03125]",2,1721880.1384885088,0.046875,"[0.0, 0.015625, 0.03125, 0.046875, 0.0625, 0.078125, 0.09375, 0.109375, 0.125, 0.140625, 0.15625, 0.171875, 0.1875, 0.203125, 0.21875, 0.234375]","[154749.38571156556, 876106.9067082779, 1710291.3768915324, 1721880.1384885088, 1236443.3975593029, 1200279.6938555269, 1385236.6101427814, 1437054.0474222805, 1048940.2936461223, 664501.8455342908, 393060.2971508255, 165807.08106897474, 58528.066628532724, 51528.956393907574, 141871.95181127626, 339557.7347245398]",3.0,0.3,flattop,64,32,145.15000000000006,15,21,449.5238095238095,37.999999999999886,1007.9999999999997,"[2, 5, 11, 17, 22, 25, 29, 38, 44, 52, 55, 60, 65, 74, 78, 84, 89, 95, 98, 101, 105]","[37.999999999999886, 367.9999999999997, 460.9999999999999, 193.0000000000001, 950.9999999999999, 153.99999999999977, 881.0, 242.99999999999997, 490.99999999999943, 186.00000000000023, 321.00000000000045, 943.0000000000002, 810.0, 204.99999999999994, 477.9999999999999, 276.0, 347.0, 79.00000000000011, 1007.9999999999997, 114.00000000000011, 893.0000000000001]","[1, 1, 1, 15, 1, 24, 27, 35, 35, 49, 35, 35, 63, 73, 73, 73, 35, 92, 35, 99, 99]","[3, 8, 18, 18, 35, 27, 35, 39, 49, 53, 56, 73, 73, 75, 81, 85, 92, 97, 106, 102, 106]",0.05,30,52684909.0,1015.9999999999998,-1015.9999999999998,DWT,uc1.l0082987033,0.0,0.0,0.0,0.0,0.0,3.410605131648481e-13,0.0,2.2737367544323206e-13,1.0,84,0.0,3.637978807091713e-12,1.0,84,,0.0,0.0,1.0,84,0.0,0.0,0.0,6.103515625e-05,0.0,0.0,0.0,0.0,0.0,0.0,1.5834952396939377e-13,0.0,2.2737367544323206e-13,0.0,5.684341886080802e-14,0.0,0.0,0.0,5.684341886080802e-14,1.1368683772161603e-13,2.7755575615628914e-17,0.0,0.0,1.3877787807814457e-17,0.0,0.0,0.0,2.7755575615628914e-17,0.9060214495144794,0.2456574102468968,0.022478429246475067,0.568435754189944,0.12800234999267615,0.0,0.0,0.0,554,0.9562560311284215,0.540664424484205,364,0,0,0.0,0.0,648,0,0,0.3741190786380943,0.5088697624971593,350,146.11867323058564,0.8112161844566077,479.0,446.79460229347546,0.5961765676805002,398,db,413.2962962962963,398.0,188.41229481502944,243,0.9143723369387087,0.671803462110104,0.15839832550987273,5,299.75
coif4,1,reflect,2.3323877867019968e-26,316.41701552563427,10791091.58199537,0.5384615384615384,411.00601615865935,108,raw,1.0489551614143608e-13,-1.115352254998931e-10,"[2, 5, 11, 17, 22, 25, 29, 38, 44, 52, 55, 60, 65, 74, 78, 84, 89, 95, 98, 101, 105]","[38.00000000000003, 368.0000000000007, 461.0, 193.0, 951.0000000000002, 154.00000000000034, 880.9999999999999, 243.00000000000014, 491.00000000000057, 185.99999999999966, 320.9999999999999, 942.9999999999998, 810.0, 205.00000000000006, 478.0000000000002, 276.0000000000002, 347.0000000000001, 78.99999999999989, 1008.0, 114.0, 893.0000000000002]",21,5.906546593706518,96844.46179630324,0.7506023370867153,4.365923718251291e-06,1.0,0.4907407407407407,67631.0,0.12910941990473743,0.15147910127183992,188156.12126451556,82872438.25058056,8,12069.579557418128,0.027777777777777776,"[0.0, 0.009259259259259259, 0.018518518518518517, 0.027777777777777776, 0.037037037037037035, 0.046296296296296294, 0.05555555555555555, 0.06481481481481481, 0.07407407407407407, 0.08333333333333333, 0.09259259259259259, 0.10185185185185185, 0.1111111111111111, 0.12037037037037036, 0.12962962962962962, 0.1388888888888889, 0.14814814814814814, 0.15740740740740738, 0.16666666666666666, 0.17592592592592593, 0.18518518518518517, 0.19444444444444442, 0.2037037037037037, 0.21296296296296297, 0.2222222222222222, 0.23148148148148145, 0.24074074074074073]","[67631.0, 1786.6346316370013, 1155.9831840869406, 12069.579557418128, 1906.5778542068426, 950.5914327636021, 9083.877197385176, 2481.229636774485, 778.6316126029462, 8965.162396385993, 2042.6423114779163, 1606.717102154152, 6927.939836298325, 1790.9411989177966, 2115.064375989652, 4469.146453396725, 811.312481865886, 852.445494225059, 2613.518509595829, 1125.8336361545958, 622.5282936168362, 1595.9028958467004, 1672.0836322356433, 807.7671822537578, 3024.6344394117596, 842.7313814743646, 842.8235732269204]",3.0,0.3,145.14999999999995,15,0.5,1721880.1384885085,0.14445541615564292,0.12412575453778008,16430975.4527054,84089526828.82365,"[0.046875, 0.03125]",2,1721880.1384885085,0.046875,"[0.0, 0.015625, 0.03125, 0.046875, 0.0625, 0.078125, 0.09375, 0.109375, 0.125, 0.140625, 0.15625, 0.171875, 0.1875, 0.203125, 0.21875, 0.234375]","[154749.38571156556, 876106.9067082778, 1710291.3768915324, 1721880.1384885085, 1236443.3975593022, 1200279.6938555269, 1385236.6101427814, 1437054.0474222803, 1048940.2936461219, 664501.8455342905, 393060.2971508249, 165807.0810689744, 58528.0666285326, 51528.95639390746, 141871.95181127609, 339557.73472453956]",3.0,0.3,flattop,64,32,145.14999999999995,15,21,449.52380952380963,38.00000000000003,1008.0,"[2, 5, 11, 17, 22, 25, 29, 38, 44, 52, 55, 60, 65, 74, 78, 84, 89, 95, 98, 101, 105]","[38.00000000000003, 368.0000000000007, 461.0, 193.0, 951.0000000000002, 154.00000000000034, 880.9999999999999, 243.00000000000014, 491.00000000000057, 185.99999999999966, 320.9999999999999, 942.9999999999998, 810.0, 205.00000000000006, 478.0000000000002, 276.0000000000002, 347.0000000000001, 78.99999999999989, 1008.0, 114.0, 893.0000000000002]","[1, 1, 1, 15, 1, 24, 27, 35, 35, 49, 35, 35, 63, 73, 73, 73, 35, 92, 35, 99, 99]","[3, 8, 18, 18, 35, 27, 35, 39, 49, 53, 56, 73, 73, 75, 81, 85, 92, 97, 106, 102, 106]",0.05,30,52684909.0,1016.0,-1016.0,DWT,uc1.l0082987033,2.3283064365386963e-10,0.0,1.1368683772161603e-13,0.0,0.0,0.0,0.0,0.0,1.0,84,0.0,1.8189894035458565e-12,1.0,84,,0.0,0.0,1.0,84,0.0,0.0,0.0,0.0,0.0,0.0,0.0,0.0,1.1368683772161603e-13,1.8189894035458565e-12,1.7865074499111088e-13,0.0,0.0,0.0,5.684341886080802e-14,0.0,0.0,0.0,5.684341886080802e-14,2.842170943040401e-14,2.7755575615628914e-17,2.3283064365386963e-10,0.0,0.0,2.9103830456733704e-11,0.0,0.0,0.0,0.9076161235133045,0.5923137651032223,0.1612678131631984,0.222604211431027,0.023625760629657336,0.0,0.0,0.0,502,1.0198524520654668,0.5766216589547767,263,0,0,0.0,0.0,673,0,0,0.3814855347680819,0.5188894781314394,309,188.48585269634074,0.7564782264905159,436.75,380.3567315497964,0.5961008703512011,399,coif,217.80246913580248,181.0,166.32516494453617,81,0.48186386976947454,0.5930495234160287,0.4847804341365592,1,299.5
haar,1,periodization,1.5231815743939237e-26,318.2675063367853,9460241.573880227,0.5462962962962963,328.1355888153859,108,raw,1.0389220348214518e-13,-1.2140666250104521e-10,"[2, 5, 11, 17, 22, 25, 29, 38, 44, 52, 55, 60, 65, 74, 78, 84, 89, 95, 98, 101, 105]","[38.0, 367.99999999999994, 461.00000000000006, 193.0, 951.0000000000002, 154.0, 881.0000000000001, 243.00000000000006, 491.00000000000017, 186.0, 321.0000000000001, 943.0000000000001, 810.0000000000002, 205.00000000000003, 478.00000000000006, 276.0, 347.0, 78.99999999999989, 1008.0000000000001, 114.0, 893.0000000000002]",21,5.569087067021978,95467.34242112485,0.8379720908410171,4.36592371825129e-06,1.0,0.4907407407407407,67631.00000000003,0.12910941990473737,0.15147910127183992,188156.12126451562,82872438.25058065,8,12069.579557418137,0.027777777777777776,"[0.0, 0.009259259259259259, 0.018518518518518517, 0.027777777777777776, 0.037037037037037035, 0.046296296296296294, 0.05555555555555555, 0.06481481481481481, 0.07407407407407407, 0.08333333333333333, 0.09259259259259259, 0.10185185185185185, 0.1111111111111111, 0.12037037037037036, 0.12962962962962962, 0.1388888888888889, 0.14814814814814814, 0.15740740740740738, 0.16666666666666666, 0.17592592592592593, 0.18518518518518517, 0.19444444444444442, 0.2037037037037037, 0.21296296296296297, 0.2222222222222222, 0.23148148148148145, 0.24074074074074073]","[67631.00000000003, 1786.634631637001, 1155.9831840869392, 12069.579557418137, 1906.5778542068429, 950.5914327636015, 9083.87719738518, 2481.2296367744843, 778.6316126029442, 8965.162396385995, 2042.6423114779186, 1606.7171021541496, 6927.939836298326, 1790.941198917794, 2115.064375989648, 4469.146453396727, 811.3124818658862, 852.4454942250574, 2613.5185095958304, 1125.8336361545944, 622.528293616837, 1595.9028958466965, 1672.0836322356424, 807.7671822537575, 3024.6344394117605, 842.7313814743653, 842.8235732269203]",3.0,0.3,145.15000000000003,15,0.5,1721880.1384885088,0.14445541615564295,0.12412575453778009,16430975.452705404,84089526828.82372,"[0.046875, 0.03125]",2,1721880.1384885088,0.046875,"[0.0, 0.015625, 0.03125, 0.046875, 0.0625, 0.078125, 0.09375, 0.109375, 0.125, 0.140625, 0.15625, 0.171875, 0.1875, 0.203125, 0.21875, 0.234375]","[154749.38571156512, 876106.9067082775, 1710291.3768915324, 1721880.1384885088, 1236443.3975593026, 1200279.6938555276, 1385236.610142782, 1437054.0474222815, 1048940.2936461228, 664501.8455342911, 393060.29715082544, 165807.08106897466, 58528.06662853267, 51528.95639390754, 141871.95181127626, 339557.73472454003]",3.0,0.3,flattop,64,32,145.15000000000003,15,21,449.52380952380963,38.0,1008.0000000000001,"[2, 5, 11, 17, 22, 25, 29, 38, 44, 52, 55, 60, 65, 74, 78, 84, 89, 95, 98, 101, 105]","[38.0, 367.99999999999994, 461.00000000000006, 193.0, 951.0000000000002, 154.0, 881.0000000000001, 243.00000000000006, 491.00000000000017, 186.0, 321.0000000000001, 943.0000000000001, 810.0000000000002, 205.00000000000003, 478.00000000000006, 276.0, 347.0, 78.99999999999989, 1008.0000000000001, 114.0, 893.0000000000002]","[1, 1, 1, 15, 1, 24, 27, 35, 35, 49, 35, 35, 63, 73, 73, 73, 35, 92, 35, 99, 99]","[3, 8, 18, 18, 35, 27, 35, 39, 49, 53, 56, 73, 73, 75, 81, 85, 92, 97, 106, 102, 106]",0.05,30,52684909.00000001,1016.0000000000001,-1016.0000000000001,DWT,uc1.l0082987033,0.0,0.0,1.1368683772161603e-13,8.940696716308594e-08,0.0,1.1368683772161603e-13,3.725290298461914e-09,1.1368683772161603e-13,1.0,84,0.0,7.275957614183426e-12,1.0,84,,0.0,0.0,1.0,84,0.0,0.0,7.450580596923828e-09,6.103515625e-05,2.9103830456733704e-11,0.0,0.0,0.0,1.1368683772161603e-13,1.8189894035458565e-12,7.985146935208744e-14,0.0,1.1368683772161603e-13,0.0,2.842170943040401e-14,0.0,0.0,0.0,2.842170943040401e-14,0.0,8.326672684688674e-17,0.0,0.0,1.3877787807814457e-17,8.731149137020111e-11,0.0,0.0,2.7755575615628914e-17,0.9266145056732257,0.1599122031054272,0.03217061617572511,0.31005586592178774,0.019898032618189163,3.135877575339459e-05,1.5679387876697293e-05,3.135877575339459e-05,266,0.7839916724605023,0.4432666488817595,579,0,0,3.135877575339459e-05,3.135877575339459e-05,288,0,0,0.289730244698871,0.3940856514050709,620,187.161917422678,0.7581887371800026,438.25,378.3708230945503,0.5959871334478823,400,haar,452.0,457.0,26.739483914241873,9,1.0,0.09534238668586177,0.27139728399424146,2,300.5
bior3.7,1,reflect,8.474827660268662e-27,320.8137143580604,11111335.700171337,0.5655737704918032,373.7010251359713,108,raw,6.662160535176588e-14,-1.1084033690878031e-10,"[2, 5, 11, 17, 22, 25, 29, 38, 44, 52, 55, 60, 65, 74, 78, 84, 89, 95, 98, 101, 105]","[38.00000000000003, 367.9999999999999, 460.9999999999998, 193.0, 950.9999999999999, 154.0, 880.9999999999999, 242.99999999999997, 491.0, 186.0000000000001, 320.9999999999999, 943.0, 810.0, 204.99999999999994, 478.0000000000001, 276.0, 347.0000000000001, 79.0, 1007.9999999999999, 114.0, 893.0]",21,5.6528178540528,124067.48717916787,0.9090073729848955,4.365923718251291e-06,0.9999999999999998,0.4907407407407407,67631.0,0.1291094199047374,0.15147910127183992,188156.12126451553,82872438.25058056,8,12069.579557418128,0.027777777777777776,"[0.0, 0.009259259259259259, 0.018518518518518517, 0.027777777777777776, 0.037037037037037035, 0.046296296296296294, 0.05555555555555555, 0.06481481481481481, 0.07407407407407407, 0.08333333333333333, 0.09259259259259259, 0.10185185185185185, 0.1111111111111111, 0.12037037037037036, 0.12962962962962962, 0.1388888888888889, 0.14814814814814814, 0.15740740740740738, 0.16666666666666666, 0.17592592592592593, 0.18518518518518517, 0.19444444444444442, 0.2037037037037037, 0.21296296296296297, 0.2222222222222222, 0.23148148148148145, 0.24074074074074073]","[67631.0, 1786.6346316370016, 1155.983184086938, 12069.579557418128, 1906.5778542068435, 950.5914327636017, 9083.877197385176, 2481.2296367744825, 778.6316126029442, 8965.162396385991, 2042.6423114779177, 1606.7171021541487, 6927.939836298323, 1790.9411989177936, 2115.064375989648, 4469.146453396725, 811.3124818658841, 852.4454942250572, 2613.5185095958273, 1125.8336361545946, 622.5282936168369, 1595.9028958466974, 1672.0836322356404, 807.7671822537561, 3024.6344394117596, 842.7313814743654, 842.8235732269197]",3.0,0.3,145.14999999999998,15,0.5,1721880.138488509,0.14445541615564292,0.12412575453778009,16430975.4527054,84089526828.82367,"[0.046875, 0.03125]",2,1721880.138488509,0.046875,"[0.0, 0.015625, 0.03125, 0.046875, 0.0625, 0.078125, 0.09375, 0.109375, 0.125, 0.140625, 0.15625, 0.171875, 0.1875, 0.203125, 0.21875, 0.234375]","[154749.3857115657, 876106.9067082785, 1710291.3768915327, 1721880.138488509, 1236443.3975593024, 1200279.6938555269, 1385236.6101427814, 1437054.0474222803, 1048940.2936461219, 664501.8455342905, 393060.29715082503, 165807.0810689744, 58528.0666285325, 51528.95639390742, 141871.9518112762, 339557.7347245399]",3.0,0.3,flattop,64,32,145.14999999999998,15,21,449.5238095238095,38.00000000000003,1007.9999999999999,"[2, 5, 11, 17, 22, 25, 29, 38, 44, 52, 55, 60, 65, 74, 78, 84, 89, 95, 98, 101, 105]","[38.00000000000003, 367.9999999999999, 460.9999999999998, 193.0, 950.9999999999999, 154.0, 880.9999999999999, 242.99999999999997, 491.0, 186.0000000000001, 320.9999999999999, 943.0, 810.0, 204.99999999999994, 478.0000000000001, 276.0, 347.0000000000001, 79.0, 1007.9999999999999, 114.0, 893.0]","[1, 1, 1, 15, 1, 24, 27, 35, 35, 49, 35, 35, 63, 73, 73, 73, 35, 92, 35, 99, 99]","[3, 8, 18, 18, 35, 27, 35, 39, 49, 53, 56, 73, 73, 75, 81, 85, 92, 97, 106, 102, 106]",0.05,30,52684909.0,1016.0,-1016.0,DWT,uc1.l0082987033,2.3283064365386963e-10,0.0,0.0,0.0,0.0,1.1368683772161603e-13,0.0,0.0,1.0,84,0.0,1.8189894035458565e-12,1.0,84,,0.0,0.0,1.0,84,0.0,0.0,0.0,1.52587890625e-05,0.0,0.0,0.0,0.0,0.0,0.0,5.955024833037032e-14,0.0,0.0,0.0,2.842170943040401e-14,0.0,0.0,0.0,2.842170943040401e-14,2.842170943040401e-14,5.551115123125783e-17,2.3283064365386963e-10,0.0,1.3877787807814457e-17,0.0,0.0,0.0,0.0,0.9527555882202675,0.26720010057609817,0.19233263471044038,0.5252312482828094,0.0973158387054727,0.0,0.0,0.0,448,1.0504385553707427,0.5939149542673796,238,0,0,0.0,0.0,700,0,0,0.40696708209901766,0.5535490014723938,241,218.82013161498648,0.7172866516602242,406.75,333.0066385208381,0.5958849278972955,401,bior,385.74074074074076,410.0,199.97417605530825,135,0.8534087184529663,0.7130285416801533,0.18870533457887761,4,301.75
db7,1,antisymmetric,1.3539307367519916e-26,318.7790586353584,9850335.304770961,0.5666666666666667,421.57727329752197,108,raw,8.339008496073393e-14,-1.0732470467900222e-10,"[2, 5, 11, 17, 22, 25, 29, 38, 44, 52, 55, 60, 65, 74, 78, 84, 89, 95, 98, 101, 105]","[38.0, 368.00000000000017, 460.9999999999999, 193.0000000000001, 951.0, 153.9999999999999, 881.0000000000002, 242.99999999999991, 491.0000000000001, 186.0000000000001, 320.9999999999999, 943.0000000000002, 810.0, 205.00000000000006, 478.0, 276.0000000000001, 347.00000000000057, 78.99999999999977, 1008.0, 113.99999999999989, 893.0000000000001]",21,5.741888173934523,197831.41180437594,0.8902611191692738,4.365923718251291e-06,1.0,0.4907407407407407,67631.0,0.12910941990473745,0.15147910127183992,188156.12126451553,82872438.25058056,8,12069.57955741813,0.027777777777777776,"[0.0, 0.009259259259259259, 0.018518518518518517, 0.027777777777777776, 0.037037037037037035, 0.046296296296296294, 0.05555555555555555, 0.06481481481481481, 0.07407407407407407, 0.08333333333333333, 0.09259259259259259, 0.10185185185185185, 0.1111111111111111, 0.12037037037037036, 0.12962962962962962, 0.1388888888888889, 0.14814814814814814, 0.15740740740740738, 0.16666666666666666, 0.17592592592592593, 0.18518518518518517, 0.19444444444444442, 0.2037037037037037, 0.21296296296296297, 0.2222222222222222, 0.23148148148148145, 0.24074074074074073]","[67631.0, 1786.634631637, 1155.9831840869374, 12069.57955741813, 1906.5778542068444, 950.5914327636028, 9083.877197385176, 2481.2296367744834, 778.631612602948, 8965.162396385991, 2042.6423114779177, 1606.7171021541487, 6927.939836298321, 1790.9411989177936, 2115.0643759896493, 4469.1464533967255, 811.3124818658852, 852.4454942250577, 2613.518509595829, 1125.833636154595, 622.5282936168377, 1595.902895846696, 1672.0836322356429, 807.7671822537566, 3024.634439411761, 842.7313814743643, 842.823573226919]",3.0,0.3,145.15,15,0.5,1721880.138488508,0.14445541615564297,0.1241257545377801,16430975.4527054,84089526828.82364,"[0.046875, 0.03125]",2,1721880.138488508,0.046875,"[0.0, 0.015625, 0.03125, 0.046875, 0.0625, 0.078125, 0.09375, 0.109375, 0.125, 0.140625, 0.15625, 0.171875, 0.1875, 0.203125, 0.21875, 0.234375]","[154749.38571156558, 876106.9067082785, 1710291.376891533, 1721880.138488508, 1236443.397559302, 1200279.6938555264, 1385236.6101427812, 1437054.0474222805, 1048940.2936461219, 664501.8455342908, 393060.29715082503, 165807.0810689744, 58528.066628532615, 51528.956393907574, 141871.9518112763, 339557.73472454]",3.0,0.3,flattop,64,32,145.15,15,21,449.52380952380963,38.0,1008.0,"[2, 5, 11, 17, 22, 25, 29, 38, 44, 52, 55, 60, 65, 74, 78, 84, 89, 95, 98, 101, 105]","[38.0, 368.00000000000017, 460.9999999999999, 193.0000000000001, 951.0, 153.9999999999999, 881.0000000000002, 242.99999999999991, 491.0000000000001, 186.0000000000001, 320.9999999999999, 943.0000000000002, 810.0, 205.00000000000006, 478.0, 276.0000000000001, 347.00000000000057, 78.99999999999977, 1008.0, 113.99999999999989, 893.0000000000001]","[1, 1, 1, 15, 1, 24, 27, 35, 35, 49, 35, 35, 63, 73, 73, 73, 35, 92, 35, 99, 99]","[3, 8, 18, 18, 35, 27, 35, 39, 49, 53, 56, 73, 73, 75, 81, 85, 92, 97, 106, 102, 106]",0.05,30,52684909.0,1016.0,-1016.0,DWT,uc1.l0082987033,6.984919309616089e-10,0.0,1.1368683772161603e-13,0.0,0.0,0.0,0.0,0.0,1.0,84,0.0,0.0,1.0,84,,0.0,0.0,1.0,84,0.0,0.0,0.0,1.52587890625e-05,0.0,0.0,0.0,0.0,1.1368683772161603e-13,1.8189894035458565e-12,1.2316074086508407e-13,0.0,0.0,0.0,0.0,0.0,0.0,0.0,0.0,0.0,0.0,6.984919309616089e-10,0.0,2.7755575615628914e-17,0.0,0.0,0.0,5.551115123125783e-17,0.9318664453232438,0.381329773615389,0.07001109926044434,0.5374301675977653,0.29698759775366396,0.0,0.0,0.0,738,1.1185574097724345,0.6324291596817536,162,0,0,0.0,0.0,357,0,0,0.4435250167101013,0.6032744193009903,166,270.5924056583998,0.6503974087100778,355.75,244.60239128793418,0.5953860428563309,402,db,413.2962962962963,398.0,188.41229481502944,243,0.9143723369387087,0.671803462110104,0.15839832550987273,5,302.75
rbio2.4,1,zero,9.970383764017805e-27,320.1079043638211,9262584.051454151,0.5775862068965517,428.13897188836575,108,raw,6.885027527527263e-14,-1.1771594810028383e-10,"[2, 5, 11, 17, 22, 25, 29, 38, 44, 52, 55, 60, 65, 74, 78, 84, 89, 95, 98, 101, 105]","[37.99999999999997, 368.0, 461.0, 192.9999999999999, 951.0000000000002, 154.0000000000001, 880.9999999999999, 242.99999999999994, 491.0000000000001, 185.9999999999999, 321.0, 943.0, 810.0000000000001, 205.0, 478.0, 276.0, 347.0000000000001, 79.00000000000011, 1008.0, 114.0, 893.0000000000002]",21,5.729603977258023,117404.11465697228,0.7260538776028334,4.365923718251291e-06,1.0,0.4907407407407407,67631.0,0.12910941990473743,0.15147910127183992,188156.12126451556,82872438.25058056,8,12069.579557418134,0.027777777777777776,"[0.0, 0.009259259259259259, 0.018518518518518517, 0.027777777777777776, 0.037037037037037035, 0.046296296296296294, 0.05555555555555555, 0.06481481481481481, 0.07407407407407407, 0.08333333333333333, 0.09259259259259259, 0.10185185185185185, 0.1111111111111111, 0.12037037037037036, 0.12962962962962962, 0.1388888888888889, 0.14814814814814814, 0.15740740740740738, 0.16666666666666666, 0.17592592592592593, 0.18518518518518517, 0.19444444444444442, 0.2037037037037037, 0.21296296296296297, 0.2222222222222222, 0.23148148148148145, 0.24074074074074073]","[67631.0, 1786.6346316370013, 1155.983184086938, 12069.579557418134, 1906.5778542068426, 950.5914327636032, 9083.877197385178, 2481.229636774485, 778.6316126029437, 8965.162396385991, 2042.6423114779182, 1606.7171021541512, 6927.939836298322, 1790.9411989177952, 2115.064375989648, 4469.146453396726, 811.3124818658854, 852.4454942250577, 2613.518509595829, 1125.8336361545953, 622.5282936168385, 1595.9028958466972, 1672.0836322356438, 807.7671822537555, 3024.6344394117586, 842.7313814743653, 842.8235732269204]",3.0,0.3,145.15000000000003,15,0.5,1721880.138488509,0.14445541615564295,0.1241257545377801,16430975.452705404,84089526828.82368,"[0.046875, 0.03125]",2,1721880.138488509,0.046875,"[0.0, 0.015625, 0.03125, 0.046875, 0.0625, 0.078125, 0.09375, 0.109375, 0.125, 0.140625, 0.15625, 0.171875, 0.1875, 0.203125, 0.21875, 0.234375]","[154749.3857115654, 876106.9067082782, 1710291.3768915331, 1721880.138488509, 1236443.3975593029, 1200279.693855527, 1385236.6101427816, 1437054.0474222805, 1048940.2936461219, 664501.8455342907, 393060.2971508252, 165807.0810689745, 58528.066628532615, 51528.9563939075, 141871.95181127614, 339557.7347245399]",3.0,0.3,flattop,64,32,145.15000000000003,15,21,449.5238095238095,37.99999999999997,1008.0,"[2, 5, 11, 17, 22, 25, 29, 38, 44, 52, 55, 60, 65, 74, 78, 84, 89, 95, 98, 101, 105]","[37.99999999999997, 368.0, 461.0, 192.9999999999999, 951.0000000000002, 154.0000000000001, 880.9999999999999, 242.99999999999994, 491.0000000000001, 185.9999999999999, 321.0, 943.0, 810.0000000000001, 205.0, 478.0, 276.0, 347.0000000000001, 79.00000000000011, 1008.0, 114.0, 893.0000000000002]","[1, 1, 1, 15, 1, 24, 27, 35, 35, 49, 35, 35, 63, 73, 73, 73, 35, 92, 35, 99, 99]","[3, 8, 18, 18, 35, 27, 35, 39, 49, 53, 56, 73, 73, 75, 81, 85, 92, 97, 106, 102, 106]",0.05,30,52684909.0,1016.0,-1016.0,DWT,uc1.l0082987033,2.3283064365386963e-10,0.0,0.0,0.0,0.0,0.0,3.725290298461914e-09,0.0,1.0,84,0.0,3.637978807091713e-12,1.0,84,,0.0,0.0,1.0,84,0.0,0.0,0.0,3.0517578125e-05,0.0,0.0,0.0,0.0,0.0,0.0,6.902415147383829e-14,0.0,0.0,0.0,2.842170943040401e-14,0.0,0.0,0.0,2.842170943040401e-14,2.842170943040401e-14,2.7755575615628914e-17,2.3283064365386963e-10,0.0,2.7755575615628914e-17,2.9103830456733704e-11,0.0,0.0,2.7755575615628914e-17,0.9455092685292719,0.36558949838003546,0.012997131595870487,0.6593141976497784,0.07927873832801398,0.0,0.0,0.0,715,1.052036050496633,0.5948181734416803,229,0,0,0.0,0.0,416,0,0,0.41253776689659405,0.561126142580002,225,230.42768207545436,0.7022898164399815,396.25,317.11541106219516,0.5951694560236083,403,rbio,366.5925925925926,360.0,210.3588723315502,135,0.8110455588331695,0.7500562468954116,0.20725123474815782,3,303.0
db15,1,constant,1.9894721424827152e-26,317.1076444885101,9410065.987706153,0.5808823529411765,230.80431520132825,108,raw,1.0513400849487402e-13,-1.0737299938057344e-10,"[2, 5, 11, 17, 22, 25, 29, 38, 44, 52, 55, 60, 65, 74, 78, 84, 89, 95, 98, 101, 105]","[37.99999999999997, 367.99999999999966, 460.9999999999998, 193.00000000000006, 950.9999999999998, 154.00000000000034, 881.0000000000001, 242.99999999999991, 490.99999999999994, 185.99999999999977, 321.0, 943.0000000000002, 810.0, 205.0, 478.00000000000006, 275.9999999999998, 346.9999999999999, 78.99999999999977, 1008.0000000000001, 114.0, 892.9999999999995]",21,5.604563911193026,131445.29880912325,0.8837552909974419,4.365923718251291e-06,1.0,0.4907407407407407,67631.0,0.1291094199047374,0.15147910127183992,188156.12126451553,82872438.25058056,8,12069.579557418134,0.027777777777777776,"[0.0, 0.009259259259259259, 0.018518518518518517, 0.027777777777777776, 0.037037037037037035, 0.046296296296296294, 0.05555555555555555, 0.06481481481481481, 0.07407407407407407, 0.08333333333333333, 0.09259259259259259, 0.10185185185185185, 0.1111111111111111, 0.12037037037037036, 0.12962962962962962, 0.1388888888888889, 0.14814814814814814, 0.15740740740740738, 0.16666666666666666, 0.17592592592592593, 0.18518518518518517, 0.19444444444444442, 0.2037037037037037, 0.21296296296296297, 0.2222222222222222, 0.23148148148148145, 0.24074074074074073]","[67631.0, 1786.634631637002, 1155.9831840869404, 12069.579557418134, 1906.577854206844, 950.5914327636002, 9083.877197385176, 2481.2296367744834, 778.6316126029477, 8965.16239638599, 2042.6423114779166, 1606.7171021541456, 6927.93983629832, 1790.941198917793, 2115.0643759896484, 4469.146453396724, 811.3124818658868, 852.4454942250578, 2613.518509595828, 1125.8336361545926, 622.5282936168387, 1595.9028958466977, 1672.0836322356424, 807.7671822537575, 3024.63443941176, 842.7313814743661, 842.8235732269192]",3.0,0.3,145.15000000000003,15,0.5,1721880.1384885088,0.14445541615564292,0.12412575453778008,16430975.4527054,84089526828.82367,"[0.046875, 0.03125]",2,1721880.1384885088,0.046875,"[0.0, 0.015625, 0.03125, 0.046875, 0.0625, 0.078125, 0.09375, 0.109375, 0.125, 0.140625, 0.15625, 0.171875, 0.1875, 0.203125, 0.21875, 0.234375]","[154749.38571156553, 876106.9067082781, 1710291.3768915327, 1721880.1384885088, 1236443.3975593026, 1200279.6938555266, 1385236.6101427807, 1437054.04742228, 1048940.2936461219, 664501.8455342905, 393060.29715082515, 165807.08106897463, 58528.06662853268, 51528.95639390756, 141871.9518112762, 339557.73472453986]",3.0,0.3,flattop,64,32,145.15000000000003,15,21,449.5238095238095,37.99999999999997,1008.0000000000001,"[2, 5, 11, 17, 22, 25, 29, 38, 44, 52, 55, 60, 65, 74, 78, 84, 89, 95, 98, 101, 105]","[37.99999999999997, 367.99999999999966, 460.9999999999998, 193.00000000000006, 950.9999999999998, 154.00000000000034, 881.0000000000001, 242.99999999999991, 490.99999999999994, 185.99999999999977, 321.0, 943.0000000000002, 810.0, 205.0, 478.00000000000006, 275.9999999999998, 346.9999999999999, 78.99999999999977, 1008.0000000000001, 114.0, 892.9999999999995]","[1, 1, 1, 15, 1, 24, 27, 35, 35, 49, 35, 35, 63, 73, 73, 73, 35, 92, 35, 99, 99]","[3, 8, 18, 18, 35, 27, 35, 39, 49, 53, 56, 73, 73, 75, 81, 85, 92, 97, 106, 102, 106]",0.05,30,52684909.0,1016.0000000000002,-1016.0000000000002,DWT,uc1.l0082987033,0.0,0.0,0.0,0.0,0.0,1.1368683772161603e-13,0.0,2.2737367544323206e-13,1.0,84,0.0,3.637978807091713e-12,1.0,84,,0.0,0.0,1.0,84,0.0,0.0,0.0,1.52587890625e-05,0.0,0.0,0.0,0.0,0.0,0.0,1.4887562082592573e-13,0.0,2.2737367544323206e-13,0.0,2.842170943040401e-14,0.0,0.0,0.0,2.842170943040401e-14,2.842170943040401e-14,5.551115123125783e-17,0.0,0.0,0.0,0.0,0.0,0.0,0.0,0.9147065845349748,0.20537022583493103,0.02730340537602692,0.6961058166283279,0.11728685615830442,0.0,0.0,0.0,618,0.9905178354411167,0.5600359506315011,296,0,0,0.0,0.0,586,0,0,0.3921545777065131,0.5334013104761441,276,183.09196232130634,0.7634470771042554,444.0,387.36514064452876,0.5949018331257712,404,db,413.2962962962963,398.0,188.41229481502944,243,0.9143723369387087,0.671803462110104,0.15839832550987273,5,304.25
db12,1,zero,2.0214239308512225e-26,317.0384490834345,9331894.379406154,0.5692307692307692,285.13810004353377,108,raw,9.835753610753238e-14,-1.1679157640998098e-10,"[2, 5, 11, 17, 22, 25, 29, 38, 44, 52, 55, 60, 65, 74, 78, 84, 89, 95, 98, 101, 105]","[38.0, 367.9999999999996, 461.0000000000001, 192.99999999999977, 951.0000000000001, 153.9999999999999, 881.0, 243.0, 490.99999999999994, 186.0000000000001, 320.9999999999998, 943.0, 809.9999999999999, 204.99999999999997, 477.9999999999998, 275.9999999999999, 346.9999999999998, 79.0, 1007.9999999999999, 113.99999999999989, 892.9999999999999]",21,5.64568209390221,134473.31834319528,0.8722294317001171,4.365923718251291e-06,1.0,0.4907407407407407,67631.0,0.12910941990473745,0.15147910127183992,188156.12126451553,82872438.25058056,8,12069.57955741813,0.027777777777777776,"[0.0, 0.009259259259259259, 0.018518518518518517, 0.027777777777777776, 0.037037037037037035, 0.046296296296296294, 0.05555555555555555, 0.06481481481481481, 0.07407407407407407, 0.08333333333333333, 0.09259259259259259, 0.10185185185185185, 0.1111111111111111, 0.12037037037037036, 0.12962962962962962, 0.1388888888888889, 0.14814814814814814, 0.15740740740740738, 0.16666666666666666, 0.17592592592592593, 0.18518518518518517, 0.19444444444444442, 0.2037037037037037, 0.21296296296296297, 0.2222222222222222, 0.23148148148148145, 0.24074074074074073]","[67631.0, 1786.6346316370011, 1155.9831840869388, 12069.57955741813, 1906.5778542068415, 950.5914327635991, 9083.87719738518, 2481.229636774484, 778.6316126029461, 8965.162396385993, 2042.6423114779175, 1606.71710215415, 6927.939836298322, 1790.9411989177936, 2115.0643759896475, 4469.146453396726, 811.3124818658838, 852.4454942250562, 2613.5185095958273, 1125.8336361545926, 622.5282936168375, 1595.9028958466977, 1672.0836322356417, 807.7671822537571, 3024.6344394117605, 842.731381474365, 842.8235732269198]",3.0,0.3,145.15,15,0.5,1721880.1384885088,0.14445541615564292,0.12412575453778008,16430975.452705404,84089526828.82372,"[0.046875, 0.03125]",2,1721880.1384885088,0.046875,"[0.0, 0.015625, 0.03125, 0.046875, 0.0625, 0.078125, 0.09375, 0.109375, 0.125, 0.140625, 0.15625, 0.171875, 0.1875, 0.203125, 0.21875, 0.234375]","[154749.3857115656, 876106.9067082781, 1710291.3768915324, 1721880.1384885088, 1236443.3975593029, 1200279.6938555273, 1385236.610142782, 1437054.0474222812, 1048940.2936461226, 664501.8455342908, 393060.29715082515, 165807.08106897445, 58528.066628532586, 51528.95639390756, 141871.9518112763, 339557.7347245399]",3.0,0.3,flattop,64,32,145.15,15,21,449.52380952380946,38.0,1007.9999999999999,"[2, 5, 11, 17, 22, 25, 29, 38, 44, 52, 55, 60, 65, 74, 78, 84, 89, 95, 98, 101, 105]","[38.0, 367.9999999999996, 461.0000000000001, 192.99999999999977, 951.0000000000001, 153.9999999999999, 881.0, 243.0, 490.99999999999994, 186.0000000000001, 320.9999999999998, 943.0, 809.9999999999999, 204.99999999999997, 477.9999999999998, 275.9999999999999, 346.9999999999998, 79.0, 1007.9999999999999, 113.99999999999989, 892.9999999999999]","[1, 1, 1, 15, 1, 24, 27, 35, 35, 49, 35, 35, 63, 73, 73, 73, 35, 92, 35, 99, 99]","[3, 8, 18, 18, 35, 27, 35, 39, 49, 53, 56, 73, 73, 75, 81, 85, 92, 97, 106, 102, 106]",0.05,30,52684909.0,1016.0,-1016.0,DWT,uc1.l0082987033,0.0,0.0,5.684341886080802e-14,0.0,0.0,1.1368683772161603e-13,3.725290298461914e-09,0.0,1.0,84,0.0,0.0,1.0,84,,0.0,0.0,1.0,84,0.0,0.0,0.0,6.103515625e-05,0.0,0.0,0.0,0.0,5.684341886080802e-14,1.8189894035458565e-12,1.1504025245639714e-13,0.0,0.0,0.0,0.0,0.0,0.0,0.0,0.0,0.0,0.0,0.0,0.0,0.0,0.0,0.0,0.0,0.0,0.9139961780085465,0.2580567408805787,0.01972048058811243,0.5660507090674687,0.12548341009537392,0.0,0.0,0.0,601,0.9638999652046105,0.5449862829442464,343,0,0,0.0,0.0,613,0,0,0.37666150372801604,0.5123279214779443,331,156.03845679831622,0.7983999266171625,472.0,433.28425464269617,0.594290402585067,405,db,413.2962962962963,398.0,188.41229481502944,243,0.9143723369387087,0.671803462110104,0.15839832550987273,5,305.0
bior5.5,1,antisymmetric,9.54416829370359e-20,250.2976422247462,9481588.42517028,0.5847457627118644,446.811983815656,108,raw,2.3950119254078785e-10,-2.3819202167791578e-09,"[2, 5, 11, 17, 22, 25, 29, 38, 44, 52, 55, 60, 65, 74, 78, 84, 89, 95, 98, 101, 105]","[38.000000000069406, 368.0000000005426, 461.00000000052864, 193.00000000008453, 951.0000000005604, 153.9999999999959, 881.0000000009718, 243.00000000019332, 491.00000000073214, 186.00000000020498, 321.0000000005009, 943.0000000008064, 810.0000000008622, 205.00000000002774, 478.00000000052455, 276.0000000001469, 347.00000000038426, 79.00000000032674, 1008.0000000001658, 113.99999999987733, 893.0000000014065]",21,5.751870680497709,168951.98304935207,0.8725854682714079,4.365923718243096e-06,1.0,0.4907407407407407,67631.00000000227,0.12910941990478247,0.15147910127184283,188156.1212646272,82872438.25058796,8,12069.579557418907,0.027777777777777776,"[0.0, 0.009259259259259259, 0.018518518518518517, 0.027777777777777776, 0.037037037037037035, 0.046296296296296294, 0.05555555555555555, 0.06481481481481481, 0.07407407407407407, 0.08333333333333333, 0.09259259259259259, 0.10185185185185185, 0.1111111111111111, 0.12037037037037036, 0.12962962962962962, 0.1388888888888889, 0.14814814814814814, 0.15740740740740738, 0.16666666666666666, 0.17592592592592593, 0.18518518518518517, 0.19444444444444442, 0.2037037037037037, 0.21296296296296297, 0.2222222222222222, 0.23148148148148145, 0.24074074074074073]","[67631.00000000227, 1786.6346316384552, 1155.9831840874563, 12069.579557418907, 1906.5778542072367, 950.5914327661596, 9083.877197390708, 2481.2296367764525, 778.6316126025393, 8965.162396397727, 2042.6423114823629, 1606.7171021555057, 6927.939836309332, 1790.9411989199016, 2115.064375993642, 4469.146453403168, 811.3124818669932, 852.4454942258022, 2613.518509599455, 1125.8336361561257, 622.5282936174792, 1595.9028958479864, 1672.0836322367577, 807.7671822542843, 3024.6344394133625, 842.731381474866, 842.8235732273597]",3.0,0.3,145.14999999978684,15,0.5,1721880.1384902354,0.14445541615566335,0.12412575453777028,16430975.452738492,84089526829.15866,"[0.046875, 0.03125]",2,1721880.1384902354,0.046875,"[0.0, 0.015625, 0.03125, 0.046875, 0.0625, 0.078125, 0.09375, 0.109375, 0.125, 0.140625, 0.15625, 0.171875, 0.1875, 0.203125, 0.21875, 0.234375]","[154749.3857116587, 876106.9067089544, 1710291.376893113, 1721880.1384902354, 1236443.3975614025, 1200279.6938586743, 1385236.61014704, 1437054.0474268566, 1048940.2936495473, 664501.8455364404, 393060.29715202993, 165807.08106943985, 58528.06662866144, 51528.956393963934, 141871.9518114117, 339557.734724888]",3.0,0.3,flattop,64,32,145.14999999978684,15,21,449.52380952423397,38.000000000069406,1008.0000000001658,"[2, 5, 11, 17, 22, 25, 29, 38, 44, 52, 55, 60, 65, 74, 78, 84, 89, 95, 98, 101, 105]","[38.000000000069406, 368.0000000005426, 461.00000000052864, 193.00000000008453, 951.0000000005604, 153.9999999999959, 881.0000000009718, 243.00000000019332, 491.00000000073214, 186.00000000020498, 321.0000000005009, 943.0000000008064, 810.0000000008622, 205.00000000002774, 478.00000000052455, 276.0000000001469, 347.00000000038426, 79.00000000032674, 1008.0000000001658, 113.99999999987733, 893.0000000014065]","[1, 1, 1, 15, 1, 24, 27, 35, 35, 49, 35, 35, 63, 73, 73, 73, 35, 92, 35, 99, 99]","[3, 8, 18, 18, 35, 27, 35, 39, 49, 53, 56, 73, 73, 75, 81, 85, 92, 97, 106, 102, 106]",0.05,30,52684909.00001896,1016.0000000001887,-1016.0000000001887,DWT,uc1.l0082987033,1.7266720533370972e-06,0.0,4.2444980863365345e-10,7.3909759521484375e-06,0.0,1.6575540939811617e-10,3.309175372123718e-05,1.887201506178826e-10,1.0,84,0.0,7.767084753140807e-10,1.0,84,,0.0,0.0,1.0,84,0.0,0.0,1.8961727619171143e-05,0.3350067138671875,2.270098775625229e-09,0.0,0.0,0.0,4.2444980863365345e-10,8.913048077374697e-09,4.3650061343214475e-10,0.0,1.887201506178826e-10,0.0,2.1316282072803006e-10,0.0,0.0,0.0,2.1316282072803006e-10,6.940581442904659e-11,4.50195436485501e-14,1.7266720533370972e-06,2.914335439641036e-15,9.797718192317006e-15,1.1167139746248722e-07,0.0,0.0,2.042810365310288e-14,0.22879020631600644,0.39412079324664073,0.03424133687997431,0.7392292396553357,0.21881379708997312,0.07980808429238923,0.03990404214619461,0.07980808429238923,48,0.7346724035510349,0.4153816753256158,631,0,0,0.07980808429238923,0.07980808429238923,48,0,0,0.3230390746375861,0.43939169792286625,539,312.3038050787513,0.596506711784559,316.5,88.67854281360931,0.5937959915511942,406,bior,385.74074074074076,410.0,199.97417605530825,135,0.8534087184529663,0.7130285416801533,0.18870533457887761,4,305.5
sym10,1,zero,3.317499380921155e-23,284.88691460689256,9380432.331129314,0.5714285714285714,269.23991032996076,108,raw,4.4789192930626035e-12,-1.0838574482366858e-10,"[2, 5, 11, 17, 22, 25, 29, 38, 44, 52, 55, 60, 65, 74, 78, 84, 89, 95, 98, 101, 105]","[38.000000000002615, 368.0000000000136, 461.00000000000745, 193.00000000000887, 951.000000000008, 154.00000000001125, 881.0000000000277, 243.0000000000079, 491.00000000000824, 186.00000000000512, 321.0000000000108, 943.0000000000058, 810.0000000000257, 205.00000000000708, 478.00000000001245, 276.00000000000625, 347.0000000000083, 78.99999999999659, 1008.0000000000131, 114.00000000000887, 893.0000000000286]",21,5.616469171166378,129872.72889896815,0.8610461149230947,4.36592371825112e-06,1.0,0.4907407407407407,67631.0,0.12910941990473862,0.15147910127183983,188156.12126451783,82872438.25058056,8,12069.579557418152,0.027777777777777776,"[0.0, 0.009259259259259259, 0.018518518518518517, 0.027777777777777776, 0.037037037037037035, 0.046296296296296294, 0.05555555555555555, 0.06481481481481481, 0.07407407407407407, 0.08333333333333333, 0.09259259259259259, 0.10185185185185185, 0.1111111111111111, 0.12037037037037036, 0.12962962962962962, 0.1388888888888889, 0.14814814814814814, 0.15740740740740738, 0.16666666666666666, 0.17592592592592593, 0.18518518518518517, 0.19444444444444442, 0.2037037037037037, 0.21296296296296297, 0.2222222222222222, 0.23148148148148145, 0.24074074074074073]","[67631.0, 1786.6346316370032, 1155.9831840869417, 12069.579557418152, 1906.5778542068495, 950.5914327636082, 9083.877197385234, 2481.229636774504, 778.6316126029516, 8965.162396386111, 2042.6423114779525, 1606.7171021541778, 6927.939836298463, 1790.9411989178325, 2115.064375989701, 4469.146453396843, 811.3124818659091, 852.4454942250818, 2613.5185095959137, 1125.8336361546308, 622.5282936168566, 1595.9028958467552, 1672.083632235706, 807.7671822537859, 3024.6344394118755, 842.7313814743986, 842.8235732269529]",3.0,0.3,145.1499999999944,15,0.5,1721880.1384885232,0.1444554161556445,0.12412575453777987,16430975.452705944,84089526828.82687,"[0.046875, 0.03125]",2,1721880.1384885232,0.046875,"[0.0, 0.015625, 0.03125, 0.046875, 0.0625, 0.078125, 0.09375, 0.109375, 0.125, 0.140625, 0.15625, 0.171875, 0.1875, 0.203125, 0.21875, 0.234375]","[154749.3857115659, 876106.906708283, 1710291.376891545, 1721880.1384885232, 1236443.397559322, 1200279.6938555585, 1385236.610142828, 1437054.0474223355, 1048940.2936461684, 664501.8455343237, 393060.29715084645, 165807.08106898417, 58528.066628536515, 51528.95639391158, 141871.95181128735, 339557.7347245662]",3.0,0.3,flattop,64,32,145.1499999999944,15,21,449.52380952382026,38.000000000002615,1008.0000000000131,"[2, 5, 11, 17, 22, 25, 29, 38, 44, 52, 55, 60, 65, 74, 78, 84, 89, 95, 98, 101, 105]","[38.000000000002615, 368.0000000000136, 461.00000000000745, 193.00000000000887, 951.000000000008, 154.00000000001125, 881.0000000000277, 243.0000000000079, 491.00000000000824, 186.00000000000512, 321.0000000000108, 943.0000000000058, 810.0000000000257, 205.00000000000708, 478.00000000001245, 276.00000000000625, 347.0000000000083, 78.99999999999659, 1008.0000000000131, 114.00000000000887, 893.0000000000286]","[1, 1, 1, 15, 1, 24, 27, 35, 35, 49, 35, 35, 63, 73, 73, 73, 35, 92, 35, 99, 99]","[3, 8, 18, 18, 35, 27, 35, 39, 49, 53, 56, 73, 73, 75, 81, 85, 92, 97, 106, 102, 106]",0.05,30,52684909.00000028,1016.0000000000039,-1016.0000000000039,DWT,uc1.l0082987033,1.4435499906539917e-08,0.0,1.0743406164692715e-11,0.0,0.0,1.3073986337985843e-11,5.438923835754395e-07,3.865352482534945e-12,1.0,84,0.0,2.1827872842550278e-11,1.0,84,,0.0,0.0,1.0,84,0.0,0.0,2.8312206268310547e-07,0.0032196044921875,0.0,0.0,0.0,0.0,1.0743406164692715e-11,2.255546860396862e-10,1.1004615208505474e-11,0.0,3.865352482534945e-12,0.0,5.5990767577895895e-12,0.0,0.0,0.0,5.5990767577895895e-12,2.6147972675971687e-12,1.1657341758564144e-15,1.4435499906539917e-08,8.326672684688674e-17,2.0816681711721685e-16,2.2992026060819626e-09,0.0,0.0,1.582067810090848e-15,0.5839069198871907,0.2206249529989378,0.024428835005788588,0.5905826017557858,0.11303006258634718,0.0011916334786289944,0.0005958167393144972,0.0011916334786289944,215,0.7543161116715309,0.42648817170312975,624,0,0,0.0011916334786289944,0.0011916334786289944,212,0,0,0.3065146744468101,0.4169155183302653,577,224.2602654655226,0.7102580549541051,407.0,314.86616317078506,0.5922091308362256,407,sym,445.72514619883043,505.0,280.45746329325993,171,0.986117580085908,1.0,0.009717693939864401,6,306.75
bior6.8,1,periodic,2.465464139784415e-21,266.17603621089137,10257828.519680047,0.5725806451612904,395.18945823224044,108,raw,3.942305741115131e-11,-1.0970724329334119e-10,"[2, 5, 11, 17, 22, 25, 29, 38, 44, 52, 55, 60, 65, 74, 78, 84, 89, 95, 98, 101, 105]","[37.99999999997968, 367.9999999998783, 460.9999999999313, 192.99999999994037, 950.9999999998947, 153.99999999992428, 880.9999999997787, 242.9999999999401, 490.99999999991866, 185.99999999995555, 320.99999999990723, 942.9999999999283, 809.9999999997983, 204.99999999995268, 477.9999999998963, 275.9999999999559, 346.9999999999319, 79.00000000000671, 1007.9999999998897, 113.99999999995111, 892.9999999997517]",21,5.769707805664829,101692.00397637609,0.8103225291411207,4.36592371825275e-06,1.0,0.4907407407407407,67631.0,0.12910941990472735,0.1514791012718405,188156.12126449568,82872438.25058053,8,12069.579557417963,0.027777777777777776,"[0.0, 0.009259259259259259, 0.018518518518518517, 0.027777777777777776, 0.037037037037037035, 0.046296296296296294, 0.05555555555555555, 0.06481481481481481, 0.07407407407407407, 0.08333333333333333, 0.09259259259259259, 0.10185185185185185, 0.1111111111111111, 0.12037037037037036, 0.12962962962962962, 0.1388888888888889, 0.14814814814814814, 0.15740740740740738, 0.16666666666666666, 0.17592592592592593, 0.18518518518518517, 0.19444444444444442, 0.2037037037037037, 0.21296296296296297, 0.2222222222222222, 0.23148148148148145, 0.24074074074074073]","[67631.0, 1786.6346316369975, 1155.9831840869322, 12069.579557417963, 1906.5778542067935, 950.5914327635612, 9083.877197384618, 2481.22963677427, 778.631612602857, 8965.16239638472, 2042.642311477568, 1606.7171021538313, 6927.939836296765, 1790.9411989173536, 2115.0643759890954, 4469.146453395512, 811.3124818656622, 852.4454942248234, 2613.5185095951188, 1125.8336361542943, 622.5282936166736, 1595.9028958462836, 1672.0836322352088, 807.767182253546, 3024.634439410963, 842.7313814741399, 842.823573226693]",3.0,0.3,145.1500000000426,15,0.5,1721880.1384883912,0.1444554161556315,0.12412575453778249,16430975.452700606,84089526828.79175,"[0.046875, 0.03125]",2,1721880.1384883912,0.046875,"[0.0, 0.015625, 0.03125, 0.046875, 0.0625, 0.078125, 0.09375, 0.109375, 0.125, 0.140625, 0.15625, 0.171875, 0.1875, 0.203125, 0.21875, 0.234375]","[154749.38571156553, 876106.9067082428, 1710291.37689143, 1721880.1384883912, 1236443.3975591266, 1200279.6938552111, 1385236.6101423032, 1437054.0474217162, 1048940.2936456478, 664501.845533957, 393060.2971506185, 165807.08106888557, 58528.06662850136, 51528.9563938803, 141871.95181120027, 339557.7347243579]",3.0,0.3,flattop,64,32,145.1500000000426,15,21,449.5238095237194,37.99999999997968,1007.9999999998897,"[2, 5, 11, 17, 22, 25, 29, 38, 44, 52, 55, 60, 65, 74, 78, 84, 89, 95, 98, 101, 105]","[37.99999999997968, 367.9999999998783, 460.9999999999313, 192.99999999994037, 950.9999999998947, 153.99999999992428, 880.9999999997787, 242.9999999999401, 490.99999999991866, 185.99999999995555, 320.99999999990723, 942.9999999999283, 809.9999999997983, 204.99999999995268, 477.9999999998963, 275.9999999999559, 346.9999999999319, 79.00000000000671, 1007.9999999998897, 113.99999999995111, 892.9999999997517]","[1, 1, 1, 15, 1, 24, 27, 35, 35, 49, 35, 35, 63, 73, 73, 73, 35, 92, 35, 99, 99]","[3, 8, 18, 18, 35, 27, 35, 39, 49, 53, 56, 73, 73, 75, 81, 85, 92, 97, 106, 102, 106]",0.05,30,52684908.99999741,1015.9999999999702,-1015.9999999999702,DWT,uc1.l0082987033,1.1757947504520416e-07,0.0,9.00968188943807e-11,2.9802322387695312e-08,0.0,1.1027623258996755e-10,4.794448614120483e-06,2.97859514830634e-11,1.0,84,0.0,1.673470251262188e-10,1.0,84,,0.0,0.0,1.0,84,0.0,0.0,2.592802047729492e-06,0.0319061279296875,0.0,0.0,0.0,0.0,9.00968188943807e-11,1.8917489796876907e-09,9.05705140515541e-11,0.0,2.97859514830634e-11,0.0,4.260414243617561e-11,0.0,0.0,0.0,4.260414243617561e-11,2.0321522242738865e-11,1.0103029524088925e-14,1.1757947504520416e-07,5.828670879282072e-16,2.4147350785597155e-15,1.9848812371492386e-08,0.0,0.0,1.1407541578023483e-14,0.39180846893950116,0.4169762771607843,0.10953939434659177,0.6034420616327272,0.03674758514039756,0.010912853962181317,0.005456426981090659,0.010912853962181317,148,0.7544187758266386,0.42654621772274126,623,0,0,0.010912853962181317,0.010912853962181317,148,0,0,0.3117027574440004,0.4239722516361592,569,259.5907034801773,0.6646114942116572,372.0,237.02131715966974,0.5919956695864488,408,bior,385.74074074074076,410.0,199.97417605530825,135,0.8534087184529663,0.7130285416801533,0.18870533457887761,4,307.0
coif2,1,symmetric,1.5521042829717353e-26,318.1858141384895,9681716.847648924,0.576271186440678,416.58831996752474,108,raw,8.717306711871597e-14,-1.1775491692844815e-10,"[2, 5, 11, 17, 22, 25, 29, 38, 44, 52, 55, 60, 65, 74, 78, 84, 89, 95, 98, 101, 105]","[37.999999999999886, 367.99999999999994, 461.0, 193.0, 951.0, 154.00000000000023, 881.0000000000001, 243.00000000000014, 491.00000000000017, 186.0, 320.9999999999999, 943.0000000000001, 810.0, 205.00000000000003, 477.9999999999999, 276.0000000000001, 347.0, 78.99999999999989, 1008.0000000000002, 113.99999999999989, 893.0]",21,5.714696702544652,104386.56419695208,0.7936927506005487,4.365923718251291e-06,1.0,0.4907407407407407,67631.0,0.12910941990473743,0.15147910127183992,188156.12126451553,82872438.25058056,8,12069.579557418128,0.027777777777777776,"[0.0, 0.009259259259259259, 0.018518518518518517, 0.027777777777777776, 0.037037037037037035, 0.046296296296296294, 0.05555555555555555, 0.06481481481481481, 0.07407407407407407, 0.08333333333333333, 0.09259259259259259, 0.10185185185185185, 0.1111111111111111, 0.12037037037037036, 0.12962962962962962, 0.1388888888888889, 0.14814814814814814, 0.15740740740740738, 0.16666666666666666, 0.17592592592592593, 0.18518518518518517, 0.19444444444444442, 0.2037037037037037, 0.21296296296296297, 0.2222222222222222, 0.23148148148148145, 0.24074074074074073]","[67631.0, 1786.6346316370007, 1155.9831840869401, 12069.579557418128, 1906.5778542068435, 950.5914327636009, 9083.87719738518, 2481.229636774483, 778.6316126029458, 8965.162396385991, 2042.6423114779175, 1606.717102154152, 6927.939836298324, 1790.9411989177925, 2115.064375989649, 4469.146453396726, 811.3124818658865, 852.4454942250576, 2613.518509595831, 1125.8336361545955, 622.5282936168379, 1595.9028958466968, 1672.083632235642, 807.7671822537569, 3024.6344394117577, 842.7313814743652, 842.8235732269208]",3.0,0.3,145.15000000000012,15,0.5,1721880.138488509,0.14445541615564295,0.1241257545377801,16430975.452705404,84089526828.82375,"[0.046875, 0.03125]",2,1721880.138488509,0.046875,"[0.0, 0.015625, 0.03125, 0.046875, 0.0625, 0.078125, 0.09375, 0.109375, 0.125, 0.140625, 0.15625, 0.171875, 0.1875, 0.203125, 0.21875, 0.234375]","[154749.38571156524, 876106.9067082778, 1710291.3768915331, 1721880.138488509, 1236443.3975593033, 1200279.6938555276, 1385236.6101427819, 1437054.047422281, 1048940.2936461226, 664501.8455342911, 393060.2971508254, 165807.08106897463, 58528.06662853264, 51528.95639390751, 141871.95181127626, 339557.7347245399]",3.0,0.3,flattop,64,32,145.15000000000012,15,21,449.5238095238095,37.999999999999886,1008.0000000000002,"[2, 5, 11, 17, 22, 25, 29, 38, 44, 52, 55, 60, 65, 74, 78, 84, 89, 95, 98, 101, 105]","[37.999999999999886, 367.99999999999994, 461.0, 193.0, 951.0, 154.00000000000023, 881.0000000000001, 243.00000000000014, 491.00000000000017, 186.0, 320.9999999999999, 943.0000000000001, 810.0, 205.00000000000003, 477.9999999999999, 276.0000000000001, 347.0, 78.99999999999989, 1008.0000000000002, 113.99999999999989, 893.0]","[1, 1, 1, 15, 1, 24, 27, 35, 35, 49, 35, 35, 63, 73, 73, 73, 35, 92, 35, 99, 99]","[3, 8, 18, 18, 35, 27, 35, 39, 49, 53, 56, 73, 73, 75, 81, 85, 92, 97, 106, 102, 106]",0.05,30,52684909.0,1016.0000000000002,-1016.0000000000002,DWT,uc1.l0082987033,2.3283064365386963e-10,0.0,0.0,0.0,0.0,2.2737367544323206e-13,3.725290298461914e-09,2.2737367544323206e-13,1.0,84,0.0,1.8189894035458565e-12,1.0,84,,0.0,0.0,1.0,84,0.0,0.0,0.0,9.1552734375e-05,0.0,0.0,0.0,0.0,0.0,0.0,8.391171355643091e-14,0.0,2.2737367544323206e-13,0.0,1.1368683772161603e-13,0.0,0.0,0.0,1.1368683772161603e-13,1.1368683772161603e-13,2.7755575615628914e-17,2.3283064365386963e-10,0.0,2.7755575615628914e-17,0.0,0.0,0.0,2.7755575615628914e-17,0.925775798670005,0.34648815922235443,0.053654507576880166,0.6446359246283498,0.04404149719615368,0.0,0.0,0.0,511,1.0310077813314218,0.5829288502102318,254,0,0,0.0,0.0,678,0,0,0.40291917745874867,0.5480431174089472,257,207.25990125122289,0.7322223498046216,425.0,355.24193617120034,0.5915633712847397,409,coif,217.80246913580248,181.0,166.32516494453617,81,0.48186386976947454,0.5930495234160287,0.4847804341365592,1,307.0
bior2.8,1,constant,1.3894236340728244e-26,318.66667629238947,9599995.240306616,0.5564516129032258,236.25565699888242,108,raw,8.039659473137425e-14,-1.1670442390254788e-10,"[2, 5, 11, 17, 22, 25, 29, 38, 44, 52, 55, 60, 65, 74, 78, 84, 89, 95, 98, 101, 105]","[38.0, 368.0, 461.0000000000001, 193.0, 951.0, 154.0, 881.0, 243.00000000000003, 491.0, 186.0, 321.0, 943.0000000000002, 810.0, 205.00000000000006, 478.00000000000006, 276.0, 346.9999999999999, 79.0, 1008.0000000000001, 114.00000000000011, 892.9999999999999]",21,5.554405674922989,127940.48287637229,0.8882527711190367,4.365923718251291e-06,1.0,0.4907407407407407,67631.0,0.1291094199047374,0.15147910127183992,188156.12126451556,82872438.25058056,8,12069.579557418136,0.027777777777777776,"[0.0, 0.009259259259259259, 0.018518518518518517, 0.027777777777777776, 0.037037037037037035, 0.046296296296296294, 0.05555555555555555, 0.06481481481481481, 0.07407407407407407, 0.08333333333333333, 0.09259259259259259, 0.10185185185185185, 0.1111111111111111, 0.12037037037037036, 0.12962962962962962, 0.1388888888888889, 0.14814814814814814, 0.15740740740740738, 0.16666666666666666, 0.17592592592592593, 0.18518518518518517, 0.19444444444444442, 0.2037037037037037, 0.21296296296296297, 0.2222222222222222, 0.23148148148148145, 0.24074074074074073]","[67631.0, 1786.6346316370007, 1155.9831840869372, 12069.579557418136, 1906.5778542068438, 950.5914327635984, 9083.877197385178, 2481.229636774484, 778.631612602946, 8965.16239638599, 2042.642311477917, 1606.71710215415, 6927.939836298325, 1790.9411989177918, 2115.064375989648, 4469.1464533967255, 811.3124818658878, 852.4454942250575, 2613.518509595829, 1125.8336361545958, 622.5282936168385, 1595.9028958466959, 1672.0836322356424, 807.7671822537562, 3024.6344394117605, 842.7313814743645, 842.8235732269197]",3.0,0.3,145.15000000000003,15,0.5,1721880.1384885092,0.14445541615564295,0.12412575453778009,16430975.452705404,84089526828.82372,"[0.046875, 0.03125]",2,1721880.1384885092,0.046875,"[0.0, 0.015625, 0.03125, 0.046875, 0.0625, 0.078125, 0.09375, 0.109375, 0.125, 0.140625, 0.15625, 0.171875, 0.1875, 0.203125, 0.21875, 0.234375]","[154749.3857115655, 876106.9067082782, 1710291.3768915334, 1721880.1384885092, 1236443.3975593026, 1200279.6938555264, 1385236.6101427814, 1437054.047422281, 1048940.293646123, 664501.8455342911, 393060.29715082527, 165807.08106897463, 58528.0666285326, 51528.95639390746, 141871.9518112761, 339557.7347245399]",3.0,0.3,flattop,64,32,145.15000000000003,15,21,449.5238095238095,38.0,1008.0000000000001,"[2, 5, 11, 17, 22, 25, 29, 38, 44, 52, 55, 60, 65, 74, 78, 84, 89, 95, 98, 101, 105]","[38.0, 368.0, 461.0000000000001, 193.0, 951.0, 154.0, 881.0, 243.00000000000003, 491.0, 186.0, 321.0, 943.0000000000002, 810.0, 205.00000000000006, 478.00000000000006, 276.0, 346.9999999999999, 79.0, 1008.0000000000001, 114.00000000000011, 892.9999999999999]","[1, 1, 1, 15, 1, 24, 27, 35, 35, 49, 35, 35, 63, 73, 73, 73, 35, 92, 35, 99, 99]","[3, 8, 18, 18, 35, 27, 35, 39, 49, 53, 56, 73, 73, 75, 81, 85, 92, 97, 106, 102, 106]",0.05,30,52684909.0,1016.0000000000001,-1016.0000000000001,DWT,uc1.l0082987033,4.656612873077393e-10,0.0,0.0,0.0,0.0,1.1368683772161603e-13,3.725290298461914e-09,1.1368683772161603e-13,1.0,84,0.0,5.4569682106375694e-12,1.0,84,,0.0,0.0,1.0,84,0.0,0.0,0.0,6.103515625e-05,0.0,0.0,0.0,0.0,0.0,0.0,4.4662686247777744e-14,0.0,1.1368683772161603e-13,0.0,2.842170943040401e-14,0.0,0.0,0.0,2.842170943040401e-14,0.0,5.551115123125783e-17,4.656612873077393e-10,0.0,1.3877787807814457e-17,2.9103830456733704e-11,0.0,0.0,2.7755575615628914e-17,0.9307126526716482,0.14110029716140146,0.04572722022152692,0.42340962335555915,0.10779966081195815,0.0,0.0,0.0,486,0.8643250639614599,0.48868691863051744,509,0,0,0.0,0.0,674,0,0,0.3297498908444188,0.4485196244155873,520,85.67914954448759,0.8893034243611272,547.25,538.430028761288,0.5911310403459382,410,bior,385.74074074074076,410.0,199.97417605530825,135,0.8534087184529663,0.7130285416801533,0.18870533457887761,4,308.5
sym20,1,reflect,1.6151504061988764e-17,228.01289340217215,11996586.18520754,0.5616438356164384,419.51470049500296,108,raw,3.146713605733315e-09,-8.582549588345795e-09,"[2, 5, 11, 17, 22, 25, 29, 38, 44, 52, 55, 60, 65, 74, 78, 84, 89, 95, 98, 101, 105]","[37.999999998753765, 367.9999999918542, 460.9999999943598, 192.99999999520145, 950.9999999924677, 153.99999999415832, 880.9999999825247, 242.99999999537852, 490.99999999309773, 185.99999999706495, 320.99999999304896, 942.9999999941231, 809.999999983803, 204.9999999962776, 477.9999999920177, 275.9999999963602, 346.99999999423073, 79.00000000113232, 1007.9999999887953, 113.99999999570502, 892.9999999828408]",21,6.085404669986593,90854.22696831805,0.8143306596029288,4.365923718369021e-06,0.9999999999999998,0.4907407407407407,67631.00000000847,0.1291094199039651,0.15147910127188127,188156.1212629193,82872438.25058061,8,12069.579557380519,0.027777777777777776,"[0.0, 0.009259259259259259, 0.018518518518518517, 0.027777777777777776, 0.037037037037037035, 0.046296296296296294, 0.05555555555555555, 0.06481481481481481, 0.07407407407407407, 0.08333333333333333, 0.09259259259259259, 0.10185185185185185, 0.1111111111111111, 0.12037037037037036, 0.12962962962962962, 0.1388888888888889, 0.14814814814814814, 0.15740740740740738, 0.16666666666666666, 0.17592592592592593, 0.18518518518518517, 0.19444444444444442, 0.2037037037037037, 0.21296296296296297, 0.2222222222222222, 0.23148148148148145, 0.24074074074074073]","[67631.00000000847, 1786.6346316428032, 1155.98318408967, 12069.579557380519, 1906.5778541924237, 950.5914327624298, 9083.877197307604, 2481.2296367542594, 778.6316125859144, 8965.162396273612, 2042.6423114491301, 1606.7171021248237, 6927.939836191036, 1790.94119888815, 2115.064375960439, 4469.146453314647, 811.3124818552217, 852.4454942038296, 2613.518509547181, 1125.8336361378824, 622.5282936087019, 1595.902895810526, 1672.0836321961558, 807.7671822403063, 3024.6344393404456, 842.7313814573299, 842.8235732070472]",3.0,0.3,145.15000000409023,15,0.5,1721880.1384706409,0.14445541615482563,0.12412575453789121,16430975.452304142,84089526825.86223,"[0.046875, 0.03125]",2,1721880.1384706409,0.046875,"[0.0, 0.015625, 0.03125, 0.046875, 0.0625, 0.078125, 0.09375, 0.109375, 0.125, 0.140625, 0.15625, 0.171875, 0.1875, 0.203125, 0.21875, 0.234375]","[154749.3857109713, 876106.906701864, 1710291.3768754797, 1721880.1384706409, 1236443.3975391705, 1200279.6938272093, 1385236.6101049695, 1437054.0473805512, 1048940.293613433, 664501.8455121912, 393060.2971371594, 165807.08106297773, 58528.06662625632, 51528.95639161808, 141871.9518048261, 339557.7347092178]",3.0,0.3,flattop,64,32,145.15000000409023,15,21,449.5238095168189,37.999999998753765,1007.9999999887953,"[2, 5, 11, 17, 22, 25, 29, 38, 44, 52, 55, 60, 65, 74, 78, 84, 89, 95, 98, 101, 105]","[37.999999998753765, 367.9999999918542, 460.9999999943598, 192.99999999520145, 950.9999999924677, 153.99999999415832, 880.9999999825247, 242.99999999537852, 490.99999999309773, 185.99999999706495, 320.99999999304896, 942.9999999941231, 809.999999983803, 204.9999999962776, 477.9999999920177, 275.9999999963602, 346.99999999423073, 79.00000000113232, 1007.9999999887953, 113.99999999570502, 892.9999999828408]","[1, 1, 1, 15, 1, 24, 27, 35, 35, 49, 35, 35, 63, 73, 73, 73, 35, 92, 35, 99, 99]","[3, 8, 18, 18, 35, 27, 35, 39, 49, 53, 56, 73, 73, 75, 81, 85, 92, 97, 106, 102, 106]",0.05,30,52684908.99978331,1015.999999997003,-1015.999999997003,DWT,uc1.l0082987033,1.7867889255285263e-05,0.0,6.99060365150217e-09,4.470348358154297e-08,0.0,1.1204747352167033e-08,0.0004012584686279297,2.9970124160172418e-09,1.0,84,0.0,3.7611243897117674e-08,1.0,84,,0.0,0.0,1.0,84,0.0,0.0,0.00021669268608093262,2.96142578125,8.469214662909508e-09,0.0,0.0,0.0,6.99060365150217e-09,1.468033588025719e-07,7.09851140830627e-09,0.0,2.9970124160172418e-09,0.0,4.0902250475483015e-09,0.0,0.0,0.0,4.0902250475483015e-09,1.246235115104355e-09,7.723544026561058e-13,1.7867889255285263e-05,4.135580766728708e-14,1.1113332476497817e-13,1.5962286852300167e-06,0.0,0.0,8.17290679577809e-13,0.0,0.8214923937798448,0.2782050888210523,0.48136527129410006,0.007410778424022449,0.9120386340117282,0.4560193170058641,0.9120386340117282,9,0.7453591611876975,0.4214239375222894,626,0,0,0.9120386340117282,0.9120386340117282,9,0,0,0.31769470646380393,0.4321223884474179,548,335.224303017149,0.5668936653525207,298.0,17.727001042112246,0.59094037272794,411,sym,445.72514619883043,505.0,280.45746329325993,171,0.986117580085908,1.0,0.009717693939864401,6,309.75
rbio3.9,1,zero,8.370281677523955e-27,320.8676223802315,9258727.495429393,0.5476190476190477,378.36211328036205,108,raw,5.283016822364445e-14,-1.111392089470093e-10,"[2, 5, 11, 17, 22, 25, 29, 38, 44, 52, 55, 60, 65, 74, 78, 84, 89, 95, 98, 101, 105]","[37.999999999999886, 368.0, 461.0000000000001, 193.0, 951.0000000000002, 154.0, 881.0, 242.99999999999997, 491.0, 185.9999999999999, 321.0, 943.0, 810.0000000000003, 204.99999999999994, 478.0, 275.9999999999999, 346.99999999999966, 78.99999999999989, 1008.0000000000003, 113.99999999999989, 893.0000000000001]",21,5.8160888245969335,139116.16156686575,0.7270266630077952,4.365923718251291e-06,1.0,0.4907407407407407,67631.0,0.12910941990473743,0.15147910127183992,188156.12126451553,82872438.25058056,8,12069.57955741813,0.027777777777777776,"[0.0, 0.009259259259259259, 0.018518518518518517, 0.027777777777777776, 0.037037037037037035, 0.046296296296296294, 0.05555555555555555, 0.06481481481481481, 0.07407407407407407, 0.08333333333333333, 0.09259259259259259, 0.10185185185185185, 0.1111111111111111, 0.12037037037037036, 0.12962962962962962, 0.1388888888888889, 0.14814814814814814, 0.15740740740740738, 0.16666666666666666, 0.17592592592592593, 0.18518518518518517, 0.19444444444444442, 0.2037037037037037, 0.21296296296296297, 0.2222222222222222, 0.23148148148148145, 0.24074074074074073]","[67631.0, 1786.6346316370002, 1155.9831840869385, 12069.57955741813, 1906.5778542068433, 950.5914327636019, 9083.877197385176, 2481.2296367744843, 778.6316126029437, 8965.162396385991, 2042.6423114779175, 1606.7171021541506, 6927.939836298323, 1790.9411989177927, 2115.0643759896498, 4469.146453396725, 811.3124818658863, 852.4454942250593, 2613.518509595828, 1125.8336361545942, 622.5282936168352, 1595.9028958466968, 1672.0836322356429, 807.7671822537563, 3024.6344394117605, 842.7313814743659, 842.8235732269212]",3.0,0.3,145.15000000000012,15,0.5,1721880.1384885085,0.14445541615564295,0.12412575453778009,16430975.452705404,84089526828.82368,"[0.046875, 0.03125]",2,1721880.1384885085,0.046875,"[0.0, 0.015625, 0.03125, 0.046875, 0.0625, 0.078125, 0.09375, 0.109375, 0.125, 0.140625, 0.15625, 0.171875, 0.1875, 0.203125, 0.21875, 0.234375]","[154749.3857115655, 876106.9067082778, 1710291.3768915324, 1721880.1384885085, 1236443.3975593026, 1200279.6938555269, 1385236.6101427816, 1437054.047422281, 1048940.293646122, 664501.8455342908, 393060.2971508254, 165807.08106897463, 58528.06662853266, 51528.956393907516, 141871.95181127614, 339557.7347245399]",3.0,0.3,flattop,64,32,145.15000000000012,15,21,449.5238095238095,37.999999999999886,1008.0000000000003,"[2, 5, 11, 17, 22, 25, 29, 38, 44, 52, 55, 60, 65, 74, 78, 84, 89, 95, 98, 101, 105]","[37.999999999999886, 368.0, 461.0000000000001, 193.0, 951.0000000000002, 154.0, 881.0, 242.99999999999997, 491.0, 185.9999999999999, 321.0, 943.0, 810.0000000000003, 204.99999999999994, 478.0, 275.9999999999999, 346.99999999999966, 78.99999999999989, 1008.0000000000003, 113.99999999999989, 893.0000000000001]","[1, 1, 1, 15, 1, 24, 27, 35, 35, 49, 35, 35, 63, 73, 73, 73, 35, 92, 35, 99, 99]","[3, 8, 18, 18, 35, 27, 35, 39, 49, 53, 56, 73, 73, 75, 81, 85, 92, 97, 106, 102, 106]",0.05,30,52684909.0,1016.0000000000001,-1016.0000000000001,DWT,uc1.l0082987033,2.3283064365386963e-10,0.0,0.0,0.0,0.0,3.410605131648481e-13,3.725290298461914e-09,1.1368683772161603e-13,1.0,84,0.0,0.0,1.0,84,,0.0,0.0,1.0,84,0.0,0.0,0.0,3.0517578125e-05,0.0,0.0,0.0,0.0,0.0,0.0,1.0150610510858575e-13,0.0,1.1368683772161603e-13,0.0,1.1368683772161603e-13,0.0,0.0,0.0,1.1368683772161603e-13,1.1368683772161603e-13,2.7755575615628914e-17,2.3283064365386963e-10,0.0,1.3877787807814457e-17,0.0,0.0,0.0,2.7755575615628914e-17,0.9533090442009841,0.47640629305136806,0.01262303190786241,0.32482043096568314,0.13805113446966039,0.0,0.0,0.0,400,1.001648715174343,0.566329318191093,280,0,0,0.0,0.0,726,0,0,0.3810419869191116,0.5182861726561258,310,204.46026508835402,0.7358394507902403,429.0,374.71970410981714,0.5907879424493837,412,rbio,366.5925925925926,360.0,210.3588723315502,135,0.8110455588331695,0.7500562468954116,0.20725123474815782,3,309.75
rbio1.1,1,periodic,1.6411433055147366e-26,317.94355805645716,9460241.573880227,0.5462962962962963,328.1355888153859,108,raw,1.0709129056791693e-13,-1.216075018461999e-10,"[2, 5, 11, 17, 22, 25, 29, 38, 44, 52, 55, 60, 65, 74, 78, 84, 89, 95, 98, 101, 105]","[38.0, 367.99999999999994, 461.00000000000006, 193.0, 951.0000000000002, 154.0, 881.0000000000002, 243.00000000000006, 491.00000000000017, 186.0, 321.0000000000001, 943.0000000000001, 810.0000000000002, 205.00000000000006, 478.0, 276.0, 347.0, 78.99999999999989, 1008.0000000000001, 114.0, 893.0000000000002]",21,5.569087067021978,95467.34242112485,0.8379720908410171,4.36592371825129e-06,1.0,0.4907407407407407,67631.00000000003,0.1291094199047374,0.15147910127183992,188156.1212645156,82872438.25058065,8,12069.579557418136,0.027777777777777776,"[0.0, 0.009259259259259259, 0.018518518518518517, 0.027777777777777776, 0.037037037037037035, 0.046296296296296294, 0.05555555555555555, 0.06481481481481481, 0.07407407407407407, 0.08333333333333333, 0.09259259259259259, 0.10185185185185185, 0.1111111111111111, 0.12037037037037036, 0.12962962962962962, 0.1388888888888889, 0.14814814814814814, 0.15740740740740738, 0.16666666666666666, 0.17592592592592593, 0.18518518518518517, 0.19444444444444442, 0.2037037037037037, 0.21296296296296297, 0.2222222222222222, 0.23148148148148145, 0.24074074074074073]","[67631.00000000003, 1786.6346316370007, 1155.9831840869397, 12069.579557418136, 1906.5778542068429, 950.5914327636018, 9083.87719738518, 2481.2296367744843, 778.6316126029438, 8965.162396385995, 2042.6423114779186, 1606.7171021541496, 6927.939836298325, 1790.9411989177936, 2115.064375989648, 4469.146453396728, 811.312481865886, 852.4454942250575, 2613.518509595831, 1125.8336361545946, 622.5282936168368, 1595.9028958466956, 1672.0836322356424, 807.7671822537576, 3024.63443941176, 842.7313814743655, 842.8235732269204]",3.0,0.3,145.15000000000003,15,0.5,1721880.1384885092,0.14445541615564297,0.1241257545377801,16430975.452705404,84089526828.82372,"[0.046875, 0.03125]",2,1721880.1384885092,0.046875,"[0.0, 0.015625, 0.03125, 0.046875, 0.0625, 0.078125, 0.09375, 0.109375, 0.125, 0.140625, 0.15625, 0.171875, 0.1875, 0.203125, 0.21875, 0.234375]","[154749.38571156512, 876106.9067082775, 1710291.3768915324, 1721880.1384885092, 1236443.3975593026, 1200279.6938555276, 1385236.610142782, 1437054.0474222815, 1048940.2936461228, 664501.8455342911, 393060.2971508255, 165807.0810689747, 58528.06662853267, 51528.95639390755, 141871.9518112762, 339557.73472454]",3.0,0.3,flattop,64,32,145.15000000000003,15,21,449.52380952380963,38.0,1008.0000000000001,"[2, 5, 11, 17, 22, 25, 29, 38, 44, 52, 55, 60, 65, 74, 78, 84, 89, 95, 98, 101, 105]","[38.0, 367.99999999999994, 461.00000000000006, 193.0, 951.0000000000002, 154.0, 881.0000000000002, 243.00000000000006, 491.00000000000017, 186.0, 321.0000000000001, 943.0000000000001, 810.0000000000002, 205.00000000000006, 478.0, 276.0, 347.0, 78.99999999999989, 1008.0000000000001, 114.0, 893.0000000000002]","[1, 1, 1, 15, 1, 24, 27, 35, 35, 49, 35, 35, 63, 73, 73, 73, 35, 92, 35, 99, 99]","[3, 8, 18, 18, 35, 27, 35, 39, 49, 53, 56, 73, 73, 75, 81, 85, 92, 97, 106, 102, 106]",0.05,30,52684909.00000001,1016.0000000000001,-1016.0000000000001,DWT,uc1.l0082987033,4.656612873077393e-10,0.0,1.1368683772161603e-13,8.940696716308594e-08,0.0,1.1368683772161603e-13,3.725290298461914e-09,1.1368683772161603e-13,1.0,84,0.0,5.4569682106375694e-12,1.0,84,,0.0,0.0,1.0,84,0.0,0.0,7.450580596923828e-09,6.103515625e-05,2.9103830456733704e-11,0.0,0.0,0.0,1.1368683772161603e-13,1.8189894035458565e-12,8.391171355643087e-14,0.0,1.1368683772161603e-13,0.0,2.842170943040401e-14,0.0,0.0,0.0,2.842170943040401e-14,0.0,5.551115123125783e-17,4.656612873077393e-10,0.0,2.7755575615628914e-17,5.820766091346741e-11,0.0,0.0,5.551115123125783e-17,0.9232886349406415,0.1599122031054272,0.03217061617572511,0.31005586592178774,0.019898032618189163,3.135877575339459e-05,1.5679387876697293e-05,3.135877575339459e-05,292,0.7819961500209518,0.44213838620293305,584,0,0,3.135877575339459e-05,3.135877575339459e-05,248,0,0,0.2890650705523542,0.393180893991497,628,195.6459387090193,0.7472274693681922,438.0,371.69190532234865,0.5906679982499876,413,rbio,366.5925925925926,360.0,210.3588723315502,135,0.8110455588331695,0.7500562468954116,0.20725123474815782,3,310.5
sym10,1,constant,3.345811797485617e-23,284.85000803011167,9378143.526446732,0.5714285714285714,269.23991032996076,108,raw,4.503097483376662e-12,-1.0740419664759795e-10,"[2, 5, 11, 17, 22, 25, 29, 38, 44, 52, 55, 60, 65, 74, 78, 84, 89, 95, 98, 101, 105]","[38.000000000002615, 368.00000000001387, 461.00000000000756, 193.00000000000887, 951.0000000000085, 154.00000000001125, 881.0000000000277, 243.0000000000079, 491.00000000000824, 186.00000000000512, 321.0000000000108, 943.0000000000058, 810.0000000000257, 205.00000000000708, 478.00000000001245, 276.00000000000625, 347.0000000000083, 78.99999999999659, 1008.0000000000132, 114.00000000000898, 893.0000000000288]",21,5.620026270784182,125421.66150153232,0.8560897732216971,4.365923718251119e-06,1.0,0.4907407407407407,67631.0,0.1291094199047386,0.15147910127183983,188156.12126451786,82872438.25058056,8,12069.579557418154,0.027777777777777776,"[0.0, 0.009259259259259259, 0.018518518518518517, 0.027777777777777776, 0.037037037037037035, 0.046296296296296294, 0.05555555555555555, 0.06481481481481481, 0.07407407407407407, 0.08333333333333333, 0.09259259259259259, 0.10185185185185185, 0.1111111111111111, 0.12037037037037036, 0.12962962962962962, 0.1388888888888889, 0.14814814814814814, 0.15740740740740738, 0.16666666666666666, 0.17592592592592593, 0.18518518518518517, 0.19444444444444442, 0.2037037037037037, 0.21296296296296297, 0.2222222222222222, 0.23148148148148145, 0.24074074074074073]","[67631.0, 1786.6346316370018, 1155.9831840869408, 12069.579557418154, 1906.5778542068497, 950.5914327636066, 9083.877197385236, 2481.2296367745053, 778.6316126029518, 8965.162396386113, 2042.642311477951, 1606.7171021541794, 6927.939836298466, 1790.9411989178343, 2115.0643759897016, 4469.146453396844, 811.3124818659098, 852.4454942250816, 2613.5185095959127, 1125.833636154631, 622.5282936168568, 1595.9028958467547, 1672.083632235706, 807.7671822537858, 3024.634439411877, 842.7313814743977, 842.8235732269525]",3.0,0.3,145.14999999999435,15,0.5,1721880.1384885232,0.1444554161556445,0.12412575453777987,16430975.452705944,84089526828.82687,"[0.046875, 0.03125]",2,1721880.1384885232,0.046875,"[0.0, 0.015625, 0.03125, 0.046875, 0.0625, 0.078125, 0.09375, 0.109375, 0.125, 0.140625, 0.15625, 0.171875, 0.1875, 0.203125, 0.21875, 0.234375]","[154749.3857115659, 876106.9067082829, 1710291.376891545, 1721880.1384885232, 1236443.397559322, 1200279.6938555585, 1385236.610142828, 1437054.0474223355, 1048940.2936461684, 664501.8455343238, 393060.2971508464, 165807.08106898417, 58528.066628536515, 51528.95639391158, 141871.95181128735, 339557.7347245662]",3.0,0.3,flattop,64,32,145.14999999999435,15,21,449.52380952382026,38.000000000002615,1008.0000000000132,"[2, 5, 11, 17, 22, 25, 29, 38, 44, 52, 55, 60, 65, 74, 78, 84, 89, 95, 98, 101, 105]","[38.000000000002615, 368.00000000001387, 461.00000000000756, 193.00000000000887, 951.0000000000085, 154.00000000001125, 881.0000000000277, 243.0000000000079, 491.00000000000824, 186.00000000000512, 321.0000000000108, 943.0000000000058, 810.0000000000257, 205.00000000000708, 478.00000000001245, 276.00000000000625, 347.0000000000083, 78.99999999999659, 1008.0000000000132, 114.00000000000898, 893.0000000000288]","[1, 1, 1, 15, 1, 24, 27, 35, 35, 49, 35, 35, 63, 73, 73, 73, 35, 92, 35, 99, 99]","[3, 8, 18, 18, 35, 27, 35, 39, 49, 53, 56, 73, 73, 75, 81, 85, 92, 97, 106, 102, 106]",0.05,30,52684909.00000029,1016.0000000000038,-1016.0000000000038,DWT,uc1.l0082987033,1.4435499906539917e-08,0.0,1.0743406164692715e-11,0.0,0.0,1.318767317570746e-11,5.438923835754395e-07,3.751665644813329e-12,1.0,84,0.0,2.3646862246096134e-11,1.0,84,,0.0,0.0,1.0,84,0.0,0.0,2.905726432800293e-07,0.0032196044921875,0.0,0.0,0.0,0.0,1.0743406164692715e-11,2.255546860396862e-10,1.1066872286305407e-11,0.0,3.751665644813329e-12,0.0,5.6559201766503975e-12,0.0,0.0,0.0,5.6559201766503975e-12,2.6147972675971687e-12,1.1379786002407855e-15,1.4435499906539917e-08,8.326672684688674e-17,2.0816681711721685e-16,2.3283064365386963e-09,0.0,0.0,1.582067810090848e-15,0.5835280121694799,0.22518281937785278,0.02420681278903127,0.5905826017557858,0.10098145669391687,0.001222992254382389,0.0006114961271911945,0.001222992254382389,208,0.751437246765011,0.4248604697204143,625,0,0,0.001222992254382389,0.001222992254382389,208,0,0,0.3048963405572134,0.4147142908894247,580,228.5043763257063,0.7047747075895268,405.25,309.1304169570743,0.5905979481100089,414,sym,445.72514619883043,505.0,280.45746329325993,171,0.986117580085908,1.0,0.009717693939864401,6,312.0
db14,1,constant,2.1057356313770104e-26,316.8609846524474,9351799.847286783,0.5597014925373134,231.70176111152628,108,raw,1.0689391758576134e-13,-1.1549383671649657e-10,"[2, 5, 11, 17, 22, 25, 29, 38, 44, 52, 55, 60, 65, 74, 78, 84, 89, 95, 98, 101, 105]","[38.00000000000006, 368.00000000000006, 460.99999999999994, 192.99999999999966, 951.0000000000001, 154.00000000000023, 881.0, 243.0, 491.00000000000006, 186.0000000000001, 320.9999999999999, 943.0, 810.0, 204.99999999999994, 478.0000000000003, 275.9999999999999, 347.00000000000034, 79.0, 1008.0, 113.99999999999966, 893.0000000000005]",21,5.6390679394772185,130156.02272348621,0.8687059988966798,4.36592371825129e-06,0.9999999999999998,0.4907407407407407,67631.0,0.12910941990473743,0.15147910127183992,188156.12126451553,82872438.25058056,8,12069.57955741813,0.027777777777777776,"[0.0, 0.009259259259259259, 0.018518518518518517, 0.027777777777777776, 0.037037037037037035, 0.046296296296296294, 0.05555555555555555, 0.06481481481481481, 0.07407407407407407, 0.08333333333333333, 0.09259259259259259, 0.10185185185185185, 0.1111111111111111, 0.12037037037037036, 0.12962962962962962, 0.1388888888888889, 0.14814814814814814, 0.15740740740740738, 0.16666666666666666, 0.17592592592592593, 0.18518518518518517, 0.19444444444444442, 0.2037037037037037, 0.21296296296296297, 0.2222222222222222, 0.23148148148148145, 0.24074074074074073]","[67631.0, 1786.6346316370007, 1155.98318408694, 12069.57955741813, 1906.577854206842, 950.5914327636011, 9083.87719738518, 2481.229636774483, 778.6316126029448, 8965.162396385991, 2042.6423114779182, 1606.7171021541496, 6927.939836298324, 1790.9411989177952, 2115.0643759896457, 4469.146453396725, 811.312481865885, 852.4454942250576, 2613.518509595828, 1125.833636154597, 622.5282936168373, 1595.9028958466997, 1672.0836322356415, 807.767182253757, 3024.634439411759, 842.731381474365, 842.8235732269192]",3.0,0.3,145.14999999999995,15,0.5,1721880.1384885088,0.14445541615564295,0.12412575453778009,16430975.452705404,84089526828.82368,"[0.046875, 0.03125]",2,1721880.1384885088,0.046875,"[0.0, 0.015625, 0.03125, 0.046875, 0.0625, 0.078125, 0.09375, 0.109375, 0.125, 0.140625, 0.15625, 0.171875, 0.1875, 0.203125, 0.21875, 0.234375]","[154749.3857115654, 876106.906708278, 1710291.3768915324, 1721880.1384885088, 1236443.3975593026, 1200279.6938555273, 1385236.6101427816, 1437054.047422281, 1048940.2936461219, 664501.8455342904, 393060.29715082515, 165807.0810689746, 58528.06662853265, 51528.956393907494, 141871.9518112761, 339557.7347245398]",3.0,0.3,flattop,64,32,145.14999999999995,15,21,449.5238095238095,38.00000000000006,1008.0,"[2, 5, 11, 17, 22, 25, 29, 38, 44, 52, 55, 60, 65, 74, 78, 84, 89, 95, 98, 101, 105]","[38.00000000000006, 368.00000000000006, 460.99999999999994, 192.99999999999966, 951.0000000000001, 154.00000000000023, 881.0, 243.0, 491.00000000000006, 186.0000000000001, 320.9999999999999, 943.0, 810.0, 204.99999999999994, 478.0000000000003, 275.9999999999999, 347.00000000000034, 79.0, 1008.0, 113.99999999999966, 893.0000000000005]","[1, 1, 1, 15, 1, 24, 27, 35, 35, 49, 35, 35, 63, 73, 73, 73, 35, 92, 35, 99, 99]","[3, 8, 18, 18, 35, 27, 35, 39, 49, 53, 56, 73, 73, 75, 81, 85, 92, 97, 106, 102, 106]",0.05,30,52684909.0,1016.0,-1016.0,DWT,uc1.l0082987033,0.0,0.0,0.0,0.0,0.0,0.0,3.725290298461914e-09,0.0,1.0,84,0.0,0.0,1.0,84,,0.0,0.0,1.0,84,0.0,0.0,0.0,3.0517578125e-05,0.0,0.0,0.0,0.0,0.0,0.0,1.299278145389897e-13,0.0,0.0,0.0,5.684341886080802e-14,0.0,0.0,0.0,5.684341886080802e-14,5.684341886080802e-14,2.7755575615628914e-17,0.0,0.0,1.3877787807814457e-17,0.0,0.0,0.0,2.7755575615628914e-17,0.9121742089075012,0.24958173727715516,0.021651381961252783,0.45968481614274953,0.11379691137532388,0.0,0.0,0.0,650,0.9123137759709341,0.5158195991216653,430,0,0,0.0,0.0,582,0,0,0.3513778111327966,0.4779375164421546,432,110.36152711278811,0.8574140476578965,523.5,506.5169222532328,0.5905287292553049,415,db,413.2962962962963,398.0,188.41229481502944,243,0.9143723369387087,0.671803462110104,0.15839832550987273,5,312.5
coif2,1,smooth,1.60329259059941e-26,318.04489525641765,9366035.047236748,0.576271186440678,361.12357287267145,108,raw,8.73046491068197e-14,-1.1774459185431913e-10,"[2, 5, 11, 17, 22, 25, 29, 38, 44, 52, 55, 60, 65, 74, 78, 84, 89, 95, 98, 101, 105]","[37.999999999999915, 368.0000000000001, 461.0, 193.0, 951.0, 154.00000000000023, 881.0000000000001, 243.00000000000014, 491.00000000000017, 186.0, 320.9999999999999, 943.0000000000001, 810.0, 205.00000000000003, 477.9999999999999, 276.0000000000001, 347.0, 78.99999999999989, 1008.0000000000002, 113.99999999999989, 893.0000000000001]",21,5.654411790357817,106881.12420999716,0.8097576686183551,4.365923718251291e-06,1.0,0.4907407407407407,67631.0,0.1291094199047374,0.1514791012718399,188156.1212645156,82872438.25058058,8,12069.579557418132,0.027777777777777776,"[0.0, 0.009259259259259259, 0.018518518518518517, 0.027777777777777776, 0.037037037037037035, 0.046296296296296294, 0.05555555555555555, 0.06481481481481481, 0.07407407407407407, 0.08333333333333333, 0.09259259259259259, 0.10185185185185185, 0.1111111111111111, 0.12037037037037036, 0.12962962962962962, 0.1388888888888889, 0.14814814814814814, 0.15740740740740738, 0.16666666666666666, 0.17592592592592593, 0.18518518518518517, 0.19444444444444442, 0.2037037037037037, 0.21296296296296297, 0.2222222222222222, 0.23148148148148145, 0.24074074074074073]","[67631.0, 1786.634631637001, 1155.9831840869404, 12069.579557418132, 1906.5778542068435, 950.5914327636009, 9083.87719738518, 2481.229636774484, 778.6316126029454, 8965.162396385991, 2042.6423114779172, 1606.7171021541521, 6927.939836298324, 1790.9411989177927, 2115.064375989649, 4469.1464533967255, 811.3124818658865, 852.4454942250577, 2613.518509595831, 1125.833636154595, 622.5282936168373, 1595.902895846697, 1672.0836322356422, 807.7671822537566, 3024.634439411758, 842.7313814743649, 842.8235732269203]",3.0,0.3,145.1500000000001,15,0.5,1721880.138488509,0.14445541615564295,0.1241257545377801,16430975.452705404,84089526828.82375,"[0.046875, 0.03125]",2,1721880.138488509,0.046875,"[0.0, 0.015625, 0.03125, 0.046875, 0.0625, 0.078125, 0.09375, 0.109375, 0.125, 0.140625, 0.15625, 0.171875, 0.1875, 0.203125, 0.21875, 0.234375]","[154749.38571156524, 876106.9067082778, 1710291.3768915331, 1721880.138488509, 1236443.3975593033, 1200279.6938555276, 1385236.6101427819, 1437054.047422281, 1048940.2936461226, 664501.8455342911, 393060.2971508254, 165807.08106897463, 58528.06662853264, 51528.95639390751, 141871.95181127626, 339557.7347245399]",3.0,0.3,flattop,64,32,145.1500000000001,15,21,449.5238095238095,37.999999999999915,1008.0000000000002,"[2, 5, 11, 17, 22, 25, 29, 38, 44, 52, 55, 60, 65, 74, 78, 84, 89, 95, 98, 101, 105]","[37.999999999999915, 368.0000000000001, 461.0, 193.0, 951.0, 154.00000000000023, 881.0000000000001, 243.00000000000014, 491.00000000000017, 186.0, 320.9999999999999, 943.0000000000001, 810.0, 205.00000000000003, 477.9999999999999, 276.0000000000001, 347.0, 78.99999999999989, 1008.0000000000002, 113.99999999999989, 893.0000000000001]","[1, 1, 1, 15, 1, 24, 27, 35, 35, 49, 35, 35, 63, 73, 73, 73, 35, 92, 35, 99, 99]","[3, 8, 18, 18, 35, 27, 35, 39, 49, 53, 56, 73, 73, 75, 81, 85, 92, 97, 106, 102, 106]",0.05,30,52684909.0,1016.0000000000002,-1016.0000000000002,DWT,uc1.l0082987033,2.3283064365386963e-10,0.0,0.0,1.4901161193847656e-08,0.0,2.2737367544323206e-13,3.725290298461914e-09,2.2737367544323206e-13,1.0,84,0.0,1.8189894035458565e-12,1.0,84,,0.0,0.0,1.0,84,0.0,0.0,0.0,9.1552734375e-05,0.0,0.0,0.0,0.0,0.0,0.0,9.06787872303366e-14,0.0,2.2737367544323206e-13,0.0,8.526512829121202e-14,0.0,0.0,0.0,8.526512829121202e-14,8.526512829121202e-14,5.551115123125783e-17,2.3283064365386963e-10,2.7755575615628914e-17,2.7755575615628914e-17,5.820766091346741e-11,0.0,0.0,2.7755575615628914e-17,0.9243290307319981,0.2692424804572824,0.023032247123285148,0.6446359246283498,0.05079402817097346,0.0,0.0,0.0,491,0.9789067633492119,0.5534710836859758,321,0,0,0.0,0.0,695,0,0,0.3824067422223778,0.5201424872540552,306,181.69640429390267,0.7652501236512885,453.25,405.73105450977897,0.5898279042029053,416,coif,217.80246913580248,181.0,166.32516494453617,81,0.48186386976947454,0.5930495234160287,0.4847804341365592,1,312.25
bior1.1,1,periodic,1.6411433055147366e-26,317.94355805645716,9460241.573880227,0.5462962962962963,328.1355888153859,108,raw,1.0709129056791693e-13,-1.216075018461999e-10,"[2, 5, 11, 17, 22, 25, 29, 38, 44, 52, 55, 60, 65, 74, 78, 84, 89, 95, 98, 101, 105]","[38.0, 367.99999999999994, 461.00000000000006, 193.0, 951.0000000000002, 154.0, 881.0000000000002, 243.00000000000006, 491.00000000000017, 186.0, 321.0000000000001, 943.0000000000001, 810.0000000000002, 205.00000000000006, 478.0, 276.0, 347.0, 78.99999999999989, 1008.0000000000001, 114.0, 893.0000000000002]",21,5.569087067021978,95467.34242112485,0.8379720908410171,4.36592371825129e-06,1.0,0.4907407407407407,67631.00000000003,0.1291094199047374,0.15147910127183992,188156.1212645156,82872438.25058065,8,12069.579557418136,0.027777777777777776,"[0.0, 0.009259259259259259, 0.018518518518518517, 0.027777777777777776, 0.037037037037037035, 0.046296296296296294, 0.05555555555555555, 0.06481481481481481, 0.07407407407407407, 0.08333333333333333, 0.09259259259259259, 0.10185185185185185, 0.1111111111111111, 0.12037037037037036, 0.12962962962962962, 0.1388888888888889, 0.14814814814814814, 0.15740740740740738, 0.16666666666666666, 0.17592592592592593, 0.18518518518518517, 0.19444444444444442, 0.2037037037037037, 0.21296296296296297, 0.2222222222222222, 0.23148148148148145, 0.24074074074074073]","[67631.00000000003, 1786.6346316370007, 1155.9831840869397, 12069.579557418136, 1906.5778542068429, 950.5914327636018, 9083.87719738518, 2481.2296367744843, 778.6316126029438, 8965.162396385995, 2042.6423114779186, 1606.7171021541496, 6927.939836298325, 1790.9411989177936, 2115.064375989648, 4469.146453396728, 811.312481865886, 852.4454942250575, 2613.518509595831, 1125.8336361545946, 622.5282936168368, 1595.9028958466956, 1672.0836322356424, 807.7671822537576, 3024.63443941176, 842.7313814743655, 842.8235732269204]",3.0,0.3,145.15000000000003,15,0.5,1721880.1384885092,0.14445541615564297,0.1241257545377801,16430975.452705404,84089526828.82372,"[0.046875, 0.03125]",2,1721880.1384885092,0.046875,"[0.0, 0.015625, 0.03125, 0.046875, 0.0625, 0.078125, 0.09375, 0.109375, 0.125, 0.140625, 0.15625, 0.171875, 0.1875, 0.203125, 0.21875, 0.234375]","[154749.38571156512, 876106.9067082775, 1710291.3768915324, 1721880.1384885092, 1236443.3975593026, 1200279.6938555276, 1385236.610142782, 1437054.0474222815, 1048940.2936461228, 664501.8455342911, 393060.2971508255, 165807.0810689747, 58528.06662853267, 51528.95639390755, 141871.9518112762, 339557.73472454]",3.0,0.3,flattop,64,32,145.15000000000003,15,21,449.52380952380963,38.0,1008.0000000000001,"[2, 5, 11, 17, 22, 25, 29, 38, 44, 52, 55, 60, 65, 74, 78, 84, 89, 95, 98, 101, 105]","[38.0, 367.99999999999994, 461.00000000000006, 193.0, 951.0000000000002, 154.0, 881.0000000000002, 243.00000000000006, 491.00000000000017, 186.0, 321.0000000000001, 943.0000000000001, 810.0000000000002, 205.00000000000006, 478.0, 276.0, 347.0, 78.99999999999989, 1008.0000000000001, 114.0, 893.0000000000002]","[1, 1, 1, 15, 1, 24, 27, 35, 35, 49, 35, 35, 63, 73, 73, 73, 35, 92, 35, 99, 99]","[3, 8, 18, 18, 35, 27, 35, 39, 49, 53, 56, 73, 73, 75, 81, 85, 92, 97, 106, 102, 106]",0.05,30,52684909.00000001,1016.0000000000001,-1016.0000000000001,DWT,uc1.l0082987033,4.656612873077393e-10,0.0,1.1368683772161603e-13,8.940696716308594e-08,0.0,1.1368683772161603e-13,3.725290298461914e-09,1.1368683772161603e-13,1.0,84,0.0,5.4569682106375694e-12,1.0,84,,0.0,0.0,1.0,84,0.0,0.0,7.450580596923828e-09,6.103515625e-05,2.9103830456733704e-11,0.0,0.0,0.0,1.1368683772161603e-13,1.8189894035458565e-12,8.391171355643087e-14,0.0,1.1368683772161603e-13,0.0,2.842170943040401e-14,0.0,0.0,0.0,2.842170943040401e-14,0.0,5.551115123125783e-17,4.656612873077393e-10,0.0,2.7755575615628914e-17,5.820766091346741e-11,0.0,0.0,5.551115123125783e-17,0.9232886349406415,0.1599122031054272,0.03217061617572511,0.31005586592178774,0.019898032618189163,3.135877575339459e-05,1.5679387876697293e-05,3.135877575339459e-05,326,0.7819961500209518,0.44213838620293305,598,0,0,3.135877575339459e-05,3.135877575339459e-05,312,0,0,0.2890650705523542,0.393180893991497,626,169.64570924920756,0.7808194970940471,465.5,419.18624849830525,0.589699154231778,417,bior,385.74074074074076,410.0,199.97417605530825,135,0.8534087184529663,0.7130285416801533,0.18870533457887761,4,313.75
db26,1,zero,2.874585764968916e-26,315.50927040573606,9400081.800982524,0.5949367088607594,196.5826441173103,108,raw,1.225028309245654e-13,-1.1409773126303047e-10,"[2, 5, 11, 17, 22, 25, 29, 38, 44, 52, 55, 60, 65, 74, 78, 84, 89, 95, 98, 101, 105]","[37.99999999999997, 368.0000000000001, 461.0, 192.99999999999966, 951.0000000000002, 153.9999999999999, 881.0000000000001, 243.0000000000001, 490.99999999999983, 186.00000000000045, 320.9999999999999, 942.9999999999997, 809.9999999999995, 204.99999999999991, 477.99999999999943, 275.99999999999966, 346.9999999999999, 78.99999999999989, 1008.0, 113.99999999999989, 893.0]",21,5.604728779540325,150127.24451209744,0.9171938666024262,4.3659237182512925e-06,1.0,0.4907407407407407,67631.0,0.12910941990473743,0.15147910127183992,188156.1212645155,82872438.25058056,8,12069.579557418134,0.027777777777777776,"[0.0, 0.009259259259259259, 0.018518518518518517, 0.027777777777777776, 0.037037037037037035, 0.046296296296296294, 0.05555555555555555, 0.06481481481481481, 0.07407407407407407, 0.08333333333333333, 0.09259259259259259, 0.10185185185185185, 0.1111111111111111, 0.12037037037037036, 0.12962962962962962, 0.1388888888888889, 0.14814814814814814, 0.15740740740740738, 0.16666666666666666, 0.17592592592592593, 0.18518518518518517, 0.19444444444444442, 0.2037037037037037, 0.21296296296296297, 0.2222222222222222, 0.23148148148148145, 0.24074074074074073]","[67631.0, 1786.6346316370013, 1155.9831840869376, 12069.579557418134, 1906.5778542068435, 950.5914327636, 9083.877197385176, 2481.229636774484, 778.6316126029441, 8965.162396385991, 2042.6423114779163, 1606.7171021541499, 6927.939836298322, 1790.9411989177934, 2115.0643759896484, 4469.146453396726, 811.3124818658841, 852.4454942250562, 2613.518509595829, 1125.833636154596, 622.5282936168371, 1595.902895846699, 1672.0836322356422, 807.767182253755, 3024.63443941176, 842.7313814743644, 842.8235732269183]",3.0,0.3,145.15000000000003,15,0.5,1721880.1384885088,0.14445541615564292,0.12412575453778008,16430975.452705402,84089526828.82372,"[0.046875, 0.03125]",2,1721880.1384885088,0.046875,"[0.0, 0.015625, 0.03125, 0.046875, 0.0625, 0.078125, 0.09375, 0.109375, 0.125, 0.140625, 0.15625, 0.171875, 0.1875, 0.203125, 0.21875, 0.234375]","[154749.3857115653, 876106.9067082778, 1710291.3768915324, 1721880.1384885088, 1236443.3975593033, 1200279.6938555276, 1385236.6101427819, 1437054.047422281, 1048940.2936461223, 664501.8455342909, 393060.2971508254, 165807.08106897477, 58528.066628532644, 51528.956393907436, 141871.95181127606, 339557.73472453956]",3.0,0.3,flattop,64,32,145.15000000000003,15,21,449.52380952380946,37.99999999999997,1008.0,"[2, 5, 11, 17, 22, 25, 29, 38, 44, 52, 55, 60, 65, 74, 78, 84, 89, 95, 98, 101, 105]","[37.99999999999997, 368.0000000000001, 461.0, 192.99999999999966, 951.0000000000002, 153.9999999999999, 881.0000000000001, 243.0000000000001, 490.99999999999983, 186.00000000000045, 320.9999999999999, 942.9999999999997, 809.9999999999995, 204.99999999999991, 477.99999999999943, 275.99999999999966, 346.9999999999999, 78.99999999999989, 1008.0, 113.99999999999989, 893.0]","[1, 1, 1, 15, 1, 24, 27, 35, 35, 49, 35, 35, 63, 73, 73, 73, 35, 92, 35, 99, 99]","[3, 8, 18, 18, 35, 27, 35, 39, 49, 53, 56, 73, 73, 75, 81, 85, 92, 97, 106, 102, 106]",0.05,30,52684909.0,1016.0,-1016.0,DWT,uc1.l0082987033,0.0,0.0,5.684341886080802e-14,0.0,0.0,0.0,1.862645149230957e-09,0.0,1.0,84,0.0,3.637978807091713e-12,1.0,84,,0.0,0.0,1.0,84,0.0,0.0,0.0,6.103515625e-05,0.0,0.0,0.0,0.0,5.684341886080802e-14,1.8189894035458565e-12,1.8677123339979773e-13,0.0,0.0,0.0,2.842170943040401e-14,0.0,0.0,0.0,2.842170943040401e-14,2.842170943040401e-14,2.7755575615628914e-17,0.0,0.0,0.0,2.9103830456733704e-11,0.0,0.0,0.0,0.8982966021259473,0.2055814788156863,0.02633490365730541,0.8529806944346222,0.16785706347724738,0.0,0.0,0.0,722,1.0632712556768122,0.6011705263105405,209,0,0,0.0,0.0,433,0,0,0.4302101485021617,0.585163784988193,184,249.8226037277919,0.6772317781294679,387.0,287.4806081046853,0.5886158890647339,418,db,413.2962962962963,398.0,188.41229481502944,243,0.9143723369387087,0.671803462110104,0.15839832550987273,5,314.75
bior1.1,1,reflect,1.6411433055147366e-26,317.94355805645716,9460241.573880227,0.5462962962962963,328.1355888153859,108,raw,1.0709129056791693e-13,-1.216075018461999e-10,"[2, 5, 11, 17, 22, 25, 29, 38, 44, 52, 55, 60, 65, 74, 78, 84, 89, 95, 98, 101, 105]","[38.0, 367.99999999999994, 461.00000000000006, 193.0, 951.0000000000002, 154.0, 881.0000000000002, 243.00000000000006, 491.00000000000017, 186.0, 321.0000000000001, 943.0000000000001, 810.0000000000002, 205.00000000000006, 478.0, 276.0, 347.0, 78.99999999999989, 1008.0000000000001, 114.0, 893.0000000000002]",21,5.569087067021978,95467.34242112485,0.8379720908410171,4.36592371825129e-06,1.0,0.4907407407407407,67631.00000000003,0.1291094199047374,0.15147910127183992,188156.1212645156,82872438.25058065,8,12069.579557418136,0.027777777777777776,"[0.0, 0.009259259259259259, 0.018518518518518517, 0.027777777777777776, 0.037037037037037035, 0.046296296296296294, 0.05555555555555555, 0.06481481481481481, 0.07407407407407407, 0.08333333333333333, 0.09259259259259259, 0.10185185185185185, 0.1111111111111111, 0.12037037037037036, 0.12962962962962962, 0.1388888888888889, 0.14814814814814814, 0.15740740740740738, 0.16666666666666666, 0.17592592592592593, 0.18518518518518517, 0.19444444444444442, 0.2037037037037037, 0.21296296296296297, 0.2222222222222222, 0.23148148148148145, 0.24074074074074073]","[67631.00000000003, 1786.6346316370007, 1155.9831840869397, 12069.579557418136, 1906.5778542068429, 950.5914327636018, 9083.87719738518, 2481.2296367744843, 778.6316126029438, 8965.162396385995, 2042.6423114779186, 1606.7171021541496, 6927.939836298325, 1790.9411989177936, 2115.064375989648, 4469.146453396728, 811.312481865886, 852.4454942250575, 2613.518509595831, 1125.8336361545946, 622.5282936168368, 1595.9028958466956, 1672.0836322356424, 807.7671822537576, 3024.63443941176, 842.7313814743655, 842.8235732269204]",3.0,0.3,145.15000000000003,15,0.5,1721880.1384885092,0.14445541615564297,0.1241257545377801,16430975.452705404,84089526828.82372,"[0.046875, 0.03125]",2,1721880.1384885092,0.046875,"[0.0, 0.015625, 0.03125, 0.046875, 0.0625, 0.078125, 0.09375, 0.109375, 0.125, 0.140625, 0.15625, 0.171875, 0.1875, 0.203125, 0.21875, 0.234375]","[154749.38571156512, 876106.9067082775, 1710291.3768915324, 1721880.1384885092, 1236443.3975593026, 1200279.6938555276, 1385236.610142782, 1437054.0474222815, 1048940.2936461228, 664501.8455342911, 393060.2971508255, 165807.0810689747, 58528.06662853267, 51528.95639390755, 141871.9518112762, 339557.73472454]",3.0,0.3,flattop,64,32,145.15000000000003,15,21,449.52380952380963,38.0,1008.0000000000001,"[2, 5, 11, 17, 22, 25, 29, 38, 44, 52, 55, 60, 65, 74, 78, 84, 89, 95, 98, 101, 105]","[38.0, 367.99999999999994, 461.00000000000006, 193.0, 951.0000000000002, 154.0, 881.0000000000002, 243.00000000000006, 491.00000000000017, 186.0, 321.0000000000001, 943.0000000000001, 810.0000000000002, 205.00000000000006, 478.0, 276.0, 347.0, 78.99999999999989, 1008.0000000000001, 114.0, 893.0000000000002]","[1, 1, 1, 15, 1, 24, 27, 35, 35, 49, 35, 35, 63, 73, 73, 73, 35, 92, 35, 99, 99]","[3, 8, 18, 18, 35, 27, 35, 39, 49, 53, 56, 73, 73, 75, 81, 85, 92, 97, 106, 102, 106]",0.05,30,52684909.00000001,1016.0000000000001,-1016.0000000000001,DWT,uc1.l0082987033,4.656612873077393e-10,0.0,1.1368683772161603e-13,8.940696716308594e-08,0.0,1.1368683772161603e-13,3.725290298461914e-09,1.1368683772161603e-13,1.0,84,0.0,5.4569682106375694e-12,1.0,84,,0.0,0.0,1.0,84,0.0,0.0,7.450580596923828e-09,6.103515625e-05,2.9103830456733704e-11,0.0,0.0,0.0,1.1368683772161603e-13,1.8189894035458565e-12,8.391171355643087e-14,0.0,1.1368683772161603e-13,0.0,2.842170943040401e-14,0.0,0.0,0.0,2.842170943040401e-14,0.0,5.551115123125783e-17,4.656612873077393e-10,0.0,2.7755575615628914e-17,5.820766091346741e-11,0.0,0.0,5.551115123125783e-17,0.9232886349406415,0.1599122031054272,0.03217061617572511,0.31005586592178774,0.019898032618189163,3.135877575339459e-05,1.5679387876697293e-05,3.135877575339459e-05,302,0.7819961500209518,0.44213838620293305,599,0,0,3.135877575339459e-05,3.135877575339459e-05,311,0,0,0.2890650705523542,0.393180893991497,627,177.36473719429125,0.7708465927722336,459.75,408.53687747948334,0.5884271723551091,419,bior,385.74074074074076,410.0,199.97417605530825,135,0.8534087184529663,0.7130285416801533,0.18870533457887761,4,315.25
bior2.4,1,reflect,1.0574826519840481e-26,319.85229059682814,9978466.395617535,0.5431034482758621,311.95977541906035,108,raw,6.812657434070217e-14,-1.166933216723016e-10,"[2, 5, 11, 17, 22, 25, 29, 38, 44, 52, 55, 60, 65, 74, 78, 84, 89, 95, 98, 101, 105]","[38.000000000000085, 368.0, 460.9999999999999, 193.0000000000001, 951.0, 154.0000000000001, 881.0000000000001, 242.99999999999997, 491.0, 186.0, 321.0, 943.0000000000001, 810.0, 205.00000000000006, 477.99999999999994, 276.0000000000001, 347.0000000000001, 79.00000000000011, 1008.0000000000001, 114.00000000000011, 893.0000000000002]",21,5.623388417596565,106574.02362735488,0.8425050635981843,4.36592371825129e-06,1.0,0.4907407407407407,67631.0,0.1291094199047374,0.15147910127183992,188156.12126451556,82872438.25058056,8,12069.579557418134,0.027777777777777776,"[0.0, 0.009259259259259259, 0.018518518518518517, 0.027777777777777776, 0.037037037037037035, 0.046296296296296294, 0.05555555555555555, 0.06481481481481481, 0.07407407407407407, 0.08333333333333333, 0.09259259259259259, 0.10185185185185185, 0.1111111111111111, 0.12037037037037036, 0.12962962962962962, 0.1388888888888889, 0.14814814814814814, 0.15740740740740738, 0.16666666666666666, 0.17592592592592593, 0.18518518518518517, 0.19444444444444442, 0.2037037037037037, 0.21296296296296297, 0.2222222222222222, 0.23148148148148145, 0.24074074074074073]","[67631.0, 1786.6346316370025, 1155.9831840869408, 12069.579557418134, 1906.5778542068433, 950.5914327636004, 9083.877197385176, 2481.229636774484, 778.6316126029459, 8965.162396385991, 2042.6423114779166, 1606.7171021541499, 6927.939836298322, 1790.9411989177931, 2115.0643759896475, 4469.146453396725, 811.3124818658853, 852.4454942250564, 2613.5185095958273, 1125.8336361545944, 622.5282936168377, 1595.9028958466972, 1672.0836322356438, 807.767182253757, 3024.63443941176, 842.7313814743649, 842.82357322692]",3.0,0.3,145.14999999999998,15,0.5,1721880.1384885088,0.14445541615564295,0.12412575453778009,16430975.452705404,84089526828.82368,"[0.046875, 0.03125]",2,1721880.1384885088,0.046875,"[0.0, 0.015625, 0.03125, 0.046875, 0.0625, 0.078125, 0.09375, 0.109375, 0.125, 0.140625, 0.15625, 0.171875, 0.1875, 0.203125, 0.21875, 0.234375]","[154749.38571156544, 876106.9067082778, 1710291.3768915324, 1721880.1384885088, 1236443.3975593022, 1200279.693855527, 1385236.6101427816, 1437054.047422281, 1048940.2936461223, 664501.8455342909, 393060.29715082527, 165807.08106897457, 58528.066628532644, 51528.95639390756, 141871.95181127623, 339557.73472454]",3.0,0.3,flattop,64,32,145.14999999999998,15,21,449.5238095238095,38.000000000000085,1008.0000000000001,"[2, 5, 11, 17, 22, 25, 29, 38, 44, 52, 55, 60, 65, 74, 78, 84, 89, 95, 98, 101, 105]","[38.000000000000085, 368.0, 460.9999999999999, 193.0000000000001, 951.0, 154.0000000000001, 881.0000000000001, 242.99999999999997, 491.0, 186.0, 321.0, 943.0000000000001, 810.0, 205.00000000000006, 477.99999999999994, 276.0000000000001, 347.0000000000001, 79.00000000000011, 1008.0000000000001, 114.00000000000011, 893.0000000000002]","[1, 1, 1, 15, 1, 24, 27, 35, 35, 49, 35, 35, 63, 73, 73, 73, 35, 92, 35, 99, 99]","[3, 8, 18, 18, 35, 27, 35, 39, 49, 53, 56, 73, 73, 75, 81, 85, 92, 97, 106, 102, 106]",0.05,30,52684909.0,1016.0000000000001,-1016.0000000000001,DWT,uc1.l0082987033,0.0,0.0,0.0,0.0,0.0,1.1368683772161603e-13,3.725290298461914e-09,1.1368683772161603e-13,1.0,84,0.0,3.637978807091713e-12,1.0,84,,0.0,0.0,1.0,84,0.0,0.0,0.0,3.0517578125e-05,0.0,0.0,0.0,0.0,0.0,0.0,7.579122514774403e-14,0.0,1.1368683772161603e-13,0.0,2.842170943040401e-14,0.0,0.0,0.0,2.842170943040401e-14,8.526512829121202e-14,5.551115123125783e-17,0.0,0.0,1.3877787807814457e-17,2.9103830456733704e-11,0.0,0.0,2.7755575615628914e-17,0.9428849658300067,0.22949088425195324,0.08244027202550086,0.27441726064342187,0.04996273680663149,0.0,0.0,0.0,461,0.8514485566167524,0.48140657821302735,517,0,0,0.0,0.0,667,0,0,0.3158392239115029,0.42959859583800536,556,87.05314468759873,0.8875282368377277,550.25,540.449620872887,0.5883054620881145,420,bior,385.74074074074076,410.0,199.97417605530825,135,0.8534087184529663,0.7130285416801533,0.18870533457887761,4,316.0
rbio1.1,1,smooth,1.6411433055147366e-26,317.94355805645716,9460241.573880227,0.5462962962962963,328.1355888153859,108,raw,1.0709129056791693e-13,-1.216075018461999e-10,"[2, 5, 11, 17, 22, 25, 29, 38, 44, 52, 55, 60, 65, 74, 78, 84, 89, 95, 98, 101, 105]","[38.0, 367.99999999999994, 461.00000000000006, 193.0, 951.0000000000002, 154.0, 881.0000000000002, 243.00000000000006, 491.00000000000017, 186.0, 321.0000000000001, 943.0000000000001, 810.0000000000002, 205.00000000000006, 478.0, 276.0, 347.0, 78.99999999999989, 1008.0000000000001, 114.0, 893.0000000000002]",21,5.569087067021978,95467.34242112485,0.8379720908410171,4.36592371825129e-06,1.0,0.4907407407407407,67631.00000000003,0.1291094199047374,0.15147910127183992,188156.1212645156,82872438.25058065,8,12069.579557418136,0.027777777777777776,"[0.0, 0.009259259259259259, 0.018518518518518517, 0.027777777777777776, 0.037037037037037035, 0.046296296296296294, 0.05555555555555555, 0.06481481481481481, 0.07407407407407407, 0.08333333333333333, 0.09259259259259259, 0.10185185185185185, 0.1111111111111111, 0.12037037037037036, 0.12962962962962962, 0.1388888888888889, 0.14814814814814814, 0.15740740740740738, 0.16666666666666666, 0.17592592592592593, 0.18518518518518517, 0.19444444444444442, 0.2037037037037037, 0.21296296296296297, 0.2222222222222222, 0.23148148148148145, 0.24074074074074073]","[67631.00000000003, 1786.6346316370007, 1155.9831840869397, 12069.579557418136, 1906.5778542068429, 950.5914327636018, 9083.87719738518, 2481.2296367744843, 778.6316126029438, 8965.162396385995, 2042.6423114779186, 1606.7171021541496, 6927.939836298325, 1790.9411989177936, 2115.064375989648, 4469.146453396728, 811.312481865886, 852.4454942250575, 2613.518509595831, 1125.8336361545946, 622.5282936168368, 1595.9028958466956, 1672.0836322356424, 807.7671822537576, 3024.63443941176, 842.7313814743655, 842.8235732269204]",3.0,0.3,145.15000000000003,15,0.5,1721880.1384885092,0.14445541615564297,0.1241257545377801,16430975.452705404,84089526828.82372,"[0.046875, 0.03125]",2,1721880.1384885092,0.046875,"[0.0, 0.015625, 0.03125, 0.046875, 0.0625, 0.078125, 0.09375, 0.109375, 0.125, 0.140625, 0.15625, 0.171875, 0.1875, 0.203125, 0.21875, 0.234375]","[154749.38571156512, 876106.9067082775, 1710291.3768915324, 1721880.1384885092, 1236443.3975593026, 1200279.6938555276, 1385236.610142782, 1437054.0474222815, 1048940.2936461228, 664501.8455342911, 393060.2971508255, 165807.0810689747, 58528.06662853267, 51528.95639390755, 141871.9518112762, 339557.73472454]",3.0,0.3,flattop,64,32,145.15000000000003,15,21,449.52380952380963,38.0,1008.0000000000001,"[2, 5, 11, 17, 22, 25, 29, 38, 44, 52, 55, 60, 65, 74, 78, 84, 89, 95, 98, 101, 105]","[38.0, 367.99999999999994, 461.00000000000006, 193.0, 951.0000000000002, 154.0, 881.0000000000002, 243.00000000000006, 491.00000000000017, 186.0, 321.0000000000001, 943.0000000000001, 810.0000000000002, 205.00000000000006, 478.0, 276.0, 347.0, 78.99999999999989, 1008.0000000000001, 114.0, 893.0000000000002]","[1, 1, 1, 15, 1, 24, 27, 35, 35, 49, 35, 35, 63, 73, 73, 73, 35, 92, 35, 99, 99]","[3, 8, 18, 18, 35, 27, 35, 39, 49, 53, 56, 73, 73, 75, 81, 85, 92, 97, 106, 102, 106]",0.05,30,52684909.00000001,1016.0000000000001,-1016.0000000000001,DWT,uc1.l0082987033,4.656612873077393e-10,0.0,1.1368683772161603e-13,8.940696716308594e-08,0.0,1.1368683772161603e-13,3.725290298461914e-09,1.1368683772161603e-13,1.0,84,0.0,5.4569682106375694e-12,1.0,84,,0.0,0.0,1.0,84,0.0,0.0,7.450580596923828e-09,6.103515625e-05,2.9103830456733704e-11,0.0,0.0,0.0,1.1368683772161603e-13,1.8189894035458565e-12,8.391171355643087e-14,0.0,1.1368683772161603e-13,0.0,2.842170943040401e-14,0.0,0.0,0.0,2.842170943040401e-14,0.0,5.551115123125783e-17,4.656612873077393e-10,0.0,2.7755575615628914e-17,5.820766091346741e-11,0.0,0.0,5.551115123125783e-17,0.9232886349406415,0.1599122031054272,0.03217061617572511,0.31005586592178774,0.019898032618189163,3.135877575339459e-05,1.5679387876697293e-05,3.135877575339459e-05,291,0.7819961500209518,0.44213838620293305,583,0,0,3.135877575339459e-05,3.135877575339459e-05,294,0,0,0.2890650705523542,0.393180893991497,641,185.98095780661703,0.7597145247976524,452.25,395.52601031246445,0.5877060996081285,421,rbio,366.5925925925926,360.0,210.3588723315502,135,0.8110455588331695,0.7500562468954116,0.20725123474815782,3,316.5
bior2.2,1,periodization,3.1703370226039142e-27,325.0839687884529,9492136.76398594,0.5555555555555556,368.7594037246389,108,raw,3.04530063717552e-14,-1.1147249789900181e-10,"[2, 5, 11, 17, 22, 25, 29, 38, 44, 52, 55, 60, 65, 74, 78, 84, 89, 95, 98, 101, 105]","[38.00000000000003, 367.9999999999998, 461.0, 193.0, 951.0, 153.9999999999999, 881.0, 243.00000000000006, 491.0, 186.0000000000001, 321.0, 942.9999999999999, 810.0, 205.00000000000006, 478.00000000000006, 276.0, 347.0, 78.99999999999989, 1008.0000000000001, 114.00000000000011, 893.0000000000001]",21,5.565472862015145,96794.3846664952,0.8307284697956949,4.365923718251291e-06,1.0,0.4907407407407407,67631.0,0.1291094199047374,0.15147910127183992,188156.12126451553,82872438.25058056,8,12069.57955741813,0.027777777777777776,"[0.0, 0.009259259259259259, 0.018518518518518517, 0.027777777777777776, 0.037037037037037035, 0.046296296296296294, 0.05555555555555555, 0.06481481481481481, 0.07407407407407407, 0.08333333333333333, 0.09259259259259259, 0.10185185185185185, 0.1111111111111111, 0.12037037037037036, 0.12962962962962962, 0.1388888888888889, 0.14814814814814814, 0.15740740740740738, 0.16666666666666666, 0.17592592592592593, 0.18518518518518517, 0.19444444444444442, 0.2037037037037037, 0.21296296296296297, 0.2222222222222222, 0.23148148148148145, 0.24074074074074073]","[67631.0, 1786.6346316370018, 1155.9831840869388, 12069.57955741813, 1906.5778542068429, 950.591432763601, 9083.877197385176, 2481.229636774484, 778.6316126029453, 8965.162396385991, 2042.642311477918, 1606.717102154149, 6927.939836298323, 1790.9411989177934, 2115.064375989648, 4469.146453396725, 811.3124818658861, 852.4454942250583, 2613.518509595828, 1125.8336361545937, 622.5282936168381, 1595.902895846698, 1672.0836322356424, 807.7671822537568, 3024.634439411759, 842.7313814743654, 842.82357322692]",3.0,0.3,145.14999999999998,15,0.5,1721880.1384885088,0.14445541615564295,0.12412575453778008,16430975.4527054,84089526828.82368,"[0.046875, 0.03125]",2,1721880.1384885088,0.046875,"[0.0, 0.015625, 0.03125, 0.046875, 0.0625, 0.078125, 0.09375, 0.109375, 0.125, 0.140625, 0.15625, 0.171875, 0.1875, 0.203125, 0.21875, 0.234375]","[154749.38571156556, 876106.906708278, 1710291.3768915324, 1721880.1384885088, 1236443.3975593026, 1200279.6938555269, 1385236.6101427814, 1437054.047422281, 1048940.2936461219, 664501.8455342907, 393060.2971508252, 165807.08106897445, 58528.06662853257, 51528.956393907494, 141871.95181127614, 339557.7347245399]",3.0,0.3,flattop,64,32,145.14999999999998,15,21,449.5238095238095,38.00000000000003,1008.0000000000001,"[2, 5, 11, 17, 22, 25, 29, 38, 44, 52, 55, 60, 65, 74, 78, 84, 89, 95, 98, 101, 105]","[38.00000000000003, 367.9999999999998, 461.0, 193.0, 951.0, 153.9999999999999, 881.0, 243.00000000000006, 491.0, 186.0000000000001, 321.0, 942.9999999999999, 810.0, 205.00000000000006, 478.00000000000006, 276.0, 347.0, 78.99999999999989, 1008.0000000000001, 114.00000000000011, 893.0000000000001]","[1, 1, 1, 15, 1, 24, 27, 35, 35, 49, 35, 35, 63, 73, 73, 73, 35, 92, 35, 99, 99]","[3, 8, 18, 18, 35, 27, 35, 39, 49, 53, 56, 73, 73, 75, 81, 85, 92, 97, 106, 102, 106]",0.05,30,52684909.0,1016.0000000000001,-1016.0000000000001,DWT,uc1.l0082987033,0.0,0.0,0.0,0.0,0.0,1.1368683772161603e-13,0.0,1.1368683772161603e-13,1.0,84,0.0,0.0,1.0,84,,0.0,0.0,1.0,84,0.0,0.0,0.0,3.0517578125e-05,0.0,0.0,0.0,0.0,0.0,0.0,5.819683359558915e-14,0.0,1.1368683772161603e-13,0.0,2.842170943040401e-14,0.0,0.0,0.0,2.842170943040401e-14,2.842170943040401e-14,5.551115123125783e-17,0.0,0.0,0.0,0.0,0.0,0.0,2.7755575615628914e-17,0.996596889727856,0.1552811651089934,0.03526456336355409,0.41340782122905073,0.02349020671698715,0.0,0.0,0.0,524,0.8679902092514024,0.49075918129274543,505,0,0,0.0,0.0,677,0,0,0.32480812922928826,0.44179793283930263,531,79.26485139496994,0.8975906312726487,559.25,551.8048907950197,0.5875227058172029,422,bior,385.74074074074076,410.0,199.97417605530825,135,0.8534087184529663,0.7130285416801533,0.18870533457887761,4,317.5
db1,1,reflect,1.6411433055147366e-26,317.94355805645716,9460241.573880227,0.5462962962962963,328.1355888153859,108,raw,1.0709129056791693e-13,-1.216075018461999e-10,"[2, 5, 11, 17, 22, 25, 29, 38, 44, 52, 55, 60, 65, 74, 78, 84, 89, 95, 98, 101, 105]","[38.0, 367.99999999999994, 461.00000000000006, 193.0, 951.0000000000002, 154.0, 881.0000000000002, 243.00000000000006, 491.00000000000017, 186.0, 321.0000000000001, 943.0000000000001, 810.0000000000002, 205.00000000000006, 478.0, 276.0, 347.0, 78.99999999999989, 1008.0000000000001, 114.0, 893.0000000000002]",21,5.569087067021978,95467.34242112485,0.8379720908410171,4.36592371825129e-06,1.0,0.4907407407407407,67631.00000000003,0.1291094199047374,0.15147910127183992,188156.1212645156,82872438.25058065,8,12069.579557418136,0.027777777777777776,"[0.0, 0.009259259259259259, 0.018518518518518517, 0.027777777777777776, 0.037037037037037035, 0.046296296296296294, 0.05555555555555555, 0.06481481481481481, 0.07407407407407407, 0.08333333333333333, 0.09259259259259259, 0.10185185185185185, 0.1111111111111111, 0.12037037037037036, 0.12962962962962962, 0.1388888888888889, 0.14814814814814814, 0.15740740740740738, 0.16666666666666666, 0.17592592592592593, 0.18518518518518517, 0.19444444444444442, 0.2037037037037037, 0.21296296296296297, 0.2222222222222222, 0.23148148148148145, 0.24074074074074073]","[67631.00000000003, 1786.6346316370007, 1155.9831840869397, 12069.579557418136, 1906.5778542068429, 950.5914327636018, 9083.87719738518, 2481.2296367744843, 778.6316126029438, 8965.162396385995, 2042.6423114779186, 1606.7171021541496, 6927.939836298325, 1790.9411989177936, 2115.064375989648, 4469.146453396728, 811.312481865886, 852.4454942250575, 2613.518509595831, 1125.8336361545946, 622.5282936168368, 1595.9028958466956, 1672.0836322356424, 807.7671822537576, 3024.63443941176, 842.7313814743655, 842.8235732269204]",3.0,0.3,145.15000000000003,15,0.5,1721880.1384885092,0.14445541615564297,0.1241257545377801,16430975.452705404,84089526828.82372,"[0.046875, 0.03125]",2,1721880.1384885092,0.046875,"[0.0, 0.015625, 0.03125, 0.046875, 0.0625, 0.078125, 0.09375, 0.109375, 0.125, 0.140625, 0.15625, 0.171875, 0.1875, 0.203125, 0.21875, 0.234375]","[154749.38571156512, 876106.9067082775, 1710291.3768915324, 1721880.1384885092, 1236443.3975593026, 1200279.6938555276, 1385236.610142782, 1437054.0474222815, 1048940.2936461228, 664501.8455342911, 393060.2971508255, 165807.0810689747, 58528.06662853267, 51528.95639390755, 141871.9518112762, 339557.73472454]",3.0,0.3,flattop,64,32,145.15000000000003,15,21,449.52380952380963,38.0,1008.0000000000001,"[2, 5, 11, 17, 22, 25, 29, 38, 44, 52, 55, 60, 65, 74, 78, 84, 89, 95, 98, 101, 105]","[38.0, 367.99999999999994, 461.00000000000006, 193.0, 951.0000000000002, 154.0, 881.0000000000002, 243.00000000000006, 491.00000000000017, 186.0, 321.0000000000001, 943.0000000000001, 810.0000000000002, 205.00000000000006, 478.0, 276.0, 347.0, 78.99999999999989, 1008.0000000000001, 114.0, 893.0000000000002]","[1, 1, 1, 15, 1, 24, 27, 35, 35, 49, 35, 35, 63, 73, 73, 73, 35, 92, 35, 99, 99]","[3, 8, 18, 18, 35, 27, 35, 39, 49, 53, 56, 73, 73, 75, 81, 85, 92, 97, 106, 102, 106]",0.05,30,52684909.00000001,1016.0000000000001,-1016.0000000000001,DWT,uc1.l0082987033,4.656612873077393e-10,0.0,1.1368683772161603e-13,8.940696716308594e-08,0.0,1.1368683772161603e-13,3.725290298461914e-09,1.1368683772161603e-13,1.0,84,0.0,5.4569682106375694e-12,1.0,84,,0.0,0.0,1.0,84,0.0,0.0,7.450580596923828e-09,6.103515625e-05,2.9103830456733704e-11,0.0,0.0,0.0,1.1368683772161603e-13,1.8189894035458565e-12,8.391171355643087e-14,0.0,1.1368683772161603e-13,0.0,2.842170943040401e-14,0.0,0.0,0.0,2.842170943040401e-14,0.0,5.551115123125783e-17,4.656612873077393e-10,0.0,2.7755575615628914e-17,5.820766091346741e-11,0.0,0.0,5.551115123125783e-17,0.9232886349406415,0.1599122031054272,0.03217061617572511,0.31005586592178774,0.019898032618189163,3.135877575339459e-05,1.5679387876697293e-05,3.135877575339459e-05,320,0.7819961500209518,0.44213838620293305,596,0,0,3.135877575339459e-05,3.135877575339459e-05,307,0,0,0.2890650705523542,0.393180893991497,633,174.51838489588044,0.7745240505221183,464.0,414.9394737512956,0.5875204231938757,423,db,413.2962962962963,398.0,188.41229481502944,243,0.9143723369387087,0.671803462110104,0.15839832550987273,5,318.5
bior2.8,1,periodization,1.4205997092178645e-26,318.57030589741566,9602449.92760167,0.5648148148148148,385.2278918459439,108,raw,8.189333984605407e-14,-1.1668666033415387e-10,"[2, 5, 11, 17, 22, 25, 29, 38, 44, 52, 55, 60, 65, 74, 78, 84, 89, 95, 98, 101, 105]","[38.00000000000006, 368.0, 461.0000000000001, 193.0, 951.0, 154.0, 881.0000000000001, 243.00000000000009, 491.0, 186.0, 321.0, 943.0000000000002, 810.0, 205.00000000000009, 478.00000000000006, 276.0, 346.9999999999999, 79.0, 1008.0000000000001, 113.99999999999989, 893.0000000000002]",21,5.550370777537132,101136.30974449395,0.837995536429252,4.365923718251291e-06,1.0,0.4907407407407407,67631.0,0.12910941990473743,0.15147910127183992,188156.12126451556,82872438.25058056,8,12069.579557418134,0.027777777777777776,"[0.0, 0.009259259259259259, 0.018518518518518517, 0.027777777777777776, 0.037037037037037035, 0.046296296296296294, 0.05555555555555555, 0.06481481481481481, 0.07407407407407407, 0.08333333333333333, 0.09259259259259259, 0.10185185185185185, 0.1111111111111111, 0.12037037037037036, 0.12962962962962962, 0.1388888888888889, 0.14814814814814814, 0.15740740740740738, 0.16666666666666666, 0.17592592592592593, 0.18518518518518517, 0.19444444444444442, 0.2037037037037037, 0.21296296296296297, 0.2222222222222222, 0.23148148148148145, 0.24074074074074073]","[67631.0, 1786.6346316370007, 1155.9831840869374, 12069.579557418134, 1906.5778542068438, 950.5914327635984, 9083.877197385178, 2481.229636774485, 778.6316126029452, 8965.162396385987, 2042.6423114779166, 1606.71710215415, 6927.939836298324, 1790.9411989177922, 2115.0643759896484, 4469.1464533967255, 811.3124818658872, 852.4454942250582, 2613.518509595828, 1125.8336361545953, 622.5282936168386, 1595.9028958466974, 1672.0836322356424, 807.7671822537559, 3024.6344394117596, 842.7313814743646, 842.8235732269194]",3.0,0.3,145.14999999999998,15,0.5,1721880.1384885092,0.14445541615564295,0.1241257545377801,16430975.452705406,84089526828.8237,"[0.046875, 0.03125]",2,1721880.1384885092,0.046875,"[0.0, 0.015625, 0.03125, 0.046875, 0.0625, 0.078125, 0.09375, 0.109375, 0.125, 0.140625, 0.15625, 0.171875, 0.1875, 0.203125, 0.21875, 0.234375]","[154749.38571156556, 876106.9067082781, 1710291.3768915334, 1721880.1384885092, 1236443.3975593022, 1200279.6938555264, 1385236.6101427814, 1437054.047422281, 1048940.293646123, 664501.8455342912, 393060.2971508254, 165807.08106897463, 58528.06662853259, 51528.95639390745, 141871.9518112761, 339557.73472454003]",3.0,0.3,flattop,64,32,145.14999999999998,15,21,449.52380952380963,38.00000000000006,1008.0000000000001,"[2, 5, 11, 17, 22, 25, 29, 38, 44, 52, 55, 60, 65, 74, 78, 84, 89, 95, 98, 101, 105]","[38.00000000000006, 368.0, 461.0000000000001, 193.0, 951.0, 154.0, 881.0000000000001, 243.00000000000009, 491.0, 186.0, 321.0, 943.0000000000002, 810.0, 205.00000000000009, 478.00000000000006, 276.0, 346.9999999999999, 79.0, 1008.0000000000001, 113.99999999999989, 893.0000000000002]","[1, 1, 1, 15, 1, 24, 27, 35, 35, 49, 35, 35, 63, 73, 73, 73, 35, 92, 35, 99, 99]","[3, 8, 18, 18, 35, 27, 35, 39, 49, 53, 56, 73, 73, 75, 81, 85, 92, 97, 106, 102, 106]",0.05,30,52684909.0,1016.0000000000001,-1016.0000000000001,DWT,uc1.l0082987033,4.656612873077393e-10,0.0,1.1368683772161603e-13,0.0,0.0,1.1368683772161603e-13,5.587935447692871e-09,1.1368683772161603e-13,1.0,84,0.0,3.637978807091713e-12,1.0,84,,0.0,0.0,1.0,84,0.0,0.0,0.0,4.57763671875e-05,0.0,0.0,0.0,0.0,1.1368683772161603e-13,1.8189894035458565e-12,6.225707779993261e-14,0.0,1.1368683772161603e-13,0.0,2.842170943040401e-14,0.0,0.0,0.0,2.842170943040401e-14,5.684341886080802e-14,2.7755575615628914e-17,4.656612873077393e-10,0.0,2.7755575615628914e-17,2.9103830456733704e-11,0.0,0.0,2.7755575615628914e-17,0.929723249437878,0.1359302077308655,0.04596533364327997,0.5167597765363124,0.035243374981615935,0.0,0.0,0.0,515,0.8695829809569708,0.49165972985870815,501,0,0,0.0,0.0,682,0,0,0.3327243884659904,0.45256548036003036,506,87.52523445650783,0.886918301735778,551.0,541.9822277936642,0.5875159984131086,424,bior,385.74074074074076,410.0,199.97417605530825,135,0.8534087184529663,0.7130285416801533,0.18870533457887761,4,319.0
db25,1,constant,3.5701507204657895e-26,314.5681576014407,9426423.789707623,0.6025641025641025,181.0689543892519,108,raw,1.393782208988679e-13,-1.1641621000535516e-10,"[2, 5, 11, 17, 22, 25, 29, 38, 44, 52, 55, 60, 65, 74, 78, 84, 89, 95, 98, 101, 105]","[38.0, 367.9999999999998, 460.99999999999994, 193.00000000000023, 951.0000000000001, 154.0, 881.0, 243.0, 491.00000000000006, 185.99999999999966, 321.0000000000002, 943.0, 810.0, 204.99999999999994, 477.9999999999999, 276.0, 347.0, 78.99999999999977, 1007.9999999999998, 114.0, 892.9999999999995]",21,5.598957517130315,138581.67134299345,0.91523933666681,4.3659237182512925e-06,1.0,0.4907407407407407,67631.0,0.12910941990473743,0.15147910127183992,188156.12126451553,82872438.25058056,8,12069.57955741813,0.027777777777777776,"[0.0, 0.009259259259259259, 0.018518518518518517, 0.027777777777777776, 0.037037037037037035, 0.046296296296296294, 0.05555555555555555, 0.06481481481481481, 0.07407407407407407, 0.08333333333333333, 0.09259259259259259, 0.10185185185185185, 0.1111111111111111, 0.12037037037037036, 0.12962962962962962, 0.1388888888888889, 0.14814814814814814, 0.15740740740740738, 0.16666666666666666, 0.17592592592592593, 0.18518518518518517, 0.19444444444444442, 0.2037037037037037, 0.21296296296296297, 0.2222222222222222, 0.23148148148148145, 0.24074074074074073]","[67631.0, 1786.6346316369984, 1155.983184086937, 12069.57955741813, 1906.5778542068415, 950.5914327636001, 9083.877197385178, 2481.2296367744852, 778.6316126029465, 8965.162396385995, 2042.6423114779175, 1606.7171021541499, 6927.939836298324, 1790.9411989177943, 2115.064375989647, 4469.1464533967255, 811.3124818658847, 852.4454942250587, 2613.518509595828, 1125.8336361545926, 622.528293616837, 1595.9028958466988, 1672.0836322356422, 807.7671822537578, 3024.6344394117596, 842.7313814743665, 842.8235732269212]",3.0,0.3,145.15,15,0.5,1721880.1384885088,0.14445541615564295,0.1241257545377801,16430975.452705404,84089526828.82375,"[0.046875, 0.03125]",2,1721880.1384885088,0.046875,"[0.0, 0.015625, 0.03125, 0.046875, 0.0625, 0.078125, 0.09375, 0.109375, 0.125, 0.140625, 0.15625, 0.171875, 0.1875, 0.203125, 0.21875, 0.234375]","[154749.38571156535, 876106.906708278, 1710291.3768915334, 1721880.1384885088, 1236443.397559303, 1200279.6938555276, 1385236.6101427823, 1437054.0474222812, 1048940.2936461226, 664501.845534291, 393060.2971508255, 165807.08106897474, 58528.06662853281, 51528.956393907545, 141871.95181127606, 339557.7347245398]",3.0,0.3,flattop,64,32,145.15,15,21,449.5238095238095,38.0,1007.9999999999998,"[2, 5, 11, 17, 22, 25, 29, 38, 44, 52, 55, 60, 65, 74, 78, 84, 89, 95, 98, 101, 105]","[38.0, 367.9999999999998, 460.99999999999994, 193.00000000000023, 951.0000000000001, 154.0, 881.0, 243.0, 491.00000000000006, 185.99999999999966, 321.0000000000002, 943.0, 810.0, 204.99999999999994, 477.9999999999999, 276.0, 347.0, 78.99999999999977, 1007.9999999999998, 114.0, 892.9999999999995]","[1, 1, 1, 15, 1, 24, 27, 35, 35, 49, 35, 35, 63, 73, 73, 73, 35, 92, 35, 99, 99]","[3, 8, 18, 18, 35, 27, 35, 39, 49, 53, 56, 73, 73, 75, 81, 85, 92, 97, 106, 102, 106]",0.05,30,52684909.0,1015.9999999999995,-1015.9999999999995,DWT,uc1.l0082987033,0.0,0.0,0.0,0.0,0.0,2.2737367544323206e-13,3.725290298461914e-09,4.547473508864641e-13,1.0,84,0.0,0.0,1.0,84,,0.0,0.0,1.0,84,0.0,0.0,0.0,9.1552734375e-05,0.0,0.0,0.0,0.0,0.0,0.0,1.1098000825205372e-13,0.0,4.547473508864641e-13,0.0,0.0,0.0,0.0,0.0,0.0,0.0,2.7755575615628914e-17,0.0,0.0,2.7755575615628914e-17,0.0,0.0,0.0,2.7755575615628914e-17,0.8886345056681556,0.1981865093943001,0.028890170506874965,0.9381177481736137,0.13660432149520305,0.0,0.0,0.0,730,1.0766078712190075,0.6087110105866808,191,0,0,0.0,0.0,421,0,0,0.4380866510476295,0.5958772562022546,173,259.96458092081184,0.6641284484227237,378.75,270.9823525538217,0.5873936815757029,425,db,413.2962962962963,398.0,188.41229481502944,243,0.9143723369387087,0.671803462110104,0.15839832550987273,5,320.0
db1,1,antisymmetric,1.6411433055147366e-26,317.94355805645716,9460241.573880227,0.5462962962962963,328.1355888153859,108,raw,1.0709129056791693e-13,-1.216075018461999e-10,"[2, 5, 11, 17, 22, 25, 29, 38, 44, 52, 55, 60, 65, 74, 78, 84, 89, 95, 98, 101, 105]","[38.0, 367.99999999999994, 461.00000000000006, 193.0, 951.0000000000002, 154.0, 881.0000000000002, 243.00000000000006, 491.00000000000017, 186.0, 321.0000000000001, 943.0000000000001, 810.0000000000002, 205.00000000000006, 478.0, 276.0, 347.0, 78.99999999999989, 1008.0000000000001, 114.0, 893.0000000000002]",21,5.569087067021978,95467.34242112485,0.8379720908410171,4.36592371825129e-06,1.0,0.4907407407407407,67631.00000000003,0.1291094199047374,0.15147910127183992,188156.1212645156,82872438.25058065,8,12069.579557418136,0.027777777777777776,"[0.0, 0.009259259259259259, 0.018518518518518517, 0.027777777777777776, 0.037037037037037035, 0.046296296296296294, 0.05555555555555555, 0.06481481481481481, 0.07407407407407407, 0.08333333333333333, 0.09259259259259259, 0.10185185185185185, 0.1111111111111111, 0.12037037037037036, 0.12962962962962962, 0.1388888888888889, 0.14814814814814814, 0.15740740740740738, 0.16666666666666666, 0.17592592592592593, 0.18518518518518517, 0.19444444444444442, 0.2037037037037037, 0.21296296296296297, 0.2222222222222222, 0.23148148148148145, 0.24074074074074073]","[67631.00000000003, 1786.6346316370007, 1155.9831840869397, 12069.579557418136, 1906.5778542068429, 950.5914327636018, 9083.87719738518, 2481.2296367744843, 778.6316126029438, 8965.162396385995, 2042.6423114779186, 1606.7171021541496, 6927.939836298325, 1790.9411989177936, 2115.064375989648, 4469.146453396728, 811.312481865886, 852.4454942250575, 2613.518509595831, 1125.8336361545946, 622.5282936168368, 1595.9028958466956, 1672.0836322356424, 807.7671822537576, 3024.63443941176, 842.7313814743655, 842.8235732269204]",3.0,0.3,145.15000000000003,15,0.5,1721880.1384885092,0.14445541615564297,0.1241257545377801,16430975.452705404,84089526828.82372,"[0.046875, 0.03125]",2,1721880.1384885092,0.046875,"[0.0, 0.015625, 0.03125, 0.046875, 0.0625, 0.078125, 0.09375, 0.109375, 0.125, 0.140625, 0.15625, 0.171875, 0.1875, 0.203125, 0.21875, 0.234375]","[154749.38571156512, 876106.9067082775, 1710291.3768915324, 1721880.1384885092, 1236443.3975593026, 1200279.6938555276, 1385236.610142782, 1437054.0474222815, 1048940.2936461228, 664501.8455342911, 393060.2971508255, 165807.0810689747, 58528.06662853267, 51528.95639390755, 141871.9518112762, 339557.73472454]",3.0,0.3,flattop,64,32,145.15000000000003,15,21,449.52380952380963,38.0,1008.0000000000001,"[2, 5, 11, 17, 22, 25, 29, 38, 44, 52, 55, 60, 65, 74, 78, 84, 89, 95, 98, 101, 105]","[38.0, 367.99999999999994, 461.00000000000006, 193.0, 951.0000000000002, 154.0, 881.0000000000002, 243.00000000000006, 491.00000000000017, 186.0, 321.0000000000001, 943.0000000000001, 810.0000000000002, 205.00000000000006, 478.0, 276.0, 347.0, 78.99999999999989, 1008.0000000000001, 114.0, 893.0000000000002]","[1, 1, 1, 15, 1, 24, 27, 35, 35, 49, 35, 35, 63, 73, 73, 73, 35, 92, 35, 99, 99]","[3, 8, 18, 18, 35, 27, 35, 39, 49, 53, 56, 73, 73, 75, 81, 85, 92, 97, 106, 102, 106]",0.05,30,52684909.00000001,1016.0000000000001,-1016.0000000000001,DWT,uc1.l0082987033,4.656612873077393e-10,0.0,1.1368683772161603e-13,8.940696716308594e-08,0.0,1.1368683772161603e-13,3.725290298461914e-09,1.1368683772161603e-13,1.0,84,0.0,5.4569682106375694e-12,1.0,84,,0.0,0.0,1.0,84,0.0,0.0,7.450580596923828e-09,6.103515625e-05,2.9103830456733704e-11,0.0,0.0,0.0,1.1368683772161603e-13,1.8189894035458565e-12,8.391171355643087e-14,0.0,1.1368683772161603e-13,0.0,2.842170943040401e-14,0.0,0.0,0.0,2.842170943040401e-14,0.0,5.551115123125783e-17,4.656612873077393e-10,0.0,2.7755575615628914e-17,5.820766091346741e-11,0.0,0.0,5.551115123125783e-17,0.9232886349406415,0.1599122031054272,0.03217061617572511,0.31005586592178774,0.019898032618189163,3.135877575339459e-05,1.5679387876697293e-05,3.135877575339459e-05,319,0.7819961500209518,0.44213838620293305,582,0,0,3.135877575339459e-05,3.135877575339459e-05,291,0,0,0.2890650705523542,0.393180893991497,644,179.97962847685477,0.7674681802624616,459.0,406.4119431598591,0.587222462224254,426,db,413.2962962962963,398.0,188.41229481502944,243,0.9143723369387087,0.671803462110104,0.15839832550987273,5,320.75
db1,1,symmetric,1.6411433055147366e-26,317.94355805645716,9460241.573880227,0.5462962962962963,328.1355888153859,108,raw,1.0709129056791693e-13,-1.216075018461999e-10,"[2, 5, 11, 17, 22, 25, 29, 38, 44, 52, 55, 60, 65, 74, 78, 84, 89, 95, 98, 101, 105]","[38.0, 367.99999999999994, 461.00000000000006, 193.0, 951.0000000000002, 154.0, 881.0000000000002, 243.00000000000006, 491.00000000000017, 186.0, 321.0000000000001, 943.0000000000001, 810.0000000000002, 205.00000000000006, 478.0, 276.0, 347.0, 78.99999999999989, 1008.0000000000001, 114.0, 893.0000000000002]",21,5.569087067021978,95467.34242112485,0.8379720908410171,4.36592371825129e-06,1.0,0.4907407407407407,67631.00000000003,0.1291094199047374,0.15147910127183992,188156.1212645156,82872438.25058065,8,12069.579557418136,0.027777777777777776,"[0.0, 0.009259259259259259, 0.018518518518518517, 0.027777777777777776, 0.037037037037037035, 0.046296296296296294, 0.05555555555555555, 0.06481481481481481, 0.07407407407407407, 0.08333333333333333, 0.09259259259259259, 0.10185185185185185, 0.1111111111111111, 0.12037037037037036, 0.12962962962962962, 0.1388888888888889, 0.14814814814814814, 0.15740740740740738, 0.16666666666666666, 0.17592592592592593, 0.18518518518518517, 0.19444444444444442, 0.2037037037037037, 0.21296296296296297, 0.2222222222222222, 0.23148148148148145, 0.24074074074074073]","[67631.00000000003, 1786.6346316370007, 1155.9831840869397, 12069.579557418136, 1906.5778542068429, 950.5914327636018, 9083.87719738518, 2481.2296367744843, 778.6316126029438, 8965.162396385995, 2042.6423114779186, 1606.7171021541496, 6927.939836298325, 1790.9411989177936, 2115.064375989648, 4469.146453396728, 811.312481865886, 852.4454942250575, 2613.518509595831, 1125.8336361545946, 622.5282936168368, 1595.9028958466956, 1672.0836322356424, 807.7671822537576, 3024.63443941176, 842.7313814743655, 842.8235732269204]",3.0,0.3,145.15000000000003,15,0.5,1721880.1384885092,0.14445541615564297,0.1241257545377801,16430975.452705404,84089526828.82372,"[0.046875, 0.03125]",2,1721880.1384885092,0.046875,"[0.0, 0.015625, 0.03125, 0.046875, 0.0625, 0.078125, 0.09375, 0.109375, 0.125, 0.140625, 0.15625, 0.171875, 0.1875, 0.203125, 0.21875, 0.234375]","[154749.38571156512, 876106.9067082775, 1710291.3768915324, 1721880.1384885092, 1236443.3975593026, 1200279.6938555276, 1385236.610142782, 1437054.0474222815, 1048940.2936461228, 664501.8455342911, 393060.2971508255, 165807.0810689747, 58528.06662853267, 51528.95639390755, 141871.9518112762, 339557.73472454]",3.0,0.3,flattop,64,32,145.15000000000003,15,21,449.52380952380963,38.0,1008.0000000000001,"[2, 5, 11, 17, 22, 25, 29, 38, 44, 52, 55, 60, 65, 74, 78, 84, 89, 95, 98, 101, 105]","[38.0, 367.99999999999994, 461.00000000000006, 193.0, 951.0000000000002, 154.0, 881.0000000000002, 243.00000000000006, 491.00000000000017, 186.0, 321.0000000000001, 943.0000000000001, 810.0000000000002, 205.00000000000006, 478.0, 276.0, 347.0, 78.99999999999989, 1008.0000000000001, 114.0, 893.0000000000002]","[1, 1, 1, 15, 1, 24, 27, 35, 35, 49, 35, 35, 63, 73, 73, 73, 35, 92, 35, 99, 99]","[3, 8, 18, 18, 35, 27, 35, 39, 49, 53, 56, 73, 73, 75, 81, 85, 92, 97, 106, 102, 106]",0.05,30,52684909.00000001,1016.0000000000001,-1016.0000000000001,DWT,uc1.l0082987033,4.656612873077393e-10,0.0,1.1368683772161603e-13,8.940696716308594e-08,0.0,1.1368683772161603e-13,3.725290298461914e-09,1.1368683772161603e-13,1.0,84,0.0,5.4569682106375694e-12,1.0,84,,0.0,0.0,1.0,84,0.0,0.0,7.450580596923828e-09,6.103515625e-05,2.9103830456733704e-11,0.0,0.0,0.0,1.1368683772161603e-13,1.8189894035458565e-12,8.391171355643087e-14,0.0,1.1368683772161603e-13,0.0,2.842170943040401e-14,0.0,0.0,0.0,2.842170943040401e-14,0.0,5.551115123125783e-17,4.656612873077393e-10,0.0,2.7755575615628914e-17,5.820766091346741e-11,0.0,0.0,5.551115123125783e-17,0.9232886349406415,0.1599122031054272,0.03217061617572511,0.31005586592178774,0.019898032618189163,3.135877575339459e-05,1.5679387876697293e-05,3.135877575339459e-05,324,0.7819961500209518,0.44213838620293305,606,0,0,3.135877575339459e-05,3.135877575339459e-05,297,0,0,0.2890650705523542,0.393180893991497,624,176.30158819477492,0.7722201702909884,462.75,412.10975280849397,0.5871759766183624,427,db,413.2962962962963,398.0,188.41229481502944,243,0.9143723369387087,0.671803462110104,0.15839832550987273,5,321.5
db12,1,constant,2.3025768791790478e-26,316.47288171706884,9326462.65133532,0.5692307692307692,285.13810004353377,108,raw,1.0268329396644218e-13,-1.1729950344374696e-10,"[2, 5, 11, 17, 22, 25, 29, 38, 44, 52, 55, 60, 65, 74, 78, 84, 89, 95, 98, 101, 105]","[38.0, 367.99999999999994, 461.0000000000001, 192.99999999999955, 951.0000000000001, 153.9999999999999, 881.0, 243.0, 490.99999999999994, 186.0000000000001, 320.9999999999998, 943.0, 809.9999999999999, 204.99999999999997, 477.9999999999998, 275.9999999999999, 346.9999999999998, 79.0, 1008.0, 114.00000000000023, 892.9999999999995]",21,5.653555348507515,127149.08585589158,0.8647652808553112,4.365923718251291e-06,0.9999999999999998,0.4907407407407407,67631.0,0.1291094199047374,0.15147910127183992,188156.12126451553,82872438.25058056,8,12069.57955741813,0.027777777777777776,"[0.0, 0.009259259259259259, 0.018518518518518517, 0.027777777777777776, 0.037037037037037035, 0.046296296296296294, 0.05555555555555555, 0.06481481481481481, 0.07407407407407407, 0.08333333333333333, 0.09259259259259259, 0.10185185185185185, 0.1111111111111111, 0.12037037037037036, 0.12962962962962962, 0.1388888888888889, 0.14814814814814814, 0.15740740740740738, 0.16666666666666666, 0.17592592592592593, 0.18518518518518517, 0.19444444444444442, 0.2037037037037037, 0.21296296296296297, 0.2222222222222222, 0.23148148148148145, 0.24074074074074073]","[67631.0, 1786.634631637001, 1155.9831840869374, 12069.57955741813, 1906.5778542068415, 950.5914327635993, 9083.877197385178, 2481.2296367744834, 778.6316126029468, 8965.162396385991, 2042.6423114779175, 1606.7171021541508, 6927.939836298321, 1790.9411989177936, 2115.064375989648, 4469.146453396726, 811.3124818658844, 852.4454942250563, 2613.5185095958273, 1125.833636154594, 622.5282936168376, 1595.9028958466974, 1672.0836322356417, 807.7671822537567, 3024.6344394117605, 842.7313814743648, 842.8235732269201]",3.0,0.3,145.15000000000003,15,0.5,1721880.1384885088,0.14445541615564292,0.12412575453778008,16430975.452705404,84089526828.82373,"[0.046875, 0.03125]",2,1721880.1384885088,0.046875,"[0.0, 0.015625, 0.03125, 0.046875, 0.0625, 0.078125, 0.09375, 0.109375, 0.125, 0.140625, 0.15625, 0.171875, 0.1875, 0.203125, 0.21875, 0.234375]","[154749.3857115656, 876106.906708278, 1710291.376891533, 1721880.1384885088, 1236443.3975593029, 1200279.6938555273, 1385236.610142782, 1437054.0474222812, 1048940.2936461226, 664501.8455342908, 393060.29715082515, 165807.08106897445, 58528.066628532586, 51528.95639390756, 141871.95181127626, 339557.7347245399]",3.0,0.3,flattop,64,32,145.15000000000003,15,21,449.5238095238095,38.0,1008.0,"[2, 5, 11, 17, 22, 25, 29, 38, 44, 52, 55, 60, 65, 74, 78, 84, 89, 95, 98, 101, 105]","[38.0, 367.99999999999994, 461.0000000000001, 192.99999999999955, 951.0000000000001, 153.9999999999999, 881.0, 243.0, 490.99999999999994, 186.0000000000001, 320.9999999999998, 943.0, 809.9999999999999, 204.99999999999997, 477.9999999999998, 275.9999999999999, 346.9999999999998, 79.0, 1008.0, 114.00000000000023, 892.9999999999995]","[1, 1, 1, 15, 1, 24, 27, 35, 35, 49, 35, 35, 63, 73, 73, 73, 35, 92, 35, 99, 99]","[3, 8, 18, 18, 35, 27, 35, 39, 49, 53, 56, 73, 73, 75, 81, 85, 92, 97, 106, 102, 106]",0.05,30,52684909.0,1016.0,-1016.0,DWT,uc1.l0082987033,0.0,0.0,0.0,0.0,0.0,0.0,3.725290298461914e-09,0.0,1.0,84,0.0,0.0,1.0,84,,0.0,0.0,1.0,84,0.0,0.0,0.0,7.62939453125e-05,0.0,0.0,0.0,0.0,0.0,0.0,1.2586757033464628e-13,0.0,0.0,0.0,2.842170943040401e-14,0.0,0.0,0.0,2.842170943040401e-14,0.0,5.551115123125783e-17,0.0,0.0,0.0,0.0,0.0,0.0,0.0,0.90818968337553,0.26814508428219386,0.019193583594110785,0.5660507090674687,0.10565742616286952,0.0,0.0,0.0,600,0.9572663980556055,0.5412356830545267,363,0,0,0.0,0.0,637,0,0,0.3734472972964346,0.5079560181005228,356,150.32187687315067,0.805785688794379,489.0,454.52814734978654,0.5870013715289724,428,db,413.2962962962963,398.0,188.41229481502944,243,0.9143723369387087,0.671803462110104,0.15839832550987273,5,322.25
db4,1,symmetric,8.804184392466075e-27,320.6481318145881,9419151.341925738,0.543859649122807,391.9596690097506,108,raw,5.768225403496922e-14,-1.1503675789725839e-10,"[2, 5, 11, 17, 22, 25, 29, 38, 44, 52, 55, 60, 65, 74, 78, 84, 89, 95, 98, 101, 105]","[37.999999999999915, 367.9999999999998, 460.99999999999994, 193.00000000000023, 951.0, 153.9999999999999, 881.0000000000002, 243.00000000000003, 491.00000000000017, 185.9999999999999, 321.0, 943.0, 810.0, 205.00000000000006, 477.99999999999994, 276.0, 347.0000000000001, 79.0, 1008.0, 113.99999999999989, 893.0000000000001]",21,5.676147186117596,104826.99466136507,0.8059933051125653,4.365923718251291e-06,1.0,0.4907407407407407,67631.0,0.1291094199047374,0.15147910127183992,188156.12126451556,82872438.25058056,8,12069.579557418134,0.027777777777777776,"[0.0, 0.009259259259259259, 0.018518518518518517, 0.027777777777777776, 0.037037037037037035, 0.046296296296296294, 0.05555555555555555, 0.06481481481481481, 0.07407407407407407, 0.08333333333333333, 0.09259259259259259, 0.10185185185185185, 0.1111111111111111, 0.12037037037037036, 0.12962962962962962, 0.1388888888888889, 0.14814814814814814, 0.15740740740740738, 0.16666666666666666, 0.17592592592592593, 0.18518518518518517, 0.19444444444444442, 0.2037037037037037, 0.21296296296296297, 0.2222222222222222, 0.23148148148148145, 0.24074074074074073]","[67631.0, 1786.6346316370016, 1155.9831840869397, 12069.579557418134, 1906.5778542068435, 950.5914327636013, 9083.877197385176, 2481.2296367744843, 778.6316126029444, 8965.162396385993, 2042.6423114779172, 1606.7171021541494, 6927.939836298324, 1790.9411989177936, 2115.0643759896475, 4469.146453396725, 811.3124818658857, 852.4454942250567, 2613.518509595829, 1125.8336361545937, 622.5282936168371, 1595.9028958466963, 1672.0836322356422, 807.7671822537569, 3024.6344394117577, 842.7313814743652, 842.82357322692]",3.0,0.3,145.1500000000001,15,0.5,1721880.1384885088,0.14445541615564297,0.1241257545377801,16430975.452705402,84089526828.82368,"[0.046875, 0.03125]",2,1721880.1384885088,0.046875,"[0.0, 0.015625, 0.03125, 0.046875, 0.0625, 0.078125, 0.09375, 0.109375, 0.125, 0.140625, 0.15625, 0.171875, 0.1875, 0.203125, 0.21875, 0.234375]","[154749.3857115654, 876106.906708278, 1710291.376891533, 1721880.1384885088, 1236443.3975593026, 1200279.6938555269, 1385236.6101427814, 1437054.0474222808, 1048940.2936461223, 664501.8455342908, 393060.29715082515, 165807.08106897445, 58528.06662853262, 51528.95639390757, 141871.95181127632, 339557.73472453986]",3.0,0.3,flattop,64,32,145.1500000000001,15,21,449.5238095238095,37.999999999999915,1008.0,"[2, 5, 11, 17, 22, 25, 29, 38, 44, 52, 55, 60, 65, 74, 78, 84, 89, 95, 98, 101, 105]","[37.999999999999915, 367.9999999999998, 460.99999999999994, 193.00000000000023, 951.0, 153.9999999999999, 881.0000000000002, 243.00000000000003, 491.00000000000017, 185.9999999999999, 321.0, 943.0, 810.0, 205.00000000000006, 477.99999999999994, 276.0, 347.0000000000001, 79.0, 1008.0, 113.99999999999989, 893.0000000000001]","[1, 1, 1, 15, 1, 24, 27, 35, 35, 49, 35, 35, 63, 73, 73, 73, 35, 92, 35, 99, 99]","[3, 8, 18, 18, 35, 27, 35, 39, 49, 53, 56, 73, 73, 75, 81, 85, 92, 97, 106, 102, 106]",0.05,30,52684909.0,1016.0,-1016.0,DWT,uc1.l0082987033,0.0,0.0,0.0,0.0,0.0,0.0,1.862645149230957e-09,0.0,1.0,84,0.0,3.637978807091713e-12,1.0,84,,0.0,0.0,1.0,84,0.0,0.0,0.0,3.0517578125e-05,0.0,0.0,0.0,0.0,0.0,0.0,8.12048840868686e-14,0.0,0.0,0.0,8.526512829121202e-14,0.0,0.0,0.0,8.526512829121202e-14,8.526512829121202e-14,5.551115123125783e-17,0.0,0.0,2.7755575615628914e-17,2.9103830456733704e-11,0.0,0.0,5.551115123125783e-17,0.9510556065608388,0.2970929879522286,0.028184717136356674,0.2828579829461928,0.045233699563565405,0.0,0.0,0.0,536,0.8645088894846992,0.4887908530554961,508,0,0,0.0,0.0,675,0,0,0.32088499883183647,0.4364617643635755,540,74.86599138905908,0.9032739129340321,564.75,558.0739485693986,0.5868113750716673,429,db,413.2962962962963,398.0,188.41229481502944,243,0.9143723369387087,0.671803462110104,0.15839832550987273,5,323.0
bior2.8,1,reflect,1.380915623124663e-26,318.6933516810725,10645538.2766648,0.5564516129032258,367.44895808240494,108,raw,8.013343075516681e-14,-1.1657808052234553e-10,"[2, 5, 11, 17, 22, 25, 29, 38, 44, 52, 55, 60, 65, 74, 78, 84, 89, 95, 98, 101, 105]","[38.00000000000006, 368.0, 461.0000000000001, 193.0, 951.0, 154.0, 881.0, 243.00000000000003, 491.0, 186.0, 321.0, 943.0000000000002, 810.0, 205.00000000000006, 478.00000000000006, 276.0, 346.9999999999999, 79.0, 1008.0000000000001, 114.00000000000011, 892.9999999999999]",21,5.742854761579303,107117.45370268081,0.8224939851681096,4.365923718251291e-06,1.0,0.4907407407407407,67631.0,0.12910941990473737,0.15147910127183992,188156.12126451556,82872438.25058056,8,12069.579557418136,0.027777777777777776,"[0.0, 0.009259259259259259, 0.018518518518518517, 0.027777777777777776, 0.037037037037037035, 0.046296296296296294, 0.05555555555555555, 0.06481481481481481, 0.07407407407407407, 0.08333333333333333, 0.09259259259259259, 0.10185185185185185, 0.1111111111111111, 0.12037037037037036, 0.12962962962962962, 0.1388888888888889, 0.14814814814814814, 0.15740740740740738, 0.16666666666666666, 0.17592592592592593, 0.18518518518518517, 0.19444444444444442, 0.2037037037037037, 0.21296296296296297, 0.2222222222222222, 0.23148148148148145, 0.24074074074074073]","[67631.0, 1786.6346316370007, 1155.9831840869372, 12069.579557418136, 1906.5778542068435, 950.5914327635982, 9083.877197385178, 2481.2296367744843, 778.6316126029458, 8965.16239638599, 2042.642311477917, 1606.7171021541499, 6927.939836298325, 1790.9411989177918, 2115.0643759896484, 4469.1464533967255, 811.3124818658874, 852.4454942250574, 2613.518509595829, 1125.8336361545958, 622.5282936168384, 1595.9028958466959, 1672.0836322356427, 807.7671822537561, 3024.6344394117605, 842.7313814743643, 842.8235732269195]",3.0,0.3,145.14999999999998,15,0.5,1721880.1384885092,0.14445541615564295,0.12412575453778009,16430975.452705404,84089526828.82372,"[0.046875, 0.03125]",2,1721880.1384885092,0.046875,"[0.0, 0.015625, 0.03125, 0.046875, 0.0625, 0.078125, 0.09375, 0.109375, 0.125, 0.140625, 0.15625, 0.171875, 0.1875, 0.203125, 0.21875, 0.234375]","[154749.3857115655, 876106.9067082782, 1710291.3768915334, 1721880.1384885092, 1236443.3975593026, 1200279.6938555264, 1385236.6101427814, 1437054.047422281, 1048940.293646123, 664501.8455342911, 393060.29715082527, 165807.08106897463, 58528.0666285326, 51528.95639390746, 141871.9518112761, 339557.7347245399]",3.0,0.3,flattop,64,32,145.14999999999998,15,21,449.5238095238095,38.00000000000006,1008.0000000000001,"[2, 5, 11, 17, 22, 25, 29, 38, 44, 52, 55, 60, 65, 74, 78, 84, 89, 95, 98, 101, 105]","[38.00000000000006, 368.0, 461.0000000000001, 193.0, 951.0, 154.0, 881.0, 243.00000000000003, 491.0, 186.0, 321.0, 943.0000000000002, 810.0, 205.00000000000006, 478.00000000000006, 276.0, 346.9999999999999, 79.0, 1008.0000000000001, 114.00000000000011, 892.9999999999999]","[1, 1, 1, 15, 1, 24, 27, 35, 35, 49, 35, 35, 63, 73, 73, 73, 35, 92, 35, 99, 99]","[3, 8, 18, 18, 35, 27, 35, 39, 49, 53, 56, 73, 73, 75, 81, 85, 92, 97, 106, 102, 106]",0.05,30,52684909.0,1016.0000000000001,-1016.0000000000001,DWT,uc1.l0082987033,4.656612873077393e-10,0.0,0.0,0.0,0.0,1.1368683772161603e-13,3.725290298461914e-09,1.1368683772161603e-13,1.0,84,0.0,5.4569682106375694e-12,1.0,84,,0.0,0.0,1.0,84,0.0,0.0,0.0,6.103515625e-05,0.0,0.0,0.0,0.0,0.0,0.0,4.7369515717340033e-14,0.0,1.1368683772161603e-13,0.0,2.842170943040401e-14,0.0,0.0,0.0,2.842170943040401e-14,5.684341886080802e-14,8.326672684688674e-17,4.656612873077393e-10,0.0,1.3877787807814457e-17,2.9103830456733704e-11,0.0,0.0,2.7755575615628914e-17,0.9309865201371934,0.3825683043853362,0.14714862346048263,0.42340962335555915,0.05143374908819518,0.0,0.0,0.0,516,1.0133877249827272,0.5729665207555307,267,0,0,0.0,0.0,688,0,0,0.38710936408535335,0.5265389054191957,291,199.50689211152581,0.7422391574786489,440.5,378.3143647259274,0.5865588552251125,430,bior,385.74074074074076,410.0,199.97417605530825,135,0.8534087184529663,0.7130285416801533,0.18870533457887761,4,323.5
db5,1,periodic,7.509203478137016e-27,321.3390843854478,9917562.532864342,0.5431034482758621,435.91735970247396,108,raw,5.4236450721502975e-14,-1.1106504604896441e-10,"[2, 5, 11, 17, 22, 25, 29, 38, 44, 52, 55, 60, 65, 74, 78, 84, 89, 95, 98, 101, 105]","[38.00000000000006, 367.9999999999999, 461.00000000000006, 192.9999999999999, 951.0000000000001, 154.0, 880.9999999999998, 242.99999999999997, 491.0, 186.0000000000001, 321.0, 943.0, 810.0, 204.99999999999997, 478.0000000000001, 275.9999999999999, 346.9999999999999, 79.0, 1007.9999999999999, 113.99999999999977, 893.0000000000001]",21,5.721210385005451,99408.74456392245,0.7910902268707701,4.365923718251291e-06,1.0,0.4907407407407407,67631.0,0.1291094199047374,0.15147910127183992,188156.12126451553,82872438.25058056,8,12069.57955741813,0.027777777777777776,"[0.0, 0.009259259259259259, 0.018518518518518517, 0.027777777777777776, 0.037037037037037035, 0.046296296296296294, 0.05555555555555555, 0.06481481481481481, 0.07407407407407407, 0.08333333333333333, 0.09259259259259259, 0.10185185185185185, 0.1111111111111111, 0.12037037037037036, 0.12962962962962962, 0.1388888888888889, 0.14814814814814814, 0.15740740740740738, 0.16666666666666666, 0.17592592592592593, 0.18518518518518517, 0.19444444444444442, 0.2037037037037037, 0.21296296296296297, 0.2222222222222222, 0.23148148148148145, 0.24074074074074073]","[67631.0, 1786.6346316370013, 1155.983184086939, 12069.57955741813, 1906.5778542068424, 950.5914327636016, 9083.877197385176, 2481.229636774484, 778.6316126029438, 8965.16239638599, 2042.6423114779182, 1606.7171021541494, 6927.939836298322, 1790.941198917794, 2115.0643759896484, 4469.1464533967255, 811.3124818658865, 852.4454942250571, 2613.5185095958273, 1125.8336361545935, 622.528293616837, 1595.9028958466977, 1672.0836322356427, 807.7671822537575, 3024.634439411761, 842.7313814743653, 842.8235732269195]",3.0,0.3,145.14999999999998,15,0.5,1721880.1384885088,0.14445541615564297,0.12412575453778012,16430975.452705398,84089526828.82368,"[0.046875, 0.03125]",2,1721880.1384885088,0.046875,"[0.0, 0.015625, 0.03125, 0.046875, 0.0625, 0.078125, 0.09375, 0.109375, 0.125, 0.140625, 0.15625, 0.171875, 0.1875, 0.203125, 0.21875, 0.234375]","[154749.3857115654, 876106.9067082776, 1710291.3768915324, 1721880.1384885088, 1236443.3975593029, 1200279.6938555269, 1385236.6101427812, 1437054.0474222805, 1048940.2936461219, 664501.8455342905, 393060.29715082515, 165807.0810689745, 58528.06662853263, 51528.95639390755, 141871.95181127623, 339557.7347245398]",3.0,0.3,flattop,64,32,145.14999999999998,15,21,449.5238095238095,38.00000000000006,1007.9999999999999,"[2, 5, 11, 17, 22, 25, 29, 38, 44, 52, 55, 60, 65, 74, 78, 84, 89, 95, 98, 101, 105]","[38.00000000000006, 367.9999999999999, 461.00000000000006, 192.9999999999999, 951.0000000000001, 154.0, 880.9999999999998, 242.99999999999997, 491.0, 186.0000000000001, 321.0, 943.0, 810.0, 204.99999999999997, 478.0000000000001, 275.9999999999999, 346.9999999999999, 79.0, 1007.9999999999999, 113.99999999999977, 893.0000000000001]","[1, 1, 1, 15, 1, 24, 27, 35, 35, 49, 35, 35, 63, 73, 73, 73, 35, 92, 35, 99, 99]","[3, 8, 18, 18, 35, 27, 35, 39, 49, 53, 56, 73, 73, 75, 81, 85, 92, 97, 106, 102, 106]",0.05,30,52684909.0,1016.0,-1016.0,DWT,uc1.l0082987033,0.0,0.0,0.0,0.0,0.0,1.1368683772161603e-13,1.862645149230957e-09,0.0,1.0,84,0.0,0.0,1.0,84,,0.0,0.0,1.0,84,0.0,0.0,0.0,3.0517578125e-05,0.0,0.0,0.0,0.0,0.0,0.0,7.84980546173063e-14,0.0,0.0,0.0,2.842170943040401e-14,0.0,0.0,0.0,2.842170943040401e-14,5.684341886080802e-14,5.551115123125783e-17,0.0,0.0,4.163336342344337e-17,0.0,0.0,0.0,5.551115123125783e-17,0.9581493899595291,0.3548344237302165,0.0765323801374566,0.27441726064342187,0.030567024309823776,0.0,0.0,0.0,658,0.9125667498908524,0.5159626298523168,429,0,0,0.0,0.0,583,0,0,0.33890009575608954,0.4609655617282537,479,102.93161160045375,0.8670134217048401,537.25,522.6225187088711,0.5864459873382082,431,db,413.2962962962963,398.0,188.41229481502944,243,0.9143723369387087,0.671803462110104,0.15839832550987273,5,324.5
db14,1,zero,1.686026569314756e-26,317.82637896993003,9357456.611446377,0.5597014925373134,231.7668706150406,108,raw,9.028169158766646e-14,-1.1477485628574932e-10,"[2, 5, 11, 17, 22, 25, 29, 38, 44, 52, 55, 60, 65, 74, 78, 84, 89, 95, 98, 101, 105]","[38.0, 368.00000000000006, 461.00000000000006, 192.9999999999999, 951.0000000000001, 154.0000000000001, 881.0, 243.0, 491.00000000000006, 186.0000000000001, 320.9999999999999, 943.0, 810.0, 204.99999999999994, 478.0000000000003, 276.0, 346.9999999999999, 79.00000000000034, 1008.0000000000001, 113.99999999999955, 893.0000000000005]",21,5.630259501877244,138301.33192247717,0.8764755179043947,4.365923718251291e-06,1.0,0.4907407407407407,67631.0,0.1291094199047374,0.15147910127183992,188156.12126451556,82872438.25058056,8,12069.57955741813,0.027777777777777776,"[0.0, 0.009259259259259259, 0.018518518518518517, 0.027777777777777776, 0.037037037037037035, 0.046296296296296294, 0.05555555555555555, 0.06481481481481481, 0.07407407407407407, 0.08333333333333333, 0.09259259259259259, 0.10185185185185185, 0.1111111111111111, 0.12037037037037036, 0.12962962962962962, 0.1388888888888889, 0.14814814814814814, 0.15740740740740738, 0.16666666666666666, 0.17592592592592593, 0.18518518518518517, 0.19444444444444442, 0.2037037037037037, 0.21296296296296297, 0.2222222222222222, 0.23148148148148145, 0.24074074074074073]","[67631.0, 1786.634631637001, 1155.98318408694, 12069.57955741813, 1906.5778542068422, 950.5914327636013, 9083.877197385178, 2481.2296367744843, 778.6316126029437, 8965.162396385991, 2042.6423114779186, 1606.71710215415, 6927.939836298324, 1790.9411989177959, 2115.0643759896466, 4469.146453396725, 811.3124818658858, 852.4454942250578, 2613.518509595828, 1125.8336361545967, 622.5282936168372, 1595.9028958466993, 1672.083632235642, 807.7671822537569, 3024.634439411758, 842.7313814743648, 842.8235732269185]",3.0,0.3,145.15000000000003,15,0.5,1721880.1384885088,0.14445541615564295,0.1241257545377801,16430975.4527054,84089526828.8237,"[0.046875, 0.03125]",2,1721880.1384885088,0.046875,"[0.0, 0.015625, 0.03125, 0.046875, 0.0625, 0.078125, 0.09375, 0.109375, 0.125, 0.140625, 0.15625, 0.171875, 0.1875, 0.203125, 0.21875, 0.234375]","[154749.3857115654, 876106.906708278, 1710291.3768915327, 1721880.1384885088, 1236443.3975593026, 1200279.6938555273, 1385236.6101427816, 1437054.0474222808, 1048940.2936461219, 664501.8455342905, 393060.2971508251, 165807.08106897463, 58528.06662853263, 51528.95639390747, 141871.95181127614, 339557.7347245398]",3.0,0.3,flattop,64,32,145.15000000000003,15,21,449.5238095238095,38.0,1008.0000000000001,"[2, 5, 11, 17, 22, 25, 29, 38, 44, 52, 55, 60, 65, 74, 78, 84, 89, 95, 98, 101, 105]","[38.0, 368.00000000000006, 461.00000000000006, 192.9999999999999, 951.0000000000001, 154.0000000000001, 881.0, 243.0, 491.00000000000006, 186.0000000000001, 320.9999999999999, 943.0, 810.0, 204.99999999999994, 478.0000000000003, 276.0, 346.9999999999999, 79.00000000000034, 1008.0000000000001, 113.99999999999955, 893.0000000000005]","[1, 1, 1, 15, 1, 24, 27, 35, 35, 49, 35, 35, 63, 73, 73, 73, 35, 92, 35, 99, 99]","[3, 8, 18, 18, 35, 27, 35, 39, 49, 53, 56, 73, 73, 75, 81, 85, 92, 97, 106, 102, 106]",0.05,30,52684909.0,1016.0000000000001,-1016.0000000000001,DWT,uc1.l0082987033,0.0,0.0,0.0,0.0,0.0,1.1368683772161603e-13,0.0,1.1368683772161603e-13,1.0,84,0.0,0.0,1.0,84,,0.0,0.0,1.0,84,0.0,0.0,0.0,4.57763671875e-05,0.0,0.0,0.0,0.0,0.0,0.0,1.2180732613030283e-13,0.0,1.1368683772161603e-13,0.0,2.842170943040401e-14,0.0,0.0,0.0,2.842170943040401e-14,0.0,5.551115123125783e-17,0.0,0.0,2.7755575615628914e-17,2.9103830456733704e-11,0.0,0.0,2.7755575615628914e-17,0.9220855956963623,0.23829510324904124,0.022200108258408555,0.45968481614274953,0.13584546999008795,0.0,0.0,0.0,651,0.9217110776246773,0.5211328065942812,418,0,0,0.0,0.0,593,0,0,0.35562221866732996,0.48371068006134676,412,121.85920837863122,0.8425591623015101,518.5,497.3906937223965,0.5863312607373183,432,db,413.2962962962963,398.0,188.41229481502944,243,0.9143723369387087,0.671803462110104,0.15839832550987273,5,325.25
rbio2.6,1,antireflect,9.917588517509124e-27,320.1309622580751,9838989.170300784,0.5583333333333333,463.9520179906989,108,raw,6.834039507137071e-14,-1.1751233319756758e-10,"[2, 5, 11, 17, 22, 25, 29, 38, 44, 52, 55, 60, 65, 74, 78, 84, 89, 95, 98, 101, 105]","[37.99999999999997, 368.0, 461.0, 192.9999999999999, 951.0000000000002, 154.0000000000001, 881.0000000000001, 242.99999999999997, 491.0000000000001, 186.0, 321.0, 943.0, 810.0, 205.0, 478.0, 276.0, 347.0000000000002, 79.0, 1008.0, 113.99999999999989, 893.0000000000002]",21,5.861695611427251,217642.6732513266,0.8474387779122835,4.365923718251291e-06,1.0,0.4907407407407407,67631.0,0.1291094199047374,0.15147910127183992,188156.1212645156,82872438.25058056,8,12069.579557418134,0.027777777777777776,"[0.0, 0.009259259259259259, 0.018518518518518517, 0.027777777777777776, 0.037037037037037035, 0.046296296296296294, 0.05555555555555555, 0.06481481481481481, 0.07407407407407407, 0.08333333333333333, 0.09259259259259259, 0.10185185185185185, 0.1111111111111111, 0.12037037037037036, 0.12962962962962962, 0.1388888888888889, 0.14814814814814814, 0.15740740740740738, 0.16666666666666666, 0.17592592592592593, 0.18518518518518517, 0.19444444444444442, 0.2037037037037037, 0.21296296296296297, 0.2222222222222222, 0.23148148148148145, 0.24074074074074073]","[67631.0, 1786.6346316370016, 1155.9831840869385, 12069.579557418134, 1906.5778542068429, 950.5914327636027, 9083.877197385178, 2481.2296367744852, 778.6316126029436, 8965.162396385991, 2042.6423114779182, 1606.71710215415, 6927.939836298322, 1790.9411989177952, 2115.0643759896484, 4469.1464533967255, 811.3124818658847, 852.4454942250582, 2613.518509595829, 1125.833636154595, 622.5282936168379, 1595.9028958466977, 1672.0836322356438, 807.7671822537562, 3024.6344394117605, 842.7313814743655, 842.8235732269213]",3.0,0.3,145.15000000000003,15,0.5,1721880.1384885092,0.14445541615564295,0.12412575453778009,16430975.452705404,84089526828.82372,"[0.046875, 0.03125]",2,1721880.1384885092,0.046875,"[0.0, 0.015625, 0.03125, 0.046875, 0.0625, 0.078125, 0.09375, 0.109375, 0.125, 0.140625, 0.15625, 0.171875, 0.1875, 0.203125, 0.21875, 0.234375]","[154749.38571156544, 876106.906708278, 1710291.3768915334, 1721880.1384885092, 1236443.3975593029, 1200279.693855527, 1385236.6101427816, 1437054.0474222808, 1048940.2936461219, 664501.8455342905, 393060.29715082515, 165807.08106897445, 58528.0666285326, 51528.9563939075, 141871.95181127623, 339557.7347245399]",3.0,0.3,flattop,64,32,145.15000000000003,15,21,449.5238095238095,37.99999999999997,1008.0,"[2, 5, 11, 17, 22, 25, 29, 38, 44, 52, 55, 60, 65, 74, 78, 84, 89, 95, 98, 101, 105]","[37.99999999999997, 368.0, 461.0, 192.9999999999999, 951.0000000000002, 154.0000000000001, 881.0000000000001, 242.99999999999997, 491.0000000000001, 186.0, 321.0, 943.0, 810.0, 205.0, 478.0, 276.0, 347.0000000000002, 79.0, 1008.0, 113.99999999999989, 893.0000000000002]","[1, 1, 1, 15, 1, 24, 27, 35, 35, 49, 35, 35, 63, 73, 73, 73, 35, 92, 35, 99, 99]","[3, 8, 18, 18, 35, 27, 35, 39, 49, 53, 56, 73, 73, 75, 81, 85, 92, 97, 106, 102, 106]",0.05,30,52684909.0,1016.0,-1016.0,DWT,uc1.l0082987033,4.656612873077393e-10,0.0,0.0,0.0,0.0,0.0,3.725290298461914e-09,0.0,1.0,84,0.0,3.637978807091713e-12,1.0,84,,0.0,0.0,1.0,84,0.0,0.0,0.0,6.103515625e-05,0.0,0.0,0.0,0.0,0.0,0.0,6.22570777999326e-14,0.0,0.0,0.0,2.842170943040401e-14,0.0,0.0,0.0,2.842170943040401e-14,2.842170943040401e-14,5.551115123125783e-17,4.656612873077393e-10,0.0,1.3877787807814457e-17,5.820766091346741e-11,0.0,0.0,2.7755575615628914e-17,0.9457459963661252,0.5348442516915597,0.06891048375320366,0.4444134078212294,0.35061475279151316,0.0,0.0,0.0,688,1.187336229787154,0.6713165077658014,125,0,0,0.0,0.0,499,0,0,0.46890577848472625,0.637796856016238,129,280.1730120241182,0.6380193643099248,360.25,208.23101411570522,0.5862900439120684,433,rbio,366.5925925925926,360.0,210.3588723315502,135,0.8110455588331695,0.7500562468954116,0.20725123474815782,3,325.5
haar,1,constant,1.6411433055147366e-26,317.94355805645716,9460241.573880227,0.5462962962962963,328.1355888153859,108,raw,1.0709129056791693e-13,-1.216075018461999e-10,"[2, 5, 11, 17, 22, 25, 29, 38, 44, 52, 55, 60, 65, 74, 78, 84, 89, 95, 98, 101, 105]","[38.0, 367.99999999999994, 461.00000000000006, 193.0, 951.0000000000002, 154.0, 881.0000000000002, 243.00000000000006, 491.00000000000017, 186.0, 321.0000000000001, 943.0000000000001, 810.0000000000002, 205.00000000000006, 478.0, 276.0, 347.0, 78.99999999999989, 1008.0000000000001, 114.0, 893.0000000000002]",21,5.569087067021978,95467.34242112485,0.8379720908410171,4.36592371825129e-06,1.0,0.4907407407407407,67631.00000000003,0.1291094199047374,0.15147910127183992,188156.1212645156,82872438.25058065,8,12069.579557418136,0.027777777777777776,"[0.0, 0.009259259259259259, 0.018518518518518517, 0.027777777777777776, 0.037037037037037035, 0.046296296296296294, 0.05555555555555555, 0.06481481481481481, 0.07407407407407407, 0.08333333333333333, 0.09259259259259259, 0.10185185185185185, 0.1111111111111111, 0.12037037037037036, 0.12962962962962962, 0.1388888888888889, 0.14814814814814814, 0.15740740740740738, 0.16666666666666666, 0.17592592592592593, 0.18518518518518517, 0.19444444444444442, 0.2037037037037037, 0.21296296296296297, 0.2222222222222222, 0.23148148148148145, 0.24074074074074073]","[67631.00000000003, 1786.6346316370007, 1155.9831840869397, 12069.579557418136, 1906.5778542068429, 950.5914327636018, 9083.87719738518, 2481.2296367744843, 778.6316126029438, 8965.162396385995, 2042.6423114779186, 1606.7171021541496, 6927.939836298325, 1790.9411989177936, 2115.064375989648, 4469.146453396728, 811.312481865886, 852.4454942250575, 2613.518509595831, 1125.8336361545946, 622.5282936168368, 1595.9028958466956, 1672.0836322356424, 807.7671822537576, 3024.63443941176, 842.7313814743655, 842.8235732269204]",3.0,0.3,145.15000000000003,15,0.5,1721880.1384885092,0.14445541615564297,0.1241257545377801,16430975.452705404,84089526828.82372,"[0.046875, 0.03125]",2,1721880.1384885092,0.046875,"[0.0, 0.015625, 0.03125, 0.046875, 0.0625, 0.078125, 0.09375, 0.109375, 0.125, 0.140625, 0.15625, 0.171875, 0.1875, 0.203125, 0.21875, 0.234375]","[154749.38571156512, 876106.9067082775, 1710291.3768915324, 1721880.1384885092, 1236443.3975593026, 1200279.6938555276, 1385236.610142782, 1437054.0474222815, 1048940.2936461228, 664501.8455342911, 393060.2971508255, 165807.0810689747, 58528.06662853267, 51528.95639390755, 141871.9518112762, 339557.73472454]",3.0,0.3,flattop,64,32,145.15000000000003,15,21,449.52380952380963,38.0,1008.0000000000001,"[2, 5, 11, 17, 22, 25, 29, 38, 44, 52, 55, 60, 65, 74, 78, 84, 89, 95, 98, 101, 105]","[38.0, 367.99999999999994, 461.00000000000006, 193.0, 951.0000000000002, 154.0, 881.0000000000002, 243.00000000000006, 491.00000000000017, 186.0, 321.0000000000001, 943.0000000000001, 810.0000000000002, 205.00000000000006, 478.0, 276.0, 347.0, 78.99999999999989, 1008.0000000000001, 114.0, 893.0000000000002]","[1, 1, 1, 15, 1, 24, 27, 35, 35, 49, 35, 35, 63, 73, 73, 73, 35, 92, 35, 99, 99]","[3, 8, 18, 18, 35, 27, 35, 39, 49, 53, 56, 73, 73, 75, 81, 85, 92, 97, 106, 102, 106]",0.05,30,52684909.00000001,1016.0000000000001,-1016.0000000000001,DWT,uc1.l0082987033,4.656612873077393e-10,0.0,1.1368683772161603e-13,8.940696716308594e-08,0.0,1.1368683772161603e-13,3.725290298461914e-09,1.1368683772161603e-13,1.0,84,0.0,5.4569682106375694e-12,1.0,84,,0.0,0.0,1.0,84,0.0,0.0,7.450580596923828e-09,6.103515625e-05,2.9103830456733704e-11,0.0,0.0,0.0,1.1368683772161603e-13,1.8189894035458565e-12,8.391171355643087e-14,0.0,1.1368683772161603e-13,0.0,2.842170943040401e-14,0.0,0.0,0.0,2.842170943040401e-14,0.0,5.551115123125783e-17,4.656612873077393e-10,0.0,2.7755575615628914e-17,5.820766091346741e-11,0.0,0.0,5.551115123125783e-17,0.9232886349406415,0.1599122031054272,0.03217061617572511,0.31005586592178774,0.019898032618189163,3.135877575339459e-05,1.5679387876697293e-05,3.135877575339459e-05,236,0.7819961500209518,0.44213838620293305,600,0,0,3.135877575339459e-05,3.135877575339459e-05,295,0,0,0.2890650705523542,0.393180893991497,625,202.0412499136418,0.7389647933932277,439.0,367.18182761124365,0.585890665430464,434,haar,452.0,457.0,26.739483914241873,9,1.0,0.09534238668586177,0.27139728399424146,2,326.0
rbio3.9,1,constant,8.628765100801373e-27,320.73553664746356,9257407.877591636,0.5476190476190477,378.36211328036205,108,raw,5.320846643944266e-14,-1.1098988395019723e-10,"[2, 5, 11, 17, 22, 25, 29, 38, 44, 52, 55, 60, 65, 74, 78, 84, 89, 95, 98, 101, 105]","[37.999999999999886, 368.0, 461.0000000000001, 193.0, 951.0000000000002, 154.0, 881.0, 242.99999999999997, 491.0, 185.9999999999999, 321.0, 943.0, 810.0000000000003, 204.99999999999994, 478.0, 275.9999999999999, 346.99999999999966, 78.99999999999989, 1008.0000000000003, 113.99999999999989, 893.0]",21,5.820277305523404,134669.63472965115,0.717440742213067,4.365923718251291e-06,1.0,0.4907407407407407,67631.0,0.1291094199047374,0.15147910127183992,188156.12126451553,82872438.25058056,8,12069.57955741813,0.027777777777777776,"[0.0, 0.009259259259259259, 0.018518518518518517, 0.027777777777777776, 0.037037037037037035, 0.046296296296296294, 0.05555555555555555, 0.06481481481481481, 0.07407407407407407, 0.08333333333333333, 0.09259259259259259, 0.10185185185185185, 0.1111111111111111, 0.12037037037037036, 0.12962962962962962, 0.1388888888888889, 0.14814814814814814, 0.15740740740740738, 0.16666666666666666, 0.17592592592592593, 0.18518518518518517, 0.19444444444444442, 0.2037037037037037, 0.21296296296296297, 0.2222222222222222, 0.23148148148148145, 0.24074074074074073]","[67631.0, 1786.6346316370002, 1155.9831840869383, 12069.57955741813, 1906.5778542068433, 950.5914327636018, 9083.877197385176, 2481.2296367744843, 778.6316126029437, 8965.162396385991, 2042.6423114779175, 1606.71710215415, 6927.939836298323, 1790.9411989177927, 2115.0643759896498, 4469.146453396725, 811.312481865886, 852.4454942250594, 2613.518509595828, 1125.8336361545942, 622.5282936168352, 1595.902895846697, 1672.0836322356429, 807.7671822537563, 3024.6344394117605, 842.7313814743657, 842.8235732269212]",3.0,0.3,145.15000000000012,15,0.5,1721880.1384885085,0.14445541615564295,0.12412575453778009,16430975.452705404,84089526828.82368,"[0.046875, 0.03125]",2,1721880.1384885085,0.046875,"[0.0, 0.015625, 0.03125, 0.046875, 0.0625, 0.078125, 0.09375, 0.109375, 0.125, 0.140625, 0.15625, 0.171875, 0.1875, 0.203125, 0.21875, 0.234375]","[154749.3857115655, 876106.9067082778, 1710291.3768915324, 1721880.1384885085, 1236443.3975593026, 1200279.6938555269, 1385236.6101427816, 1437054.047422281, 1048940.293646122, 664501.8455342908, 393060.2971508254, 165807.08106897463, 58528.06662853266, 51528.956393907516, 141871.95181127614, 339557.7347245399]",3.0,0.3,flattop,64,32,145.15000000000012,15,21,449.5238095238095,37.999999999999886,1008.0000000000003,"[2, 5, 11, 17, 22, 25, 29, 38, 44, 52, 55, 60, 65, 74, 78, 84, 89, 95, 98, 101, 105]","[37.999999999999886, 368.0, 461.0000000000001, 193.0, 951.0000000000002, 154.0, 881.0, 242.99999999999997, 491.0, 185.9999999999999, 321.0, 943.0, 810.0000000000003, 204.99999999999994, 478.0, 275.9999999999999, 346.99999999999966, 78.99999999999989, 1008.0000000000003, 113.99999999999989, 893.0]","[1, 1, 1, 15, 1, 24, 27, 35, 35, 49, 35, 35, 63, 73, 73, 73, 35, 92, 35, 99, 99]","[3, 8, 18, 18, 35, 27, 35, 39, 49, 53, 56, 73, 73, 75, 81, 85, 92, 97, 106, 102, 106]",0.05,30,52684909.0,1016.0000000000001,-1016.0000000000001,DWT,uc1.l0082987033,2.3283064365386963e-10,0.0,0.0,0.0,0.0,3.410605131648481e-13,3.725290298461914e-09,1.1368683772161603e-13,1.0,84,0.0,0.0,1.0,84,,0.0,0.0,1.0,84,0.0,0.0,0.0,3.0517578125e-05,0.0,0.0,0.0,0.0,0.0,0.0,9.609244616946118e-14,0.0,1.1368683772161603e-13,0.0,1.1368683772161603e-13,0.0,0.0,0.0,1.1368683772161603e-13,1.1368683772161603e-13,5.551115123125783e-17,2.3283064365386963e-10,0.0,1.3877787807814457e-17,0.0,0.0,0.0,2.7755575615628914e-17,0.9519529633094297,0.4817731757492649,0.012495024271456885,0.32482043096568314,0.12601481943147955,0.0,0.0,0.0,399,0.9986399781548838,0.5646281868872407,286,0,0,0.0,0.0,736,0,0,0.3794112827454629,0.5160681193866465,321,205.82597827614796,0.7340749634675091,435.5,381.79853339443497,0.5857067323797494,435,rbio,366.5925925925926,360.0,210.3588723315502,135,0.8110455588331695,0.7500562468954116,0.20725123474815782,3,327.0
db5,1,smooth,7.176881213277383e-27,321.5356655302898,9349628.248529585,0.5603448275862069,407.0421834849798,108,raw,5.105381138424421e-14,-1.1103951091939803e-10,"[2, 5, 11, 17, 22, 25, 29, 38, 44, 52, 55, 60, 65, 74, 78, 84, 89, 95, 98, 101, 105]","[38.0, 367.9999999999999, 461.00000000000006, 192.9999999999999, 951.0000000000001, 154.0, 880.9999999999998, 242.99999999999997, 491.0, 186.0000000000001, 321.0, 943.0, 810.0, 204.99999999999997, 478.0000000000001, 275.9999999999999, 346.9999999999999, 79.0, 1007.9999999999999, 113.99999999999989, 893.0]",21,5.6735995265830415,101659.59095407097,0.8017629122686006,4.365923718251291e-06,1.0,0.4907407407407407,67631.0,0.12910941990473745,0.15147910127183992,188156.12126451553,82872438.25058056,8,12069.579557418134,0.027777777777777776,"[0.0, 0.009259259259259259, 0.018518518518518517, 0.027777777777777776, 0.037037037037037035, 0.046296296296296294, 0.05555555555555555, 0.06481481481481481, 0.07407407407407407, 0.08333333333333333, 0.09259259259259259, 0.10185185185185185, 0.1111111111111111, 0.12037037037037036, 0.12962962962962962, 0.1388888888888889, 0.14814814814814814, 0.15740740740740738, 0.16666666666666666, 0.17592592592592593, 0.18518518518518517, 0.19444444444444442, 0.2037037037037037, 0.21296296296296297, 0.2222222222222222, 0.23148148148148145, 0.24074074074074073]","[67631.0, 1786.6346316370013, 1155.983184086939, 12069.579557418134, 1906.5778542068426, 950.5914327636011, 9083.877197385176, 2481.229636774484, 778.6316126029437, 8965.16239638599, 2042.642311477918, 1606.717102154149, 6927.939836298322, 1790.9411989177936, 2115.0643759896484, 4469.146453396725, 811.312481865886, 852.4454942250576, 2613.5185095958273, 1125.8336361545935, 622.5282936168361, 1595.9028958466981, 1672.0836322356427, 807.7671822537575, 3024.634439411761, 842.7313814743657, 842.8235732269193]",3.0,0.3,145.15,15,0.5,1721880.1384885088,0.14445541615564297,0.12412575453778012,16430975.452705398,84089526828.82368,"[0.046875, 0.03125]",2,1721880.1384885088,0.046875,"[0.0, 0.015625, 0.03125, 0.046875, 0.0625, 0.078125, 0.09375, 0.109375, 0.125, 0.140625, 0.15625, 0.171875, 0.1875, 0.203125, 0.21875, 0.234375]","[154749.3857115654, 876106.9067082776, 1710291.3768915324, 1721880.1384885088, 1236443.3975593029, 1200279.6938555269, 1385236.6101427812, 1437054.0474222805, 1048940.2936461219, 664501.8455342905, 393060.29715082515, 165807.0810689745, 58528.06662853263, 51528.95639390755, 141871.95181127623, 339557.7347245398]",3.0,0.3,flattop,64,32,145.15,15,21,449.5238095238095,38.0,1007.9999999999999,"[2, 5, 11, 17, 22, 25, 29, 38, 44, 52, 55, 60, 65, 74, 78, 84, 89, 95, 98, 101, 105]","[38.0, 367.9999999999999, 461.00000000000006, 192.9999999999999, 951.0000000000001, 154.0, 880.9999999999998, 242.99999999999997, 491.0, 186.0000000000001, 321.0, 943.0, 810.0, 204.99999999999997, 478.0000000000001, 275.9999999999999, 346.9999999999999, 79.0, 1007.9999999999999, 113.99999999999989, 893.0]","[1, 1, 1, 15, 1, 24, 27, 35, 35, 49, 35, 35, 63, 73, 73, 73, 35, 92, 35, 99, 99]","[3, 8, 18, 18, 35, 27, 35, 39, 49, 53, 56, 73, 73, 75, 81, 85, 92, 97, 106, 102, 106]",0.05,30,52684909.0,1016.0,-1016.0,DWT,uc1.l0082987033,0.0,0.0,0.0,0.0,0.0,1.1368683772161603e-13,1.862645149230957e-09,0.0,1.0,84,0.0,3.637978807091713e-12,1.0,84,,0.0,0.0,1.0,84,0.0,0.0,0.0,3.0517578125e-05,0.0,0.0,0.0,0.0,0.0,0.0,6.496390726949488e-14,0.0,0.0,0.0,0.0,0.0,0.0,0.0,0.0,0.0,0.0,0.0,0.0,4.163336342344337e-17,0.0,0.0,0.0,5.551115123125783e-17,0.9601676240910568,0.293828561035605,0.02144072913724837,0.4668657291465995,0.03665984624618043,0.0,0.0,0.0,671,0.9351454496981726,0.528728562133571,393,0,0,0.0,0.0,563,0,0,0.35579249793133805,0.48394229072645756,411,131.93306383667945,0.8295438451722488,509.5,485.19363769811355,0.5856375556610598,436,db,413.2962962962963,398.0,188.41229481502944,243,0.9143723369387087,0.671803462110104,0.15839832550987273,5,328.25
coif2,1,constant,1.4377954160981544e-26,318.51805216498536,9357176.560031729,0.5338983050847458,288.02435848254623,108,raw,8.339008496073398e-14,-1.1746326133987912e-10,"[2, 5, 11, 17, 22, 25, 29, 38, 44, 52, 55, 60, 65, 74, 78, 84, 89, 95, 98, 101, 105]","[37.999999999999915, 368.0000000000001, 461.0, 193.0, 951.0, 154.00000000000023, 881.0000000000001, 243.00000000000014, 491.00000000000017, 186.0, 320.9999999999999, 943.0000000000001, 810.0, 205.00000000000003, 477.9999999999999, 276.0000000000001, 347.0, 78.99999999999989, 1008.0000000000002, 114.0, 893.0]",21,5.63198205803881,114512.82465527148,0.8224521167642167,4.365923718251291e-06,1.0,0.4907407407407407,67631.0,0.12910941990473745,0.15147910127183992,188156.12126451553,82872438.25058056,8,12069.57955741813,0.027777777777777776,"[0.0, 0.009259259259259259, 0.018518518518518517, 0.027777777777777776, 0.037037037037037035, 0.046296296296296294, 0.05555555555555555, 0.06481481481481481, 0.07407407407407407, 0.08333333333333333, 0.09259259259259259, 0.10185185185185185, 0.1111111111111111, 0.12037037037037036, 0.12962962962962962, 0.1388888888888889, 0.14814814814814814, 0.15740740740740738, 0.16666666666666666, 0.17592592592592593, 0.18518518518518517, 0.19444444444444442, 0.2037037037037037, 0.21296296296296297, 0.2222222222222222, 0.23148148148148145, 0.24074074074074073]","[67631.0, 1786.6346316370007, 1155.9831840869401, 12069.57955741813, 1906.577854206844, 950.591432763601, 9083.87719738518, 2481.229636774482, 778.6316126029459, 8965.16239638599, 2042.642311477917, 1606.717102154152, 6927.939836298324, 1790.9411989177927, 2115.064375989649, 4469.1464533967255, 811.312481865887, 852.445494225057, 2613.518509595828, 1125.8336361545953, 622.5282936168376, 1595.9028958466968, 1672.0836322356427, 807.7671822537566, 3024.6344394117596, 842.7313814743652, 842.8235732269209]",3.0,0.3,145.1500000000001,15,0.5,1721880.138488509,0.14445541615564295,0.1241257545377801,16430975.452705404,84089526828.82375,"[0.046875, 0.03125]",2,1721880.138488509,0.046875,"[0.0, 0.015625, 0.03125, 0.046875, 0.0625, 0.078125, 0.09375, 0.109375, 0.125, 0.140625, 0.15625, 0.171875, 0.1875, 0.203125, 0.21875, 0.234375]","[154749.38571156524, 876106.9067082778, 1710291.3768915331, 1721880.138488509, 1236443.3975593033, 1200279.6938555276, 1385236.6101427819, 1437054.047422281, 1048940.2936461226, 664501.8455342911, 393060.2971508254, 165807.08106897463, 58528.06662853264, 51528.95639390751, 141871.95181127626, 339557.7347245399]",3.0,0.3,flattop,64,32,145.1500000000001,15,21,449.5238095238095,37.999999999999915,1008.0000000000002,"[2, 5, 11, 17, 22, 25, 29, 38, 44, 52, 55, 60, 65, 74, 78, 84, 89, 95, 98, 101, 105]","[37.999999999999915, 368.0000000000001, 461.0, 193.0, 951.0, 154.00000000000023, 881.0000000000001, 243.00000000000014, 491.00000000000017, 186.0, 320.9999999999999, 943.0000000000001, 810.0, 205.00000000000003, 477.9999999999999, 276.0000000000001, 347.0, 78.99999999999989, 1008.0000000000002, 114.0, 893.0]","[1, 1, 1, 15, 1, 24, 27, 35, 35, 49, 35, 35, 63, 73, 73, 73, 35, 92, 35, 99, 99]","[3, 8, 18, 18, 35, 27, 35, 39, 49, 53, 56, 73, 73, 75, 81, 85, 92, 97, 106, 102, 106]",0.05,30,52684909.0,1016.0000000000002,-1016.0000000000002,DWT,uc1.l0082987033,2.3283064365386963e-10,0.0,0.0,0.0,0.0,2.2737367544323206e-13,3.725290298461914e-09,2.2737367544323206e-13,1.0,84,0.0,0.0,1.0,84,,0.0,0.0,1.0,84,0.0,0.0,0.0,9.1552734375e-05,0.0,0.0,0.0,0.0,0.0,0.0,7.985146935208747e-14,0.0,2.2737367544323206e-13,0.0,8.526512829121202e-14,0.0,0.0,0.0,8.526512829121202e-14,8.526512829121202e-14,0.0,2.3283064365386963e-10,0.0,2.7755575615628914e-17,0.0,0.0,0.0,2.7755575615628914e-17,0.9291867775072902,0.24050228934394208,0.022172942272442455,0.17166934949341967,0.07145229791704978,0.0,0.0,0.0,489,0.7860983412767542,0.44445775340402177,575,0,0,0.0,0.0,400,0,0,0.2869967313068289,0.3903675776953448,658,111.0390321763778,0.8565387181183749,530.5,512.5657381603781,0.5855691006612547,437,coif,217.80246913580248,181.0,166.32516494453617,81,0.48186386976947454,0.5930495234160287,0.4847804341365592,1,328.0
db1,1,smooth,1.6411433055147366e-26,317.94355805645716,9460241.573880227,0.5462962962962963,328.1355888153859,108,raw,1.0709129056791693e-13,-1.216075018461999e-10,"[2, 5, 11, 17, 22, 25, 29, 38, 44, 52, 55, 60, 65, 74, 78, 84, 89, 95, 98, 101, 105]","[38.0, 367.99999999999994, 461.00000000000006, 193.0, 951.0000000000002, 154.0, 881.0000000000002, 243.00000000000006, 491.00000000000017, 186.0, 321.0000000000001, 943.0000000000001, 810.0000000000002, 205.00000000000006, 478.0, 276.0, 347.0, 78.99999999999989, 1008.0000000000001, 114.0, 893.0000000000002]",21,5.569087067021978,95467.34242112485,0.8379720908410171,4.36592371825129e-06,1.0,0.4907407407407407,67631.00000000003,0.1291094199047374,0.15147910127183992,188156.1212645156,82872438.25058065,8,12069.579557418136,0.027777777777777776,"[0.0, 0.009259259259259259, 0.018518518518518517, 0.027777777777777776, 0.037037037037037035, 0.046296296296296294, 0.05555555555555555, 0.06481481481481481, 0.07407407407407407, 0.08333333333333333, 0.09259259259259259, 0.10185185185185185, 0.1111111111111111, 0.12037037037037036, 0.12962962962962962, 0.1388888888888889, 0.14814814814814814, 0.15740740740740738, 0.16666666666666666, 0.17592592592592593, 0.18518518518518517, 0.19444444444444442, 0.2037037037037037, 0.21296296296296297, 0.2222222222222222, 0.23148148148148145, 0.24074074074074073]","[67631.00000000003, 1786.6346316370007, 1155.9831840869397, 12069.579557418136, 1906.5778542068429, 950.5914327636018, 9083.87719738518, 2481.2296367744843, 778.6316126029438, 8965.162396385995, 2042.6423114779186, 1606.7171021541496, 6927.939836298325, 1790.9411989177936, 2115.064375989648, 4469.146453396728, 811.312481865886, 852.4454942250575, 2613.518509595831, 1125.8336361545946, 622.5282936168368, 1595.9028958466956, 1672.0836322356424, 807.7671822537576, 3024.63443941176, 842.7313814743655, 842.8235732269204]",3.0,0.3,145.15000000000003,15,0.5,1721880.1384885092,0.14445541615564297,0.1241257545377801,16430975.452705404,84089526828.82372,"[0.046875, 0.03125]",2,1721880.1384885092,0.046875,"[0.0, 0.015625, 0.03125, 0.046875, 0.0625, 0.078125, 0.09375, 0.109375, 0.125, 0.140625, 0.15625, 0.171875, 0.1875, 0.203125, 0.21875, 0.234375]","[154749.38571156512, 876106.9067082775, 1710291.3768915324, 1721880.1384885092, 1236443.3975593026, 1200279.6938555276, 1385236.610142782, 1437054.0474222815, 1048940.2936461228, 664501.8455342911, 393060.2971508255, 165807.0810689747, 58528.06662853267, 51528.95639390755, 141871.9518112762, 339557.73472454]",3.0,0.3,flattop,64,32,145.15000000000003,15,21,449.52380952380963,38.0,1008.0000000000001,"[2, 5, 11, 17, 22, 25, 29, 38, 44, 52, 55, 60, 65, 74, 78, 84, 89, 95, 98, 101, 105]","[38.0, 367.99999999999994, 461.00000000000006, 193.0, 951.0000000000002, 154.0, 881.0000000000002, 243.00000000000006, 491.00000000000017, 186.0, 321.0000000000001, 943.0000000000001, 810.0000000000002, 205.00000000000006, 478.0, 276.0, 347.0, 78.99999999999989, 1008.0000000000001, 114.0, 893.0000000000002]","[1, 1, 1, 15, 1, 24, 27, 35, 35, 49, 35, 35, 63, 73, 73, 73, 35, 92, 35, 99, 99]","[3, 8, 18, 18, 35, 27, 35, 39, 49, 53, 56, 73, 73, 75, 81, 85, 92, 97, 106, 102, 106]",0.05,30,52684909.00000001,1016.0000000000001,-1016.0000000000001,DWT,uc1.l0082987033,4.656612873077393e-10,0.0,1.1368683772161603e-13,8.940696716308594e-08,0.0,1.1368683772161603e-13,3.725290298461914e-09,1.1368683772161603e-13,1.0,84,0.0,5.4569682106375694e-12,1.0,84,,0.0,0.0,1.0,84,0.0,0.0,7.450580596923828e-09,6.103515625e-05,2.9103830456733704e-11,0.0,0.0,0.0,1.1368683772161603e-13,1.8189894035458565e-12,8.391171355643087e-14,0.0,1.1368683772161603e-13,0.0,2.842170943040401e-14,0.0,0.0,0.0,2.842170943040401e-14,0.0,5.551115123125783e-17,4.656612873077393e-10,0.0,2.7755575615628914e-17,5.820766091346741e-11,0.0,0.0,5.551115123125783e-17,0.9232886349406415,0.1599122031054272,0.03217061617572511,0.31005586592178774,0.019898032618189163,3.135877575339459e-05,1.5679387876697293e-05,3.135877575339459e-05,322,0.7819961500209518,0.44213838620293305,585,0,0,3.135877575339459e-05,3.135877575339459e-05,289,0,0,0.2890650705523542,0.393180893991497,646,181.20430458463176,0.7658859113893647,460.5,407.19982221368366,0.5854623355396436,438,db,413.2962962962963,398.0,188.41229481502944,243,0.9143723369387087,0.671803462110104,0.15839832550987273,5,329.75
haar,1,antireflect,1.6411433055147366e-26,317.94355805645716,9460241.573880227,0.5462962962962963,328.1355888153859,108,raw,1.0709129056791693e-13,-1.216075018461999e-10,"[2, 5, 11, 17, 22, 25, 29, 38, 44, 52, 55, 60, 65, 74, 78, 84, 89, 95, 98, 101, 105]","[38.0, 367.99999999999994, 461.00000000000006, 193.0, 951.0000000000002, 154.0, 881.0000000000002, 243.00000000000006, 491.00000000000017, 186.0, 321.0000000000001, 943.0000000000001, 810.0000000000002, 205.00000000000006, 478.0, 276.0, 347.0, 78.99999999999989, 1008.0000000000001, 114.0, 893.0000000000002]",21,5.569087067021978,95467.34242112485,0.8379720908410171,4.36592371825129e-06,1.0,0.4907407407407407,67631.00000000003,0.1291094199047374,0.15147910127183992,188156.1212645156,82872438.25058065,8,12069.579557418136,0.027777777777777776,"[0.0, 0.009259259259259259, 0.018518518518518517, 0.027777777777777776, 0.037037037037037035, 0.046296296296296294, 0.05555555555555555, 0.06481481481481481, 0.07407407407407407, 0.08333333333333333, 0.09259259259259259, 0.10185185185185185, 0.1111111111111111, 0.12037037037037036, 0.12962962962962962, 0.1388888888888889, 0.14814814814814814, 0.15740740740740738, 0.16666666666666666, 0.17592592592592593, 0.18518518518518517, 0.19444444444444442, 0.2037037037037037, 0.21296296296296297, 0.2222222222222222, 0.23148148148148145, 0.24074074074074073]","[67631.00000000003, 1786.6346316370007, 1155.9831840869397, 12069.579557418136, 1906.5778542068429, 950.5914327636018, 9083.87719738518, 2481.2296367744843, 778.6316126029438, 8965.162396385995, 2042.6423114779186, 1606.7171021541496, 6927.939836298325, 1790.9411989177936, 2115.064375989648, 4469.146453396728, 811.312481865886, 852.4454942250575, 2613.518509595831, 1125.8336361545946, 622.5282936168368, 1595.9028958466956, 1672.0836322356424, 807.7671822537576, 3024.63443941176, 842.7313814743655, 842.8235732269204]",3.0,0.3,145.15000000000003,15,0.5,1721880.1384885092,0.14445541615564297,0.1241257545377801,16430975.452705404,84089526828.82372,"[0.046875, 0.03125]",2,1721880.1384885092,0.046875,"[0.0, 0.015625, 0.03125, 0.046875, 0.0625, 0.078125, 0.09375, 0.109375, 0.125, 0.140625, 0.15625, 0.171875, 0.1875, 0.203125, 0.21875, 0.234375]","[154749.38571156512, 876106.9067082775, 1710291.3768915324, 1721880.1384885092, 1236443.3975593026, 1200279.6938555276, 1385236.610142782, 1437054.0474222815, 1048940.2936461228, 664501.8455342911, 393060.2971508255, 165807.0810689747, 58528.06662853267, 51528.95639390755, 141871.9518112762, 339557.73472454]",3.0,0.3,flattop,64,32,145.15000000000003,15,21,449.52380952380963,38.0,1008.0000000000001,"[2, 5, 11, 17, 22, 25, 29, 38, 44, 52, 55, 60, 65, 74, 78, 84, 89, 95, 98, 101, 105]","[38.0, 367.99999999999994, 461.00000000000006, 193.0, 951.0000000000002, 154.0, 881.0000000000002, 243.00000000000006, 491.00000000000017, 186.0, 321.0000000000001, 943.0000000000001, 810.0000000000002, 205.00000000000006, 478.0, 276.0, 347.0, 78.99999999999989, 1008.0000000000001, 114.0, 893.0000000000002]","[1, 1, 1, 15, 1, 24, 27, 35, 35, 49, 35, 35, 63, 73, 73, 73, 35, 92, 35, 99, 99]","[3, 8, 18, 18, 35, 27, 35, 39, 49, 53, 56, 73, 73, 75, 81, 85, 92, 97, 106, 102, 106]",0.05,30,52684909.00000001,1016.0000000000001,-1016.0000000000001,DWT,uc1.l0082987033,4.656612873077393e-10,0.0,1.1368683772161603e-13,8.940696716308594e-08,0.0,1.1368683772161603e-13,3.725290298461914e-09,1.1368683772161603e-13,1.0,84,0.0,5.4569682106375694e-12,1.0,84,,0.0,0.0,1.0,84,0.0,0.0,7.450580596923828e-09,6.103515625e-05,2.9103830456733704e-11,0.0,0.0,0.0,1.1368683772161603e-13,1.8189894035458565e-12,8.391171355643087e-14,0.0,1.1368683772161603e-13,0.0,2.842170943040401e-14,0.0,0.0,0.0,2.842170943040401e-14,0.0,5.551115123125783e-17,4.656612873077393e-10,0.0,2.7755575615628914e-17,5.820766091346741e-11,0.0,0.0,5.551115123125783e-17,0.9232886349406415,0.1599122031054272,0.03217061617572511,0.31005586592178774,0.019898032618189163,3.135877575339459e-05,1.5679387876697293e-05,3.135877575339459e-05,295,0.7819961500209518,0.44213838620293305,608,0,0,3.135877575339459e-05,3.135877575339459e-05,268,0,0,0.2890650705523542,0.393180893991497,623,193.24681972372363,0.7503271063000987,448.5,385.68911824515,0.5854348709795067,439,haar,452.0,457.0,26.739483914241873,9,1.0,0.09534238668586177,0.27139728399424146,2,329.75
db8,1,smooth,7.193710245922098e-27,321.5254937021152,9557448.374938367,0.5409836065573771,297.8750597757765,108,raw,5.6317090908393105e-14,-1.0731315835954614e-10,"[2, 5, 11, 17, 22, 25, 29, 38, 44, 52, 55, 60, 65, 74, 78, 84, 89, 95, 98, 101, 105]","[38.0, 367.9999999999998, 461.0000000000001, 193.0000000000001, 951.0000000000001, 154.0000000000001, 880.9999999999999, 243.00000000000009, 491.00000000000006, 185.9999999999999, 320.9999999999999, 942.9999999999998, 810.0, 205.0, 478.0, 275.9999999999999, 346.9999999999999, 78.99999999999989, 1008.0, 114.0, 893.0]",21,5.670615948640539,99108.85812713757,0.8416378456831454,4.365923718251291e-06,1.0,0.4907407407407407,67631.0,0.12910941990473737,0.15147910127183992,188156.12126451556,82872438.25058056,8,12069.579557418134,0.027777777777777776,"[0.0, 0.009259259259259259, 0.018518518518518517, 0.027777777777777776, 0.037037037037037035, 0.046296296296296294, 0.05555555555555555, 0.06481481481481481, 0.07407407407407407, 0.08333333333333333, 0.09259259259259259, 0.10185185185185185, 0.1111111111111111, 0.12037037037037036, 0.12962962962962962, 0.1388888888888889, 0.14814814814814814, 0.15740740740740738, 0.16666666666666666, 0.17592592592592593, 0.18518518518518517, 0.19444444444444442, 0.2037037037037037, 0.21296296296296297, 0.2222222222222222, 0.23148148148148145, 0.24074074074074073]","[67631.0, 1786.6346316370002, 1155.9831840869388, 12069.579557418134, 1906.5778542068424, 950.5914327636013, 9083.877197385176, 2481.229636774484, 778.6316126029438, 8965.16239638599, 2042.6423114779186, 1606.7171021541496, 6927.939836298322, 1790.9411989177943, 2115.064375989647, 4469.146453396725, 811.3124818658863, 852.4454942250568, 2613.518509595829, 1125.8336361545928, 622.5282936168371, 1595.9028958466974, 1672.083632235642, 807.7671822537568, 3024.6344394117596, 842.7313814743657, 842.8235732269194]",3.0,0.3,145.15,15,0.5,1721880.1384885083,0.14445541615564295,0.12412575453778009,16430975.452705396,84089526828.82364,"[0.046875, 0.03125]",2,1721880.1384885083,0.046875,"[0.0, 0.015625, 0.03125, 0.046875, 0.0625, 0.078125, 0.09375, 0.109375, 0.125, 0.140625, 0.15625, 0.171875, 0.1875, 0.203125, 0.21875, 0.234375]","[154749.38571156538, 876106.9067082775, 1710291.3768915324, 1721880.1384885083, 1236443.3975593017, 1200279.6938555266, 1385236.610142781, 1437054.0474222803, 1048940.293646122, 664501.8455342904, 393060.29715082503, 165807.08106897457, 58528.066628532644, 51528.956393907516, 141871.95181127609, 339557.7347245399]",3.0,0.3,flattop,64,32,145.15,15,21,449.5238095238095,38.0,1008.0,"[2, 5, 11, 17, 22, 25, 29, 38, 44, 52, 55, 60, 65, 74, 78, 84, 89, 95, 98, 101, 105]","[38.0, 367.9999999999998, 461.0000000000001, 193.0000000000001, 951.0000000000001, 154.0000000000001, 880.9999999999999, 243.00000000000009, 491.00000000000006, 185.9999999999999, 320.9999999999999, 942.9999999999998, 810.0, 205.0, 478.0, 275.9999999999999, 346.9999999999999, 78.99999999999989, 1008.0, 114.0, 893.0]","[1, 1, 1, 15, 1, 24, 27, 35, 35, 49, 35, 35, 63, 73, 73, 73, 35, 92, 35, 99, 99]","[3, 8, 18, 18, 35, 27, 35, 39, 49, 53, 56, 73, 73, 75, 81, 85, 92, 97, 106, 102, 106]",0.05,30,52684909.0,1016.0,-1016.0,DWT,uc1.l0082987033,4.656612873077393e-10,0.0,0.0,0.0,0.0,0.0,3.725290298461914e-09,0.0,1.0,84,0.0,3.637978807091713e-12,1.0,84,,0.0,0.0,1.0,84,0.0,0.0,0.0,1.52587890625e-05,0.0,0.0,0.0,0.0,0.0,0.0,8.255829882164975e-14,0.0,0.0,0.0,0.0,0.0,0.0,0.0,0.0,0.0,8.326672684688674e-17,4.656612873077393e-10,0.0,1.3877787807814457e-17,2.9103830456733704e-11,0.0,0.0,2.7755575615628914e-17,0.9600631932677525,0.29000557291209544,0.04160002254624305,0.2507555636963099,0.029755260935630058,0.0,0.0,0.0,558,0.8540450435425966,0.4828746244932539,513,0,0,0.0,0.0,670,0,0,0.31443592267160625,0.42768985177914126,561,66.71581521648372,0.9138038563094526,575.5,570.0847235886305,0.5851319023149331,440,db,413.2962962962963,398.0,188.41229481502944,243,0.9143723369387087,0.671803462110104,0.15839832550987273,5,331.25
bior2.2,1,constant,2.9462493956476604e-27,325.402328047347,9491516.645485144,0.5535714285714286,312.93441936547185,108,raw,2.8619082412559584e-14,-1.1169543068234653e-10,"[2, 5, 11, 17, 22, 25, 29, 38, 44, 52, 55, 60, 65, 74, 78, 84, 89, 95, 98, 101, 105]","[38.00000000000003, 367.9999999999998, 461.0, 193.0, 951.0, 153.9999999999999, 881.0, 243.00000000000006, 491.0, 186.0000000000001, 321.0, 942.9999999999999, 810.0, 205.00000000000006, 478.00000000000006, 276.0, 347.0, 78.99999999999989, 1008.0000000000001, 114.00000000000011, 893.0000000000001]",21,5.5665729894318074,105431.82290338009,0.8500452329384034,4.365923718251291e-06,1.0,0.4907407407407407,67631.0,0.1291094199047374,0.15147910127183992,188156.12126451553,82872438.25058056,8,12069.57955741813,0.027777777777777776,"[0.0, 0.009259259259259259, 0.018518518518518517, 0.027777777777777776, 0.037037037037037035, 0.046296296296296294, 0.05555555555555555, 0.06481481481481481, 0.07407407407407407, 0.08333333333333333, 0.09259259259259259, 0.10185185185185185, 0.1111111111111111, 0.12037037037037036, 0.12962962962962962, 0.1388888888888889, 0.14814814814814814, 0.15740740740740738, 0.16666666666666666, 0.17592592592592593, 0.18518518518518517, 0.19444444444444442, 0.2037037037037037, 0.21296296296296297, 0.2222222222222222, 0.23148148148148145, 0.24074074074074073]","[67631.0, 1786.6346316370018, 1155.983184086939, 12069.57955741813, 1906.5778542068429, 950.5914327636009, 9083.877197385176, 2481.229636774484, 778.6316126029453, 8965.162396385991, 2042.6423114779177, 1606.717102154149, 6927.939836298323, 1790.9411989177931, 2115.064375989648, 4469.146453396725, 811.312481865886, 852.4454942250585, 2613.518509595828, 1125.833636154594, 622.5282936168377, 1595.902895846698, 1672.0836322356424, 807.7671822537568, 3024.634439411759, 842.7313814743652, 842.8235732269203]",3.0,0.3,145.14999999999998,15,0.5,1721880.1384885088,0.14445541615564292,0.12412575453778008,16430975.4527054,84089526828.82368,"[0.046875, 0.03125]",2,1721880.1384885088,0.046875,"[0.0, 0.015625, 0.03125, 0.046875, 0.0625, 0.078125, 0.09375, 0.109375, 0.125, 0.140625, 0.15625, 0.171875, 0.1875, 0.203125, 0.21875, 0.234375]","[154749.3857115655, 876106.9067082781, 1710291.3768915324, 1721880.1384885088, 1236443.3975593026, 1200279.6938555269, 1385236.6101427814, 1437054.0474222805, 1048940.2936461219, 664501.8455342907, 393060.29715082515, 165807.08106897442, 58528.06662853257, 51528.9563939075, 141871.95181127617, 339557.73472453986]",3.0,0.3,flattop,64,32,145.14999999999998,15,21,449.5238095238095,38.00000000000003,1008.0000000000001,"[2, 5, 11, 17, 22, 25, 29, 38, 44, 52, 55, 60, 65, 74, 78, 84, 89, 95, 98, 101, 105]","[38.00000000000003, 367.9999999999998, 461.0, 193.0, 951.0, 153.9999999999999, 881.0, 243.00000000000006, 491.0, 186.0000000000001, 321.0, 942.9999999999999, 810.0, 205.00000000000006, 478.00000000000006, 276.0, 347.0, 78.99999999999989, 1008.0000000000001, 114.00000000000011, 893.0000000000001]","[1, 1, 1, 15, 1, 24, 27, 35, 35, 49, 35, 35, 63, 73, 73, 73, 35, 92, 35, 99, 99]","[3, 8, 18, 18, 35, 27, 35, 39, 49, 53, 56, 73, 73, 75, 81, 85, 92, 97, 106, 102, 106]",0.05,30,52684909.0,1016.0000000000001,-1016.0000000000001,DWT,uc1.l0082987033,0.0,0.0,0.0,0.0,0.0,1.1368683772161603e-13,0.0,1.1368683772161603e-13,1.0,84,0.0,0.0,1.0,84,,0.0,0.0,1.0,84,0.0,0.0,0.0,3.0517578125e-05,0.0,0.0,0.0,0.0,0.0,0.0,5.819683359558915e-14,0.0,1.1368683772161603e-13,0.0,2.842170943040401e-14,0.0,0.0,0.0,2.842170943040401e-14,2.842170943040401e-14,5.551115123125783e-17,0.0,0.0,0.0,0.0,0.0,0.0,0.0,0.999865379810688,0.15669080619405903,0.03520440965745304,0.39126097366320883,0.046870910701920336,0.0,0.0,0.0,520,0.8711195895582206,0.49252852396615215,499,0,0,0.0,0.0,684,0,0,0.32597849600546586,0.4433898438041112,526,85.28921385497699,0.8898072172416318,557.25,548.6807437637966,0.5849229884657772,441,bior,385.74074074074076,410.0,199.97417605530825,135,0.8534087184529663,0.7130285416801533,0.18870533457887761,4,331.75
coif9,1,zero,4.085364542786801e-26,313.9827149588101,9353893.837824654,0.55,158.9559821851561,108,raw,1.4210854715201996e-13,-1.0986200837948055e-10,"[2, 5, 11, 17, 22, 25, 29, 38, 44, 52, 55, 60, 65, 74, 78, 84, 89, 95, 98, 101, 105]","[37.999999999999886, 367.99999999999994, 461.0000000000001, 193.0, 951.0000000000005, 153.99999999999955, 881.0000000000008, 243.0, 491.0, 185.9999999999999, 321.0000000000001, 942.9999999999998, 810.0000000000005, 204.99999999999994, 477.9999999999998, 276.0000000000002, 347.0, 79.00000000000023, 1008.0000000000002, 114.0, 892.9999999999998]",21,5.63240399275821,150513.529296875,0.9023130132131615,4.365923718251288e-06,0.9999999999999998,0.4907407407407407,67631.0,0.12910941990473743,0.15147910127183992,188156.12126451556,82872438.25058058,8,12069.579557418134,0.027777777777777776,"[0.0, 0.009259259259259259, 0.018518518518518517, 0.027777777777777776, 0.037037037037037035, 0.046296296296296294, 0.05555555555555555, 0.06481481481481481, 0.07407407407407407, 0.08333333333333333, 0.09259259259259259, 0.10185185185185185, 0.1111111111111111, 0.12037037037037036, 0.12962962962962962, 0.1388888888888889, 0.14814814814814814, 0.15740740740740738, 0.16666666666666666, 0.17592592592592593, 0.18518518518518517, 0.19444444444444442, 0.2037037037037037, 0.21296296296296297, 0.2222222222222222, 0.23148148148148145, 0.24074074074074073]","[67631.0, 1786.634631637001, 1155.9831840869372, 12069.579557418134, 1906.5778542068442, 950.5914327636, 9083.877197385178, 2481.229636774482, 778.6316126029446, 8965.16239638599, 2042.6423114779177, 1606.7171021541503, 6927.9398362983275, 1790.9411989177945, 2115.064375989649, 4469.146453396724, 811.3124818658852, 852.445494225056, 2613.5185095958273, 1125.833636154591, 622.5282936168367, 1595.9028958466981, 1672.0836322356402, 807.7671822537555, 3024.6344394117577, 842.7313814743628, 842.8235732269205]",3.0,0.3,145.15000000000012,15,0.5,1721880.1384885092,0.144455416155643,0.12412575453778012,16430975.452705408,84089526828.82375,"[0.046875, 0.03125]",2,1721880.1384885092,0.046875,"[0.0, 0.015625, 0.03125, 0.046875, 0.0625, 0.078125, 0.09375, 0.109375, 0.125, 0.140625, 0.15625, 0.171875, 0.1875, 0.203125, 0.21875, 0.234375]","[154749.38571156518, 876106.9067082775, 1710291.3768915324, 1721880.1384885092, 1236443.3975593033, 1200279.6938555273, 1385236.6101427823, 1437054.047422281, 1048940.2936461223, 664501.8455342907, 393060.2971508249, 165807.0810689744, 58528.0666285326, 51528.95639390758, 141871.9518112762, 339557.73472454003]",3.0,0.3,flattop,64,32,145.15000000000012,15,21,449.5238095238095,37.999999999999886,1008.0000000000002,"[2, 5, 11, 17, 22, 25, 29, 38, 44, 52, 55, 60, 65, 74, 78, 84, 89, 95, 98, 101, 105]","[37.999999999999886, 367.99999999999994, 461.0000000000001, 193.0, 951.0000000000005, 153.99999999999955, 881.0000000000008, 243.0, 491.0, 185.9999999999999, 321.0000000000001, 942.9999999999998, 810.0000000000005, 204.99999999999994, 477.9999999999998, 276.0000000000002, 347.0, 79.00000000000023, 1008.0000000000002, 114.0, 892.9999999999998]","[1, 1, 1, 15, 1, 24, 27, 35, 35, 49, 35, 35, 63, 73, 73, 73, 35, 92, 35, 99, 99]","[3, 8, 18, 18, 35, 27, 35, 39, 49, 53, 56, 73, 73, 75, 81, 85, 92, 97, 106, 102, 106]",0.05,30,52684909.0,1016.0000000000002,-1016.0000000000002,DWT,uc1.l0082987033,4.656612873077393e-10,0.0,0.0,1.4901161193847656e-08,0.0,2.2737367544323206e-13,7.450580596923828e-09,2.2737367544323206e-13,1.0,84,0.0,3.637978807091713e-12,1.0,84,,0.0,0.0,1.0,84,0.0,0.0,0.0,9.1552734375e-05,0.0,0.0,0.0,0.0,0.0,0.0,1.9489172180848459e-13,0.0,2.2737367544323206e-13,0.0,1.1368683772161603e-13,0.0,0.0,0.0,1.1368683772161603e-13,1.1368683772161603e-13,2.7755575615628914e-17,4.656612873077393e-10,0.0,4.163336342344337e-17,2.9103830456733704e-11,0.0,0.0,8.326672684688674e-17,0.8826239580932169,0.24104293264277582,0.02185450651120884,0.35139664804469345,0.16890269876389982,0.0,0.0,0.0,366,0.8691428331563598,0.4914108715513523,502,0,0,0.0,0.0,681,0,0,0.333164148811159,0.45316363414362315,505,129.12138991403916,0.8331764988190709,513.5,489.4224125164655,0.5848699031563054,442,coif,217.80246913580248,181.0,166.32516494453617,81,0.48186386976947454,0.5930495234160287,0.4847804341365592,1,331.75
db1,1,antireflect,1.6411433055147366e-26,317.94355805645716,9460241.573880227,0.5462962962962963,328.1355888153859,108,raw,1.0709129056791693e-13,-1.216075018461999e-10,"[2, 5, 11, 17, 22, 25, 29, 38, 44, 52, 55, 60, 65, 74, 78, 84, 89, 95, 98, 101, 105]","[38.0, 367.99999999999994, 461.00000000000006, 193.0, 951.0000000000002, 154.0, 881.0000000000002, 243.00000000000006, 491.00000000000017, 186.0, 321.0000000000001, 943.0000000000001, 810.0000000000002, 205.00000000000006, 478.0, 276.0, 347.0, 78.99999999999989, 1008.0000000000001, 114.0, 893.0000000000002]",21,5.569087067021978,95467.34242112485,0.8379720908410171,4.36592371825129e-06,1.0,0.4907407407407407,67631.00000000003,0.1291094199047374,0.15147910127183992,188156.1212645156,82872438.25058065,8,12069.579557418136,0.027777777777777776,"[0.0, 0.009259259259259259, 0.018518518518518517, 0.027777777777777776, 0.037037037037037035, 0.046296296296296294, 0.05555555555555555, 0.06481481481481481, 0.07407407407407407, 0.08333333333333333, 0.09259259259259259, 0.10185185185185185, 0.1111111111111111, 0.12037037037037036, 0.12962962962962962, 0.1388888888888889, 0.14814814814814814, 0.15740740740740738, 0.16666666666666666, 0.17592592592592593, 0.18518518518518517, 0.19444444444444442, 0.2037037037037037, 0.21296296296296297, 0.2222222222222222, 0.23148148148148145, 0.24074074074074073]","[67631.00000000003, 1786.6346316370007, 1155.9831840869397, 12069.579557418136, 1906.5778542068429, 950.5914327636018, 9083.87719738518, 2481.2296367744843, 778.6316126029438, 8965.162396385995, 2042.6423114779186, 1606.7171021541496, 6927.939836298325, 1790.9411989177936, 2115.064375989648, 4469.146453396728, 811.312481865886, 852.4454942250575, 2613.518509595831, 1125.8336361545946, 622.5282936168368, 1595.9028958466956, 1672.0836322356424, 807.7671822537576, 3024.63443941176, 842.7313814743655, 842.8235732269204]",3.0,0.3,145.15000000000003,15,0.5,1721880.1384885092,0.14445541615564297,0.1241257545377801,16430975.452705404,84089526828.82372,"[0.046875, 0.03125]",2,1721880.1384885092,0.046875,"[0.0, 0.015625, 0.03125, 0.046875, 0.0625, 0.078125, 0.09375, 0.109375, 0.125, 0.140625, 0.15625, 0.171875, 0.1875, 0.203125, 0.21875, 0.234375]","[154749.38571156512, 876106.9067082775, 1710291.3768915324, 1721880.1384885092, 1236443.3975593026, 1200279.6938555276, 1385236.610142782, 1437054.0474222815, 1048940.2936461228, 664501.8455342911, 393060.2971508255, 165807.0810689747, 58528.06662853267, 51528.95639390755, 141871.9518112762, 339557.73472454]",3.0,0.3,flattop,64,32,145.15000000000003,15,21,449.52380952380963,38.0,1008.0000000000001,"[2, 5, 11, 17, 22, 25, 29, 38, 44, 52, 55, 60, 65, 74, 78, 84, 89, 95, 98, 101, 105]","[38.0, 367.99999999999994, 461.00000000000006, 193.0, 951.0000000000002, 154.0, 881.0000000000002, 243.00000000000006, 491.00000000000017, 186.0, 321.0000000000001, 943.0000000000001, 810.0000000000002, 205.00000000000006, 478.0, 276.0, 347.0, 78.99999999999989, 1008.0000000000001, 114.0, 893.0000000000002]","[1, 1, 1, 15, 1, 24, 27, 35, 35, 49, 35, 35, 63, 73, 73, 73, 35, 92, 35, 99, 99]","[3, 8, 18, 18, 35, 27, 35, 39, 49, 53, 56, 73, 73, 75, 81, 85, 92, 97, 106, 102, 106]",0.05,30,52684909.00000001,1016.0000000000001,-1016.0000000000001,DWT,uc1.l0082987033,4.656612873077393e-10,0.0,1.1368683772161603e-13,8.940696716308594e-08,0.0,1.1368683772161603e-13,3.725290298461914e-09,1.1368683772161603e-13,1.0,84,0.0,5.4569682106375694e-12,1.0,84,,0.0,0.0,1.0,84,0.0,0.0,7.450580596923828e-09,6.103515625e-05,2.9103830456733704e-11,0.0,0.0,0.0,1.1368683772161603e-13,1.8189894035458565e-12,8.391171355643087e-14,0.0,1.1368683772161603e-13,0.0,2.842170943040401e-14,0.0,0.0,0.0,2.842170943040401e-14,0.0,5.551115123125783e-17,4.656612873077393e-10,0.0,2.7755575615628914e-17,5.820766091346741e-11,0.0,0.0,5.551115123125783e-17,0.9232886349406415,0.1599122031054272,0.03217061617572511,0.31005586592178774,0.019898032618189163,3.135877575339459e-05,1.5679387876697293e-05,3.135877575339459e-05,318,0.7819961500209518,0.44213838620293305,597,0,0,3.135877575339459e-05,3.135877575339459e-05,316,0,0,0.2890650705523542,0.393180893991497,640,174.95594683614883,0.7739587250178955,467.75,418.99062759390193,0.5848152798216093,443,db,413.2962962962963,398.0,188.41229481502944,243,0.9143723369387087,0.671803462110104,0.15839832550987273,5,333.5
haar,1,zero,1.6411433055147366e-26,317.94355805645716,9460241.573880227,0.5462962962962963,328.1355888153859,108,raw,1.0709129056791693e-13,-1.216075018461999e-10,"[2, 5, 11, 17, 22, 25, 29, 38, 44, 52, 55, 60, 65, 74, 78, 84, 89, 95, 98, 101, 105]","[38.0, 367.99999999999994, 461.00000000000006, 193.0, 951.0000000000002, 154.0, 881.0000000000002, 243.00000000000006, 491.00000000000017, 186.0, 321.0000000000001, 943.0000000000001, 810.0000000000002, 205.00000000000006, 478.0, 276.0, 347.0, 78.99999999999989, 1008.0000000000001, 114.0, 893.0000000000002]",21,5.569087067021978,95467.34242112485,0.8379720908410171,4.36592371825129e-06,1.0,0.4907407407407407,67631.00000000003,0.1291094199047374,0.15147910127183992,188156.1212645156,82872438.25058065,8,12069.579557418136,0.027777777777777776,"[0.0, 0.009259259259259259, 0.018518518518518517, 0.027777777777777776, 0.037037037037037035, 0.046296296296296294, 0.05555555555555555, 0.06481481481481481, 0.07407407407407407, 0.08333333333333333, 0.09259259259259259, 0.10185185185185185, 0.1111111111111111, 0.12037037037037036, 0.12962962962962962, 0.1388888888888889, 0.14814814814814814, 0.15740740740740738, 0.16666666666666666, 0.17592592592592593, 0.18518518518518517, 0.19444444444444442, 0.2037037037037037, 0.21296296296296297, 0.2222222222222222, 0.23148148148148145, 0.24074074074074073]","[67631.00000000003, 1786.6346316370007, 1155.9831840869397, 12069.579557418136, 1906.5778542068429, 950.5914327636018, 9083.87719738518, 2481.2296367744843, 778.6316126029438, 8965.162396385995, 2042.6423114779186, 1606.7171021541496, 6927.939836298325, 1790.9411989177936, 2115.064375989648, 4469.146453396728, 811.312481865886, 852.4454942250575, 2613.518509595831, 1125.8336361545946, 622.5282936168368, 1595.9028958466956, 1672.0836322356424, 807.7671822537576, 3024.63443941176, 842.7313814743655, 842.8235732269204]",3.0,0.3,145.15000000000003,15,0.5,1721880.1384885092,0.14445541615564297,0.1241257545377801,16430975.452705404,84089526828.82372,"[0.046875, 0.03125]",2,1721880.1384885092,0.046875,"[0.0, 0.015625, 0.03125, 0.046875, 0.0625, 0.078125, 0.09375, 0.109375, 0.125, 0.140625, 0.15625, 0.171875, 0.1875, 0.203125, 0.21875, 0.234375]","[154749.38571156512, 876106.9067082775, 1710291.3768915324, 1721880.1384885092, 1236443.3975593026, 1200279.6938555276, 1385236.610142782, 1437054.0474222815, 1048940.2936461228, 664501.8455342911, 393060.2971508255, 165807.0810689747, 58528.06662853267, 51528.95639390755, 141871.9518112762, 339557.73472454]",3.0,0.3,flattop,64,32,145.15000000000003,15,21,449.52380952380963,38.0,1008.0000000000001,"[2, 5, 11, 17, 22, 25, 29, 38, 44, 52, 55, 60, 65, 74, 78, 84, 89, 95, 98, 101, 105]","[38.0, 367.99999999999994, 461.00000000000006, 193.0, 951.0000000000002, 154.0, 881.0000000000002, 243.00000000000006, 491.00000000000017, 186.0, 321.0000000000001, 943.0000000000001, 810.0000000000002, 205.00000000000006, 478.0, 276.0, 347.0, 78.99999999999989, 1008.0000000000001, 114.0, 893.0000000000002]","[1, 1, 1, 15, 1, 24, 27, 35, 35, 49, 35, 35, 63, 73, 73, 73, 35, 92, 35, 99, 99]","[3, 8, 18, 18, 35, 27, 35, 39, 49, 53, 56, 73, 73, 75, 81, 85, 92, 97, 106, 102, 106]",0.05,30,52684909.00000001,1016.0000000000001,-1016.0000000000001,DWT,uc1.l0082987033,4.656612873077393e-10,0.0,1.1368683772161603e-13,8.940696716308594e-08,0.0,1.1368683772161603e-13,3.725290298461914e-09,1.1368683772161603e-13,1.0,84,0.0,5.4569682106375694e-12,1.0,84,,0.0,0.0,1.0,84,0.0,0.0,7.450580596923828e-09,6.103515625e-05,2.9103830456733704e-11,0.0,0.0,0.0,1.1368683772161603e-13,1.8189894035458565e-12,8.391171355643087e-14,0.0,1.1368683772161603e-13,0.0,2.842170943040401e-14,0.0,0.0,0.0,2.842170943040401e-14,0.0,5.551115123125783e-17,4.656612873077393e-10,0.0,2.7755575615628914e-17,5.820766091346741e-11,0.0,0.0,5.551115123125783e-17,0.9232886349406415,0.1599122031054272,0.03217061617572511,0.31005586592178774,0.019898032618189163,3.135877575339459e-05,1.5679387876697293e-05,3.135877575339459e-05,237,0.7819961500209518,0.44213838620293305,581,0,0,3.135877575339459e-05,3.135877575339459e-05,290,0,0,0.2890650705523542,0.393180893991497,645,204.61569669341924,0.7356386347630242,438.25,365.6560101744221,0.5847120822393932,444,haar,452.0,457.0,26.739483914241873,9,1.0,0.09534238668586177,0.27139728399424146,2,333.5
coif9,1,constant,4.1973075573714835e-26,313.8653151791154,9345198.692426106,0.55,158.85699433729556,108,raw,1.4800506499391796e-13,-1.1040324210398534e-10,"[2, 5, 11, 17, 22, 25, 29, 38, 44, 52, 55, 60, 65, 74, 78, 84, 89, 95, 98, 101, 105]","[38.00000000000006, 368.0000000000001, 461.0000000000003, 192.99999999999977, 951.0000000000006, 153.99999999999932, 881.0000000000002, 242.99999999999997, 491.0, 185.9999999999999, 321.0000000000001, 942.9999999999998, 810.0000000000005, 204.99999999999991, 477.99999999999966, 276.0000000000002, 346.9999999999999, 78.99999999999977, 1008.0000000000001, 114.0, 892.9999999999998]",21,5.6458776572360385,141090.53115234376,0.8957465318467372,4.365923718251289e-06,1.0,0.4907407407407407,67631.0,0.1291094199047374,0.15147910127183994,188156.12126451553,82872438.25058056,8,12069.579557418134,0.027777777777777776,"[0.0, 0.009259259259259259, 0.018518518518518517, 0.027777777777777776, 0.037037037037037035, 0.046296296296296294, 0.05555555555555555, 0.06481481481481481, 0.07407407407407407, 0.08333333333333333, 0.09259259259259259, 0.10185185185185185, 0.1111111111111111, 0.12037037037037036, 0.12962962962962962, 0.1388888888888889, 0.14814814814814814, 0.15740740740740738, 0.16666666666666666, 0.17592592592592593, 0.18518518518518517, 0.19444444444444442, 0.2037037037037037, 0.21296296296296297, 0.2222222222222222, 0.23148148148148145, 0.24074074074074073]","[67631.0, 1786.6346316370018, 1155.9831840869376, 12069.579557418134, 1906.5778542068447, 950.5914327636002, 9083.87719738518, 2481.2296367744825, 778.6316126029454, 8965.162396385987, 2042.6423114779159, 1606.717102154151, 6927.939836298324, 1790.9411989177931, 2115.0643759896484, 4469.146453396725, 811.3124818658844, 852.4454942250578, 2613.5185095958263, 1125.833636154592, 622.528293616837, 1595.9028958466984, 1672.0836322356415, 807.7671822537562, 3024.6344394117586, 842.7313814743619, 842.8235732269193]",3.0,0.3,145.15,15,0.5,1721880.1384885097,0.144455416155643,0.12412575453778012,16430975.452705406,84089526828.82375,"[0.046875, 0.03125]",2,1721880.1384885097,0.046875,"[0.0, 0.015625, 0.03125, 0.046875, 0.0625, 0.078125, 0.09375, 0.109375, 0.125, 0.140625, 0.15625, 0.171875, 0.1875, 0.203125, 0.21875, 0.234375]","[154749.38571156515, 876106.9067082776, 1710291.3768915324, 1721880.1384885097, 1236443.3975593033, 1200279.693855527, 1385236.6101427816, 1437054.047422281, 1048940.293646122, 664501.8455342904, 393060.2971508248, 165807.08106897434, 58528.06662853264, 51528.9563939076, 141871.95181127617, 339557.73472454003]",3.0,0.3,flattop,64,32,145.15,15,21,449.5238095238095,38.00000000000006,1008.0000000000001,"[2, 5, 11, 17, 22, 25, 29, 38, 44, 52, 55, 60, 65, 74, 78, 84, 89, 95, 98, 101, 105]","[38.00000000000006, 368.0000000000001, 461.0000000000003, 192.99999999999977, 951.0000000000006, 153.99999999999932, 881.0000000000002, 242.99999999999997, 491.0, 185.9999999999999, 321.0000000000001, 942.9999999999998, 810.0000000000005, 204.99999999999991, 477.99999999999966, 276.0000000000002, 346.9999999999999, 78.99999999999977, 1008.0000000000001, 114.0, 892.9999999999998]","[1, 1, 1, 15, 1, 24, 27, 35, 35, 49, 35, 35, 63, 73, 73, 73, 35, 92, 35, 99, 99]","[3, 8, 18, 18, 35, 27, 35, 39, 49, 53, 56, 73, 73, 75, 81, 85, 92, 97, 106, 102, 106]",0.05,30,52684909.0,1016.0000000000001,-1016.0000000000001,DWT,uc1.l0082987033,9.313225746154785e-10,0.0,0.0,0.0,0.0,1.1368683772161603e-13,5.587935447692871e-09,1.1368683772161603e-13,1.0,84,0.0,3.637978807091713e-12,1.0,84,,0.0,0.0,1.0,84,0.0,0.0,0.0,9.1552734375e-05,0.0,0.0,0.0,0.0,0.0,0.0,2.1113269862585827e-13,0.0,1.1368683772161603e-13,0.0,0.0,0.0,0.0,0.0,0.0,5.684341886080802e-14,5.551115123125783e-17,9.313225746154785e-10,2.7755575615628914e-17,4.163336342344337e-17,0.0,0.0,0.0,8.326672684688674e-17,0.8814186530645777,0.2583073246819833,0.021011046398118512,0.35139664804469345,0.14339556062576161,0.0,0.0,0.0,365,0.8664272608469796,0.4898754947359364,507,0,0,0.0,0.0,676,0,0,0.331105846563027,0.450363969983305,515,127.12559406613079,0.8357550464261876,515.75,491.8143568787263,0.5847056885877708,445,coif,217.80246913580248,181.0,166.32516494453617,81,0.48186386976947454,0.5930495234160287,0.4847804341365592,1,334.0
bior3.5,1,smooth,8.121060065615242e-27,320.99889588517374,9984000.538376477,0.559322033898305,310.25005337020815,108,raw,6.121851996525673e-14,-1.0862877264372696e-10,"[2, 5, 11, 17, 22, 25, 29, 38, 44, 52, 55, 60, 65, 74, 78, 84, 89, 95, 98, 101, 105]","[37.99999999999997, 367.9999999999999, 461.0000000000002, 192.9999999999999, 951.0, 154.0000000000001, 881.0, 242.99999999999994, 491.0000000000001, 186.0, 321.0, 943.0, 809.9999999999999, 204.99999999999997, 477.9999999999998, 276.0, 346.99999999999966, 79.00000000000011, 1008.0, 114.0, 893.0]",21,5.495557220957265,126802.44804441938,0.9158756590448183,4.365923718251291e-06,0.9999999999999998,0.4907407407407407,67631.0,0.12910941990473743,0.15147910127183992,188156.12126451553,82872438.25058056,8,12069.57955741813,0.027777777777777776,"[0.0, 0.009259259259259259, 0.018518518518518517, 0.027777777777777776, 0.037037037037037035, 0.046296296296296294, 0.05555555555555555, 0.06481481481481481, 0.07407407407407407, 0.08333333333333333, 0.09259259259259259, 0.10185185185185185, 0.1111111111111111, 0.12037037037037036, 0.12962962962962962, 0.1388888888888889, 0.14814814814814814, 0.15740740740740738, 0.16666666666666666, 0.17592592592592593, 0.18518518518518517, 0.19444444444444442, 0.2037037037037037, 0.21296296296296297, 0.2222222222222222, 0.23148148148148145, 0.24074074074074073]","[67631.0, 1786.6346316370007, 1155.9831840869401, 12069.57955741813, 1906.5778542068438, 950.5914327636016, 9083.877197385176, 2481.2296367744834, 778.6316126029429, 8965.162396385991, 2042.6423114779163, 1606.717102154152, 6927.939836298323, 1790.9411989177927, 2115.064375989649, 4469.146453396725, 811.3124818658853, 852.4454942250576, 2613.518509595828, 1125.8336361545933, 622.5282936168378, 1595.9028958466974, 1672.0836322356427, 807.7671822537568, 3024.6344394117596, 842.7313814743655, 842.8235732269197]",3.0,0.3,145.15000000000003,15,0.5,1721880.1384885085,0.14445541615564295,0.12412575453778009,16430975.452705398,84089526828.82368,"[0.046875, 0.03125]",2,1721880.1384885085,0.046875,"[0.0, 0.015625, 0.03125, 0.046875, 0.0625, 0.078125, 0.09375, 0.109375, 0.125, 0.140625, 0.15625, 0.171875, 0.1875, 0.203125, 0.21875, 0.234375]","[154749.38571156544, 876106.9067082775, 1710291.376891532, 1721880.1384885085, 1236443.3975593029, 1200279.693855527, 1385236.6101427814, 1437054.0474222805, 1048940.2936461219, 664501.8455342904, 393060.2971508251, 165807.08106897442, 58528.0666285326, 51528.956393907545, 141871.9518112763, 339557.73472454]",3.0,0.3,flattop,64,32,145.15000000000003,15,21,449.5238095238095,37.99999999999997,1008.0,"[2, 5, 11, 17, 22, 25, 29, 38, 44, 52, 55, 60, 65, 74, 78, 84, 89, 95, 98, 101, 105]","[37.99999999999997, 367.9999999999999, 461.0000000000002, 192.9999999999999, 951.0, 154.0000000000001, 881.0, 242.99999999999994, 491.0000000000001, 186.0, 321.0, 943.0, 809.9999999999999, 204.99999999999997, 477.9999999999998, 276.0, 346.99999999999966, 79.00000000000011, 1008.0, 114.0, 893.0]","[1, 1, 1, 15, 1, 24, 27, 35, 35, 49, 35, 35, 63, 73, 73, 73, 35, 92, 35, 99, 99]","[3, 8, 18, 18, 35, 27, 35, 39, 49, 53, 56, 73, 73, 75, 81, 85, 92, 97, 106, 102, 106]",0.05,30,52684909.0,1016.0,-1016.0,DWT,uc1.l0082987033,2.3283064365386963e-10,0.0,0.0,0.0,0.0,0.0,1.862645149230957e-09,0.0,1.0,84,0.0,0.0,1.0,84,,0.0,0.0,1.0,84,0.0,0.0,0.0,3.0517578125e-05,0.0,0.0,0.0,0.0,0.0,0.0,7.579122514774403e-14,0.0,0.0,0.0,2.842170943040401e-14,0.0,0.0,0.0,2.842170943040401e-14,2.842170943040401e-14,2.7755575615628914e-17,2.3283064365386963e-10,0.0,1.3877787807814457e-17,0.0,0.0,0.0,2.7755575615628914e-17,0.9546567862158786,0.06569521476252277,0.08297710360948958,0.45544929457437705,0.10471911137117504,0.0,0.0,0.0,532,0.8711975932937541,0.49257262705508126,498,0,0,0.0,0.0,685,0,0,0.3326995021066887,0.4525316304002973,507,87.52333022305157,0.8869207619857215,555.5,546.4501792456601,0.5846102517938943,446,bior,385.74074074074076,410.0,199.97417605530825,135,0.8534087184529663,0.7130285416801533,0.18870533457887761,4,335.5
rbio1.1,1,antireflect,1.6411433055147366e-26,317.94355805645716,9460241.573880227,0.5462962962962963,328.1355888153859,108,raw,1.0709129056791693e-13,-1.216075018461999e-10,"[2, 5, 11, 17, 22, 25, 29, 38, 44, 52, 55, 60, 65, 74, 78, 84, 89, 95, 98, 101, 105]","[38.0, 367.99999999999994, 461.00000000000006, 193.0, 951.0000000000002, 154.0, 881.0000000000002, 243.00000000000006, 491.00000000000017, 186.0, 321.0000000000001, 943.0000000000001, 810.0000000000002, 205.00000000000006, 478.0, 276.0, 347.0, 78.99999999999989, 1008.0000000000001, 114.0, 893.0000000000002]",21,5.569087067021978,95467.34242112485,0.8379720908410171,4.36592371825129e-06,1.0,0.4907407407407407,67631.00000000003,0.1291094199047374,0.15147910127183992,188156.1212645156,82872438.25058065,8,12069.579557418136,0.027777777777777776,"[0.0, 0.009259259259259259, 0.018518518518518517, 0.027777777777777776, 0.037037037037037035, 0.046296296296296294, 0.05555555555555555, 0.06481481481481481, 0.07407407407407407, 0.08333333333333333, 0.09259259259259259, 0.10185185185185185, 0.1111111111111111, 0.12037037037037036, 0.12962962962962962, 0.1388888888888889, 0.14814814814814814, 0.15740740740740738, 0.16666666666666666, 0.17592592592592593, 0.18518518518518517, 0.19444444444444442, 0.2037037037037037, 0.21296296296296297, 0.2222222222222222, 0.23148148148148145, 0.24074074074074073]","[67631.00000000003, 1786.6346316370007, 1155.9831840869397, 12069.579557418136, 1906.5778542068429, 950.5914327636018, 9083.87719738518, 2481.2296367744843, 778.6316126029438, 8965.162396385995, 2042.6423114779186, 1606.7171021541496, 6927.939836298325, 1790.9411989177936, 2115.064375989648, 4469.146453396728, 811.312481865886, 852.4454942250575, 2613.518509595831, 1125.8336361545946, 622.5282936168368, 1595.9028958466956, 1672.0836322356424, 807.7671822537576, 3024.63443941176, 842.7313814743655, 842.8235732269204]",3.0,0.3,145.15000000000003,15,0.5,1721880.1384885092,0.14445541615564297,0.1241257545377801,16430975.452705404,84089526828.82372,"[0.046875, 0.03125]",2,1721880.1384885092,0.046875,"[0.0, 0.015625, 0.03125, 0.046875, 0.0625, 0.078125, 0.09375, 0.109375, 0.125, 0.140625, 0.15625, 0.171875, 0.1875, 0.203125, 0.21875, 0.234375]","[154749.38571156512, 876106.9067082775, 1710291.3768915324, 1721880.1384885092, 1236443.3975593026, 1200279.6938555276, 1385236.610142782, 1437054.0474222815, 1048940.2936461228, 664501.8455342911, 393060.2971508255, 165807.0810689747, 58528.06662853267, 51528.95639390755, 141871.9518112762, 339557.73472454]",3.0,0.3,flattop,64,32,145.15000000000003,15,21,449.52380952380963,38.0,1008.0000000000001,"[2, 5, 11, 17, 22, 25, 29, 38, 44, 52, 55, 60, 65, 74, 78, 84, 89, 95, 98, 101, 105]","[38.0, 367.99999999999994, 461.00000000000006, 193.0, 951.0000000000002, 154.0, 881.0000000000002, 243.00000000000006, 491.00000000000017, 186.0, 321.0000000000001, 943.0000000000001, 810.0000000000002, 205.00000000000006, 478.0, 276.0, 347.0, 78.99999999999989, 1008.0000000000001, 114.0, 893.0000000000002]","[1, 1, 1, 15, 1, 24, 27, 35, 35, 49, 35, 35, 63, 73, 73, 73, 35, 92, 35, 99, 99]","[3, 8, 18, 18, 35, 27, 35, 39, 49, 53, 56, 73, 73, 75, 81, 85, 92, 97, 106, 102, 106]",0.05,30,52684909.00000001,1016.0000000000001,-1016.0000000000001,DWT,uc1.l0082987033,4.656612873077393e-10,0.0,1.1368683772161603e-13,8.940696716308594e-08,0.0,1.1368683772161603e-13,3.725290298461914e-09,1.1368683772161603e-13,1.0,84,0.0,5.4569682106375694e-12,1.0,84,,0.0,0.0,1.0,84,0.0,0.0,7.450580596923828e-09,6.103515625e-05,2.9103830456733704e-11,0.0,0.0,0.0,1.1368683772161603e-13,1.8189894035458565e-12,8.391171355643087e-14,0.0,1.1368683772161603e-13,0.0,2.842170943040401e-14,0.0,0.0,0.0,2.842170943040401e-14,0.0,5.551115123125783e-17,4.656612873077393e-10,0.0,2.7755575615628914e-17,5.820766091346741e-11,0.0,0.0,5.551115123125783e-17,0.9232886349406415,0.1599122031054272,0.03217061617572511,0.31005586592178774,0.019898032618189163,3.135877575339459e-05,1.5679387876697293e-05,3.135877575339459e-05,287,0.7819961500209518,0.44213838620293305,601,0,0,3.135877575339459e-05,3.135877575339459e-05,304,0,0,0.2890650705523542,0.393180893991497,634,186.52345696989428,0.7590136214859247,456.5,399.4019028890567,0.5846101699160889,447,rbio,366.5925925925926,360.0,210.3588723315502,135,0.8110455588331695,0.7500562468954116,0.20725123474815782,3,336.0
coif3,1,periodic,2.172424325365514e-26,316.72557654092867,10170680.104292205,0.5564516129032258,403.8084270691749,108,raw,1.0514223236913047e-13,-1.159764506653011e-10,"[2, 5, 11, 17, 22, 25, 29, 38, 44, 52, 55, 60, 65, 74, 78, 84, 89, 95, 98, 101, 105]","[38.00000000000006, 368.00000000000017, 461.0000000000002, 193.0, 951.0000000000003, 154.0, 881.0000000000001, 243.0000000000001, 491.0, 186.0000000000001, 321.0, 943.0000000000001, 810.0000000000002, 205.0, 478.0, 276.00000000000034, 347.0000000000001, 79.0, 1008.0000000000002, 114.0, 893.0000000000005]",21,5.787579645484246,101609.45343938986,0.7916574888343502,4.36592371825129e-06,1.0,0.4907407407407407,67631.0,0.12910941990473743,0.15147910127183994,188156.12126451556,82872438.25058056,8,12069.579557418134,0.027777777777777776,"[0.0, 0.009259259259259259, 0.018518518518518517, 0.027777777777777776, 0.037037037037037035, 0.046296296296296294, 0.05555555555555555, 0.06481481481481481, 0.07407407407407407, 0.08333333333333333, 0.09259259259259259, 0.10185185185185185, 0.1111111111111111, 0.12037037037037036, 0.12962962962962962, 0.1388888888888889, 0.14814814814814814, 0.15740740740740738, 0.16666666666666666, 0.17592592592592593, 0.18518518518518517, 0.19444444444444442, 0.2037037037037037, 0.21296296296296297, 0.2222222222222222, 0.23148148148148145, 0.24074074074074073]","[67631.0, 1786.6346316370013, 1155.9831840869363, 12069.579557418134, 1906.5778542068454, 950.5914327635995, 9083.877197385174, 2481.2296367744843, 778.6316126029446, 8965.162396385993, 2042.6423114779182, 1606.7171021541503, 6927.939836298324, 1790.941198917794, 2115.06437598965, 4469.1464533967255, 811.3124818658857, 852.4454942250563, 2613.518509595826, 1125.8336361545944, 622.5282936168354, 1595.9028958466995, 1672.0836322356442, 807.7671822537571, 3024.6344394117605, 842.731381474366, 842.8235732269202]",3.0,0.3,145.15,15,0.5,1721880.1384885085,0.14445541615564297,0.1241257545377801,16430975.452705408,84089526828.82372,"[0.046875, 0.03125]",2,1721880.1384885085,0.046875,"[0.0, 0.015625, 0.03125, 0.046875, 0.0625, 0.078125, 0.09375, 0.109375, 0.125, 0.140625, 0.15625, 0.171875, 0.1875, 0.203125, 0.21875, 0.234375]","[154749.38571156547, 876106.9067082779, 1710291.3768915324, 1721880.1384885085, 1236443.3975593022, 1200279.6938555273, 1385236.6101427823, 1437054.0474222817, 1048940.293646123, 664501.8455342911, 393060.2971508255, 165807.08106897457, 58528.06662853267, 51528.956393907625, 141871.95181127635, 339557.73472454003]",3.0,0.3,flattop,64,32,145.15,15,21,449.52380952380963,38.00000000000006,1008.0000000000002,"[2, 5, 11, 17, 22, 25, 29, 38, 44, 52, 55, 60, 65, 74, 78, 84, 89, 95, 98, 101, 105]","[38.00000000000006, 368.00000000000017, 461.0000000000002, 193.0, 951.0000000000003, 154.0, 881.0000000000001, 243.0000000000001, 491.0, 186.0000000000001, 321.0, 943.0000000000001, 810.0000000000002, 205.0, 478.0, 276.00000000000034, 347.0000000000001, 79.0, 1008.0000000000002, 114.0, 893.0000000000005]","[1, 1, 1, 15, 1, 24, 27, 35, 35, 49, 35, 35, 63, 73, 73, 73, 35, 92, 35, 99, 99]","[3, 8, 18, 18, 35, 27, 35, 39, 49, 53, 56, 73, 73, 75, 81, 85, 92, 97, 106, 102, 106]",0.05,30,52684909.0,1016.0000000000001,-1016.0000000000001,DWT,uc1.l0082987033,2.3283064365386963e-10,0.0,1.1368683772161603e-13,0.0,0.0,2.2737367544323206e-13,7.450580596923828e-09,1.1368683772161603e-13,1.0,84,0.0,3.637978807091713e-12,1.0,84,,0.0,0.0,1.0,84,0.0,0.0,0.0,6.103515625e-05,0.0,0.0,0.0,0.0,1.1368683772161603e-13,1.8189894035458565e-12,1.2451415559986514e-13,0.0,1.1368683772161603e-13,0.0,0.0,0.0,0.0,0.0,0.0,5.684341886080802e-14,2.7755575615628914e-17,2.3283064365386963e-10,2.7755575615628914e-17,2.7755575615628914e-17,2.9103830456733704e-11,0.0,0.0,5.551115123125783e-17,0.9107840182431194,0.4398762424680727,0.10108568725723727,0.42340962335555915,0.0365241288775406,0.0,0.0,0.0,425,1.0009248767017664,0.5659200619893483,283,0,0,0.0,0.0,732,0,0,0.3823359400403058,0.520046183452318,307,206.38535962288282,0.733352248549247,436.75,380.59138857510413,0.5845378813805666,448,coif,217.80246913580248,181.0,166.32516494453617,81,0.48186386976947454,0.5930495234160287,0.4847804341365592,1,336.25
coif2,1,zero,1.4711729975101722e-26,318.4183856609115,9358674.113556186,0.5338983050847458,288.60289833897195,108,raw,8.457432285366749e-14,-1.1759593299132183e-10,"[2, 5, 11, 17, 22, 25, 29, 38, 44, 52, 55, 60, 65, 74, 78, 84, 89, 95, 98, 101, 105]","[37.999999999999915, 368.00000000000017, 461.0, 193.0, 951.0, 154.00000000000023, 881.0000000000001, 243.00000000000014, 491.00000000000017, 186.0, 320.9999999999999, 943.0000000000001, 810.0, 205.00000000000003, 477.9999999999999, 276.0000000000001, 347.0, 78.99999999999989, 1008.0000000000002, 114.0, 893.0]",21,5.629527042050228,117809.54984199943,0.8274802393666538,4.365923718251291e-06,1.0,0.4907407407407407,67631.0,0.12910941990473743,0.15147910127183992,188156.12126451556,82872438.25058058,8,12069.57955741813,0.027777777777777776,"[0.0, 0.009259259259259259, 0.018518518518518517, 0.027777777777777776, 0.037037037037037035, 0.046296296296296294, 0.05555555555555555, 0.06481481481481481, 0.07407407407407407, 0.08333333333333333, 0.09259259259259259, 0.10185185185185185, 0.1111111111111111, 0.12037037037037036, 0.12962962962962962, 0.1388888888888889, 0.14814814814814814, 0.15740740740740738, 0.16666666666666666, 0.17592592592592593, 0.18518518518518517, 0.19444444444444442, 0.2037037037037037, 0.21296296296296297, 0.2222222222222222, 0.23148148148148145, 0.24074074074074073]","[67631.0, 1786.6346316370007, 1155.9831840869401, 12069.57955741813, 1906.5778542068442, 950.591432763601, 9083.87719738518, 2481.229636774483, 778.6316126029458, 8965.16239638599, 2042.6423114779168, 1606.717102154152, 6927.939836298324, 1790.9411989177925, 2115.064375989649, 4469.146453396725, 811.312481865887, 852.4454942250572, 2613.518509595828, 1125.833636154595, 622.5282936168378, 1595.9028958466965, 1672.0836322356424, 807.7671822537566, 3024.6344394117596, 842.7313814743651, 842.823573226921]",3.0,0.3,145.15000000000006,15,0.5,1721880.138488509,0.14445541615564295,0.1241257545377801,16430975.452705404,84089526828.82375,"[0.046875, 0.03125]",2,1721880.138488509,0.046875,"[0.0, 0.015625, 0.03125, 0.046875, 0.0625, 0.078125, 0.09375, 0.109375, 0.125, 0.140625, 0.15625, 0.171875, 0.1875, 0.203125, 0.21875, 0.234375]","[154749.38571156524, 876106.9067082778, 1710291.3768915331, 1721880.138488509, 1236443.3975593033, 1200279.6938555276, 1385236.6101427819, 1437054.047422281, 1048940.2936461226, 664501.8455342911, 393060.2971508254, 165807.08106897463, 58528.06662853264, 51528.95639390751, 141871.95181127626, 339557.7347245399]",3.0,0.3,flattop,64,32,145.15000000000006,15,21,449.5238095238095,37.999999999999915,1008.0000000000002,"[2, 5, 11, 17, 22, 25, 29, 38, 44, 52, 55, 60, 65, 74, 78, 84, 89, 95, 98, 101, 105]","[37.999999999999915, 368.00000000000017, 461.0, 193.0, 951.0, 154.00000000000023, 881.0000000000001, 243.00000000000014, 491.00000000000017, 186.0, 320.9999999999999, 943.0000000000001, 810.0, 205.00000000000003, 477.9999999999999, 276.0000000000001, 347.0, 78.99999999999989, 1008.0000000000002, 114.0, 893.0]","[1, 1, 1, 15, 1, 24, 27, 35, 35, 49, 35, 35, 63, 73, 73, 73, 35, 92, 35, 99, 99]","[3, 8, 18, 18, 35, 27, 35, 39, 49, 53, 56, 73, 73, 75, 81, 85, 92, 97, 106, 102, 106]",0.05,30,52684909.0,1016.0000000000002,-1016.0000000000002,DWT,uc1.l0082987033,2.3283064365386963e-10,0.0,0.0,1.4901161193847656e-08,0.0,2.2737367544323206e-13,3.725290298461914e-09,2.2737367544323206e-13,1.0,84,0.0,0.0,1.0,84,,0.0,0.0,1.0,84,0.0,0.0,0.0,9.1552734375e-05,0.0,0.0,0.0,0.0,0.0,0.0,8.255829882164975e-14,0.0,2.2737367544323206e-13,0.0,5.684341886080802e-14,0.0,0.0,0.0,5.684341886080802e-14,8.526512829121202e-14,2.7755575615628914e-17,2.3283064365386963e-10,0.0,2.7755575615628914e-17,2.9103830456733704e-11,0.0,0.0,2.7755575615628914e-17,0.9281635342025796,0.23735657063028753,0.022318210305028566,0.17166934949341967,0.08037621188281362,0.0,0.0,0.0,512,0.7875537355396991,0.4452806291569142,574,0,0,0.0,0.0,401,0,0,0.28797677530282584,0.3917006151798142,656,107.46278425575991,0.8611591934680105,535.75,518.5752952073767,0.5844878654678554,449,coif,217.80246913580248,181.0,166.32516494453617,81,0.48186386976947454,0.5930495234160287,0.4847804341365592,1,337.0
bior3.3,1,antisymmetric,4.2930394803538736e-27,323.76737428754046,10039146.903896786,0.5789473684210527,358.4887860036302,108,raw,3.7237702633353435e-14,-1.0900125246848869e-10,"[2, 5, 11, 17, 22, 25, 29, 38, 44, 52, 55, 60, 65, 74, 78, 84, 89, 95, 98, 101, 105]","[38.00000000000003, 367.9999999999999, 461.0, 193.0, 951.0, 153.9999999999999, 881.0, 242.99999999999997, 490.9999999999999, 186.0000000000001, 320.9999999999999, 943.0, 810.0, 205.0, 478.0, 275.9999999999999, 347.0, 78.99999999999989, 1008.0, 113.99999999999989, 893.0]",21,5.503561450723597,142550.2398983341,0.9139797465469273,4.365923718251291e-06,1.0,0.4907407407407407,67631.0,0.12910941990473743,0.15147910127183992,188156.12126451553,82872438.25058056,8,12069.57955741813,0.027777777777777776,"[0.0, 0.009259259259259259, 0.018518518518518517, 0.027777777777777776, 0.037037037037037035, 0.046296296296296294, 0.05555555555555555, 0.06481481481481481, 0.07407407407407407, 0.08333333333333333, 0.09259259259259259, 0.10185185185185185, 0.1111111111111111, 0.12037037037037036, 0.12962962962962962, 0.1388888888888889, 0.14814814814814814, 0.15740740740740738, 0.16666666666666666, 0.17592592592592593, 0.18518518518518517, 0.19444444444444442, 0.2037037037037037, 0.21296296296296297, 0.2222222222222222, 0.23148148148148145, 0.24074074074074073]","[67631.0, 1786.634631637001, 1155.9831840869392, 12069.57955741813, 1906.5778542068433, 950.591432763601, 9083.877197385176, 2481.2296367744843, 778.6316126029446, 8965.162396385991, 2042.6423114779172, 1606.717102154149, 6927.939836298324, 1790.9411989177922, 2115.064375989647, 4469.146453396725, 811.3124818658858, 852.4454942250578, 2613.518509595828, 1125.8336361545933, 622.5282936168377, 1595.9028958466977, 1672.0836322356424, 807.7671822537566, 3024.6344394117596, 842.7313814743649, 842.8235732269193]",3.0,0.3,145.14999999999998,15,0.5,1721880.1384885083,0.14445541615564295,0.12412575453778009,16430975.452705398,84089526828.82367,"[0.046875, 0.03125]",2,1721880.1384885083,0.046875,"[0.0, 0.015625, 0.03125, 0.046875, 0.0625, 0.078125, 0.09375, 0.109375, 0.125, 0.140625, 0.15625, 0.171875, 0.1875, 0.203125, 0.21875, 0.234375]","[154749.38571156544, 876106.9067082776, 1710291.3768915322, 1721880.1384885083, 1236443.3975593017, 1200279.693855527, 1385236.610142782, 1437054.0474222808, 1048940.293646122, 664501.8455342907, 393060.2971508249, 165807.0810689744, 58528.06662853257, 51528.95639390755, 141871.9518112762, 339557.7347245398]",3.0,0.3,flattop,64,32,145.14999999999998,15,21,449.5238095238095,38.00000000000003,1008.0,"[2, 5, 11, 17, 22, 25, 29, 38, 44, 52, 55, 60, 65, 74, 78, 84, 89, 95, 98, 101, 105]","[38.00000000000003, 367.9999999999999, 461.0, 193.0, 951.0, 153.9999999999999, 881.0, 242.99999999999997, 490.9999999999999, 186.0000000000001, 320.9999999999999, 943.0, 810.0, 205.0, 478.0, 275.9999999999999, 347.0, 78.99999999999989, 1008.0, 113.99999999999989, 893.0]","[1, 1, 1, 15, 1, 24, 27, 35, 35, 49, 35, 35, 63, 73, 73, 73, 35, 92, 35, 99, 99]","[3, 8, 18, 18, 35, 27, 35, 39, 49, 53, 56, 73, 73, 75, 81, 85, 92, 97, 106, 102, 106]",0.05,30,52684909.0,1016.0,-1016.0,DWT,uc1.l0082987033,4.656612873077393e-10,0.0,0.0,0.0,0.0,0.0,1.862645149230957e-09,0.0,1.0,84,0.0,0.0,1.0,84,,0.0,0.0,1.0,84,0.0,0.0,0.0,1.52587890625e-05,0.0,0.0,0.0,0.0,0.0,0.0,4.601610098255887e-14,0.0,0.0,0.0,2.842170943040401e-14,0.0,0.0,0.0,2.842170943040401e-14,2.842170943040401e-14,2.7755575615628914e-17,4.656612873077393e-10,0.0,1.3877787807814457e-17,0.0,0.0,0.0,2.7755575615628914e-17,0.9830798458564373,0.07595138233187562,0.08832649773302531,0.6745074977947666,0.14734685001947048,0.0,0.0,0.0,458,1.0007285866720075,0.5658090801680401,284,0,0,0.0,0.0,721,0,0,0.3938424147471151,0.5356970748009995,272,209.51431931970663,0.7293096649616193,433.75,371.4721976899379,0.5844545740828768,450,bior,385.74074074074076,410.0,199.97417605530825,135,0.8534087184529663,0.7130285416801533,0.18870533457887761,4,338.5
db24,1,periodic,2.6338020430390123e-26,315.8891918096875,12339859.985763494,0.551948051948052,379.8554624596168,108,raw,1.2200939846917647e-13,-1.1231093832719873e-10,"[2, 5, 11, 17, 22, 25, 29, 38, 44, 52, 55, 60, 65, 74, 78, 84, 89, 95, 98, 101, 105]","[37.99999999999986, 367.99999999999966, 461.00000000000045, 193.00000000000017, 951.0000000000001, 154.0, 880.9999999999995, 243.00000000000017, 490.99999999999983, 185.99999999999966, 321.00000000000045, 943.0000000000002, 810.0, 204.9999999999999, 477.9999999999999, 275.99999999999966, 347.0, 79.00000000000034, 1007.9999999999999, 113.99999999999989, 892.9999999999998]",21,6.043767190088054,103494.75363745165,0.8394631216503061,4.365923718251291e-06,1.0,0.4907407407407407,67631.0,0.12910941990473737,0.15147910127183994,188156.12126451556,82872438.25058056,8,12069.57955741813,0.027777777777777776,"[0.0, 0.009259259259259259, 0.018518518518518517, 0.027777777777777776, 0.037037037037037035, 0.046296296296296294, 0.05555555555555555, 0.06481481481481481, 0.07407407407407407, 0.08333333333333333, 0.09259259259259259, 0.10185185185185185, 0.1111111111111111, 0.12037037037037036, 0.12962962962962962, 0.1388888888888889, 0.14814814814814814, 0.15740740740740738, 0.16666666666666666, 0.17592592592592593, 0.18518518518518517, 0.19444444444444442, 0.2037037037037037, 0.21296296296296297, 0.2222222222222222, 0.23148148148148145, 0.24074074074074073]","[67631.0, 1786.634631637001, 1155.9831840869401, 12069.57955741813, 1906.5778542068447, 950.5914327636006, 9083.877197385178, 2481.2296367744834, 778.631612602945, 8965.162396385991, 2042.6423114779188, 1606.7171021541485, 6927.939836298322, 1790.9411989177947, 2115.064375989646, 4469.146453396726, 811.3124818658861, 852.4454942250566, 2613.518509595827, 1125.833636154592, 622.5282936168368, 1595.9028958466984, 1672.0836322356413, 807.7671822537579, 3024.6344394117605, 842.7313814743654, 842.82357322692]",3.0,0.3,145.15000000000012,15,0.5,1721880.1384885088,0.14445541615564297,0.1241257545377801,16430975.4527054,84089526828.82372,"[0.046875, 0.03125]",2,1721880.1384885088,0.046875,"[0.0, 0.015625, 0.03125, 0.046875, 0.0625, 0.078125, 0.09375, 0.109375, 0.125, 0.140625, 0.15625, 0.171875, 0.1875, 0.203125, 0.21875, 0.234375]","[154749.38571156532, 876106.9067082775, 1710291.3768915324, 1721880.1384885088, 1236443.3975593029, 1200279.693855527, 1385236.6101427816, 1437054.0474222812, 1048940.2936461226, 664501.8455342909, 393060.29715082527, 165807.08106897454, 58528.06662853265, 51528.95639390755, 141871.95181127626, 339557.7347245399]",3.0,0.3,flattop,64,32,145.15000000000012,15,21,449.5238095238095,37.99999999999986,1007.9999999999999,"[2, 5, 11, 17, 22, 25, 29, 38, 44, 52, 55, 60, 65, 74, 78, 84, 89, 95, 98, 101, 105]","[37.99999999999986, 367.99999999999966, 461.00000000000045, 193.00000000000017, 951.0000000000001, 154.0, 880.9999999999995, 243.00000000000017, 490.99999999999983, 185.99999999999966, 321.00000000000045, 943.0000000000002, 810.0, 204.9999999999999, 477.9999999999999, 275.99999999999966, 347.0, 79.00000000000034, 1007.9999999999999, 113.99999999999989, 892.9999999999998]","[1, 1, 1, 15, 1, 24, 27, 35, 35, 49, 35, 35, 63, 73, 73, 73, 35, 92, 35, 99, 99]","[3, 8, 18, 18, 35, 27, 35, 39, 49, 53, 56, 73, 73, 75, 81, 85, 92, 97, 106, 102, 106]",0.05,30,52684909.0,1016.0,-1016.0,DWT,uc1.l0082987033,0.0,0.0,0.0,0.0,0.0,1.1368683772161603e-13,0.0,0.0,1.0,84,0.0,0.0,1.0,84,,0.0,0.0,1.0,84,0.0,0.0,0.0,6.103515625e-05,0.0,0.0,0.0,0.0,0.0,0.0,2.0977928389107723e-13,0.0,0.0,0.0,1.1368683772161603e-13,0.0,0.0,0.0,1.1368683772161603e-13,1.4210854715202004e-13,8.326672684688674e-17,0.0,2.7755575615628914e-17,2.7755575615628914e-17,2.9103830456733704e-11,0.0,0.0,5.551115123125783e-17,0.9021971305584626,0.768140480669949,0.31150387168973487,0.3731408256547925,0.04162745287763393,0.0,0.0,0.0,656,1.24704776592789,0.7050772394858436,94,0,0,0.0,0.0,547,0,0,0.47932195229011454,0.6519647405031036,111,291.59675352559515,0.6232600083648642,352.0,173.91417248255544,0.584239823303879,451,db,413.2962962962963,398.0,188.41229481502944,243,0.9143723369387087,0.671803462110104,0.15839832550987273,5,339.5
bior1.1,1,smooth,1.6411433055147366e-26,317.94355805645716,9460241.573880227,0.5462962962962963,328.1355888153859,108,raw,1.0709129056791693e-13,-1.216075018461999e-10,"[2, 5, 11, 17, 22, 25, 29, 38, 44, 52, 55, 60, 65, 74, 78, 84, 89, 95, 98, 101, 105]","[38.0, 367.99999999999994, 461.00000000000006, 193.0, 951.0000000000002, 154.0, 881.0000000000002, 243.00000000000006, 491.00000000000017, 186.0, 321.0000000000001, 943.0000000000001, 810.0000000000002, 205.00000000000006, 478.0, 276.0, 347.0, 78.99999999999989, 1008.0000000000001, 114.0, 893.0000000000002]",21,5.569087067021978,95467.34242112485,0.8379720908410171,4.36592371825129e-06,1.0,0.4907407407407407,67631.00000000003,0.1291094199047374,0.15147910127183992,188156.1212645156,82872438.25058065,8,12069.579557418136,0.027777777777777776,"[0.0, 0.009259259259259259, 0.018518518518518517, 0.027777777777777776, 0.037037037037037035, 0.046296296296296294, 0.05555555555555555, 0.06481481481481481, 0.07407407407407407, 0.08333333333333333, 0.09259259259259259, 0.10185185185185185, 0.1111111111111111, 0.12037037037037036, 0.12962962962962962, 0.1388888888888889, 0.14814814814814814, 0.15740740740740738, 0.16666666666666666, 0.17592592592592593, 0.18518518518518517, 0.19444444444444442, 0.2037037037037037, 0.21296296296296297, 0.2222222222222222, 0.23148148148148145, 0.24074074074074073]","[67631.00000000003, 1786.6346316370007, 1155.9831840869397, 12069.579557418136, 1906.5778542068429, 950.5914327636018, 9083.87719738518, 2481.2296367744843, 778.6316126029438, 8965.162396385995, 2042.6423114779186, 1606.7171021541496, 6927.939836298325, 1790.9411989177936, 2115.064375989648, 4469.146453396728, 811.312481865886, 852.4454942250575, 2613.518509595831, 1125.8336361545946, 622.5282936168368, 1595.9028958466956, 1672.0836322356424, 807.7671822537576, 3024.63443941176, 842.7313814743655, 842.8235732269204]",3.0,0.3,145.15000000000003,15,0.5,1721880.1384885092,0.14445541615564297,0.1241257545377801,16430975.452705404,84089526828.82372,"[0.046875, 0.03125]",2,1721880.1384885092,0.046875,"[0.0, 0.015625, 0.03125, 0.046875, 0.0625, 0.078125, 0.09375, 0.109375, 0.125, 0.140625, 0.15625, 0.171875, 0.1875, 0.203125, 0.21875, 0.234375]","[154749.38571156512, 876106.9067082775, 1710291.3768915324, 1721880.1384885092, 1236443.3975593026, 1200279.6938555276, 1385236.610142782, 1437054.0474222815, 1048940.2936461228, 664501.8455342911, 393060.2971508255, 165807.0810689747, 58528.06662853267, 51528.95639390755, 141871.9518112762, 339557.73472454]",3.0,0.3,flattop,64,32,145.15000000000003,15,21,449.52380952380963,38.0,1008.0000000000001,"[2, 5, 11, 17, 22, 25, 29, 38, 44, 52, 55, 60, 65, 74, 78, 84, 89, 95, 98, 101, 105]","[38.0, 367.99999999999994, 461.00000000000006, 193.0, 951.0000000000002, 154.0, 881.0000000000002, 243.00000000000006, 491.00000000000017, 186.0, 321.0000000000001, 943.0000000000001, 810.0000000000002, 205.00000000000006, 478.0, 276.0, 347.0, 78.99999999999989, 1008.0000000000001, 114.0, 893.0000000000002]","[1, 1, 1, 15, 1, 24, 27, 35, 35, 49, 35, 35, 63, 73, 73, 73, 35, 92, 35, 99, 99]","[3, 8, 18, 18, 35, 27, 35, 39, 49, 53, 56, 73, 73, 75, 81, 85, 92, 97, 106, 102, 106]",0.05,30,52684909.00000001,1016.0000000000001,-1016.0000000000001,DWT,uc1.l0082987033,4.656612873077393e-10,0.0,1.1368683772161603e-13,8.940696716308594e-08,0.0,1.1368683772161603e-13,3.725290298461914e-09,1.1368683772161603e-13,1.0,84,0.0,5.4569682106375694e-12,1.0,84,,0.0,0.0,1.0,84,0.0,0.0,7.450580596923828e-09,6.103515625e-05,2.9103830456733704e-11,0.0,0.0,0.0,1.1368683772161603e-13,1.8189894035458565e-12,8.391171355643087e-14,0.0,1.1368683772161603e-13,0.0,2.842170943040401e-14,0.0,0.0,0.0,2.842170943040401e-14,0.0,5.551115123125783e-17,4.656612873077393e-10,0.0,2.7755575615628914e-17,5.820766091346741e-11,0.0,0.0,5.551115123125783e-17,0.9232886349406415,0.1599122031054272,0.03217061617572511,0.31005586592178774,0.019898032618189163,3.135877575339459e-05,1.5679387876697293e-05,3.135877575339459e-05,301,0.7819961500209518,0.44213838620293305,592,0,0,3.135877575339459e-05,3.135877575339459e-05,277,0,0,0.2890650705523542,0.393180893991497,642,190.71968959706285,0.7535921323035364,453.0,392.95861283556536,0.5841604072370394,452,bior,385.74074074074076,410.0,199.97417605530825,135,0.8534087184529663,0.7130285416801533,0.18870533457887761,4,340.0
bior1.1,1,zero,1.6411433055147366e-26,317.94355805645716,9460241.573880227,0.5462962962962963,328.1355888153859,108,raw,1.0709129056791693e-13,-1.216075018461999e-10,"[2, 5, 11, 17, 22, 25, 29, 38, 44, 52, 55, 60, 65, 74, 78, 84, 89, 95, 98, 101, 105]","[38.0, 367.99999999999994, 461.00000000000006, 193.0, 951.0000000000002, 154.0, 881.0000000000002, 243.00000000000006, 491.00000000000017, 186.0, 321.0000000000001, 943.0000000000001, 810.0000000000002, 205.00000000000006, 478.0, 276.0, 347.0, 78.99999999999989, 1008.0000000000001, 114.0, 893.0000000000002]",21,5.569087067021978,95467.34242112485,0.8379720908410171,4.36592371825129e-06,1.0,0.4907407407407407,67631.00000000003,0.1291094199047374,0.15147910127183992,188156.1212645156,82872438.25058065,8,12069.579557418136,0.027777777777777776,"[0.0, 0.009259259259259259, 0.018518518518518517, 0.027777777777777776, 0.037037037037037035, 0.046296296296296294, 0.05555555555555555, 0.06481481481481481, 0.07407407407407407, 0.08333333333333333, 0.09259259259259259, 0.10185185185185185, 0.1111111111111111, 0.12037037037037036, 0.12962962962962962, 0.1388888888888889, 0.14814814814814814, 0.15740740740740738, 0.16666666666666666, 0.17592592592592593, 0.18518518518518517, 0.19444444444444442, 0.2037037037037037, 0.21296296296296297, 0.2222222222222222, 0.23148148148148145, 0.24074074074074073]","[67631.00000000003, 1786.6346316370007, 1155.9831840869397, 12069.579557418136, 1906.5778542068429, 950.5914327636018, 9083.87719738518, 2481.2296367744843, 778.6316126029438, 8965.162396385995, 2042.6423114779186, 1606.7171021541496, 6927.939836298325, 1790.9411989177936, 2115.064375989648, 4469.146453396728, 811.312481865886, 852.4454942250575, 2613.518509595831, 1125.8336361545946, 622.5282936168368, 1595.9028958466956, 1672.0836322356424, 807.7671822537576, 3024.63443941176, 842.7313814743655, 842.8235732269204]",3.0,0.3,145.15000000000003,15,0.5,1721880.1384885092,0.14445541615564297,0.1241257545377801,16430975.452705404,84089526828.82372,"[0.046875, 0.03125]",2,1721880.1384885092,0.046875,"[0.0, 0.015625, 0.03125, 0.046875, 0.0625, 0.078125, 0.09375, 0.109375, 0.125, 0.140625, 0.15625, 0.171875, 0.1875, 0.203125, 0.21875, 0.234375]","[154749.38571156512, 876106.9067082775, 1710291.3768915324, 1721880.1384885092, 1236443.3975593026, 1200279.6938555276, 1385236.610142782, 1437054.0474222815, 1048940.2936461228, 664501.8455342911, 393060.2971508255, 165807.0810689747, 58528.06662853267, 51528.95639390755, 141871.9518112762, 339557.73472454]",3.0,0.3,flattop,64,32,145.15000000000003,15,21,449.52380952380963,38.0,1008.0000000000001,"[2, 5, 11, 17, 22, 25, 29, 38, 44, 52, 55, 60, 65, 74, 78, 84, 89, 95, 98, 101, 105]","[38.0, 367.99999999999994, 461.00000000000006, 193.0, 951.0000000000002, 154.0, 881.0000000000002, 243.00000000000006, 491.00000000000017, 186.0, 321.0000000000001, 943.0000000000001, 810.0000000000002, 205.00000000000006, 478.0, 276.0, 347.0, 78.99999999999989, 1008.0000000000001, 114.0, 893.0000000000002]","[1, 1, 1, 15, 1, 24, 27, 35, 35, 49, 35, 35, 63, 73, 73, 73, 35, 92, 35, 99, 99]","[3, 8, 18, 18, 35, 27, 35, 39, 49, 53, 56, 73, 73, 75, 81, 85, 92, 97, 106, 102, 106]",0.05,30,52684909.00000001,1016.0000000000001,-1016.0000000000001,DWT,uc1.l0082987033,4.656612873077393e-10,0.0,1.1368683772161603e-13,8.940696716308594e-08,0.0,1.1368683772161603e-13,3.725290298461914e-09,1.1368683772161603e-13,1.0,84,0.0,5.4569682106375694e-12,1.0,84,,0.0,0.0,1.0,84,0.0,0.0,7.450580596923828e-09,6.103515625e-05,2.9103830456733704e-11,0.0,0.0,0.0,1.1368683772161603e-13,1.8189894035458565e-12,8.391171355643087e-14,0.0,1.1368683772161603e-13,0.0,2.842170943040401e-14,0.0,0.0,0.0,2.842170943040401e-14,0.0,5.551115123125783e-17,4.656612873077393e-10,0.0,2.7755575615628914e-17,5.820766091346741e-11,0.0,0.0,5.551115123125783e-17,0.9232886349406415,0.1599122031054272,0.03217061617572511,0.31005586592178774,0.019898032618189163,3.135877575339459e-05,1.5679387876697293e-05,3.135877575339459e-05,339,0.7819961500209518,0.44213838620293305,603,0,0,3.135877575339459e-05,3.135877575339459e-05,300,0,0,0.2890650705523542,0.393180893991497,636,174.45629825259965,0.7746042658235146,469.5,420.4380097409231,0.5840075592683465,453,bior,385.74074074074076,410.0,199.97417605530825,135,0.8534087184529663,0.7130285416801533,0.18870533457887761,4,340.75
db1,1,periodic,1.6411433055147366e-26,317.94355805645716,9460241.573880227,0.5462962962962963,328.1355888153859,108,raw,1.0709129056791693e-13,-1.216075018461999e-10,"[2, 5, 11, 17, 22, 25, 29, 38, 44, 52, 55, 60, 65, 74, 78, 84, 89, 95, 98, 101, 105]","[38.0, 367.99999999999994, 461.00000000000006, 193.0, 951.0000000000002, 154.0, 881.0000000000002, 243.00000000000006, 491.00000000000017, 186.0, 321.0000000000001, 943.0000000000001, 810.0000000000002, 205.00000000000006, 478.0, 276.0, 347.0, 78.99999999999989, 1008.0000000000001, 114.0, 893.0000000000002]",21,5.569087067021978,95467.34242112485,0.8379720908410171,4.36592371825129e-06,1.0,0.4907407407407407,67631.00000000003,0.1291094199047374,0.15147910127183992,188156.1212645156,82872438.25058065,8,12069.579557418136,0.027777777777777776,"[0.0, 0.009259259259259259, 0.018518518518518517, 0.027777777777777776, 0.037037037037037035, 0.046296296296296294, 0.05555555555555555, 0.06481481481481481, 0.07407407407407407, 0.08333333333333333, 0.09259259259259259, 0.10185185185185185, 0.1111111111111111, 0.12037037037037036, 0.12962962962962962, 0.1388888888888889, 0.14814814814814814, 0.15740740740740738, 0.16666666666666666, 0.17592592592592593, 0.18518518518518517, 0.19444444444444442, 0.2037037037037037, 0.21296296296296297, 0.2222222222222222, 0.23148148148148145, 0.24074074074074073]","[67631.00000000003, 1786.6346316370007, 1155.9831840869397, 12069.579557418136, 1906.5778542068429, 950.5914327636018, 9083.87719738518, 2481.2296367744843, 778.6316126029438, 8965.162396385995, 2042.6423114779186, 1606.7171021541496, 6927.939836298325, 1790.9411989177936, 2115.064375989648, 4469.146453396728, 811.312481865886, 852.4454942250575, 2613.518509595831, 1125.8336361545946, 622.5282936168368, 1595.9028958466956, 1672.0836322356424, 807.7671822537576, 3024.63443941176, 842.7313814743655, 842.8235732269204]",3.0,0.3,145.15000000000003,15,0.5,1721880.1384885092,0.14445541615564297,0.1241257545377801,16430975.452705404,84089526828.82372,"[0.046875, 0.03125]",2,1721880.1384885092,0.046875,"[0.0, 0.015625, 0.03125, 0.046875, 0.0625, 0.078125, 0.09375, 0.109375, 0.125, 0.140625, 0.15625, 0.171875, 0.1875, 0.203125, 0.21875, 0.234375]","[154749.38571156512, 876106.9067082775, 1710291.3768915324, 1721880.1384885092, 1236443.3975593026, 1200279.6938555276, 1385236.610142782, 1437054.0474222815, 1048940.2936461228, 664501.8455342911, 393060.2971508255, 165807.0810689747, 58528.06662853267, 51528.95639390755, 141871.9518112762, 339557.73472454]",3.0,0.3,flattop,64,32,145.15000000000003,15,21,449.52380952380963,38.0,1008.0000000000001,"[2, 5, 11, 17, 22, 25, 29, 38, 44, 52, 55, 60, 65, 74, 78, 84, 89, 95, 98, 101, 105]","[38.0, 367.99999999999994, 461.00000000000006, 193.0, 951.0000000000002, 154.0, 881.0000000000002, 243.00000000000006, 491.00000000000017, 186.0, 321.0000000000001, 943.0000000000001, 810.0000000000002, 205.00000000000006, 478.0, 276.0, 347.0, 78.99999999999989, 1008.0000000000001, 114.0, 893.0000000000002]","[1, 1, 1, 15, 1, 24, 27, 35, 35, 49, 35, 35, 63, 73, 73, 73, 35, 92, 35, 99, 99]","[3, 8, 18, 18, 35, 27, 35, 39, 49, 53, 56, 73, 73, 75, 81, 85, 92, 97, 106, 102, 106]",0.05,30,52684909.00000001,1016.0000000000001,-1016.0000000000001,DWT,uc1.l0082987033,4.656612873077393e-10,0.0,1.1368683772161603e-13,8.940696716308594e-08,0.0,1.1368683772161603e-13,3.725290298461914e-09,1.1368683772161603e-13,1.0,84,0.0,5.4569682106375694e-12,1.0,84,,0.0,0.0,1.0,84,0.0,0.0,7.450580596923828e-09,6.103515625e-05,2.9103830456733704e-11,0.0,0.0,0.0,1.1368683772161603e-13,1.8189894035458565e-12,8.391171355643087e-14,0.0,1.1368683772161603e-13,0.0,2.842170943040401e-14,0.0,0.0,0.0,2.842170943040401e-14,0.0,5.551115123125783e-17,4.656612873077393e-10,0.0,2.7755575615628914e-17,5.820766091346741e-11,0.0,0.0,5.551115123125783e-17,0.9232886349406415,0.1599122031054272,0.03217061617572511,0.31005586592178774,0.019898032618189163,3.135877575339459e-05,1.5679387876697293e-05,3.135877575339459e-05,323,0.7819961500209518,0.44213838620293305,587,0,0,3.135877575339459e-05,3.135877575339459e-05,283,0,0,0.2890650705523542,0.393180893991497,648,184.00249092516836,0.762270683559214,460.25,405.008680543427,0.5838162203325785,454,db,413.2962962962963,398.0,188.41229481502944,243,0.9143723369387087,0.671803462110104,0.15839832550987273,5,341.75
bior2.2,1,smooth,2.9495217075507995e-27,325.3975071439447,9490922.99451764,0.5535714285714286,312.0171074159081,108,raw,2.8684873406611447e-14,-1.116884362772914e-10,"[2, 5, 11, 17, 22, 25, 29, 38, 44, 52, 55, 60, 65, 74, 78, 84, 89, 95, 98, 101, 105]","[38.00000000000003, 367.9999999999998, 461.0, 193.0, 951.0, 153.9999999999999, 881.0, 243.00000000000006, 491.0, 186.0000000000001, 321.0, 942.9999999999999, 810.0, 205.00000000000006, 478.00000000000006, 276.0, 347.0, 78.99999999999989, 1008.0000000000001, 114.00000000000011, 893.0000000000001]",21,5.569712934456973,103866.29504145408,0.84779396048337,4.365923718251291e-06,1.0,0.4907407407407407,67631.0,0.1291094199047374,0.15147910127183992,188156.12126451553,82872438.25058056,8,12069.57955741813,0.027777777777777776,"[0.0, 0.009259259259259259, 0.018518518518518517, 0.027777777777777776, 0.037037037037037035, 0.046296296296296294, 0.05555555555555555, 0.06481481481481481, 0.07407407407407407, 0.08333333333333333, 0.09259259259259259, 0.10185185185185185, 0.1111111111111111, 0.12037037037037036, 0.12962962962962962, 0.1388888888888889, 0.14814814814814814, 0.15740740740740738, 0.16666666666666666, 0.17592592592592593, 0.18518518518518517, 0.19444444444444442, 0.2037037037037037, 0.21296296296296297, 0.2222222222222222, 0.23148148148148145, 0.24074074074074073]","[67631.0, 1786.6346316370018, 1155.983184086939, 12069.57955741813, 1906.5778542068429, 950.5914327636009, 9083.877197385176, 2481.229636774484, 778.6316126029453, 8965.162396385991, 2042.6423114779177, 1606.717102154149, 6927.939836298323, 1790.9411989177931, 2115.064375989648, 4469.146453396725, 811.312481865886, 852.4454942250585, 2613.518509595828, 1125.833636154594, 622.5282936168377, 1595.902895846698, 1672.0836322356424, 807.7671822537568, 3024.634439411759, 842.7313814743652, 842.8235732269203]",3.0,0.3,145.14999999999998,15,0.5,1721880.1384885088,0.14445541615564292,0.12412575453778008,16430975.4527054,84089526828.82368,"[0.046875, 0.03125]",2,1721880.1384885088,0.046875,"[0.0, 0.015625, 0.03125, 0.046875, 0.0625, 0.078125, 0.09375, 0.109375, 0.125, 0.140625, 0.15625, 0.171875, 0.1875, 0.203125, 0.21875, 0.234375]","[154749.3857115655, 876106.9067082781, 1710291.3768915324, 1721880.1384885088, 1236443.3975593026, 1200279.6938555269, 1385236.6101427814, 1437054.0474222805, 1048940.2936461219, 664501.8455342907, 393060.29715082515, 165807.08106897442, 58528.06662853257, 51528.9563939075, 141871.95181127617, 339557.73472453986]",3.0,0.3,flattop,64,32,145.14999999999998,15,21,449.5238095238095,38.00000000000003,1008.0000000000001,"[2, 5, 11, 17, 22, 25, 29, 38, 44, 52, 55, 60, 65, 74, 78, 84, 89, 95, 98, 101, 105]","[38.00000000000003, 367.9999999999998, 461.0, 193.0, 951.0, 153.9999999999999, 881.0, 243.00000000000006, 491.0, 186.0000000000001, 321.0, 942.9999999999999, 810.0, 205.00000000000006, 478.00000000000006, 276.0, 347.0, 78.99999999999989, 1008.0000000000001, 114.00000000000011, 893.0000000000001]","[1, 1, 1, 15, 1, 24, 27, 35, 35, 49, 35, 35, 63, 73, 73, 73, 35, 92, 35, 99, 99]","[3, 8, 18, 18, 35, 27, 35, 39, 49, 53, 56, 73, 73, 75, 81, 85, 92, 97, 106, 102, 106]",0.05,30,52684909.0,1016.0000000000001,-1016.0000000000001,DWT,uc1.l0082987033,0.0,0.0,0.0,0.0,0.0,1.1368683772161603e-13,0.0,1.1368683772161603e-13,1.0,84,0.0,0.0,1.0,84,,0.0,0.0,1.0,84,0.0,0.0,0.0,3.0517578125e-05,0.0,0.0,0.0,0.0,0.0,0.0,5.819683359558915e-14,0.0,1.1368683772161603e-13,0.0,2.842170943040401e-14,0.0,0.0,0.0,2.842170943040401e-14,2.842170943040401e-14,5.551115123125783e-17,0.0,0.0,0.0,0.0,0.0,0.0,0.0,0.9998158851768101,0.16071415425836796,0.03514682339647212,0.39126097366320883,0.04263317926859453,0.0,0.0,0.0,523,0.8713776811062273,0.492674448189085,497,0,0,0.0,0.0,686,0,0,0.32591420315269076,0.44330239387014625,527,86.19889790478763,0.8886319148516956,558.25,549.4975376747384,0.5836893424387677,455,bior,385.74074074074076,410.0,199.97417605530825,135,0.8534087184529663,0.7130285416801533,0.18870533457887761,4,342.25
sym11,1,smooth,4.559517909567667e-23,283.5058338524624,9399009.560884226,0.5625,345.21796637842044,108,raw,5.303609403502682e-12,-1.102118396545892e-10,"[2, 5, 11, 17, 22, 25, 29, 38, 44, 52, 55, 60, 65, 74, 78, 84, 89, 95, 98, 101, 105]","[38.000000000002956, 368.00000000001523, 461.0000000000091, 193.00000000000944, 951.0000000000113, 154.00000000001194, 881.0000000000318, 243.00000000000858, 491.00000000001063, 186.0000000000058, 321.0000000000124, 943.000000000008, 810.0000000000298, 205.00000000000767, 478.0000000000143, 276.0000000000067, 347.0000000000098, 78.99999999999648, 1008.0000000000159, 114.00000000000932, 893.0000000000334]",21,5.7070560236892565,111343.06376045849,0.8718834083755613,4.365923718251087e-06,1.0,0.4907407407407407,67631.0,0.12910941990473881,0.15147910127183986,188156.12126451827,82872438.25058056,8,12069.579557418163,0.027777777777777776,"[0.0, 0.009259259259259259, 0.018518518518518517, 0.027777777777777776, 0.037037037037037035, 0.046296296296296294, 0.05555555555555555, 0.06481481481481481, 0.07407407407407407, 0.08333333333333333, 0.09259259259259259, 0.10185185185185185, 0.1111111111111111, 0.12037037037037036, 0.12962962962962962, 0.1388888888888889, 0.14814814814814814, 0.15740740740740738, 0.16666666666666666, 0.17592592592592593, 0.18518518518518517, 0.19444444444444442, 0.2037037037037037, 0.21296296296296297, 0.2222222222222222, 0.23148148148148145, 0.24074074074074073]","[67631.0, 1786.634631637004, 1155.9831840869397, 12069.579557418163, 1906.577854206852, 950.5914327636111, 9083.877197385264, 2481.229636774513, 778.6316126029549, 8965.162396386157, 2042.6423114779643, 1606.7171021541853, 6927.9398362985, 1790.9411989178416, 2115.0643759897093, 4469.146453396864, 811.3124818659142, 852.4454942250858, 2613.51850959592, 1125.8336361546346, 622.5282936168595, 1595.9028958467584, 1672.0836322357104, 807.7671822537919, 3024.6344394118873, 842.7313814743997, 842.8235732269538]",3.0,0.3,145.1499999999933,15,0.5,1721880.13848853,0.14445541615564467,0.12412575453777985,16430975.45270606,84089526828.8279,"[0.046875, 0.03125]",2,1721880.13848853,0.046875,"[0.0, 0.015625, 0.03125, 0.046875, 0.0625, 0.078125, 0.09375, 0.109375, 0.125, 0.140625, 0.15625, 0.171875, 0.1875, 0.203125, 0.21875, 0.234375]","[154749.38571156588, 876106.9067082849, 1710291.3768915508, 1721880.13848853, 1236443.3975593292, 1200279.693855569, 1385236.610142841, 1437054.047422349, 1048940.293646178, 664501.8455343298, 393060.29715084983, 165807.08106898557, 58528.06662853692, 51528.95639391197, 141871.95181128866, 339557.73472456925]",3.0,0.3,flattop,64,32,145.1499999999933,15,21,449.5238095238218,38.000000000002956,1008.0000000000159,"[2, 5, 11, 17, 22, 25, 29, 38, 44, 52, 55, 60, 65, 74, 78, 84, 89, 95, 98, 101, 105]","[38.000000000002956, 368.00000000001523, 461.0000000000091, 193.00000000000944, 951.0000000000113, 154.00000000001194, 881.0000000000318, 243.00000000000858, 491.00000000001063, 186.0000000000058, 321.0000000000124, 943.000000000008, 810.0000000000298, 205.00000000000767, 478.0000000000143, 276.0000000000067, 347.0000000000098, 78.99999999999648, 1008.0000000000159, 114.00000000000932, 893.0000000000334]","[1, 1, 1, 15, 1, 24, 27, 35, 35, 49, 35, 35, 63, 73, 73, 73, 35, 92, 35, 99, 99]","[3, 8, 18, 18, 35, 27, 35, 39, 49, 53, 56, 73, 73, 75, 81, 85, 92, 97, 106, 102, 106]",0.05,30,52684909.00000036,1016.0000000000048,-1016.0000000000048,DWT,uc1.l0082987033,2.1187588572502136e-08,0.0,1.2278178473934531e-11,0.0,0.0,1.5916157281026244e-11,6.593763828277588e-07,4.774847184307873e-12,1.0,84,0.0,3.2741809263825417e-11,1.0,84,,0.0,0.0,1.0,84,0.0,0.0,3.5762786865234375e-07,0.004241943359375,0.0,0.0,0.0,0.0,1.2278178473934531e-11,2.582964953035116e-10,1.2741046313229679e-11,0.0,4.774847184307873e-12,0.0,6.707523425575346e-12,0.0,0.0,0.0,6.707523425575346e-12,2.9558577807620168e-12,1.3600232051658168e-15,2.1187588572502136e-08,5.551115123125783e-17,2.220446049250313e-16,2.735760062932968e-09,0.0,0.0,1.7486012637846216e-15,0.5697278168036923,0.3366978252399183,0.0262308925438488,0.49092178770949735,0.062872063922651,0.0015052212361629403,0.0007526106180814701,0.0015052212361629403,201,0.7448185896269582,0.4211182999082346,627,0,0,0.0015052212361629403,0.0015052212361629403,203,0,0,0.2972900772439216,0.4043683940166542,598,237.2992133713609,0.6934118690292495,407.25,303.75817465280113,0.5836245391657875,456,sym,445.72514619883043,505.0,280.45746329325993,171,0.986117580085908,1.0,0.009717693939864401,6,343.5
haar,1,smooth,1.6411433055147366e-26,317.94355805645716,9460241.573880227,0.5462962962962963,328.1355888153859,108,raw,1.0709129056791693e-13,-1.216075018461999e-10,"[2, 5, 11, 17, 22, 25, 29, 38, 44, 52, 55, 60, 65, 74, 78, 84, 89, 95, 98, 101, 105]","[38.0, 367.99999999999994, 461.00000000000006, 193.0, 951.0000000000002, 154.0, 881.0000000000002, 243.00000000000006, 491.00000000000017, 186.0, 321.0000000000001, 943.0000000000001, 810.0000000000002, 205.00000000000006, 478.0, 276.0, 347.0, 78.99999999999989, 1008.0000000000001, 114.0, 893.0000000000002]",21,5.569087067021978,95467.34242112485,0.8379720908410171,4.36592371825129e-06,1.0,0.4907407407407407,67631.00000000003,0.1291094199047374,0.15147910127183992,188156.1212645156,82872438.25058065,8,12069.579557418136,0.027777777777777776,"[0.0, 0.009259259259259259, 0.018518518518518517, 0.027777777777777776, 0.037037037037037035, 0.046296296296296294, 0.05555555555555555, 0.06481481481481481, 0.07407407407407407, 0.08333333333333333, 0.09259259259259259, 0.10185185185185185, 0.1111111111111111, 0.12037037037037036, 0.12962962962962962, 0.1388888888888889, 0.14814814814814814, 0.15740740740740738, 0.16666666666666666, 0.17592592592592593, 0.18518518518518517, 0.19444444444444442, 0.2037037037037037, 0.21296296296296297, 0.2222222222222222, 0.23148148148148145, 0.24074074074074073]","[67631.00000000003, 1786.6346316370007, 1155.9831840869397, 12069.579557418136, 1906.5778542068429, 950.5914327636018, 9083.87719738518, 2481.2296367744843, 778.6316126029438, 8965.162396385995, 2042.6423114779186, 1606.7171021541496, 6927.939836298325, 1790.9411989177936, 2115.064375989648, 4469.146453396728, 811.312481865886, 852.4454942250575, 2613.518509595831, 1125.8336361545946, 622.5282936168368, 1595.9028958466956, 1672.0836322356424, 807.7671822537576, 3024.63443941176, 842.7313814743655, 842.8235732269204]",3.0,0.3,145.15000000000003,15,0.5,1721880.1384885092,0.14445541615564297,0.1241257545377801,16430975.452705404,84089526828.82372,"[0.046875, 0.03125]",2,1721880.1384885092,0.046875,"[0.0, 0.015625, 0.03125, 0.046875, 0.0625, 0.078125, 0.09375, 0.109375, 0.125, 0.140625, 0.15625, 0.171875, 0.1875, 0.203125, 0.21875, 0.234375]","[154749.38571156512, 876106.9067082775, 1710291.3768915324, 1721880.1384885092, 1236443.3975593026, 1200279.6938555276, 1385236.610142782, 1437054.0474222815, 1048940.2936461228, 664501.8455342911, 393060.2971508255, 165807.0810689747, 58528.06662853267, 51528.95639390755, 141871.9518112762, 339557.73472454]",3.0,0.3,flattop,64,32,145.15000000000003,15,21,449.52380952380963,38.0,1008.0000000000001,"[2, 5, 11, 17, 22, 25, 29, 38, 44, 52, 55, 60, 65, 74, 78, 84, 89, 95, 98, 101, 105]","[38.0, 367.99999999999994, 461.00000000000006, 193.0, 951.0000000000002, 154.0, 881.0000000000002, 243.00000000000006, 491.00000000000017, 186.0, 321.0000000000001, 943.0000000000001, 810.0000000000002, 205.00000000000006, 478.0, 276.0, 347.0, 78.99999999999989, 1008.0000000000001, 114.0, 893.0000000000002]","[1, 1, 1, 15, 1, 24, 27, 35, 35, 49, 35, 35, 63, 73, 73, 73, 35, 92, 35, 99, 99]","[3, 8, 18, 18, 35, 27, 35, 39, 49, 53, 56, 73, 73, 75, 81, 85, 92, 97, 106, 102, 106]",0.05,30,52684909.00000001,1016.0000000000001,-1016.0000000000001,DWT,uc1.l0082987033,4.656612873077393e-10,0.0,1.1368683772161603e-13,8.940696716308594e-08,0.0,1.1368683772161603e-13,3.725290298461914e-09,1.1368683772161603e-13,1.0,84,0.0,5.4569682106375694e-12,1.0,84,,0.0,0.0,1.0,84,0.0,0.0,7.450580596923828e-09,6.103515625e-05,2.9103830456733704e-11,0.0,0.0,0.0,1.1368683772161603e-13,1.8189894035458565e-12,8.391171355643087e-14,0.0,1.1368683772161603e-13,0.0,2.842170943040401e-14,0.0,0.0,0.0,2.842170943040401e-14,0.0,5.551115123125783e-17,4.656612873077393e-10,0.0,2.7755575615628914e-17,5.820766091346741e-11,0.0,0.0,5.551115123125783e-17,0.9232886349406415,0.1599122031054272,0.03217061617572511,0.31005586592178774,0.019898032618189163,3.135877575339459e-05,1.5679387876697293e-05,3.135877575339459e-05,255,0.7819961500209518,0.44213838620293305,590,0,0,3.135877575339459e-05,3.135877575339459e-05,269,0,0,0.2890650705523542,0.393180893991497,643,205.89054535521214,0.7339915434687181,439.25,367.337591960744,0.5832425417601989,457,haar,452.0,457.0,26.739483914241873,9,1.0,0.09534238668586177,0.27139728399424146,2,343.25
sym18,1,symmetric,1.351928012192183e-18,238.7854874438412,11590643.991020663,0.5563380281690141,402.0498647621606,108,raw,8.921475081325318e-10,-1.6253065716930305e-10,"[2, 5, 11, 17, 22, 25, 29, 38, 44, 52, 55, 60, 65, 74, 78, 84, 89, 95, 98, 101, 105]","[38.000000000575255, 368.0000000026818, 461.0000000013109, 193.00000000192472, 951.0000000015573, 154.0000000025999, 881.0000000057283, 243.0000000016521, 491.0000000014367, 186.00000000096782, 321.0000000020748, 943.0000000008604, 810.0000000053169, 205.00000000157263, 478.00000000246126, 276.00000000123475, 347.0000000016462, 78.9999999989351, 1008.0000000027051, 114.00000000208308, 893.0000000056492]",21,6.033575643271298,96680.02330793049,0.7801903995838445,4.365923718217216e-06,1.0,0.4907407407407407,67631.00000000006,0.12910941990498362,0.15147910127182032,188156.12126497045,82872438.25057814,8,12069.579557422298,0.027777777777777776,"[0.0, 0.009259259259259259, 0.018518518518518517, 0.027777777777777776, 0.037037037037037035, 0.046296296296296294, 0.05555555555555555, 0.06481481481481481, 0.07407407407407407, 0.08333333333333333, 0.09259259259259259, 0.10185185185185185, 0.1111111111111111, 0.12037037037037036, 0.12962962962962962, 0.1388888888888889, 0.14814814814814814, 0.15740740740740738, 0.16666666666666666, 0.17592592592592593, 0.18518518518518517, 0.19444444444444442, 0.2037037037037037, 0.21296296296296297, 0.2222222222222222, 0.23148148148148145, 0.24074074074074073]","[67631.00000000006, 1786.6346316370386, 1155.9831840870381, 12069.579557422298, 1906.5778542081314, 950.591432764501, 9083.87719739628, 2481.229636778271, 778.631612604579, 8965.16239640711, 2042.6423114836632, 1606.7171021593226, 6927.939836323477, 1790.9411989250746, 2115.0643759991926, 4469.146453418907, 811.3124818702815, 852.445494229979, 2613.518509612047, 1125.833636162085, 622.5282936213066, 1595.9028958582223, 1672.0836322482573, 807.7671822605432, 3024.6344394368803, 842.7313814814486, 842.8235732339641]",3.0,0.3,145.1499999988565,15,0.5,1721880.1384910475,0.14445541615597698,0.12412575453773586,16430975.452809764,84089526829.3532,"[0.046875, 0.03125]",2,1721880.1384910475,0.046875,"[0.0, 0.015625, 0.03125, 0.046875, 0.0625, 0.078125, 0.09375, 0.109375, 0.125, 0.140625, 0.15625, 0.171875, 0.1875, 0.203125, 0.21875, 0.234375]","[154749.3857115967, 876106.9067090931, 1710291.3768937688, 1721880.1384910475, 1236443.3975625895, 1200279.6938609045, 1385236.6101507484, 1437054.0474318387, 1048940.2936543792, 664501.8455403724, 393060.29715483036, 165807.0810708275, 58528.066629297806, 51528.95639477929, 141871.9518137792, 339557.7347304489]",3.0,0.3,flattop,64,32,145.1499999988565,15,21,449.52380952595115,38.000000000575255,1008.0000000027051,"[2, 5, 11, 17, 22, 25, 29, 38, 44, 52, 55, 60, 65, 74, 78, 84, 89, 95, 98, 101, 105]","[38.000000000575255, 368.0000000026818, 461.0000000013109, 193.00000000192472, 951.0000000015573, 154.0000000025999, 881.0000000057283, 243.0000000016521, 491.0000000014367, 186.00000000096782, 321.0000000020748, 943.0000000008604, 810.0000000053169, 205.00000000157263, 478.00000000246126, 276.00000000123475, 347.0000000016462, 78.9999999989351, 1008.0000000027051, 114.00000000208308, 893.0000000056492]","[1, 1, 1, 15, 1, 24, 27, 35, 35, 49, 35, 35, 63, 73, 73, 73, 35, 92, 35, 99, 99]","[3, 8, 18, 18, 35, 27, 35, 39, 49, 53, 56, 73, 73, 75, 81, 85, 92, 97, 106, 102, 106]",0.05,30,52684909.0000562,1016.0000000007926,-1016.0000000007926,DWT,uc1.l0082987033,2.5387853384017944e-06,0.0,2.1416326489998028e-09,2.428889274597168e-06,0.0,2.705064616748132e-09,0.00010436400771141052,7.92624632595107e-10,1.0,84,0.0,4.167304723523557e-09,1.0,84,,0.0,0.0,1.0,84,0.0,0.0,5.6199729442596436e-05,0.529541015625,5.820766091346741e-11,0.0,0.0,0.0,2.1416326489998028e-09,4.49745130026713e-08,2.243049428735893e-09,0.0,7.92624632595107e-10,0.0,1.1435190572228748e-09,0.0,0.0,0.0,1.1435190572228748e-09,5.752553988713771e-10,2.4616420013501283e-13,2.5387853384017944e-06,1.9595436384634013e-14,4.421463195569686e-14,4.549219738692045e-07,0.0,0.0,3.340661081097096e-13,0.11059868939852635,0.7550816086741432,0.23882724827635252,0.4221417892831857,0.0231806416586232,0.2365392455078554,0.1182696227539277,0.2365392455078554,26,0.7414426144910873,0.4192095332239034,628,0,0,0.2365392455078554,0.2365392455078554,26,0,0,0.3099659954581662,0.4216099405172963,572,332.1866944957308,0.5708182241657225,313.0,49.83573806881243,0.5832127296539207,458,sym,445.72514619883043,505.0,280.45746329325993,171,0.986117580085908,1.0,0.009717693939864401,6,345.0
db1,1,zero,1.6411433055147366e-26,317.94355805645716,9460241.573880227,0.5462962962962963,328.1355888153859,108,raw,1.0709129056791693e-13,-1.216075018461999e-10,"[2, 5, 11, 17, 22, 25, 29, 38, 44, 52, 55, 60, 65, 74, 78, 84, 89, 95, 98, 101, 105]","[38.0, 367.99999999999994, 461.00000000000006, 193.0, 951.0000000000002, 154.0, 881.0000000000002, 243.00000000000006, 491.00000000000017, 186.0, 321.0000000000001, 943.0000000000001, 810.0000000000002, 205.00000000000006, 478.0, 276.0, 347.0, 78.99999999999989, 1008.0000000000001, 114.0, 893.0000000000002]",21,5.569087067021978,95467.34242112485,0.8379720908410171,4.36592371825129e-06,1.0,0.4907407407407407,67631.00000000003,0.1291094199047374,0.15147910127183992,188156.1212645156,82872438.25058065,8,12069.579557418136,0.027777777777777776,"[0.0, 0.009259259259259259, 0.018518518518518517, 0.027777777777777776, 0.037037037037037035, 0.046296296296296294, 0.05555555555555555, 0.06481481481481481, 0.07407407407407407, 0.08333333333333333, 0.09259259259259259, 0.10185185185185185, 0.1111111111111111, 0.12037037037037036, 0.12962962962962962, 0.1388888888888889, 0.14814814814814814, 0.15740740740740738, 0.16666666666666666, 0.17592592592592593, 0.18518518518518517, 0.19444444444444442, 0.2037037037037037, 0.21296296296296297, 0.2222222222222222, 0.23148148148148145, 0.24074074074074073]","[67631.00000000003, 1786.6346316370007, 1155.9831840869397, 12069.579557418136, 1906.5778542068429, 950.5914327636018, 9083.87719738518, 2481.2296367744843, 778.6316126029438, 8965.162396385995, 2042.6423114779186, 1606.7171021541496, 6927.939836298325, 1790.9411989177936, 2115.064375989648, 4469.146453396728, 811.312481865886, 852.4454942250575, 2613.518509595831, 1125.8336361545946, 622.5282936168368, 1595.9028958466956, 1672.0836322356424, 807.7671822537576, 3024.63443941176, 842.7313814743655, 842.8235732269204]",3.0,0.3,145.15000000000003,15,0.5,1721880.1384885092,0.14445541615564297,0.1241257545377801,16430975.452705404,84089526828.82372,"[0.046875, 0.03125]",2,1721880.1384885092,0.046875,"[0.0, 0.015625, 0.03125, 0.046875, 0.0625, 0.078125, 0.09375, 0.109375, 0.125, 0.140625, 0.15625, 0.171875, 0.1875, 0.203125, 0.21875, 0.234375]","[154749.38571156512, 876106.9067082775, 1710291.3768915324, 1721880.1384885092, 1236443.3975593026, 1200279.6938555276, 1385236.610142782, 1437054.0474222815, 1048940.2936461228, 664501.8455342911, 393060.2971508255, 165807.0810689747, 58528.06662853267, 51528.95639390755, 141871.9518112762, 339557.73472454]",3.0,0.3,flattop,64,32,145.15000000000003,15,21,449.52380952380963,38.0,1008.0000000000001,"[2, 5, 11, 17, 22, 25, 29, 38, 44, 52, 55, 60, 65, 74, 78, 84, 89, 95, 98, 101, 105]","[38.0, 367.99999999999994, 461.00000000000006, 193.0, 951.0000000000002, 154.0, 881.0000000000002, 243.00000000000006, 491.00000000000017, 186.0, 321.0000000000001, 943.0000000000001, 810.0000000000002, 205.00000000000006, 478.0, 276.0, 347.0, 78.99999999999989, 1008.0000000000001, 114.0, 893.0000000000002]","[1, 1, 1, 15, 1, 24, 27, 35, 35, 49, 35, 35, 63, 73, 73, 73, 35, 92, 35, 99, 99]","[3, 8, 18, 18, 35, 27, 35, 39, 49, 53, 56, 73, 73, 75, 81, 85, 92, 97, 106, 102, 106]",0.05,30,52684909.00000001,1016.0000000000001,-1016.0000000000001,DWT,uc1.l0082987033,4.656612873077393e-10,0.0,1.1368683772161603e-13,8.940696716308594e-08,0.0,1.1368683772161603e-13,3.725290298461914e-09,1.1368683772161603e-13,1.0,84,0.0,5.4569682106375694e-12,1.0,84,,0.0,0.0,1.0,84,0.0,0.0,7.450580596923828e-09,6.103515625e-05,2.9103830456733704e-11,0.0,0.0,0.0,1.1368683772161603e-13,1.8189894035458565e-12,8.391171355643087e-14,0.0,1.1368683772161603e-13,0.0,2.842170943040401e-14,0.0,0.0,0.0,2.842170943040401e-14,0.0,5.551115123125783e-17,4.656612873077393e-10,0.0,2.7755575615628914e-17,5.820766091346741e-11,0.0,0.0,5.551115123125783e-17,0.9232886349406415,0.1599122031054272,0.03217061617572511,0.31005586592178774,0.019898032618189163,3.135877575339459e-05,1.5679387876697293e-05,3.135877575339459e-05,352,0.7819961500209518,0.44213838620293305,604,0,0,3.135877575339459e-05,3.135877575339459e-05,299,0,0,0.2890650705523542,0.393180893991497,637,172.2149819266605,0.7775000233505678,473.0,425.040019332655,0.5831944561197283,459,db,413.2962962962963,398.0,188.41229481502944,243,0.9143723369387087,0.671803462110104,0.15839832550987273,5,345.5
haar,1,periodic,1.6411433055147366e-26,317.94355805645716,9460241.573880227,0.5462962962962963,328.1355888153859,108,raw,1.0709129056791693e-13,-1.216075018461999e-10,"[2, 5, 11, 17, 22, 25, 29, 38, 44, 52, 55, 60, 65, 74, 78, 84, 89, 95, 98, 101, 105]","[38.0, 367.99999999999994, 461.00000000000006, 193.0, 951.0000000000002, 154.0, 881.0000000000002, 243.00000000000006, 491.00000000000017, 186.0, 321.0000000000001, 943.0000000000001, 810.0000000000002, 205.00000000000006, 478.0, 276.0, 347.0, 78.99999999999989, 1008.0000000000001, 114.0, 893.0000000000002]",21,5.569087067021978,95467.34242112485,0.8379720908410171,4.36592371825129e-06,1.0,0.4907407407407407,67631.00000000003,0.1291094199047374,0.15147910127183992,188156.1212645156,82872438.25058065,8,12069.579557418136,0.027777777777777776,"[0.0, 0.009259259259259259, 0.018518518518518517, 0.027777777777777776, 0.037037037037037035, 0.046296296296296294, 0.05555555555555555, 0.06481481481481481, 0.07407407407407407, 0.08333333333333333, 0.09259259259259259, 0.10185185185185185, 0.1111111111111111, 0.12037037037037036, 0.12962962962962962, 0.1388888888888889, 0.14814814814814814, 0.15740740740740738, 0.16666666666666666, 0.17592592592592593, 0.18518518518518517, 0.19444444444444442, 0.2037037037037037, 0.21296296296296297, 0.2222222222222222, 0.23148148148148145, 0.24074074074074073]","[67631.00000000003, 1786.6346316370007, 1155.9831840869397, 12069.579557418136, 1906.5778542068429, 950.5914327636018, 9083.87719738518, 2481.2296367744843, 778.6316126029438, 8965.162396385995, 2042.6423114779186, 1606.7171021541496, 6927.939836298325, 1790.9411989177936, 2115.064375989648, 4469.146453396728, 811.312481865886, 852.4454942250575, 2613.518509595831, 1125.8336361545946, 622.5282936168368, 1595.9028958466956, 1672.0836322356424, 807.7671822537576, 3024.63443941176, 842.7313814743655, 842.8235732269204]",3.0,0.3,145.15000000000003,15,0.5,1721880.1384885092,0.14445541615564297,0.1241257545377801,16430975.452705404,84089526828.82372,"[0.046875, 0.03125]",2,1721880.1384885092,0.046875,"[0.0, 0.015625, 0.03125, 0.046875, 0.0625, 0.078125, 0.09375, 0.109375, 0.125, 0.140625, 0.15625, 0.171875, 0.1875, 0.203125, 0.21875, 0.234375]","[154749.38571156512, 876106.9067082775, 1710291.3768915324, 1721880.1384885092, 1236443.3975593026, 1200279.6938555276, 1385236.610142782, 1437054.0474222815, 1048940.2936461228, 664501.8455342911, 393060.2971508255, 165807.0810689747, 58528.06662853267, 51528.95639390755, 141871.9518112762, 339557.73472454]",3.0,0.3,flattop,64,32,145.15000000000003,15,21,449.52380952380963,38.0,1008.0000000000001,"[2, 5, 11, 17, 22, 25, 29, 38, 44, 52, 55, 60, 65, 74, 78, 84, 89, 95, 98, 101, 105]","[38.0, 367.99999999999994, 461.00000000000006, 193.0, 951.0000000000002, 154.0, 881.0000000000002, 243.00000000000006, 491.00000000000017, 186.0, 321.0000000000001, 943.0000000000001, 810.0000000000002, 205.00000000000006, 478.0, 276.0, 347.0, 78.99999999999989, 1008.0000000000001, 114.0, 893.0000000000002]","[1, 1, 1, 15, 1, 24, 27, 35, 35, 49, 35, 35, 63, 73, 73, 73, 35, 92, 35, 99, 99]","[3, 8, 18, 18, 35, 27, 35, 39, 49, 53, 56, 73, 73, 75, 81, 85, 92, 97, 106, 102, 106]",0.05,30,52684909.00000001,1016.0000000000001,-1016.0000000000001,DWT,uc1.l0082987033,4.656612873077393e-10,0.0,1.1368683772161603e-13,8.940696716308594e-08,0.0,1.1368683772161603e-13,3.725290298461914e-09,1.1368683772161603e-13,1.0,84,0.0,5.4569682106375694e-12,1.0,84,,0.0,0.0,1.0,84,0.0,0.0,7.450580596923828e-09,6.103515625e-05,2.9103830456733704e-11,0.0,0.0,0.0,1.1368683772161603e-13,1.8189894035458565e-12,8.391171355643087e-14,0.0,1.1368683772161603e-13,0.0,2.842170943040401e-14,0.0,0.0,0.0,2.842170943040401e-14,0.0,5.551115123125783e-17,4.656612873077393e-10,0.0,2.7755575615628914e-17,5.820766091346741e-11,0.0,0.0,5.551115123125783e-17,0.9232886349406415,0.1599122031054272,0.03217061617572511,0.31005586592178774,0.019898032618189163,3.135877575339459e-05,1.5679387876697293e-05,3.135877575339459e-05,264,0.7819961500209518,0.44213838620293305,602,0,0,3.135877575339459e-05,3.135877575339459e-05,301,0,0,0.2890650705523542,0.393180893991497,635,195.04273036098184,0.7480068083191449,450.5,386.6202095931686,0.5829827323249471,460,haar,452.0,457.0,26.739483914241873,9,1.0,0.09534238668586177,0.27139728399424146,2,345.5
bior2.2,1,zero,2.9462493956476604e-27,325.402328047347,9492143.803873088,0.5535714285714286,314.9000878288228,108,raw,2.8619082412559584e-14,-1.1169543068234653e-10,"[2, 5, 11, 17, 22, 25, 29, 38, 44, 52, 55, 60, 65, 74, 78, 84, 89, 95, 98, 101, 105]","[38.00000000000003, 367.9999999999998, 461.0, 193.0, 951.0, 153.9999999999999, 881.0, 243.00000000000006, 491.0, 186.0000000000001, 321.0, 942.9999999999999, 810.0, 205.00000000000006, 478.00000000000006, 276.0, 347.0, 78.99999999999989, 1008.0000000000001, 114.00000000000011, 893.0000000000001]",21,5.565818813337309,106879.36838329083,0.85208582636127,4.365923718251291e-06,1.0,0.4907407407407407,67631.0,0.1291094199047374,0.15147910127183992,188156.12126451553,82872438.25058056,8,12069.57955741813,0.027777777777777776,"[0.0, 0.009259259259259259, 0.018518518518518517, 0.027777777777777776, 0.037037037037037035, 0.046296296296296294, 0.05555555555555555, 0.06481481481481481, 0.07407407407407407, 0.08333333333333333, 0.09259259259259259, 0.10185185185185185, 0.1111111111111111, 0.12037037037037036, 0.12962962962962962, 0.1388888888888889, 0.14814814814814814, 0.15740740740740738, 0.16666666666666666, 0.17592592592592593, 0.18518518518518517, 0.19444444444444442, 0.2037037037037037, 0.21296296296296297, 0.2222222222222222, 0.23148148148148145, 0.24074074074074073]","[67631.0, 1786.6346316370018, 1155.983184086939, 12069.57955741813, 1906.5778542068429, 950.5914327636009, 9083.877197385176, 2481.229636774484, 778.6316126029453, 8965.162396385991, 2042.6423114779177, 1606.717102154149, 6927.939836298323, 1790.9411989177931, 2115.064375989648, 4469.146453396725, 811.312481865886, 852.4454942250585, 2613.518509595828, 1125.833636154594, 622.5282936168377, 1595.902895846698, 1672.0836322356424, 807.7671822537568, 3024.634439411759, 842.7313814743652, 842.8235732269203]",3.0,0.3,145.14999999999998,15,0.5,1721880.1384885088,0.14445541615564292,0.12412575453778008,16430975.4527054,84089526828.82368,"[0.046875, 0.03125]",2,1721880.1384885088,0.046875,"[0.0, 0.015625, 0.03125, 0.046875, 0.0625, 0.078125, 0.09375, 0.109375, 0.125, 0.140625, 0.15625, 0.171875, 0.1875, 0.203125, 0.21875, 0.234375]","[154749.3857115655, 876106.9067082781, 1710291.3768915324, 1721880.1384885088, 1236443.3975593026, 1200279.6938555269, 1385236.6101427814, 1437054.0474222805, 1048940.2936461219, 664501.8455342907, 393060.29715082515, 165807.08106897442, 58528.06662853257, 51528.9563939075, 141871.95181127617, 339557.73472453986]",3.0,0.3,flattop,64,32,145.14999999999998,15,21,449.5238095238095,38.00000000000003,1008.0000000000001,"[2, 5, 11, 17, 22, 25, 29, 38, 44, 52, 55, 60, 65, 74, 78, 84, 89, 95, 98, 101, 105]","[38.00000000000003, 367.9999999999998, 461.0, 193.0, 951.0, 153.9999999999999, 881.0, 243.00000000000006, 491.0, 186.0000000000001, 321.0, 942.9999999999999, 810.0, 205.00000000000006, 478.00000000000006, 276.0, 347.0, 78.99999999999989, 1008.0000000000001, 114.00000000000011, 893.0000000000001]","[1, 1, 1, 15, 1, 24, 27, 35, 35, 49, 35, 35, 63, 73, 73, 73, 35, 92, 35, 99, 99]","[3, 8, 18, 18, 35, 27, 35, 39, 49, 53, 56, 73, 73, 75, 81, 85, 92, 97, 106, 102, 106]",0.05,30,52684909.0,1016.0000000000001,-1016.0000000000001,DWT,uc1.l0082987033,0.0,0.0,0.0,0.0,0.0,1.1368683772161603e-13,0.0,1.1368683772161603e-13,1.0,84,0.0,0.0,1.0,84,,0.0,0.0,1.0,84,0.0,0.0,0.0,3.0517578125e-05,0.0,0.0,0.0,0.0,0.0,0.0,5.819683359558915e-14,0.0,1.1368683772161603e-13,0.0,2.842170943040401e-14,0.0,0.0,0.0,2.842170943040401e-14,2.842170943040401e-14,5.551115123125783e-17,0.0,0.0,0.0,0.0,0.0,0.0,0.0,0.999865379810688,0.15572444757770423,0.03526524625771382,0.39126097366320883,0.05078927531910424,0.0,0.0,0.0,519,0.8722341743970471,0.49315870704558523,494,0,0,0.0,0.0,689,0,0,0.32658106452568386,0.44420944621756686,524,89.30285549745876,0.8846216337242134,556.5,547.1320377574674,0.582814692831099,461,bior,385.74074074074076,410.0,199.97417605530825,135,0.8534087184529663,0.7130285416801533,0.18870533457887761,4,346.75
db5,1,symmetric,6.120976283103777e-27,322.22681614436794,9590000.763727998,0.5517241379310345,435.91735970247396,108,raw,4.832348513109198e-14,-1.108879654765367e-10,"[2, 5, 11, 17, 22, 25, 29, 38, 44, 52, 55, 60, 65, 74, 78, 84, 89, 95, 98, 101, 105]","[38.00000000000003, 367.9999999999999, 461.00000000000006, 192.9999999999999, 951.0000000000001, 154.0, 880.9999999999998, 242.99999999999997, 491.0, 186.0000000000001, 321.0, 943.0, 810.0, 204.99999999999997, 478.0000000000001, 275.9999999999999, 346.9999999999999, 79.0, 1007.9999999999999, 114.0, 892.9999999999999]",21,5.712806127831249,105224.77243298758,0.7972524659521756,4.365923718251291e-06,0.9999999999999998,0.4907407407407407,67631.0,0.1291094199047374,0.15147910127183992,188156.12126451553,82872438.25058056,8,12069.579557418134,0.027777777777777776,"[0.0, 0.009259259259259259, 0.018518518518518517, 0.027777777777777776, 0.037037037037037035, 0.046296296296296294, 0.05555555555555555, 0.06481481481481481, 0.07407407407407407, 0.08333333333333333, 0.09259259259259259, 0.10185185185185185, 0.1111111111111111, 0.12037037037037036, 0.12962962962962962, 0.1388888888888889, 0.14814814814814814, 0.15740740740740738, 0.16666666666666666, 0.17592592592592593, 0.18518518518518517, 0.19444444444444442, 0.2037037037037037, 0.21296296296296297, 0.2222222222222222, 0.23148148148148145, 0.24074074074074073]","[67631.0, 1786.6346316370011, 1155.9831840869385, 12069.579557418134, 1906.5778542068426, 950.5914327636016, 9083.877197385176, 2481.229636774484, 778.6316126029442, 8965.16239638599, 2042.6423114779177, 1606.7171021541494, 6927.939836298322, 1790.9411989177938, 2115.0643759896484, 4469.1464533967255, 811.312481865886, 852.4454942250571, 2613.5185095958273, 1125.833636154594, 622.5282936168367, 1595.9028958466977, 1672.0836322356424, 807.7671822537575, 3024.6344394117605, 842.7313814743652, 842.823573226919]",3.0,0.3,145.15,15,0.5,1721880.1384885088,0.14445541615564297,0.12412575453778012,16430975.452705398,84089526828.82368,"[0.046875, 0.03125]",2,1721880.1384885088,0.046875,"[0.0, 0.015625, 0.03125, 0.046875, 0.0625, 0.078125, 0.09375, 0.109375, 0.125, 0.140625, 0.15625, 0.171875, 0.1875, 0.203125, 0.21875, 0.234375]","[154749.3857115654, 876106.9067082776, 1710291.3768915324, 1721880.1384885088, 1236443.3975593029, 1200279.6938555269, 1385236.6101427812, 1437054.0474222805, 1048940.2936461219, 664501.8455342905, 393060.29715082515, 165807.0810689745, 58528.06662853263, 51528.95639390755, 141871.95181127623, 339557.7347245398]",3.0,0.3,flattop,64,32,145.15,15,21,449.5238095238095,38.00000000000003,1007.9999999999999,"[2, 5, 11, 17, 22, 25, 29, 38, 44, 52, 55, 60, 65, 74, 78, 84, 89, 95, 98, 101, 105]","[38.00000000000003, 367.9999999999999, 461.00000000000006, 192.9999999999999, 951.0000000000001, 154.0, 880.9999999999998, 242.99999999999997, 491.0, 186.0000000000001, 321.0, 943.0, 810.0, 204.99999999999997, 478.0000000000001, 275.9999999999999, 346.9999999999999, 79.0, 1007.9999999999999, 114.0, 892.9999999999999]","[1, 1, 1, 15, 1, 24, 27, 35, 35, 49, 35, 35, 63, 73, 73, 73, 35, 92, 35, 99, 99]","[3, 8, 18, 18, 35, 27, 35, 39, 49, 53, 56, 73, 73, 75, 81, 85, 92, 97, 106, 102, 106]",0.05,30,52684909.0,1016.0,-1016.0,DWT,uc1.l0082987033,0.0,0.0,0.0,0.0,0.0,1.1368683772161603e-13,1.862645149230957e-09,0.0,1.0,84,0.0,3.637978807091713e-12,1.0,84,,0.0,0.0,1.0,84,0.0,0.0,0.0,3.0517578125e-05,0.0,0.0,0.0,0.0,0.0,0.0,6.631732200427602e-14,0.0,0.0,0.0,0.0,0.0,0.0,0.0,0.0,2.842170943040401e-14,5.551115123125783e-17,0.0,0.0,4.163336342344337e-17,0.0,0.0,0.0,5.551115123125783e-17,0.967263440734509,0.3440656836526752,0.0447577203501749,0.3706414948950107,0.046310445246142515,0.0,0.0,0.0,670,0.9415505424985917,0.532349983280186,382,0,0,0.0,0.0,574,0,0,0.35460775697570246,0.4823308282720176,417,135.06387377829796,0.8254988710874703,510.75,484.8143906983309,0.5828075750786189,462,db,413.2962962962963,398.0,188.41229481502944,243,0.9143723369387087,0.671803462110104,0.15839832550987273,5,347.75
haar,1,symmetric,1.6411433055147366e-26,317.94355805645716,9460241.573880227,0.5462962962962963,328.1355888153859,108,raw,1.0709129056791693e-13,-1.216075018461999e-10,"[2, 5, 11, 17, 22, 25, 29, 38, 44, 52, 55, 60, 65, 74, 78, 84, 89, 95, 98, 101, 105]","[38.0, 367.99999999999994, 461.00000000000006, 193.0, 951.0000000000002, 154.0, 881.0000000000002, 243.00000000000006, 491.00000000000017, 186.0, 321.0000000000001, 943.0000000000001, 810.0000000000002, 205.00000000000006, 478.0, 276.0, 347.0, 78.99999999999989, 1008.0000000000001, 114.0, 893.0000000000002]",21,5.569087067021978,95467.34242112485,0.8379720908410171,4.36592371825129e-06,1.0,0.4907407407407407,67631.00000000003,0.1291094199047374,0.15147910127183992,188156.1212645156,82872438.25058065,8,12069.579557418136,0.027777777777777776,"[0.0, 0.009259259259259259, 0.018518518518518517, 0.027777777777777776, 0.037037037037037035, 0.046296296296296294, 0.05555555555555555, 0.06481481481481481, 0.07407407407407407, 0.08333333333333333, 0.09259259259259259, 0.10185185185185185, 0.1111111111111111, 0.12037037037037036, 0.12962962962962962, 0.1388888888888889, 0.14814814814814814, 0.15740740740740738, 0.16666666666666666, 0.17592592592592593, 0.18518518518518517, 0.19444444444444442, 0.2037037037037037, 0.21296296296296297, 0.2222222222222222, 0.23148148148148145, 0.24074074074074073]","[67631.00000000003, 1786.6346316370007, 1155.9831840869397, 12069.579557418136, 1906.5778542068429, 950.5914327636018, 9083.87719738518, 2481.2296367744843, 778.6316126029438, 8965.162396385995, 2042.6423114779186, 1606.7171021541496, 6927.939836298325, 1790.9411989177936, 2115.064375989648, 4469.146453396728, 811.312481865886, 852.4454942250575, 2613.518509595831, 1125.8336361545946, 622.5282936168368, 1595.9028958466956, 1672.0836322356424, 807.7671822537576, 3024.63443941176, 842.7313814743655, 842.8235732269204]",3.0,0.3,145.15000000000003,15,0.5,1721880.1384885092,0.14445541615564297,0.1241257545377801,16430975.452705404,84089526828.82372,"[0.046875, 0.03125]",2,1721880.1384885092,0.046875,"[0.0, 0.015625, 0.03125, 0.046875, 0.0625, 0.078125, 0.09375, 0.109375, 0.125, 0.140625, 0.15625, 0.171875, 0.1875, 0.203125, 0.21875, 0.234375]","[154749.38571156512, 876106.9067082775, 1710291.3768915324, 1721880.1384885092, 1236443.3975593026, 1200279.6938555276, 1385236.610142782, 1437054.0474222815, 1048940.2936461228, 664501.8455342911, 393060.2971508255, 165807.0810689747, 58528.06662853267, 51528.95639390755, 141871.9518112762, 339557.73472454]",3.0,0.3,flattop,64,32,145.15000000000003,15,21,449.52380952380963,38.0,1008.0000000000001,"[2, 5, 11, 17, 22, 25, 29, 38, 44, 52, 55, 60, 65, 74, 78, 84, 89, 95, 98, 101, 105]","[38.0, 367.99999999999994, 461.00000000000006, 193.0, 951.0000000000002, 154.0, 881.0000000000002, 243.00000000000006, 491.00000000000017, 186.0, 321.0000000000001, 943.0000000000001, 810.0000000000002, 205.00000000000006, 478.0, 276.0, 347.0, 78.99999999999989, 1008.0000000000001, 114.0, 893.0000000000002]","[1, 1, 1, 15, 1, 24, 27, 35, 35, 49, 35, 35, 63, 73, 73, 73, 35, 92, 35, 99, 99]","[3, 8, 18, 18, 35, 27, 35, 39, 49, 53, 56, 73, 73, 75, 81, 85, 92, 97, 106, 102, 106]",0.05,30,52684909.00000001,1016.0000000000001,-1016.0000000000001,DWT,uc1.l0082987033,4.656612873077393e-10,0.0,1.1368683772161603e-13,8.940696716308594e-08,0.0,1.1368683772161603e-13,3.725290298461914e-09,1.1368683772161603e-13,1.0,84,0.0,5.4569682106375694e-12,1.0,84,,0.0,0.0,1.0,84,0.0,0.0,7.450580596923828e-09,6.103515625e-05,2.9103830456733704e-11,0.0,0.0,0.0,1.1368683772161603e-13,1.8189894035458565e-12,8.391171355643087e-14,0.0,1.1368683772161603e-13,0.0,2.842170943040401e-14,0.0,0.0,0.0,2.842170943040401e-14,0.0,5.551115123125783e-17,4.656612873077393e-10,0.0,2.7755575615628914e-17,5.820766091346741e-11,0.0,0.0,5.551115123125783e-17,0.9232886349406415,0.1599122031054272,0.03217061617572511,0.31005586592178774,0.019898032618189163,3.135877575339459e-05,1.5679387876697293e-05,3.135877575339459e-05,234,0.7819961500209518,0.44213838620293305,586,0,0,3.135877575339459e-05,3.135877575339459e-05,284,0,0,0.2890650705523542,0.393180893991497,647,208.89929790850582,0.7301042662680803,437.75,362.0987367043875,0.582267895407942,463,haar,452.0,457.0,26.739483914241873,9,1.0,0.09534238668586177,0.27139728399424146,2,347.75
bior1.1,1,antireflect,1.6411433055147366e-26,317.94355805645716,9460241.573880227,0.5462962962962963,328.1355888153859,108,raw,1.0709129056791693e-13,-1.216075018461999e-10,"[2, 5, 11, 17, 22, 25, 29, 38, 44, 52, 55, 60, 65, 74, 78, 84, 89, 95, 98, 101, 105]","[38.0, 367.99999999999994, 461.00000000000006, 193.0, 951.0000000000002, 154.0, 881.0000000000002, 243.00000000000006, 491.00000000000017, 186.0, 321.0000000000001, 943.0000000000001, 810.0000000000002, 205.00000000000006, 478.0, 276.0, 347.0, 78.99999999999989, 1008.0000000000001, 114.0, 893.0000000000002]",21,5.569087067021978,95467.34242112485,0.8379720908410171,4.36592371825129e-06,1.0,0.4907407407407407,67631.00000000003,0.1291094199047374,0.15147910127183992,188156.1212645156,82872438.25058065,8,12069.579557418136,0.027777777777777776,"[0.0, 0.009259259259259259, 0.018518518518518517, 0.027777777777777776, 0.037037037037037035, 0.046296296296296294, 0.05555555555555555, 0.06481481481481481, 0.07407407407407407, 0.08333333333333333, 0.09259259259259259, 0.10185185185185185, 0.1111111111111111, 0.12037037037037036, 0.12962962962962962, 0.1388888888888889, 0.14814814814814814, 0.15740740740740738, 0.16666666666666666, 0.17592592592592593, 0.18518518518518517, 0.19444444444444442, 0.2037037037037037, 0.21296296296296297, 0.2222222222222222, 0.23148148148148145, 0.24074074074074073]","[67631.00000000003, 1786.6346316370007, 1155.9831840869397, 12069.579557418136, 1906.5778542068429, 950.5914327636018, 9083.87719738518, 2481.2296367744843, 778.6316126029438, 8965.162396385995, 2042.6423114779186, 1606.7171021541496, 6927.939836298325, 1790.9411989177936, 2115.064375989648, 4469.146453396728, 811.312481865886, 852.4454942250575, 2613.518509595831, 1125.8336361545946, 622.5282936168368, 1595.9028958466956, 1672.0836322356424, 807.7671822537576, 3024.63443941176, 842.7313814743655, 842.8235732269204]",3.0,0.3,145.15000000000003,15,0.5,1721880.1384885092,0.14445541615564297,0.1241257545377801,16430975.452705404,84089526828.82372,"[0.046875, 0.03125]",2,1721880.1384885092,0.046875,"[0.0, 0.015625, 0.03125, 0.046875, 0.0625, 0.078125, 0.09375, 0.109375, 0.125, 0.140625, 0.15625, 0.171875, 0.1875, 0.203125, 0.21875, 0.234375]","[154749.38571156512, 876106.9067082775, 1710291.3768915324, 1721880.1384885092, 1236443.3975593026, 1200279.6938555276, 1385236.610142782, 1437054.0474222815, 1048940.2936461228, 664501.8455342911, 393060.2971508255, 165807.0810689747, 58528.06662853267, 51528.95639390755, 141871.9518112762, 339557.73472454]",3.0,0.3,flattop,64,32,145.15000000000003,15,21,449.52380952380963,38.0,1008.0000000000001,"[2, 5, 11, 17, 22, 25, 29, 38, 44, 52, 55, 60, 65, 74, 78, 84, 89, 95, 98, 101, 105]","[38.0, 367.99999999999994, 461.00000000000006, 193.0, 951.0000000000002, 154.0, 881.0000000000002, 243.00000000000006, 491.00000000000017, 186.0, 321.0000000000001, 943.0000000000001, 810.0000000000002, 205.00000000000006, 478.0, 276.0, 347.0, 78.99999999999989, 1008.0000000000001, 114.0, 893.0000000000002]","[1, 1, 1, 15, 1, 24, 27, 35, 35, 49, 35, 35, 63, 73, 73, 73, 35, 92, 35, 99, 99]","[3, 8, 18, 18, 35, 27, 35, 39, 49, 53, 56, 73, 73, 75, 81, 85, 92, 97, 106, 102, 106]",0.05,30,52684909.00000001,1016.0000000000001,-1016.0000000000001,DWT,uc1.l0082987033,4.656612873077393e-10,0.0,1.1368683772161603e-13,8.940696716308594e-08,0.0,1.1368683772161603e-13,3.725290298461914e-09,1.1368683772161603e-13,1.0,84,0.0,5.4569682106375694e-12,1.0,84,,0.0,0.0,1.0,84,0.0,0.0,7.450580596923828e-09,6.103515625e-05,2.9103830456733704e-11,0.0,0.0,0.0,1.1368683772161603e-13,1.8189894035458565e-12,8.391171355643087e-14,0.0,1.1368683772161603e-13,0.0,2.842170943040401e-14,0.0,0.0,0.0,2.842170943040401e-14,0.0,5.551115123125783e-17,4.656612873077393e-10,0.0,2.7755575615628914e-17,5.820766091346741e-11,0.0,0.0,5.551115123125783e-17,0.9232886349406415,0.1599122031054272,0.03217061617572511,0.31005586592178774,0.019898032618189163,3.135877575339459e-05,1.5679387876697293e-05,3.135877575339459e-05,304,0.7819961500209518,0.44213838620293305,609,0,0,3.135877575339459e-05,3.135877575339459e-05,245,0,0,0.2890650705523542,0.393180893991497,629,200.516624414702,0.7409345937794548,446.75,377.2528746625005,0.5818691056752572,464,bior,385.74074074074076,410.0,199.97417605530825,135,0.8534087184529663,0.7130285416801533,0.18870533457887761,4,349.0
rbio1.1,1,antisymmetric,1.6411433055147366e-26,317.94355805645716,9460241.573880227,0.5462962962962963,328.1355888153859,108,raw,1.0709129056791693e-13,-1.216075018461999e-10,"[2, 5, 11, 17, 22, 25, 29, 38, 44, 52, 55, 60, 65, 74, 78, 84, 89, 95, 98, 101, 105]","[38.0, 367.99999999999994, 461.00000000000006, 193.0, 951.0000000000002, 154.0, 881.0000000000002, 243.00000000000006, 491.00000000000017, 186.0, 321.0000000000001, 943.0000000000001, 810.0000000000002, 205.00000000000006, 478.0, 276.0, 347.0, 78.99999999999989, 1008.0000000000001, 114.0, 893.0000000000002]",21,5.569087067021978,95467.34242112485,0.8379720908410171,4.36592371825129e-06,1.0,0.4907407407407407,67631.00000000003,0.1291094199047374,0.15147910127183992,188156.1212645156,82872438.25058065,8,12069.579557418136,0.027777777777777776,"[0.0, 0.009259259259259259, 0.018518518518518517, 0.027777777777777776, 0.037037037037037035, 0.046296296296296294, 0.05555555555555555, 0.06481481481481481, 0.07407407407407407, 0.08333333333333333, 0.09259259259259259, 0.10185185185185185, 0.1111111111111111, 0.12037037037037036, 0.12962962962962962, 0.1388888888888889, 0.14814814814814814, 0.15740740740740738, 0.16666666666666666, 0.17592592592592593, 0.18518518518518517, 0.19444444444444442, 0.2037037037037037, 0.21296296296296297, 0.2222222222222222, 0.23148148148148145, 0.24074074074074073]","[67631.00000000003, 1786.6346316370007, 1155.9831840869397, 12069.579557418136, 1906.5778542068429, 950.5914327636018, 9083.87719738518, 2481.2296367744843, 778.6316126029438, 8965.162396385995, 2042.6423114779186, 1606.7171021541496, 6927.939836298325, 1790.9411989177936, 2115.064375989648, 4469.146453396728, 811.312481865886, 852.4454942250575, 2613.518509595831, 1125.8336361545946, 622.5282936168368, 1595.9028958466956, 1672.0836322356424, 807.7671822537576, 3024.63443941176, 842.7313814743655, 842.8235732269204]",3.0,0.3,145.15000000000003,15,0.5,1721880.1384885092,0.14445541615564297,0.1241257545377801,16430975.452705404,84089526828.82372,"[0.046875, 0.03125]",2,1721880.1384885092,0.046875,"[0.0, 0.015625, 0.03125, 0.046875, 0.0625, 0.078125, 0.09375, 0.109375, 0.125, 0.140625, 0.15625, 0.171875, 0.1875, 0.203125, 0.21875, 0.234375]","[154749.38571156512, 876106.9067082775, 1710291.3768915324, 1721880.1384885092, 1236443.3975593026, 1200279.6938555276, 1385236.610142782, 1437054.0474222815, 1048940.2936461228, 664501.8455342911, 393060.2971508255, 165807.0810689747, 58528.06662853267, 51528.95639390755, 141871.9518112762, 339557.73472454]",3.0,0.3,flattop,64,32,145.15000000000003,15,21,449.52380952380963,38.0,1008.0000000000001,"[2, 5, 11, 17, 22, 25, 29, 38, 44, 52, 55, 60, 65, 74, 78, 84, 89, 95, 98, 101, 105]","[38.0, 367.99999999999994, 461.00000000000006, 193.0, 951.0000000000002, 154.0, 881.0000000000002, 243.00000000000006, 491.00000000000017, 186.0, 321.0000000000001, 943.0000000000001, 810.0000000000002, 205.00000000000006, 478.0, 276.0, 347.0, 78.99999999999989, 1008.0000000000001, 114.0, 893.0000000000002]","[1, 1, 1, 15, 1, 24, 27, 35, 35, 49, 35, 35, 63, 73, 73, 73, 35, 92, 35, 99, 99]","[3, 8, 18, 18, 35, 27, 35, 39, 49, 53, 56, 73, 73, 75, 81, 85, 92, 97, 106, 102, 106]",0.05,30,52684909.00000001,1016.0000000000001,-1016.0000000000001,DWT,uc1.l0082987033,4.656612873077393e-10,0.0,1.1368683772161603e-13,8.940696716308594e-08,0.0,1.1368683772161603e-13,3.725290298461914e-09,1.1368683772161603e-13,1.0,84,0.0,5.4569682106375694e-12,1.0,84,,0.0,0.0,1.0,84,0.0,0.0,7.450580596923828e-09,6.103515625e-05,2.9103830456733704e-11,0.0,0.0,0.0,1.1368683772161603e-13,1.8189894035458565e-12,8.391171355643087e-14,0.0,1.1368683772161603e-13,0.0,2.842170943040401e-14,0.0,0.0,0.0,2.842170943040401e-14,0.0,5.551115123125783e-17,4.656612873077393e-10,0.0,2.7755575615628914e-17,5.820766091346741e-11,0.0,0.0,5.551115123125783e-17,0.9232886349406415,0.1599122031054272,0.03217061617572511,0.31005586592178774,0.019898032618189163,3.135877575339459e-05,1.5679387876697293e-05,3.135877575339459e-05,288,0.7819961500209518,0.44213838620293305,605,0,0,3.135877575339459e-05,3.135877575339459e-05,298,0,0,0.2890650705523542,0.393180893991497,638,190.18127317553288,0.7542877607551255,457.25,398.0805510697452,0.5817627434266583,465,rbio,366.5925925925926,360.0,210.3588723315502,135,0.8110455588331695,0.7500562468954116,0.20725123474815782,3,349.5
rbio3.3,1,antireflect,8.676418142890835e-27,320.71161837367947,9488086.182032194,0.5350877192982456,529.3872783214676,108,raw,5.707368733998948e-14,-1.1070921956957199e-10,"[2, 5, 11, 17, 22, 25, 29, 38, 44, 52, 55, 60, 65, 74, 78, 84, 89, 95, 98, 101, 105]","[37.999999999999915, 368.0, 461.0000000000001, 192.99999999999994, 951.0, 154.0, 881.0, 242.99999999999994, 491.00000000000017, 185.9999999999999, 321.0, 943.0, 810.0000000000002, 205.0, 478.0, 275.9999999999999, 346.9999999999998, 79.0, 1008.0, 113.99999999999989, 892.9999999999999]",21,5.869305468548163,156046.1277140262,0.6967914563722405,4.365923718251291e-06,1.0,0.4907407407407407,67631.0,0.1291094199047374,0.15147910127183992,188156.12126451553,82872438.25058056,8,12069.579557418134,0.027777777777777776,"[0.0, 0.009259259259259259, 0.018518518518518517, 0.027777777777777776, 0.037037037037037035, 0.046296296296296294, 0.05555555555555555, 0.06481481481481481, 0.07407407407407407, 0.08333333333333333, 0.09259259259259259, 0.10185185185185185, 0.1111111111111111, 0.12037037037037036, 0.12962962962962962, 0.1388888888888889, 0.14814814814814814, 0.15740740740740738, 0.16666666666666666, 0.17592592592592593, 0.18518518518518517, 0.19444444444444442, 0.2037037037037037, 0.21296296296296297, 0.2222222222222222, 0.23148148148148145, 0.24074074074074073]","[67631.0, 1786.6346316370007, 1155.9831840869383, 12069.579557418134, 1906.5778542068435, 950.5914327636019, 9083.877197385176, 2481.2296367744852, 778.6316126029442, 8965.162396385991, 2042.6423114779172, 1606.71710215415, 6927.939836298324, 1790.9411989177927, 2115.0643759896493, 4469.146453396725, 811.3124818658866, 852.4454942250594, 2613.518509595828, 1125.8336361545937, 622.5282936168356, 1595.902895846697, 1672.0836322356427, 807.7671822537561, 3024.63443941176, 842.7313814743662, 842.8235732269212]",3.0,0.3,145.1500000000001,15,0.5,1721880.1384885085,0.14445541615564297,0.1241257545377801,16430975.4527054,84089526828.82365,"[0.046875, 0.03125]",2,1721880.1384885085,0.046875,"[0.0, 0.015625, 0.03125, 0.046875, 0.0625, 0.078125, 0.09375, 0.109375, 0.125, 0.140625, 0.15625, 0.171875, 0.1875, 0.203125, 0.21875, 0.234375]","[154749.3857115655, 876106.906708278, 1710291.376891532, 1721880.1384885085, 1236443.3975593026, 1200279.6938555266, 1385236.6101427814, 1437054.047422281, 1048940.2936461219, 664501.8455342904, 393060.29715082515, 165807.0810689745, 58528.066628532586, 51528.956393907545, 141871.95181127626, 339557.73472454003]",3.0,0.3,flattop,64,32,145.1500000000001,15,21,449.5238095238095,37.999999999999915,1008.0,"[2, 5, 11, 17, 22, 25, 29, 38, 44, 52, 55, 60, 65, 74, 78, 84, 89, 95, 98, 101, 105]","[37.999999999999915, 368.0, 461.0000000000001, 192.99999999999994, 951.0, 154.0, 881.0, 242.99999999999994, 491.00000000000017, 185.9999999999999, 321.0, 943.0, 810.0000000000002, 205.0, 478.0, 275.9999999999999, 346.9999999999998, 79.0, 1008.0, 113.99999999999989, 892.9999999999999]","[1, 1, 1, 15, 1, 24, 27, 35, 35, 49, 35, 35, 63, 73, 73, 73, 35, 92, 35, 99, 99]","[3, 8, 18, 18, 35, 27, 35, 39, 49, 53, 56, 73, 73, 75, 81, 85, 92, 97, 106, 102, 106]",0.05,30,52684909.0,1016.0,-1016.0,DWT,uc1.l0082987033,2.3283064365386963e-10,0.0,0.0,0.0,0.0,0.0,0.0,0.0,1.0,84,0.0,3.637978807091713e-12,1.0,84,,0.0,0.0,1.0,84,0.0,0.0,0.0,0.0,0.0,0.0,0.0,0.0,0.0,0.0,6.631732200427602e-14,0.0,0.0,0.0,8.526512829121202e-14,0.0,0.0,0.0,8.526512829121202e-14,8.526512829121202e-14,5.551115123125783e-17,2.3283064365386963e-10,0.0,2.7755575615628914e-17,0.0,0.0,0.0,5.551115123125783e-17,0.9517074022381627,0.5445950924456813,0.03487164246848104,0.18494560423404904,0.18387890378109187,0.0,0.0,0.0,391,1.0082876120060351,0.5700829314681578,275,0,0,0.0,0.0,747,0,0,0.37999972903349316,0.5168685130044283,316,215.2601139706719,0.7218861576606306,432.25,373.9312539569718,0.5817118126804445,466,rbio,366.5925925925926,360.0,210.3588723315502,135,0.8110455588331695,0.7500562468954116,0.20725123474815782,3,350.25
rbio1.1,1,constant,1.6411433055147366e-26,317.94355805645716,9460241.573880227,0.5462962962962963,328.1355888153859,108,raw,1.0709129056791693e-13,-1.216075018461999e-10,"[2, 5, 11, 17, 22, 25, 29, 38, 44, 52, 55, 60, 65, 74, 78, 84, 89, 95, 98, 101, 105]","[38.0, 367.99999999999994, 461.00000000000006, 193.0, 951.0000000000002, 154.0, 881.0000000000002, 243.00000000000006, 491.00000000000017, 186.0, 321.0000000000001, 943.0000000000001, 810.0000000000002, 205.00000000000006, 478.0, 276.0, 347.0, 78.99999999999989, 1008.0000000000001, 114.0, 893.0000000000002]",21,5.569087067021978,95467.34242112485,0.8379720908410171,4.36592371825129e-06,1.0,0.4907407407407407,67631.00000000003,0.1291094199047374,0.15147910127183992,188156.1212645156,82872438.25058065,8,12069.579557418136,0.027777777777777776,"[0.0, 0.009259259259259259, 0.018518518518518517, 0.027777777777777776, 0.037037037037037035, 0.046296296296296294, 0.05555555555555555, 0.06481481481481481, 0.07407407407407407, 0.08333333333333333, 0.09259259259259259, 0.10185185185185185, 0.1111111111111111, 0.12037037037037036, 0.12962962962962962, 0.1388888888888889, 0.14814814814814814, 0.15740740740740738, 0.16666666666666666, 0.17592592592592593, 0.18518518518518517, 0.19444444444444442, 0.2037037037037037, 0.21296296296296297, 0.2222222222222222, 0.23148148148148145, 0.24074074074074073]","[67631.00000000003, 1786.6346316370007, 1155.9831840869397, 12069.579557418136, 1906.5778542068429, 950.5914327636018, 9083.87719738518, 2481.2296367744843, 778.6316126029438, 8965.162396385995, 2042.6423114779186, 1606.7171021541496, 6927.939836298325, 1790.9411989177936, 2115.064375989648, 4469.146453396728, 811.312481865886, 852.4454942250575, 2613.518509595831, 1125.8336361545946, 622.5282936168368, 1595.9028958466956, 1672.0836322356424, 807.7671822537576, 3024.63443941176, 842.7313814743655, 842.8235732269204]",3.0,0.3,145.15000000000003,15,0.5,1721880.1384885092,0.14445541615564297,0.1241257545377801,16430975.452705404,84089526828.82372,"[0.046875, 0.03125]",2,1721880.1384885092,0.046875,"[0.0, 0.015625, 0.03125, 0.046875, 0.0625, 0.078125, 0.09375, 0.109375, 0.125, 0.140625, 0.15625, 0.171875, 0.1875, 0.203125, 0.21875, 0.234375]","[154749.38571156512, 876106.9067082775, 1710291.3768915324, 1721880.1384885092, 1236443.3975593026, 1200279.6938555276, 1385236.610142782, 1437054.0474222815, 1048940.2936461228, 664501.8455342911, 393060.2971508255, 165807.0810689747, 58528.06662853267, 51528.95639390755, 141871.9518112762, 339557.73472454]",3.0,0.3,flattop,64,32,145.15000000000003,15,21,449.52380952380963,38.0,1008.0000000000001,"[2, 5, 11, 17, 22, 25, 29, 38, 44, 52, 55, 60, 65, 74, 78, 84, 89, 95, 98, 101, 105]","[38.0, 367.99999999999994, 461.00000000000006, 193.0, 951.0000000000002, 154.0, 881.0000000000002, 243.00000000000006, 491.00000000000017, 186.0, 321.0000000000001, 943.0000000000001, 810.0000000000002, 205.00000000000006, 478.0, 276.0, 347.0, 78.99999999999989, 1008.0000000000001, 114.0, 893.0000000000002]","[1, 1, 1, 15, 1, 24, 27, 35, 35, 49, 35, 35, 63, 73, 73, 73, 35, 92, 35, 99, 99]","[3, 8, 18, 18, 35, 27, 35, 39, 49, 53, 56, 73, 73, 75, 81, 85, 92, 97, 106, 102, 106]",0.05,30,52684909.00000001,1016.0000000000001,-1016.0000000000001,DWT,uc1.l0082987033,4.656612873077393e-10,0.0,1.1368683772161603e-13,8.940696716308594e-08,0.0,1.1368683772161603e-13,3.725290298461914e-09,1.1368683772161603e-13,1.0,84,0.0,5.4569682106375694e-12,1.0,84,,0.0,0.0,1.0,84,0.0,0.0,7.450580596923828e-09,6.103515625e-05,2.9103830456733704e-11,0.0,0.0,0.0,1.1368683772161603e-13,1.8189894035458565e-12,8.391171355643087e-14,0.0,1.1368683772161603e-13,0.0,2.842170943040401e-14,0.0,0.0,0.0,2.842170943040401e-14,0.0,5.551115123125783e-17,4.656612873077393e-10,0.0,2.7755575615628914e-17,5.820766091346741e-11,0.0,0.0,5.551115123125783e-17,0.9232886349406415,0.1599122031054272,0.03217061617572511,0.31005586592178774,0.019898032618189163,3.135877575339459e-05,1.5679387876697293e-05,3.135877575339459e-05,293,0.7819961500209518,0.44213838620293305,588,0,0,3.135877575339459e-05,3.135877575339459e-05,282,0,0,0.2890650705523542,0.393180893991497,652,193.79090965952625,0.7496241477267103,453.75,392.40726561350255,0.5816919188245955,467,rbio,366.5925925925926,360.0,210.3588723315502,135,0.8110455588331695,0.7500562468954116,0.20725123474815782,3,351.0
sym9,1,periodization,5.326969010030991e-25,302.8302214092462,9363872.52358276,0.5555555555555556,376.8391875741291,108,raw,5.859428169001316e-13,-8.789591277036545e-11,"[2, 5, 11, 17, 22, 25, 29, 38, 44, 52, 55, 60, 65, 74, 78, 84, 89, 95, 98, 101, 105]","[38.00000000000023, 368.00000000000097, 460.9999999999995, 193.00000000000153, 950.9999999999983, 154.00000000000227, 881.000000000002, 243.00000000000074, 490.9999999999996, 186.00000000000023, 321.00000000000045, 942.9999999999983, 810.0000000000025, 205.00000000000122, 478.0000000000009, 276.00000000000057, 347.0000000000007, 78.9999999999983, 1008.0000000000006, 114.00000000000182, 893.0000000000011]",21,5.6264017763285326,95467.34242112482,0.8146323146084465,4.365923718251286e-06,1.0,0.4907407407407407,67630.99999999997,0.1291094199047375,0.15147910127183992,188156.12126451556,82872438.25058047,8,12069.579557418123,0.027777777777777776,"[0.0, 0.009259259259259259, 0.018518518518518517, 0.027777777777777776, 0.037037037037037035, 0.046296296296296294, 0.05555555555555555, 0.06481481481481481, 0.07407407407407407, 0.08333333333333333, 0.09259259259259259, 0.10185185185185185, 0.1111111111111111, 0.12037037037037036, 0.12962962962962962, 0.1388888888888889, 0.14814814814814814, 0.15740740740740738, 0.16666666666666666, 0.17592592592592593, 0.18518518518518517, 0.19444444444444442, 0.2037037037037037, 0.21296296296296297, 0.2222222222222222, 0.23148148148148145, 0.24074074074074073]","[67630.99999999997, 1786.6346316369993, 1155.9831840869356, 12069.579557418123, 1906.5778542068385, 950.5914327635991, 9083.877197385164, 2481.229636774478, 778.6316126029428, 8965.162396385975, 2042.6423114779154, 1606.7171021541478, 6927.939836298315, 1790.9411989177913, 2115.0643759896466, 4469.146453396724, 811.3124818658857, 852.4454942250577, 2613.518509595834, 1125.8336361545976, 622.5282936168398, 1595.9028958467034, 1672.0836322356513, 807.7671822537636, 3024.6344394117764, 842.7313814743713, 842.823573226924]",3.0,0.3,145.14999999999972,15,0.5,1721880.138488505,0.14445541615564322,0.12412575453778008,16430975.4527054,84089526828.8232,"[0.046875, 0.03125]",2,1721880.138488505,0.046875,"[0.0, 0.015625, 0.03125, 0.046875, 0.0625, 0.078125, 0.09375, 0.109375, 0.125, 0.140625, 0.15625, 0.171875, 0.1875, 0.203125, 0.21875, 0.234375]","[154749.38571156532, 876106.9067082764, 1710291.3768915287, 1721880.138488505, 1236443.3975592991, 1200279.6938555234, 1385236.610142778, 1437054.0474222777, 1048940.2936461207, 664501.8455342904, 393060.2971508254, 165807.08106897486, 58528.06662853298, 51528.956393908156, 141871.951811278, 339557.734724544]",3.0,0.3,flattop,64,32,145.14999999999972,15,21,449.52380952381014,38.00000000000023,1008.0000000000006,"[2, 5, 11, 17, 22, 25, 29, 38, 44, 52, 55, 60, 65, 74, 78, 84, 89, 95, 98, 101, 105]","[38.00000000000023, 368.00000000000097, 460.9999999999995, 193.00000000000153, 950.9999999999983, 154.00000000000227, 881.000000000002, 243.00000000000074, 490.9999999999996, 186.00000000000023, 321.00000000000045, 942.9999999999983, 810.0000000000025, 205.00000000000122, 478.0000000000009, 276.00000000000057, 347.0000000000007, 78.9999999999983, 1008.0000000000006, 114.00000000000182, 893.0000000000011]","[1, 1, 1, 15, 1, 24, 27, 35, 35, 49, 35, 35, 63, 73, 73, 73, 35, 92, 35, 99, 99]","[3, 8, 18, 18, 35, 27, 35, 39, 49, 53, 56, 73, 73, 75, 81, 85, 92, 97, 106, 102, 106]",0.05,30,52684908.999999985,1016.0,-1016.0,DWT,uc1.l0082987033,3.725290298461914e-09,0.0,6.252776074688882e-13,8.940696716308594e-08,0.0,5.684341886080801e-13,0.0,0.0,1.0,84,0.0,7.275957614183426e-12,1.0,84,,0.0,0.0,1.0,84,0.0,0.0,1.4901161193847656e-08,0.000457763671875,2.9103830456733704e-11,0.0,0.0,0.0,6.252776074688882e-13,1.2732925824820995e-11,1.1382217919509413e-12,0.0,0.0,0.0,2.8421709430404007e-13,0.0,0.0,0.0,2.8421709430404007e-13,2.2737367544323206e-13,5.551115123125783e-17,3.725290298461914e-09,0.0,0.0,2.9103830456733704e-11,0.0,0.0,3.0531133177191805e-16,0.7681249650618054,0.2333520317956722,0.022822474616656603,0.41340782122905073,0.019898032618189086,6.271755150678917e-05,3.135877575339459e-05,6.271755150678917e-05,219,0.7622845737821435,0.4309935173854724,620,0,0,6.271755150678917e-05,6.271755150678917e-05,224,0,0,0.29152106506427483,0.3965214917191643,614,228.36429230507994,0.7049556946962792,419.25,325.94355515157355,0.5816445140148063,468,sym,445.72514619883043,505.0,280.45746329325993,171,0.986117580085908,1.0,0.009717693939864401,6,352.5
db26,1,periodic,2.871967915446405e-26,315.5132272736049,12522122.761729972,0.569620253164557,470.48154076454836,108,raw,1.2776611044871436e-13,-1.1488843210116851e-10,"[2, 5, 11, 17, 22, 25, 29, 38, 44, 52, 55, 60, 65, 74, 78, 84, 89, 95, 98, 101, 105]","[38.0, 368.00000000000017, 460.9999999999998, 193.0000000000001, 951.0000000000001, 154.00000000000034, 881.0000000000001, 243.00000000000023, 490.9999999999999, 186.00000000000045, 320.9999999999999, 942.9999999999999, 809.9999999999994, 204.99999999999997, 477.99999999999966, 275.99999999999943, 347.0, 79.00000000000011, 1007.9999999999997, 114.0, 893.0]",21,6.110379416433871,101454.44218720184,0.8277942965170954,4.365923718251292e-06,1.0,0.4907407407407407,67631.0,0.1291094199047374,0.15147910127183992,188156.12126451553,82872438.25058056,8,12069.57955741813,0.027777777777777776,"[0.0, 0.009259259259259259, 0.018518518518518517, 0.027777777777777776, 0.037037037037037035, 0.046296296296296294, 0.05555555555555555, 0.06481481481481481, 0.07407407407407407, 0.08333333333333333, 0.09259259259259259, 0.10185185185185185, 0.1111111111111111, 0.12037037037037036, 0.12962962962962962, 0.1388888888888889, 0.14814814814814814, 0.15740740740740738, 0.16666666666666666, 0.17592592592592593, 0.18518518518518517, 0.19444444444444442, 0.2037037037037037, 0.21296296296296297, 0.2222222222222222, 0.23148148148148145, 0.24074074074074073]","[67631.0, 1786.6346316370016, 1155.9831840869383, 12069.57955741813, 1906.5778542068442, 950.5914327636013, 9083.877197385176, 2481.229636774484, 778.6316126029449, 8965.162396385993, 2042.6423114779157, 1606.7171021541494, 6927.939836298325, 1790.9411989177938, 2115.064375989647, 4469.146453396725, 811.3124818658854, 852.4454942250547, 2613.5185095958273, 1125.833636154595, 622.5282936168388, 1595.9028958466965, 1672.0836322356417, 807.767182253756, 3024.6344394117596, 842.7313814743668, 842.8235732269206]",3.0,0.3,145.1500000000001,15,0.5,1721880.1384885092,0.14445541615564295,0.12412575453778009,16430975.4527054,84089526828.8237,"[0.046875, 0.03125]",2,1721880.1384885092,0.046875,"[0.0, 0.015625, 0.03125, 0.046875, 0.0625, 0.078125, 0.09375, 0.109375, 0.125, 0.140625, 0.15625, 0.171875, 0.1875, 0.203125, 0.21875, 0.234375]","[154749.3857115653, 876106.9067082778, 1710291.3768915324, 1721880.1384885092, 1236443.3975593026, 1200279.6938555273, 1385236.6101427819, 1437054.047422281, 1048940.2936461223, 664501.8455342909, 393060.2971508254, 165807.08106897477, 58528.066628532666, 51528.95639390743, 141871.95181127597, 339557.7347245395]",3.0,0.3,flattop,64,32,145.1500000000001,15,21,449.5238095238095,38.0,1007.9999999999997,"[2, 5, 11, 17, 22, 25, 29, 38, 44, 52, 55, 60, 65, 74, 78, 84, 89, 95, 98, 101, 105]","[38.0, 368.00000000000017, 460.9999999999998, 193.0000000000001, 951.0000000000001, 154.00000000000034, 881.0000000000001, 243.00000000000023, 490.9999999999999, 186.00000000000045, 320.9999999999999, 942.9999999999999, 809.9999999999994, 204.99999999999997, 477.99999999999966, 275.99999999999943, 347.0, 79.00000000000011, 1007.9999999999997, 114.0, 893.0]","[1, 1, 1, 15, 1, 24, 27, 35, 35, 49, 35, 35, 63, 73, 73, 73, 35, 92, 35, 99, 99]","[3, 8, 18, 18, 35, 27, 35, 39, 49, 53, 56, 73, 73, 75, 81, 85, 92, 97, 106, 102, 106]",0.05,30,52684909.0,1015.9999999999995,-1015.9999999999995,DWT,uc1.l0082987033,4.656612873077393e-10,0.0,0.0,0.0,0.0,3.410605131648481e-13,0.0,4.547473508864641e-13,1.0,84,0.0,0.0,1.0,84,,0.0,0.0,1.0,84,0.0,0.0,0.0,4.57763671875e-05,0.0,0.0,0.0,0.0,0.0,0.0,1.9353830707370347e-13,0.0,4.547473508864641e-13,0.0,8.526512829121202e-14,0.0,0.0,0.0,8.526512829121202e-14,0.0,5.551115123125783e-17,4.656612873077393e-10,0.0,1.3877787807814457e-17,0.0,0.0,0.0,2.7755575615628914e-17,0.8983372259904246,0.8534936221357334,0.3291840109608408,0.5703981330881839,0.0361045285166066,0.0,0.0,0.0,719,1.3729422167844583,0.7762576018599245,50,0,0,0.0,0.0,459,0,0,0.537503504138358,0.7311021974286086,55,327.4368895935012,0.5769549230058124,320.75,95.80542759952343,0.5812746191256453,469,db,413.2962962962963,398.0,188.41229481502944,243,0.9143723369387087,0.671803462110104,0.15839832550987273,5,353.0
rbio2.4,1,periodization,9.139632883876029e-27,320.48573559617637,9263294.312197063,0.5555555555555556,482.0474294957655,108,raw,6.828282795157536e-14,-1.1749001771477259e-10,"[2, 5, 11, 17, 22, 25, 29, 38, 44, 52, 55, 60, 65, 74, 78, 84, 89, 95, 98, 101, 105]","[38.0, 368.0, 461.0, 192.9999999999999, 951.0000000000002, 154.0000000000001, 880.9999999999999, 242.99999999999994, 491.0000000000001, 185.9999999999999, 321.0, 943.0, 810.0000000000001, 205.0, 478.0, 276.0, 347.0000000000001, 79.00000000000011, 1008.0000000000001, 114.0, 893.0000000000002]",21,5.729283507962708,99051.88253478587,0.651325619159167,4.365923718251291e-06,1.0,0.4907407407407407,67631.0,0.12910941990473743,0.15147910127183992,188156.12126451556,82872438.25058056,8,12069.579557418134,0.027777777777777776,"[0.0, 0.009259259259259259, 0.018518518518518517, 0.027777777777777776, 0.037037037037037035, 0.046296296296296294, 0.05555555555555555, 0.06481481481481481, 0.07407407407407407, 0.08333333333333333, 0.09259259259259259, 0.10185185185185185, 0.1111111111111111, 0.12037037037037036, 0.12962962962962962, 0.1388888888888889, 0.14814814814814814, 0.15740740740740738, 0.16666666666666666, 0.17592592592592593, 0.18518518518518517, 0.19444444444444442, 0.2037037037037037, 0.21296296296296297, 0.2222222222222222, 0.23148148148148145, 0.24074074074074073]","[67631.0, 1786.634631637001, 1155.9831840869383, 12069.579557418134, 1906.5778542068424, 950.5914327636032, 9083.877197385178, 2481.2296367744852, 778.6316126029437, 8965.162396385991, 2042.642311477918, 1606.7171021541508, 6927.939836298322, 1790.9411989177947, 2115.064375989648, 4469.146453396726, 811.3124818658852, 852.4454942250576, 2613.518509595829, 1125.833636154595, 622.5282936168385, 1595.9028958466968, 1672.0836322356438, 807.7671822537561, 3024.6344394117596, 842.7313814743658, 842.8235732269203]",3.0,0.3,145.15000000000003,15,0.5,1721880.1384885088,0.14445541615564295,0.12412575453778009,16430975.452705404,84089526828.82368,"[0.046875, 0.03125]",2,1721880.1384885088,0.046875,"[0.0, 0.015625, 0.03125, 0.046875, 0.0625, 0.078125, 0.09375, 0.109375, 0.125, 0.140625, 0.15625, 0.171875, 0.1875, 0.203125, 0.21875, 0.234375]","[154749.3857115654, 876106.9067082782, 1710291.3768915331, 1721880.1384885088, 1236443.3975593029, 1200279.6938555269, 1385236.6101427816, 1437054.0474222808, 1048940.293646122, 664501.8455342909, 393060.2971508253, 165807.08106897457, 58528.06662853263, 51528.95639390752, 141871.95181127614, 339557.73472454003]",3.0,0.3,flattop,64,32,145.15000000000003,15,21,449.5238095238095,38.0,1008.0000000000001,"[2, 5, 11, 17, 22, 25, 29, 38, 44, 52, 55, 60, 65, 74, 78, 84, 89, 95, 98, 101, 105]","[38.0, 368.0, 461.0, 192.9999999999999, 951.0000000000002, 154.0000000000001, 880.9999999999999, 242.99999999999994, 491.0000000000001, 185.9999999999999, 321.0, 943.0, 810.0000000000001, 205.0, 478.0, 276.0, 347.0000000000001, 79.00000000000011, 1008.0000000000001, 114.0, 893.0000000000002]","[1, 1, 1, 15, 1, 24, 27, 35, 35, 49, 35, 35, 63, 73, 73, 73, 35, 92, 35, 99, 99]","[3, 8, 18, 18, 35, 27, 35, 39, 49, 53, 56, 73, 73, 75, 81, 85, 92, 97, 106, 102, 106]",0.05,30,52684909.0,1016.0,-1016.0,DWT,uc1.l0082987033,0.0,0.0,0.0,0.0,0.0,1.1368683772161603e-13,3.725290298461914e-09,0.0,1.0,84,0.0,3.637978807091713e-12,1.0,84,,0.0,0.0,1.0,84,0.0,0.0,0.0,3.0517578125e-05,0.0,0.0,0.0,0.0,0.0,0.0,7.308439567818173e-14,0.0,0.0,0.0,2.842170943040401e-14,0.0,0.0,0.0,2.842170943040401e-14,0.0,2.7755575615628914e-17,0.0,0.0,1.3877787807814457e-17,2.9103830456733704e-11,0.0,0.0,2.7755575615628914e-17,0.9493883378556279,0.36517886714011183,0.013066029420930471,0.41340782122905073,0.029601033556793027,0.0,0.0,0.0,680,0.9359589929082354,0.5291885371372764,390,0,0,0.0,0.0,565,0,0,0.35412841784050286,0.4816788401596429,421,134.38997978520075,0.8263695351612393,514.0,489.0035799227814,0.5811434239113691,470,rbio,366.5925925925926,360.0,210.3588723315502,135,0.8110455588331695,0.7500562468954116,0.20725123474815782,3,353.25
rbio2.2,1,symmetric,4.822452798968864e-27,323.26234325617287,9322593.721203431,0.5535714285714286,442.66853794663484,108,raw,4.250098215750226e-14,-1.1331202642850324e-10,"[2, 5, 11, 17, 22, 25, 29, 38, 44, 52, 55, 60, 65, 74, 78, 84, 89, 95, 98, 101, 105]","[37.99999999999997, 368.00000000000006, 460.99999999999983, 193.0000000000001, 951.0000000000001, 153.9999999999999, 881.0, 243.0, 491.0000000000001, 186.0, 320.9999999999999, 943.0000000000001, 810.0, 204.99999999999997, 477.99999999999994, 276.0000000000001, 347.0000000000001, 79.0, 1008.0, 113.99999999999989, 893.0]",21,5.767163588842914,113235.53272480868,0.6537584007623317,4.365923718251291e-06,1.0,0.4907407407407407,67631.0,0.1291094199047374,0.15147910127183992,188156.12126451556,82872438.25058056,8,12069.57955741813,0.027777777777777776,"[0.0, 0.009259259259259259, 0.018518518518518517, 0.027777777777777776, 0.037037037037037035, 0.046296296296296294, 0.05555555555555555, 0.06481481481481481, 0.07407407407407407, 0.08333333333333333, 0.09259259259259259, 0.10185185185185185, 0.1111111111111111, 0.12037037037037036, 0.12962962962962962, 0.1388888888888889, 0.14814814814814814, 0.15740740740740738, 0.16666666666666666, 0.17592592592592593, 0.18518518518518517, 0.19444444444444442, 0.2037037037037037, 0.21296296296296297, 0.2222222222222222, 0.23148148148148145, 0.24074074074074073]","[67631.0, 1786.6346316370013, 1155.9831840869383, 12069.57955741813, 1906.577854206843, 950.5914327636025, 9083.877197385176, 2481.2296367744843, 778.6316126029448, 8965.162396385991, 2042.642311477917, 1606.7171021541496, 6927.939836298323, 1790.941198917794, 2115.0643759896484, 4469.146453396725, 811.312481865885, 852.4454942250574, 2613.518509595828, 1125.833636154595, 622.5282936168371, 1595.9028958466968, 1672.083632235644, 807.7671822537571, 3024.63443941176, 842.7313814743657, 842.8235732269201]",3.0,0.3,145.15000000000003,15,0.5,1721880.1384885088,0.14445541615564295,0.1241257545377801,16430975.4527054,84089526828.82368,"[0.046875, 0.03125]",2,1721880.1384885088,0.046875,"[0.0, 0.015625, 0.03125, 0.046875, 0.0625, 0.078125, 0.09375, 0.109375, 0.125, 0.140625, 0.15625, 0.171875, 0.1875, 0.203125, 0.21875, 0.234375]","[154749.38571156553, 876106.9067082782, 1710291.3768915331, 1721880.1384885088, 1236443.3975593029, 1200279.6938555266, 1385236.610142781, 1437054.0474222803, 1048940.2936461219, 664501.8455342908, 393060.29715082515, 165807.0810689745, 58528.066628532644, 51528.95639390756, 141871.9518112763, 339557.7347245399]",3.0,0.3,flattop,64,32,145.15000000000003,15,21,449.5238095238095,37.99999999999997,1008.0,"[2, 5, 11, 17, 22, 25, 29, 38, 44, 52, 55, 60, 65, 74, 78, 84, 89, 95, 98, 101, 105]","[37.99999999999997, 368.00000000000006, 460.99999999999983, 193.0000000000001, 951.0000000000001, 153.9999999999999, 881.0, 243.0, 491.0000000000001, 186.0, 320.9999999999999, 943.0000000000001, 810.0, 204.99999999999997, 477.99999999999994, 276.0000000000001, 347.0000000000001, 79.0, 1008.0, 113.99999999999989, 893.0]","[1, 1, 1, 15, 1, 24, 27, 35, 35, 49, 35, 35, 63, 73, 73, 73, 35, 92, 35, 99, 99]","[3, 8, 18, 18, 35, 27, 35, 39, 49, 53, 56, 73, 73, 75, 81, 85, 92, 97, 106, 102, 106]",0.05,30,52684909.0,1016.0,-1016.0,DWT,uc1.l0082987033,0.0,0.0,0.0,0.0,0.0,0.0,0.0,0.0,1.0,84,0.0,0.0,1.0,84,,0.0,0.0,1.0,84,0.0,0.0,0.0,3.0517578125e-05,0.0,0.0,0.0,0.0,0.0,0.0,6.49639072694949e-14,0.0,0.0,0.0,2.842170943040401e-14,0.0,0.0,0.0,2.842170943040401e-14,2.842170943040401e-14,5.551115123125783e-17,0.0,0.0,2.7755575615628914e-17,2.9103830456733704e-11,0.0,0.0,2.7755575615628914e-17,0.9778948579177116,0.41371626154153135,0.01881828357358142,0.39126097366320883,0.06799479307481948,0.0,0.0,0.0,665,0.9867064940033947,0.5578810290855349,306,0,0,0.0,0.0,577,0,0,0.3739370339541706,0.5086221487282777,352,173.39165685426352,0.7759797715061195,475.0,428.0022803724928,0.5811423405334215,471,rbio,366.5925925925926,360.0,210.3588723315502,135,0.8110455588331695,0.7500562468954116,0.20725123474815782,3,354.0
bior1.1,1,constant,1.6411433055147366e-26,317.94355805645716,9460241.573880227,0.5462962962962963,328.1355888153859,108,raw,1.0709129056791693e-13,-1.216075018461999e-10,"[2, 5, 11, 17, 22, 25, 29, 38, 44, 52, 55, 60, 65, 74, 78, 84, 89, 95, 98, 101, 105]","[38.0, 367.99999999999994, 461.00000000000006, 193.0, 951.0000000000002, 154.0, 881.0000000000002, 243.00000000000006, 491.00000000000017, 186.0, 321.0000000000001, 943.0000000000001, 810.0000000000002, 205.00000000000006, 478.0, 276.0, 347.0, 78.99999999999989, 1008.0000000000001, 114.0, 893.0000000000002]",21,5.569087067021978,95467.34242112485,0.8379720908410171,4.36592371825129e-06,1.0,0.4907407407407407,67631.00000000003,0.1291094199047374,0.15147910127183992,188156.1212645156,82872438.25058065,8,12069.579557418136,0.027777777777777776,"[0.0, 0.009259259259259259, 0.018518518518518517, 0.027777777777777776, 0.037037037037037035, 0.046296296296296294, 0.05555555555555555, 0.06481481481481481, 0.07407407407407407, 0.08333333333333333, 0.09259259259259259, 0.10185185185185185, 0.1111111111111111, 0.12037037037037036, 0.12962962962962962, 0.1388888888888889, 0.14814814814814814, 0.15740740740740738, 0.16666666666666666, 0.17592592592592593, 0.18518518518518517, 0.19444444444444442, 0.2037037037037037, 0.21296296296296297, 0.2222222222222222, 0.23148148148148145, 0.24074074074074073]","[67631.00000000003, 1786.6346316370007, 1155.9831840869397, 12069.579557418136, 1906.5778542068429, 950.5914327636018, 9083.87719738518, 2481.2296367744843, 778.6316126029438, 8965.162396385995, 2042.6423114779186, 1606.7171021541496, 6927.939836298325, 1790.9411989177936, 2115.064375989648, 4469.146453396728, 811.312481865886, 852.4454942250575, 2613.518509595831, 1125.8336361545946, 622.5282936168368, 1595.9028958466956, 1672.0836322356424, 807.7671822537576, 3024.63443941176, 842.7313814743655, 842.8235732269204]",3.0,0.3,145.15000000000003,15,0.5,1721880.1384885092,0.14445541615564297,0.1241257545377801,16430975.452705404,84089526828.82372,"[0.046875, 0.03125]",2,1721880.1384885092,0.046875,"[0.0, 0.015625, 0.03125, 0.046875, 0.0625, 0.078125, 0.09375, 0.109375, 0.125, 0.140625, 0.15625, 0.171875, 0.1875, 0.203125, 0.21875, 0.234375]","[154749.38571156512, 876106.9067082775, 1710291.3768915324, 1721880.1384885092, 1236443.3975593026, 1200279.6938555276, 1385236.610142782, 1437054.0474222815, 1048940.2936461228, 664501.8455342911, 393060.2971508255, 165807.0810689747, 58528.06662853267, 51528.95639390755, 141871.9518112762, 339557.73472454]",3.0,0.3,flattop,64,32,145.15000000000003,15,21,449.52380952380963,38.0,1008.0000000000001,"[2, 5, 11, 17, 22, 25, 29, 38, 44, 52, 55, 60, 65, 74, 78, 84, 89, 95, 98, 101, 105]","[38.0, 367.99999999999994, 461.00000000000006, 193.0, 951.0000000000002, 154.0, 881.0000000000002, 243.00000000000006, 491.00000000000017, 186.0, 321.0000000000001, 943.0000000000001, 810.0000000000002, 205.00000000000006, 478.0, 276.0, 347.0, 78.99999999999989, 1008.0000000000001, 114.0, 893.0000000000002]","[1, 1, 1, 15, 1, 24, 27, 35, 35, 49, 35, 35, 63, 73, 73, 73, 35, 92, 35, 99, 99]","[3, 8, 18, 18, 35, 27, 35, 39, 49, 53, 56, 73, 73, 75, 81, 85, 92, 97, 106, 102, 106]",0.05,30,52684909.00000001,1016.0000000000001,-1016.0000000000001,DWT,uc1.l0082987033,4.656612873077393e-10,0.0,1.1368683772161603e-13,8.940696716308594e-08,0.0,1.1368683772161603e-13,3.725290298461914e-09,1.1368683772161603e-13,1.0,84,0.0,5.4569682106375694e-12,1.0,84,,0.0,0.0,1.0,84,0.0,0.0,7.450580596923828e-09,6.103515625e-05,2.9103830456733704e-11,0.0,0.0,0.0,1.1368683772161603e-13,1.8189894035458565e-12,8.391171355643087e-14,0.0,1.1368683772161603e-13,0.0,2.842170943040401e-14,0.0,0.0,0.0,2.842170943040401e-14,0.0,5.551115123125783e-17,4.656612873077393e-10,0.0,2.7755575615628914e-17,5.820766091346741e-11,0.0,0.0,5.551115123125783e-17,0.9232886349406415,0.1599122031054272,0.03217061617572511,0.31005586592178774,0.019898032618189163,3.135877575339459e-05,1.5679387876697293e-05,3.135877575339459e-05,328,0.7819961500209518,0.44213838620293305,589,0,0,3.135877575339459e-05,3.135877575339459e-05,280,0,0,0.2890650705523542,0.393180893991497,653,185.91126915816588,0.7598045618111552,462.5,406.11629428022474,0.5811296710864562,472,bior,385.74074074074076,410.0,199.97417605530825,135,0.8534087184529663,0.7130285416801533,0.18870533457887761,4,355.0
db6,1,antisymmetric,9.552287484250669e-27,320.2939492673665,9695470.578696169,0.559322033898305,462.0352056306855,108,raw,6.533045709349816e-14,-1.1003031819001371e-10,"[2, 5, 11, 17, 22, 25, 29, 38, 44, 52, 55, 60, 65, 74, 78, 84, 89, 95, 98, 101, 105]","[37.99999999999997, 367.99999999999994, 460.99999999999994, 193.0, 950.9999999999999, 153.9999999999999, 880.9999999999998, 242.99999999999986, 491.0, 186.0, 320.9999999999999, 942.9999999999999, 810.0000000000003, 205.00000000000003, 477.99999999999966, 276.0, 347.0, 79.0, 1008.0, 114.0, 893.0000000000001]",21,5.7357196818175336,177523.05508937358,0.870952912210334,4.365923718251291e-06,1.0,0.4907407407407407,67631.0,0.1291094199047374,0.15147910127183992,188156.12126451553,82872438.25058056,8,12069.57955741813,0.027777777777777776,"[0.0, 0.009259259259259259, 0.018518518518518517, 0.027777777777777776, 0.037037037037037035, 0.046296296296296294, 0.05555555555555555, 0.06481481481481481, 0.07407407407407407, 0.08333333333333333, 0.09259259259259259, 0.10185185185185185, 0.1111111111111111, 0.12037037037037036, 0.12962962962962962, 0.1388888888888889, 0.14814814814814814, 0.15740740740740738, 0.16666666666666666, 0.17592592592592593, 0.18518518518518517, 0.19444444444444442, 0.2037037037037037, 0.21296296296296297, 0.2222222222222222, 0.23148148148148145, 0.24074074074074073]","[67631.0, 1786.6346316370032, 1155.9831840869383, 12069.57955741813, 1906.5778542068444, 950.5914327636021, 9083.877197385176, 2481.2296367744834, 778.6316126029449, 8965.162396385991, 2042.6423114779175, 1606.7171021541496, 6927.939836298323, 1790.9411989177936, 2115.0643759896484, 4469.146453396726, 811.3124818658858, 852.4454942250562, 2613.518509595828, 1125.833636154594, 622.528293616837, 1595.902895846697, 1672.083632235642, 807.767182253757, 3024.6344394117596, 842.731381474366, 842.8235732269177]",3.0,0.3,145.15000000000003,15,0.5,1721880.1384885085,0.14445541615564295,0.1241257545377801,16430975.452705404,84089526828.82368,"[0.046875, 0.03125]",2,1721880.1384885085,0.046875,"[0.0, 0.015625, 0.03125, 0.046875, 0.0625, 0.078125, 0.09375, 0.109375, 0.125, 0.140625, 0.15625, 0.171875, 0.1875, 0.203125, 0.21875, 0.234375]","[154749.3857115656, 876106.9067082779, 1710291.3768915324, 1721880.1384885085, 1236443.3975593029, 1200279.693855527, 1385236.6101427816, 1437054.047422281, 1048940.2936461223, 664501.8455342909, 393060.29715082515, 165807.0810689745, 58528.06662853264, 51528.95639390756, 141871.95181127626, 339557.73472453986]",3.0,0.3,flattop,64,32,145.15000000000003,15,21,449.5238095238095,37.99999999999997,1008.0,"[2, 5, 11, 17, 22, 25, 29, 38, 44, 52, 55, 60, 65, 74, 78, 84, 89, 95, 98, 101, 105]","[37.99999999999997, 367.99999999999994, 460.99999999999994, 193.0, 950.9999999999999, 153.9999999999999, 880.9999999999998, 242.99999999999986, 491.0, 186.0, 320.9999999999999, 942.9999999999999, 810.0000000000003, 205.00000000000003, 477.99999999999966, 276.0, 347.0, 79.0, 1008.0, 114.0, 893.0000000000001]","[1, 1, 1, 15, 1, 24, 27, 35, 35, 49, 35, 35, 63, 73, 73, 73, 35, 92, 35, 99, 99]","[3, 8, 18, 18, 35, 27, 35, 39, 49, 53, 56, 73, 73, 75, 81, 85, 92, 97, 106, 102, 106]",0.05,30,52684909.0,1016.0,-1016.0,DWT,uc1.l0082987033,2.3283064365386963e-10,0.0,0.0,0.0,0.0,0.0,3.725290298461914e-09,0.0,1.0,84,0.0,0.0,1.0,84,,0.0,0.0,1.0,84,0.0,0.0,0.0,3.0517578125e-05,0.0,0.0,0.0,0.0,0.0,0.0,8.5265128291212e-14,0.0,0.0,0.0,2.842170943040401e-14,0.0,0.0,0.0,2.842170943040401e-14,2.842170943040401e-14,5.551115123125783e-17,2.3283064365386963e-10,0.0,2.7755575615628914e-17,0.0,0.0,0.0,2.7755575615628914e-17,0.947419330527506,0.37342581650159046,0.05498866853828977,0.45544929457437705,0.24201485424434,0.0,0.0,0.0,753,1.0616445003639305,0.6002507635102182,213,0,0,0.0,0.0,396,0,0,0.4146595928772207,0.5640122105312874,220,252.9248900365482,0.6732236562835294,395.5,305.4935997610462,0.5811208720694133,473,db,413.2962962962963,398.0,188.41229481502944,243,0.9143723369387087,0.671803462110104,0.15839832550987273,5,356.0
sym8,1,symmetric,6.289865829141827e-21,262.10860929692984,10160949.657823885,0.5737704918032787,391.3867278458609,108,raw,5.733440060166853e-11,-1.213072975502357e-10,"[2, 5, 11, 17, 22, 25, 29, 38, 44, 52, 55, 60, 65, 74, 78, 84, 89, 95, 98, 101, 105]","[38.00000000000736, 367.99999999994736, 460.9999999998753, 193.0000000000938, 950.9999999998537, 154.00000000015837, 881.0000000000614, 243.00000000002908, 490.99999999985687, 185.9999999999701, 320.99999999992895, 942.9999999997747, 810.0000000000637, 205.00000000007574, 477.9999999999641, 276.00000000000443, 346.9999999999667, 78.99999999978832, 1007.9999999998372, 114.00000000020054, 892.9999999999064]",21,5.755060913115263,103631.17071302861,0.8079782100272608,4.3659237182519955e-06,0.9999999999999994,0.4907407407407407,67631.00000000001,0.12910941990473496,0.1514791012718385,188156.12126450354,82872438.25057982,8,12069.579557417777,0.027777777777777776,"[0.0, 0.009259259259259259, 0.018518518518518517, 0.027777777777777776, 0.037037037037037035, 0.046296296296296294, 0.05555555555555555, 0.06481481481481481, 0.07407407407407407, 0.08333333333333333, 0.09259259259259259, 0.10185185185185185, 0.1111111111111111, 0.12037037037037036, 0.12962962962962962, 0.1388888888888889, 0.14814814814814814, 0.15740740740740738, 0.16666666666666666, 0.17592592592592593, 0.18518518518518517, 0.19444444444444442, 0.2037037037037037, 0.21296296296296297, 0.2222222222222222, 0.23148148148148145, 0.24074074074074073]","[67631.00000000001, 1786.6346316369998, 1155.9831840869401, 12069.579557417777, 1906.5778542067048, 950.5914327635052, 9083.877197384068, 2481.229636774141, 778.6316126027072, 8965.162396383668, 2042.6423114771662, 1606.7171021535078, 6927.939836295649, 1790.941198917153, 2115.0643759890095, 4469.146453394797, 811.3124818659272, 852.4454942245138, 2613.5185095950596, 1125.8336361547438, 622.5282936172689, 1595.9028958464392, 1672.0836322355872, 807.7671822544842, 3024.63443941288, 842.7313814745864, 842.8235732270034]",3.0,0.3,145.15000000001535,15,0.5,1721880.138488261,0.14445541615565663,0.1241257545377828,16430975.452701515,84089526828.75574,"[0.046875, 0.03125]",2,1721880.138488261,0.046875,"[0.0, 0.015625, 0.03125, 0.046875, 0.0625, 0.078125, 0.09375, 0.109375, 0.125, 0.140625, 0.15625, 0.171875, 0.1875, 0.203125, 0.21875, 0.234375]","[154749.38571155263, 876106.9067081802, 1710291.3768913038, 1721880.138488261, 1236443.397558956, 1200279.693854932, 1385236.610141911, 1437054.0474212999, 1048940.2936453486, 664501.8455337955, 393060.2971505552, 165807.08106887926, 58528.06662852326, 51528.95639395509, 141871.9518114326, 339557.73472488706]",3.0,0.3,flattop,64,32,145.15000000001535,15,21,449.5238095237793,38.00000000000736,1007.9999999998372,"[2, 5, 11, 17, 22, 25, 29, 38, 44, 52, 55, 60, 65, 74, 78, 84, 89, 95, 98, 101, 105]","[38.00000000000736, 367.99999999994736, 460.9999999998753, 193.0000000000938, 950.9999999998537, 154.00000000015837, 881.0000000000614, 243.00000000002908, 490.99999999985687, 185.9999999999701, 320.99999999992895, 942.9999999997747, 810.0000000000637, 205.00000000007574, 477.9999999999641, 276.00000000000443, 346.9999999999667, 78.99999999978832, 1007.9999999998372, 114.00000000020054, 892.9999999999064]","[1, 1, 1, 15, 1, 24, 27, 35, 35, 49, 35, 35, 63, 73, 73, 73, 35, 92, 35, 99, 99]","[3, 8, 18, 18, 35, 27, 35, 39, 49, 53, 56, 73, 73, 75, 81, 85, 92, 97, 106, 102, 106]",0.05,30,52684908.99999766,1015.9999999999884,-1015.9999999999884,DWT,uc1.l0082987033,2.477318048477173e-07,0.0,3.0240698833949864e-11,7.450580596923828e-07,0.0,1.6279955161735415e-10,3.885477781295776e-06,1.1596057447604835e-11,1.0,84,0.0,3.5288394428789616e-10,1.0,84,,0.0,0.0,1.0,84,0.0,0.0,2.339482307434082e-06,0.0679168701171875,1.4551915228366852e-11,0.0,0.0,0.0,3.0240698833949864e-11,6.348273018375039e-10,9.641591229107388e-11,0.0,1.1596057447604835e-11,0.0,1.5347723092418164e-11,0.0,0.0,0.0,1.5347723092418164e-11,7.361222742474638e-12,2.4980018054066022e-15,2.477318048477173e-07,1.4155343563970746e-15,2.7200464103316335e-15,1.1990778148174286e-08,0.0,0.0,1.3711254354120683e-14,0.3500495310116092,0.3982085769892406,0.10014179924819269,0.6167231431449764,0.041996720613631716,0.009846655586565901,0.0049233277932829505,0.009846655586565901,163,0.7226928522291255,0.40860847127753663,636,0,0,0.009846655586565901,0.009846655586565901,163,0,0,0.3014239542015302,0.40999121601565114,590,260.4854442510496,0.6634554983836568,388.0,257.4469598597522,0.581081754359787,474,sym,445.72514619883043,505.0,280.45746329325993,171,0.986117580085908,1.0,0.009717693939864401,6,357.0
rbio1.1,1,symmetric,1.6411433055147366e-26,317.94355805645716,9460241.573880227,0.5462962962962963,328.1355888153859,108,raw,1.0709129056791693e-13,-1.216075018461999e-10,"[2, 5, 11, 17, 22, 25, 29, 38, 44, 52, 55, 60, 65, 74, 78, 84, 89, 95, 98, 101, 105]","[38.0, 367.99999999999994, 461.00000000000006, 193.0, 951.0000000000002, 154.0, 881.0000000000002, 243.00000000000006, 491.00000000000017, 186.0, 321.0000000000001, 943.0000000000001, 810.0000000000002, 205.00000000000006, 478.0, 276.0, 347.0, 78.99999999999989, 1008.0000000000001, 114.0, 893.0000000000002]",21,5.569087067021978,95467.34242112485,0.8379720908410171,4.36592371825129e-06,1.0,0.4907407407407407,67631.00000000003,0.1291094199047374,0.15147910127183992,188156.1212645156,82872438.25058065,8,12069.579557418136,0.027777777777777776,"[0.0, 0.009259259259259259, 0.018518518518518517, 0.027777777777777776, 0.037037037037037035, 0.046296296296296294, 0.05555555555555555, 0.06481481481481481, 0.07407407407407407, 0.08333333333333333, 0.09259259259259259, 0.10185185185185185, 0.1111111111111111, 0.12037037037037036, 0.12962962962962962, 0.1388888888888889, 0.14814814814814814, 0.15740740740740738, 0.16666666666666666, 0.17592592592592593, 0.18518518518518517, 0.19444444444444442, 0.2037037037037037, 0.21296296296296297, 0.2222222222222222, 0.23148148148148145, 0.24074074074074073]","[67631.00000000003, 1786.6346316370007, 1155.9831840869397, 12069.579557418136, 1906.5778542068429, 950.5914327636018, 9083.87719738518, 2481.2296367744843, 778.6316126029438, 8965.162396385995, 2042.6423114779186, 1606.7171021541496, 6927.939836298325, 1790.9411989177936, 2115.064375989648, 4469.146453396728, 811.312481865886, 852.4454942250575, 2613.518509595831, 1125.8336361545946, 622.5282936168368, 1595.9028958466956, 1672.0836322356424, 807.7671822537576, 3024.63443941176, 842.7313814743655, 842.8235732269204]",3.0,0.3,145.15000000000003,15,0.5,1721880.1384885092,0.14445541615564297,0.1241257545377801,16430975.452705404,84089526828.82372,"[0.046875, 0.03125]",2,1721880.1384885092,0.046875,"[0.0, 0.015625, 0.03125, 0.046875, 0.0625, 0.078125, 0.09375, 0.109375, 0.125, 0.140625, 0.15625, 0.171875, 0.1875, 0.203125, 0.21875, 0.234375]","[154749.38571156512, 876106.9067082775, 1710291.3768915324, 1721880.1384885092, 1236443.3975593026, 1200279.6938555276, 1385236.610142782, 1437054.0474222815, 1048940.2936461228, 664501.8455342911, 393060.2971508255, 165807.0810689747, 58528.06662853267, 51528.95639390755, 141871.9518112762, 339557.73472454]",3.0,0.3,flattop,64,32,145.15000000000003,15,21,449.52380952380963,38.0,1008.0000000000001,"[2, 5, 11, 17, 22, 25, 29, 38, 44, 52, 55, 60, 65, 74, 78, 84, 89, 95, 98, 101, 105]","[38.0, 367.99999999999994, 461.00000000000006, 193.0, 951.0000000000002, 154.0, 881.0000000000002, 243.00000000000006, 491.00000000000017, 186.0, 321.0000000000001, 943.0000000000001, 810.0000000000002, 205.00000000000006, 478.0, 276.0, 347.0, 78.99999999999989, 1008.0000000000001, 114.0, 893.0000000000002]","[1, 1, 1, 15, 1, 24, 27, 35, 35, 49, 35, 35, 63, 73, 73, 73, 35, 92, 35, 99, 99]","[3, 8, 18, 18, 35, 27, 35, 39, 49, 53, 56, 73, 73, 75, 81, 85, 92, 97, 106, 102, 106]",0.05,30,52684909.00000001,1016.0000000000001,-1016.0000000000001,DWT,uc1.l0082987033,4.656612873077393e-10,0.0,1.1368683772161603e-13,8.940696716308594e-08,0.0,1.1368683772161603e-13,3.725290298461914e-09,1.1368683772161603e-13,1.0,84,0.0,5.4569682106375694e-12,1.0,84,,0.0,0.0,1.0,84,0.0,0.0,7.450580596923828e-09,6.103515625e-05,2.9103830456733704e-11,0.0,0.0,0.0,1.1368683772161603e-13,1.8189894035458565e-12,8.391171355643087e-14,0.0,1.1368683772161603e-13,0.0,2.842170943040401e-14,0.0,0.0,0.0,2.842170943040401e-14,0.0,5.551115123125783e-17,4.656612873077393e-10,0.0,2.7755575615628914e-17,5.820766091346741e-11,0.0,0.0,5.551115123125783e-17,0.9232886349406415,0.1599122031054272,0.03217061617572511,0.31005586592178774,0.019898032618189163,3.135877575339459e-05,1.5679387876697293e-05,3.135877575339459e-05,265,0.7819961500209518,0.44213838620293305,610,0,0,3.135877575339459e-05,3.135877575339459e-05,243,0,0,0.2890650705523542,0.393180893991497,630,211.65853002733752,0.7265393668897449,437.0,359.8592452509177,0.5809699418428053,475,rbio,366.5925925925926,360.0,210.3588723315502,135,0.8110455588331695,0.7500562468954116,0.20725123474815782,3,357.0
coif2,1,periodic,1.601575357277026e-26,318.04954933290105,9886743.4183311,0.576271186440678,416.58831996752474,108,raw,8.727997748405023e-14,-1.178906972043598e-10,"[2, 5, 11, 17, 22, 25, 29, 38, 44, 52, 55, 60, 65, 74, 78, 84, 89, 95, 98, 101, 105]","[37.99999999999994, 367.99999999999994, 461.0, 193.0, 951.0, 154.00000000000023, 881.0000000000001, 243.00000000000014, 491.00000000000017, 186.0, 320.9999999999999, 943.0000000000001, 810.0, 205.00000000000003, 477.9999999999999, 276.0000000000001, 347.0, 78.99999999999989, 1008.0000000000002, 114.0, 893.0000000000001]",21,5.706839457870948,106236.04115986585,0.790317928213481,4.365923718251291e-06,1.0,0.4907407407407407,67631.0,0.12910941990473743,0.15147910127183992,188156.12126451556,82872438.25058056,8,12069.579557418132,0.027777777777777776,"[0.0, 0.009259259259259259, 0.018518518518518517, 0.027777777777777776, 0.037037037037037035, 0.046296296296296294, 0.05555555555555555, 0.06481481481481481, 0.07407407407407407, 0.08333333333333333, 0.09259259259259259, 0.10185185185185185, 0.1111111111111111, 0.12037037037037036, 0.12962962962962962, 0.1388888888888889, 0.14814814814814814, 0.15740740740740738, 0.16666666666666666, 0.17592592592592593, 0.18518518518518517, 0.19444444444444442, 0.2037037037037037, 0.21296296296296297, 0.2222222222222222, 0.23148148148148145, 0.24074074074074073]","[67631.0, 1786.634631637001, 1155.9831840869401, 12069.579557418132, 1906.5778542068435, 950.5914327636011, 9083.87719738518, 2481.2296367744834, 778.6316126029456, 8965.162396385991, 2042.6423114779166, 1606.717102154152, 6927.939836298324, 1790.9411989177927, 2115.0643759896493, 4469.1464533967255, 811.3124818658871, 852.4454942250574, 2613.5185095958263, 1125.8336361545944, 622.5282936168379, 1595.9028958466972, 1672.0836322356427, 807.7671822537563, 3024.63443941176, 842.7313814743657, 842.8235732269212]",3.0,0.3,145.15000000000006,15,0.5,1721880.138488509,0.14445541615564295,0.1241257545377801,16430975.452705404,84089526828.82375,"[0.046875, 0.03125]",2,1721880.138488509,0.046875,"[0.0, 0.015625, 0.03125, 0.046875, 0.0625, 0.078125, 0.09375, 0.109375, 0.125, 0.140625, 0.15625, 0.171875, 0.1875, 0.203125, 0.21875, 0.234375]","[154749.38571156524, 876106.9067082778, 1710291.3768915331, 1721880.138488509, 1236443.3975593033, 1200279.6938555276, 1385236.6101427819, 1437054.047422281, 1048940.2936461226, 664501.8455342911, 393060.2971508254, 165807.08106897463, 58528.06662853264, 51528.95639390751, 141871.95181127626, 339557.7347245399]",3.0,0.3,flattop,64,32,145.15000000000006,15,21,449.5238095238095,37.99999999999994,1008.0000000000002,"[2, 5, 11, 17, 22, 25, 29, 38, 44, 52, 55, 60, 65, 74, 78, 84, 89, 95, 98, 101, 105]","[37.99999999999994, 367.99999999999994, 461.0, 193.0, 951.0, 154.00000000000023, 881.0000000000001, 243.00000000000014, 491.00000000000017, 186.0, 320.9999999999999, 943.0000000000001, 810.0, 205.00000000000003, 477.9999999999999, 276.0000000000001, 347.0, 78.99999999999989, 1008.0000000000002, 114.0, 893.0000000000001]","[1, 1, 1, 15, 1, 24, 27, 35, 35, 49, 35, 35, 63, 73, 73, 73, 35, 92, 35, 99, 99]","[3, 8, 18, 18, 35, 27, 35, 39, 49, 53, 56, 73, 73, 75, 81, 85, 92, 97, 106, 102, 106]",0.05,30,52684909.0,1016.0000000000002,-1016.0000000000002,DWT,uc1.l0082987033,2.3283064365386963e-10,0.0,0.0,0.0,0.0,2.2737367544323206e-13,3.725290298461914e-09,2.2737367544323206e-13,1.0,84,0.0,1.8189894035458565e-12,1.0,84,,0.0,0.0,1.0,84,0.0,0.0,0.0,9.1552734375e-05,0.0,0.0,0.0,0.0,0.0,0.0,8.120488408686861e-14,0.0,2.2737367544323206e-13,0.0,5.684341886080802e-14,0.0,0.0,0.0,5.684341886080802e-14,5.684341886080802e-14,2.7755575615628914e-17,2.3283064365386963e-10,0.0,2.7755575615628914e-17,2.9103830456733704e-11,0.0,0.0,2.7755575615628914e-17,0.9243768126086227,0.336420330042103,0.0735428161177574,0.6446359246283498,0.04904785118803305,0.0,0.0,0.0,490,1.037081170971657,0.586362727338966,248,0,0,0.0,0.0,714,0,0,0.4056047469169732,0.5516959786780147,243,225.2352473896274,0.7089983883854943,423.75,345.15902955137153,0.5807588841152278,476,coif,217.80246913580248,181.0,166.32516494453617,81,0.48186386976947454,0.5930495234160287,0.4847804341365592,1,357.25
rbio1.1,1,reflect,1.6411433055147366e-26,317.94355805645716,9460241.573880227,0.5462962962962963,328.1355888153859,108,raw,1.0709129056791693e-13,-1.216075018461999e-10,"[2, 5, 11, 17, 22, 25, 29, 38, 44, 52, 55, 60, 65, 74, 78, 84, 89, 95, 98, 101, 105]","[38.0, 367.99999999999994, 461.00000000000006, 193.0, 951.0000000000002, 154.0, 881.0000000000002, 243.00000000000006, 491.00000000000017, 186.0, 321.0000000000001, 943.0000000000001, 810.0000000000002, 205.00000000000006, 478.0, 276.0, 347.0, 78.99999999999989, 1008.0000000000001, 114.0, 893.0000000000002]",21,5.569087067021978,95467.34242112485,0.8379720908410171,4.36592371825129e-06,1.0,0.4907407407407407,67631.00000000003,0.1291094199047374,0.15147910127183992,188156.1212645156,82872438.25058065,8,12069.579557418136,0.027777777777777776,"[0.0, 0.009259259259259259, 0.018518518518518517, 0.027777777777777776, 0.037037037037037035, 0.046296296296296294, 0.05555555555555555, 0.06481481481481481, 0.07407407407407407, 0.08333333333333333, 0.09259259259259259, 0.10185185185185185, 0.1111111111111111, 0.12037037037037036, 0.12962962962962962, 0.1388888888888889, 0.14814814814814814, 0.15740740740740738, 0.16666666666666666, 0.17592592592592593, 0.18518518518518517, 0.19444444444444442, 0.2037037037037037, 0.21296296296296297, 0.2222222222222222, 0.23148148148148145, 0.24074074074074073]","[67631.00000000003, 1786.6346316370007, 1155.9831840869397, 12069.579557418136, 1906.5778542068429, 950.5914327636018, 9083.87719738518, 2481.2296367744843, 778.6316126029438, 8965.162396385995, 2042.6423114779186, 1606.7171021541496, 6927.939836298325, 1790.9411989177936, 2115.064375989648, 4469.146453396728, 811.312481865886, 852.4454942250575, 2613.518509595831, 1125.8336361545946, 622.5282936168368, 1595.9028958466956, 1672.0836322356424, 807.7671822537576, 3024.63443941176, 842.7313814743655, 842.8235732269204]",3.0,0.3,145.15000000000003,15,0.5,1721880.1384885092,0.14445541615564297,0.1241257545377801,16430975.452705404,84089526828.82372,"[0.046875, 0.03125]",2,1721880.1384885092,0.046875,"[0.0, 0.015625, 0.03125, 0.046875, 0.0625, 0.078125, 0.09375, 0.109375, 0.125, 0.140625, 0.15625, 0.171875, 0.1875, 0.203125, 0.21875, 0.234375]","[154749.38571156512, 876106.9067082775, 1710291.3768915324, 1721880.1384885092, 1236443.3975593026, 1200279.6938555276, 1385236.610142782, 1437054.0474222815, 1048940.2936461228, 664501.8455342911, 393060.2971508255, 165807.0810689747, 58528.06662853267, 51528.95639390755, 141871.9518112762, 339557.73472454]",3.0,0.3,flattop,64,32,145.15000000000003,15,21,449.52380952380963,38.0,1008.0000000000001,"[2, 5, 11, 17, 22, 25, 29, 38, 44, 52, 55, 60, 65, 74, 78, 84, 89, 95, 98, 101, 105]","[38.0, 367.99999999999994, 461.00000000000006, 193.0, 951.0000000000002, 154.0, 881.0000000000002, 243.00000000000006, 491.00000000000017, 186.0, 321.0000000000001, 943.0000000000001, 810.0000000000002, 205.00000000000006, 478.0, 276.0, 347.0, 78.99999999999989, 1008.0000000000001, 114.0, 893.0000000000002]","[1, 1, 1, 15, 1, 24, 27, 35, 35, 49, 35, 35, 63, 73, 73, 73, 35, 92, 35, 99, 99]","[3, 8, 18, 18, 35, 27, 35, 39, 49, 53, 56, 73, 73, 75, 81, 85, 92, 97, 106, 102, 106]",0.05,30,52684909.00000001,1016.0000000000001,-1016.0000000000001,DWT,uc1.l0082987033,4.656612873077393e-10,0.0,1.1368683772161603e-13,8.940696716308594e-08,0.0,1.1368683772161603e-13,3.725290298461914e-09,1.1368683772161603e-13,1.0,84,0.0,5.4569682106375694e-12,1.0,84,,0.0,0.0,1.0,84,0.0,0.0,7.450580596923828e-09,6.103515625e-05,2.9103830456733704e-11,0.0,0.0,0.0,1.1368683772161603e-13,1.8189894035458565e-12,8.391171355643087e-14,0.0,1.1368683772161603e-13,0.0,2.842170943040401e-14,0.0,0.0,0.0,2.842170943040401e-14,0.0,5.551115123125783e-17,4.656612873077393e-10,0.0,2.7755575615628914e-17,5.820766091346741e-11,0.0,0.0,5.551115123125783e-17,0.9232886349406415,0.1599122031054272,0.03217061617572511,0.31005586592178774,0.019898032618189163,3.135877575339459e-05,1.5679387876697293e-05,3.135877575339459e-05,289,0.7819961500209518,0.44213838620293305,607,0,0,3.135877575339459e-05,3.135877575339459e-05,296,0,0,0.2890650705523542,0.393180893991497,639,191.28229574810803,0.7528652509714366,457.75,397.9712351420168,0.5807284911187933,477,rbio,366.5925925925926,360.0,210.3588723315502,135,0.8110455588331695,0.7500562468954116,0.20725123474815782,3,358.5
db17,1,periodization,3.573772906788929e-26,314.56375359112525,9472088.839354403,0.5555555555555556,396.24848788796913,108,raw,1.4723202081380879e-13,-1.0021261598325344e-10,"[2, 5, 11, 17, 22, 25, 29, 38, 44, 52, 55, 60, 65, 74, 78, 84, 89, 95, 98, 101, 105]","[37.999999999999915, 367.99999999999955, 461.00000000000034, 193.00000000000023, 950.9999999999998, 154.0000000000001, 880.9999999999998, 243.00000000000003, 491.0, 186.00000000000023, 321.0, 943.0000000000001, 810.0000000000002, 205.00000000000003, 478.00000000000017, 276.0000000000002, 347.0, 78.99999999999966, 1007.9999999999997, 114.00000000000023, 892.9999999999999]",21,5.56212150176485,95467.34242112483,0.828188512840571,4.3659237182512925e-06,0.9999999999999998,0.4907407407407407,67631.0,0.1291094199047374,0.15147910127183992,188156.12126451553,82872438.25058056,8,12069.579557418128,0.027777777777777776,"[0.0, 0.009259259259259259, 0.018518518518518517, 0.027777777777777776, 0.037037037037037035, 0.046296296296296294, 0.05555555555555555, 0.06481481481481481, 0.07407407407407407, 0.08333333333333333, 0.09259259259259259, 0.10185185185185185, 0.1111111111111111, 0.12037037037037036, 0.12962962962962962, 0.1388888888888889, 0.14814814814814814, 0.15740740740740738, 0.16666666666666666, 0.17592592592592593, 0.18518518518518517, 0.19444444444444442, 0.2037037037037037, 0.21296296296296297, 0.2222222222222222, 0.23148148148148145, 0.24074074074074073]","[67631.0, 1786.634631637, 1155.9831840869385, 12069.579557418128, 1906.5778542068433, 950.5914327636009, 9083.877197385176, 2481.229636774484, 778.6316126029435, 8965.162396385987, 2042.6423114779154, 1606.717102154149, 6927.93983629832, 1790.9411989177909, 2115.064375989649, 4469.1464533967255, 811.3124818658872, 852.4454942250575, 2613.518509595828, 1125.833636154592, 622.5282936168388, 1595.9028958466995, 1672.0836322356447, 807.7671822537594, 3024.634439411762, 842.7313814743659, 842.8235732269197]",3.0,0.3,145.14999999999995,15,0.5,1721880.138488508,0.14445541615564295,0.12412575453778006,16430975.452705398,84089526828.8237,"[0.046875, 0.03125]",2,1721880.138488508,0.046875,"[0.0, 0.015625, 0.03125, 0.046875, 0.0625, 0.078125, 0.09375, 0.109375, 0.125, 0.140625, 0.15625, 0.171875, 0.1875, 0.203125, 0.21875, 0.234375]","[154749.38571156556, 876106.9067082775, 1710291.376891532, 1721880.138488508, 1236443.3975593024, 1200279.6938555273, 1385236.6101427814, 1437054.0474222808, 1048940.2936461223, 664501.8455342909, 393060.2971508254, 165807.08106897474, 58528.06662853286, 51528.956393907654, 141871.95181127623, 339557.7347245399]",3.0,0.3,flattop,64,32,145.14999999999995,15,21,449.5238095238095,37.999999999999915,1007.9999999999997,"[2, 5, 11, 17, 22, 25, 29, 38, 44, 52, 55, 60, 65, 74, 78, 84, 89, 95, 98, 101, 105]","[37.999999999999915, 367.99999999999955, 461.00000000000034, 193.00000000000023, 950.9999999999998, 154.0000000000001, 880.9999999999998, 243.00000000000003, 491.0, 186.00000000000023, 321.0, 943.0000000000001, 810.0000000000002, 205.00000000000003, 478.00000000000017, 276.0000000000002, 347.0, 78.99999999999966, 1007.9999999999997, 114.00000000000023, 892.9999999999999]","[1, 1, 1, 15, 1, 24, 27, 35, 35, 49, 35, 35, 63, 73, 73, 73, 35, 92, 35, 99, 99]","[3, 8, 18, 18, 35, 27, 35, 39, 49, 53, 56, 73, 73, 75, 81, 85, 92, 97, 106, 102, 106]",0.05,30,52684909.0,1015.9999999999997,-1015.9999999999997,DWT,uc1.l0082987033,6.984919309616089e-10,0.0,0.0,0.0,0.0,3.410605131648481e-13,1.862645149230957e-09,3.410605131648481e-13,1.0,84,0.0,1.8189894035458565e-12,1.0,84,,0.0,0.0,1.0,84,0.0,0.0,0.0,4.57763671875e-05,0.0,0.0,0.0,0.0,0.0,0.0,1.7729733025632976e-13,0.0,3.410605131648481e-13,0.0,5.684341886080802e-14,0.0,0.0,0.0,5.684341886080802e-14,8.526512829121202e-14,5.551115123125783e-17,6.984919309616089e-10,0.0,1.3877787807814457e-17,0.0,0.0,0.0,2.7755575615628914e-17,0.8885892911388508,0.15098692152582302,0.033319843177533316,0.41340782122905073,0.01989803261818912,0.0,0.0,0.0,637,0.7986292985738845,0.45154272081311025,564,0,0,0.0,0.0,409,0,0,0.30124038193788943,0.40974152446145407,591,98.87154966588383,0.87225897975984,550.25,534.7633968610055,0.5806708335491706,478,db,413.2962962962963,398.0,188.41229481502944,243,0.9143723369387087,0.671803462110104,0.15839832550987273,5,359.75
sym11,1,periodization,4.6237690335850123e-23,283.44506179096686,9342615.434423445,0.5740740740740741,501.0084624841379,108,raw,5.348478861446051e-12,-1.0600986755099052e-10,"[2, 5, 11, 17, 22, 25, 29, 38, 44, 52, 55, 60, 65, 74, 78, 84, 89, 95, 98, 101, 105]","[38.0000000000031, 368.0000000000152, 461.0000000000092, 193.00000000000955, 951.0000000000125, 154.00000000001216, 881.0000000000318, 243.00000000000858, 491.00000000001074, 186.0000000000059, 321.0000000000126, 943.0000000000078, 810.0000000000301, 205.0000000000077, 478.0000000000142, 276.0000000000067, 347.0000000000098, 78.99999999999648, 1008.000000000017, 114.00000000000921, 893.0000000000333]",21,5.639203429681946,95467.34242112651,0.8234335193189148,4.365923718251084e-06,1.0,0.4907407407407407,67631.0,0.12910941990473884,0.15147910127183986,188156.12126451827,82872438.25058056,8,12069.579557418165,0.027777777777777776,"[0.0, 0.009259259259259259, 0.018518518518518517, 0.027777777777777776, 0.037037037037037035, 0.046296296296296294, 0.05555555555555555, 0.06481481481481481, 0.07407407407407407, 0.08333333333333333, 0.09259259259259259, 0.10185185185185185, 0.1111111111111111, 0.12037037037037036, 0.12962962962962962, 0.1388888888888889, 0.14814814814814814, 0.15740740740740738, 0.16666666666666666, 0.17592592592592593, 0.18518518518518517, 0.19444444444444442, 0.2037037037037037, 0.21296296296296297, 0.2222222222222222, 0.23148148148148145, 0.24074074074074073]","[67631.0, 1786.6346316370018, 1155.9831840869401, 12069.579557418165, 1906.5778542068529, 950.5914327636085, 9083.877197385267, 2481.229636774512, 778.6316126029578, 8965.162396386158, 2042.6423114779618, 1606.7171021541878, 6927.939836298502, 1790.9411989178443, 2115.0643759897107, 4469.146453396863, 811.3124818659146, 852.4454942250857, 2613.5185095959164, 1125.8336361546333, 622.5282936168584, 1595.9028958467609, 1672.0836322357118, 807.7671822537922, 3024.6344394118883, 842.7313814744027, 842.823573226956]",3.0,0.3,145.14999999999281,15,0.5,1721880.1384885295,0.14445541615564467,0.12412575453777985,16430975.45270606,84089526828.82788,"[0.046875, 0.03125]",2,1721880.1384885295,0.046875,"[0.0, 0.015625, 0.03125, 0.046875, 0.0625, 0.078125, 0.09375, 0.109375, 0.125, 0.140625, 0.15625, 0.171875, 0.1875, 0.203125, 0.21875, 0.234375]","[154749.38571156576, 876106.9067082843, 1710291.37689155, 1721880.1384885295, 1236443.3975593292, 1200279.6938555692, 1385236.6101428412, 1437054.0474223488, 1048940.2936461777, 664501.8455343298, 393060.2971508497, 165807.08106898546, 58528.06662853695, 51528.9563939121, 141871.95181128877, 339557.7347245695]",3.0,0.3,flattop,64,32,145.14999999999281,15,21,449.5238095238221,38.0000000000031,1008.000000000017,"[2, 5, 11, 17, 22, 25, 29, 38, 44, 52, 55, 60, 65, 74, 78, 84, 89, 95, 98, 101, 105]","[38.0000000000031, 368.0000000000152, 461.0000000000092, 193.00000000000955, 951.0000000000125, 154.00000000001216, 881.0000000000318, 243.00000000000858, 491.00000000001074, 186.0000000000059, 321.0000000000126, 943.0000000000078, 810.0000000000301, 205.0000000000077, 478.0000000000142, 276.0000000000067, 347.0000000000098, 78.99999999999648, 1008.000000000017, 114.00000000000921, 893.0000000000333]","[1, 1, 1, 15, 1, 24, 27, 35, 35, 49, 35, 35, 63, 73, 73, 73, 35, 92, 35, 99, 99]","[3, 8, 18, 18, 35, 27, 35, 39, 49, 53, 56, 73, 73, 75, 81, 85, 92, 97, 106, 102, 106]",0.05,30,52684909.00000036,1016.0000000000049,-1016.0000000000049,DWT,uc1.l0082987033,2.0721927285194397e-08,0.0,1.2562395568238571e-11,0.0,0.0,1.7053025658242404e-11,6.593763828277588e-07,4.888534022029489e-12,1.0,84,0.0,3.456079866737127e-11,1.0,84,,0.0,0.0,1.0,84,0.0,0.0,3.5762786865234375e-07,0.0042266845703125,0.0,0.0,0.0,0.0,1.2562395568238571e-11,2.637534635141492e-10,1.2898042422464294e-11,0.0,4.888534022029489e-12,0.0,7.190692485892214e-12,0.0,0.0,0.0,7.190692485892214e-12,3.097966327914037e-12,1.3877787807814457e-15,2.0721927285194397e-08,5.551115123125783e-17,2.220446049250313e-16,2.735760062932968e-09,0.0,0.0,1.7486012637846216e-15,0.569103889982775,0.2497553467666701,0.020760461159206926,0.6201117318435755,0.01989803261819366,0.0015052212361629403,0.0007526106180814701,0.0015052212361629403,207,0.7327241437373111,0.41428013480022985,632,0,0,0.0015052212361629403,0.0015052212361629403,202,0,0,0.29592589247408424,0.402512855447607,602,238.48043246075068,0.6918857461747407,410.75,307.10594857969267,0.5806004958263884,479,sym,445.72514619883043,505.0,280.45746329325993,171,0.986117580085908,1.0,0.009717693939864401,6,360.75
bior1.1,1,symmetric,1.6411433055147366e-26,317.94355805645716,9460241.573880227,0.5462962962962963,328.1355888153859,108,raw,1.0709129056791693e-13,-1.216075018461999e-10,"[2, 5, 11, 17, 22, 25, 29, 38, 44, 52, 55, 60, 65, 74, 78, 84, 89, 95, 98, 101, 105]","[38.0, 367.99999999999994, 461.00000000000006, 193.0, 951.0000000000002, 154.0, 881.0000000000002, 243.00000000000006, 491.00000000000017, 186.0, 321.0000000000001, 943.0000000000001, 810.0000000000002, 205.00000000000006, 478.0, 276.0, 347.0, 78.99999999999989, 1008.0000000000001, 114.0, 893.0000000000002]",21,5.569087067021978,95467.34242112485,0.8379720908410171,4.36592371825129e-06,1.0,0.4907407407407407,67631.00000000003,0.1291094199047374,0.15147910127183992,188156.1212645156,82872438.25058065,8,12069.579557418136,0.027777777777777776,"[0.0, 0.009259259259259259, 0.018518518518518517, 0.027777777777777776, 0.037037037037037035, 0.046296296296296294, 0.05555555555555555, 0.06481481481481481, 0.07407407407407407, 0.08333333333333333, 0.09259259259259259, 0.10185185185185185, 0.1111111111111111, 0.12037037037037036, 0.12962962962962962, 0.1388888888888889, 0.14814814814814814, 0.15740740740740738, 0.16666666666666666, 0.17592592592592593, 0.18518518518518517, 0.19444444444444442, 0.2037037037037037, 0.21296296296296297, 0.2222222222222222, 0.23148148148148145, 0.24074074074074073]","[67631.00000000003, 1786.6346316370007, 1155.9831840869397, 12069.579557418136, 1906.5778542068429, 950.5914327636018, 9083.87719738518, 2481.2296367744843, 778.6316126029438, 8965.162396385995, 2042.6423114779186, 1606.7171021541496, 6927.939836298325, 1790.9411989177936, 2115.064375989648, 4469.146453396728, 811.312481865886, 852.4454942250575, 2613.518509595831, 1125.8336361545946, 622.5282936168368, 1595.9028958466956, 1672.0836322356424, 807.7671822537576, 3024.63443941176, 842.7313814743655, 842.8235732269204]",3.0,0.3,145.15000000000003,15,0.5,1721880.1384885092,0.14445541615564297,0.1241257545377801,16430975.452705404,84089526828.82372,"[0.046875, 0.03125]",2,1721880.1384885092,0.046875,"[0.0, 0.015625, 0.03125, 0.046875, 0.0625, 0.078125, 0.09375, 0.109375, 0.125, 0.140625, 0.15625, 0.171875, 0.1875, 0.203125, 0.21875, 0.234375]","[154749.38571156512, 876106.9067082775, 1710291.3768915324, 1721880.1384885092, 1236443.3975593026, 1200279.6938555276, 1385236.610142782, 1437054.0474222815, 1048940.2936461228, 664501.8455342911, 393060.2971508255, 165807.0810689747, 58528.06662853267, 51528.95639390755, 141871.9518112762, 339557.73472454]",3.0,0.3,flattop,64,32,145.15000000000003,15,21,449.52380952380963,38.0,1008.0000000000001,"[2, 5, 11, 17, 22, 25, 29, 38, 44, 52, 55, 60, 65, 74, 78, 84, 89, 95, 98, 101, 105]","[38.0, 367.99999999999994, 461.00000000000006, 193.0, 951.0000000000002, 154.0, 881.0000000000002, 243.00000000000006, 491.00000000000017, 186.0, 321.0000000000001, 943.0000000000001, 810.0000000000002, 205.00000000000006, 478.0, 276.0, 347.0, 78.99999999999989, 1008.0000000000001, 114.0, 893.0000000000002]","[1, 1, 1, 15, 1, 24, 27, 35, 35, 49, 35, 35, 63, 73, 73, 73, 35, 92, 35, 99, 99]","[3, 8, 18, 18, 35, 27, 35, 39, 49, 53, 56, 73, 73, 75, 81, 85, 92, 97, 106, 102, 106]",0.05,30,52684909.00000001,1016.0000000000001,-1016.0000000000001,DWT,uc1.l0082987033,4.656612873077393e-10,0.0,1.1368683772161603e-13,8.940696716308594e-08,0.0,1.1368683772161603e-13,3.725290298461914e-09,1.1368683772161603e-13,1.0,84,0.0,5.4569682106375694e-12,1.0,84,,0.0,0.0,1.0,84,0.0,0.0,7.450580596923828e-09,6.103515625e-05,2.9103830456733704e-11,0.0,0.0,0.0,1.1368683772161603e-13,1.8189894035458565e-12,8.391171355643087e-14,0.0,1.1368683772161603e-13,0.0,2.842170943040401e-14,0.0,0.0,0.0,2.842170943040401e-14,0.0,5.551115123125783e-17,4.656612873077393e-10,0.0,2.7755575615628914e-17,5.820766091346741e-11,0.0,0.0,5.551115123125783e-17,0.9232886349406415,0.1599122031054272,0.03217061617572511,0.31005586592178774,0.019898032618189163,3.135877575339459e-05,1.5679387876697293e-05,3.135877575339459e-05,300,0.7819961500209518,0.44213838620293305,593,0,0,3.135877575339459e-05,3.135877575339459e-05,276,0,0,0.2890650705523542,0.393180893991497,651,194.53020331043712,0.7486689879710116,455.0,392.96742778843907,0.5804068454066944,480,bior,385.74074074074076,410.0,199.97417605530825,135,0.8534087184529663,0.7130285416801533,0.18870533457887761,4,361.0
db1,1,constant,1.6411433055147366e-26,317.94355805645716,9460241.573880227,0.5462962962962963,328.1355888153859,108,raw,1.0709129056791693e-13,-1.216075018461999e-10,"[2, 5, 11, 17, 22, 25, 29, 38, 44, 52, 55, 60, 65, 74, 78, 84, 89, 95, 98, 101, 105]","[38.0, 367.99999999999994, 461.00000000000006, 193.0, 951.0000000000002, 154.0, 881.0000000000002, 243.00000000000006, 491.00000000000017, 186.0, 321.0000000000001, 943.0000000000001, 810.0000000000002, 205.00000000000006, 478.0, 276.0, 347.0, 78.99999999999989, 1008.0000000000001, 114.0, 893.0000000000002]",21,5.569087067021978,95467.34242112485,0.8379720908410171,4.36592371825129e-06,1.0,0.4907407407407407,67631.00000000003,0.1291094199047374,0.15147910127183992,188156.1212645156,82872438.25058065,8,12069.579557418136,0.027777777777777776,"[0.0, 0.009259259259259259, 0.018518518518518517, 0.027777777777777776, 0.037037037037037035, 0.046296296296296294, 0.05555555555555555, 0.06481481481481481, 0.07407407407407407, 0.08333333333333333, 0.09259259259259259, 0.10185185185185185, 0.1111111111111111, 0.12037037037037036, 0.12962962962962962, 0.1388888888888889, 0.14814814814814814, 0.15740740740740738, 0.16666666666666666, 0.17592592592592593, 0.18518518518518517, 0.19444444444444442, 0.2037037037037037, 0.21296296296296297, 0.2222222222222222, 0.23148148148148145, 0.24074074074074073]","[67631.00000000003, 1786.6346316370007, 1155.9831840869397, 12069.579557418136, 1906.5778542068429, 950.5914327636018, 9083.87719738518, 2481.2296367744843, 778.6316126029438, 8965.162396385995, 2042.6423114779186, 1606.7171021541496, 6927.939836298325, 1790.9411989177936, 2115.064375989648, 4469.146453396728, 811.312481865886, 852.4454942250575, 2613.518509595831, 1125.8336361545946, 622.5282936168368, 1595.9028958466956, 1672.0836322356424, 807.7671822537576, 3024.63443941176, 842.7313814743655, 842.8235732269204]",3.0,0.3,145.15000000000003,15,0.5,1721880.1384885092,0.14445541615564297,0.1241257545377801,16430975.452705404,84089526828.82372,"[0.046875, 0.03125]",2,1721880.1384885092,0.046875,"[0.0, 0.015625, 0.03125, 0.046875, 0.0625, 0.078125, 0.09375, 0.109375, 0.125, 0.140625, 0.15625, 0.171875, 0.1875, 0.203125, 0.21875, 0.234375]","[154749.38571156512, 876106.9067082775, 1710291.3768915324, 1721880.1384885092, 1236443.3975593026, 1200279.6938555276, 1385236.610142782, 1437054.0474222815, 1048940.2936461228, 664501.8455342911, 393060.2971508255, 165807.0810689747, 58528.06662853267, 51528.95639390755, 141871.9518112762, 339557.73472454]",3.0,0.3,flattop,64,32,145.15000000000003,15,21,449.52380952380963,38.0,1008.0000000000001,"[2, 5, 11, 17, 22, 25, 29, 38, 44, 52, 55, 60, 65, 74, 78, 84, 89, 95, 98, 101, 105]","[38.0, 367.99999999999994, 461.00000000000006, 193.0, 951.0000000000002, 154.0, 881.0000000000002, 243.00000000000006, 491.00000000000017, 186.0, 321.0000000000001, 943.0000000000001, 810.0000000000002, 205.00000000000006, 478.0, 276.0, 347.0, 78.99999999999989, 1008.0000000000001, 114.0, 893.0000000000002]","[1, 1, 1, 15, 1, 24, 27, 35, 35, 49, 35, 35, 63, 73, 73, 73, 35, 92, 35, 99, 99]","[3, 8, 18, 18, 35, 27, 35, 39, 49, 53, 56, 73, 73, 75, 81, 85, 92, 97, 106, 102, 106]",0.05,30,52684909.00000001,1016.0000000000001,-1016.0000000000001,DWT,uc1.l0082987033,4.656612873077393e-10,0.0,1.1368683772161603e-13,8.940696716308594e-08,0.0,1.1368683772161603e-13,3.725290298461914e-09,1.1368683772161603e-13,1.0,84,0.0,5.4569682106375694e-12,1.0,84,,0.0,0.0,1.0,84,0.0,0.0,7.450580596923828e-09,6.103515625e-05,2.9103830456733704e-11,0.0,0.0,0.0,1.1368683772161603e-13,1.8189894035458565e-12,8.391171355643087e-14,0.0,1.1368683772161603e-13,0.0,2.842170943040401e-14,0.0,0.0,0.0,2.842170943040401e-14,0.0,5.551115123125783e-17,4.656612873077393e-10,0.0,2.7755575615628914e-17,5.820766091346741e-11,0.0,0.0,5.551115123125783e-17,0.9232886349406415,0.1599122031054272,0.03217061617572511,0.31005586592178774,0.019898032618189163,3.135877575339459e-05,1.5679387876697293e-05,3.135877575339459e-05,325,0.7819961500209518,0.44213838620293305,595,0,0,3.135877575339459e-05,3.135877575339459e-05,272,0,0,0.2890650705523542,0.393180893991497,649,189.30993106543565,0.7554135257552511,460.25,401.0066074527994,0.5803876414305971,481,db,413.2962962962963,398.0,188.41229481502944,243,0.9143723369387087,0.671803462110104,0.15839832550987273,5,362.0
rbio1.1,1,zero,1.6411433055147366e-26,317.94355805645716,9460241.573880227,0.5462962962962963,328.1355888153859,108,raw,1.0709129056791693e-13,-1.216075018461999e-10,"[2, 5, 11, 17, 22, 25, 29, 38, 44, 52, 55, 60, 65, 74, 78, 84, 89, 95, 98, 101, 105]","[38.0, 367.99999999999994, 461.00000000000006, 193.0, 951.0000000000002, 154.0, 881.0000000000002, 243.00000000000006, 491.00000000000017, 186.0, 321.0000000000001, 943.0000000000001, 810.0000000000002, 205.00000000000006, 478.0, 276.0, 347.0, 78.99999999999989, 1008.0000000000001, 114.0, 893.0000000000002]",21,5.569087067021978,95467.34242112485,0.8379720908410171,4.36592371825129e-06,1.0,0.4907407407407407,67631.00000000003,0.1291094199047374,0.15147910127183992,188156.1212645156,82872438.25058065,8,12069.579557418136,0.027777777777777776,"[0.0, 0.009259259259259259, 0.018518518518518517, 0.027777777777777776, 0.037037037037037035, 0.046296296296296294, 0.05555555555555555, 0.06481481481481481, 0.07407407407407407, 0.08333333333333333, 0.09259259259259259, 0.10185185185185185, 0.1111111111111111, 0.12037037037037036, 0.12962962962962962, 0.1388888888888889, 0.14814814814814814, 0.15740740740740738, 0.16666666666666666, 0.17592592592592593, 0.18518518518518517, 0.19444444444444442, 0.2037037037037037, 0.21296296296296297, 0.2222222222222222, 0.23148148148148145, 0.24074074074074073]","[67631.00000000003, 1786.6346316370007, 1155.9831840869397, 12069.579557418136, 1906.5778542068429, 950.5914327636018, 9083.87719738518, 2481.2296367744843, 778.6316126029438, 8965.162396385995, 2042.6423114779186, 1606.7171021541496, 6927.939836298325, 1790.9411989177936, 2115.064375989648, 4469.146453396728, 811.312481865886, 852.4454942250575, 2613.518509595831, 1125.8336361545946, 622.5282936168368, 1595.9028958466956, 1672.0836322356424, 807.7671822537576, 3024.63443941176, 842.7313814743655, 842.8235732269204]",3.0,0.3,145.15000000000003,15,0.5,1721880.1384885092,0.14445541615564297,0.1241257545377801,16430975.452705404,84089526828.82372,"[0.046875, 0.03125]",2,1721880.1384885092,0.046875,"[0.0, 0.015625, 0.03125, 0.046875, 0.0625, 0.078125, 0.09375, 0.109375, 0.125, 0.140625, 0.15625, 0.171875, 0.1875, 0.203125, 0.21875, 0.234375]","[154749.38571156512, 876106.9067082775, 1710291.3768915324, 1721880.1384885092, 1236443.3975593026, 1200279.6938555276, 1385236.610142782, 1437054.0474222815, 1048940.2936461228, 664501.8455342911, 393060.2971508255, 165807.0810689747, 58528.06662853267, 51528.95639390755, 141871.9518112762, 339557.73472454]",3.0,0.3,flattop,64,32,145.15000000000003,15,21,449.52380952380963,38.0,1008.0000000000001,"[2, 5, 11, 17, 22, 25, 29, 38, 44, 52, 55, 60, 65, 74, 78, 84, 89, 95, 98, 101, 105]","[38.0, 367.99999999999994, 461.00000000000006, 193.0, 951.0000000000002, 154.0, 881.0000000000002, 243.00000000000006, 491.00000000000017, 186.0, 321.0000000000001, 943.0000000000001, 810.0000000000002, 205.00000000000006, 478.0, 276.0, 347.0, 78.99999999999989, 1008.0000000000001, 114.0, 893.0000000000002]","[1, 1, 1, 15, 1, 24, 27, 35, 35, 49, 35, 35, 63, 73, 73, 73, 35, 92, 35, 99, 99]","[3, 8, 18, 18, 35, 27, 35, 39, 49, 53, 56, 73, 73, 75, 81, 85, 92, 97, 106, 102, 106]",0.05,30,52684909.00000001,1016.0000000000001,-1016.0000000000001,DWT,uc1.l0082987033,4.656612873077393e-10,0.0,1.1368683772161603e-13,8.940696716308594e-08,0.0,1.1368683772161603e-13,3.725290298461914e-09,1.1368683772161603e-13,1.0,84,0.0,5.4569682106375694e-12,1.0,84,,0.0,0.0,1.0,84,0.0,0.0,7.450580596923828e-09,6.103515625e-05,2.9103830456733704e-11,0.0,0.0,0.0,1.1368683772161603e-13,1.8189894035458565e-12,8.391171355643087e-14,0.0,1.1368683772161603e-13,0.0,2.842170943040401e-14,0.0,0.0,0.0,2.842170943040401e-14,0.0,5.551115123125783e-17,4.656612873077393e-10,0.0,2.7755575615628914e-17,5.820766091346741e-11,0.0,0.0,5.551115123125783e-17,0.9232886349406415,0.1599122031054272,0.03217061617572511,0.31005586592178774,0.019898032618189163,3.135877575339459e-05,1.5679387876697293e-05,3.135877575339459e-05,294,0.7819961500209518,0.44213838620293305,594,0,0,3.135877575339459e-05,3.135877575339459e-05,273,0,0,0.2890650705523542,0.393180893991497,650,196.95240541816187,0.7455395278835117,452.75,388.8657081487724,0.5802956037350375,482,rbio,366.5925925925926,360.0,210.3588723315502,135,0.8110455588331695,0.7500562468954116,0.20725123474815782,3,362.25
bior1.1,1,antisymmetric,1.6411433055147366e-26,317.94355805645716,9460241.573880227,0.5462962962962963,328.1355888153859,108,raw,1.0709129056791693e-13,-1.216075018461999e-10,"[2, 5, 11, 17, 22, 25, 29, 38, 44, 52, 55, 60, 65, 74, 78, 84, 89, 95, 98, 101, 105]","[38.0, 367.99999999999994, 461.00000000000006, 193.0, 951.0000000000002, 154.0, 881.0000000000002, 243.00000000000006, 491.00000000000017, 186.0, 321.0000000000001, 943.0000000000001, 810.0000000000002, 205.00000000000006, 478.0, 276.0, 347.0, 78.99999999999989, 1008.0000000000001, 114.0, 893.0000000000002]",21,5.569087067021978,95467.34242112485,0.8379720908410171,4.36592371825129e-06,1.0,0.4907407407407407,67631.00000000003,0.1291094199047374,0.15147910127183992,188156.1212645156,82872438.25058065,8,12069.579557418136,0.027777777777777776,"[0.0, 0.009259259259259259, 0.018518518518518517, 0.027777777777777776, 0.037037037037037035, 0.046296296296296294, 0.05555555555555555, 0.06481481481481481, 0.07407407407407407, 0.08333333333333333, 0.09259259259259259, 0.10185185185185185, 0.1111111111111111, 0.12037037037037036, 0.12962962962962962, 0.1388888888888889, 0.14814814814814814, 0.15740740740740738, 0.16666666666666666, 0.17592592592592593, 0.18518518518518517, 0.19444444444444442, 0.2037037037037037, 0.21296296296296297, 0.2222222222222222, 0.23148148148148145, 0.24074074074074073]","[67631.00000000003, 1786.6346316370007, 1155.9831840869397, 12069.579557418136, 1906.5778542068429, 950.5914327636018, 9083.87719738518, 2481.2296367744843, 778.6316126029438, 8965.162396385995, 2042.6423114779186, 1606.7171021541496, 6927.939836298325, 1790.9411989177936, 2115.064375989648, 4469.146453396728, 811.312481865886, 852.4454942250575, 2613.518509595831, 1125.8336361545946, 622.5282936168368, 1595.9028958466956, 1672.0836322356424, 807.7671822537576, 3024.63443941176, 842.7313814743655, 842.8235732269204]",3.0,0.3,145.15000000000003,15,0.5,1721880.1384885092,0.14445541615564297,0.1241257545377801,16430975.452705404,84089526828.82372,"[0.046875, 0.03125]",2,1721880.1384885092,0.046875,"[0.0, 0.015625, 0.03125, 0.046875, 0.0625, 0.078125, 0.09375, 0.109375, 0.125, 0.140625, 0.15625, 0.171875, 0.1875, 0.203125, 0.21875, 0.234375]","[154749.38571156512, 876106.9067082775, 1710291.3768915324, 1721880.1384885092, 1236443.3975593026, 1200279.6938555276, 1385236.610142782, 1437054.0474222815, 1048940.2936461228, 664501.8455342911, 393060.2971508255, 165807.0810689747, 58528.06662853267, 51528.95639390755, 141871.9518112762, 339557.73472454]",3.0,0.3,flattop,64,32,145.15000000000003,15,21,449.52380952380963,38.0,1008.0000000000001,"[2, 5, 11, 17, 22, 25, 29, 38, 44, 52, 55, 60, 65, 74, 78, 84, 89, 95, 98, 101, 105]","[38.0, 367.99999999999994, 461.00000000000006, 193.0, 951.0000000000002, 154.0, 881.0000000000002, 243.00000000000006, 491.00000000000017, 186.0, 321.0000000000001, 943.0000000000001, 810.0000000000002, 205.00000000000006, 478.0, 276.0, 347.0, 78.99999999999989, 1008.0000000000001, 114.0, 893.0000000000002]","[1, 1, 1, 15, 1, 24, 27, 35, 35, 49, 35, 35, 63, 73, 73, 73, 35, 92, 35, 99, 99]","[3, 8, 18, 18, 35, 27, 35, 39, 49, 53, 56, 73, 73, 75, 81, 85, 92, 97, 106, 102, 106]",0.05,30,52684909.00000001,1016.0000000000001,-1016.0000000000001,DWT,uc1.l0082987033,4.656612873077393e-10,0.0,1.1368683772161603e-13,8.940696716308594e-08,0.0,1.1368683772161603e-13,3.725290298461914e-09,1.1368683772161603e-13,1.0,84,0.0,5.4569682106375694e-12,1.0,84,,0.0,0.0,1.0,84,0.0,0.0,7.450580596923828e-09,6.103515625e-05,2.9103830456733704e-11,0.0,0.0,0.0,1.1368683772161603e-13,1.8189894035458565e-12,8.391171355643087e-14,0.0,1.1368683772161603e-13,0.0,2.842170943040401e-14,0.0,0.0,0.0,2.842170943040401e-14,0.0,5.551115123125783e-17,4.656612873077393e-10,0.0,2.7755575615628914e-17,5.820766091346741e-11,0.0,0.0,5.551115123125783e-17,0.9232886349406415,0.1599122031054272,0.03217061617572511,0.31005586592178774,0.019898032618189163,3.135877575339459e-05,1.5679387876697293e-05,3.135877575339459e-05,303,0.7819961500209518,0.44213838620293305,612,0,0,3.135877575339459e-05,3.135877575339459e-05,242,0,0,0.2890650705523542,0.393180893991497,631,203.1764422039786,0.7374981366873661,447.0,375.5398002064654,0.5799893784212025,483,bior,385.74074074074076,410.0,199.97417605530825,135,0.8534087184529663,0.7130285416801533,0.18870533457887761,4,363.25
haar,1,antisymmetric,1.6411433055147366e-26,317.94355805645716,9460241.573880227,0.5462962962962963,328.1355888153859,108,raw,1.0709129056791693e-13,-1.216075018461999e-10,"[2, 5, 11, 17, 22, 25, 29, 38, 44, 52, 55, 60, 65, 74, 78, 84, 89, 95, 98, 101, 105]","[38.0, 367.99999999999994, 461.00000000000006, 193.0, 951.0000000000002, 154.0, 881.0000000000002, 243.00000000000006, 491.00000000000017, 186.0, 321.0000000000001, 943.0000000000001, 810.0000000000002, 205.00000000000006, 478.0, 276.0, 347.0, 78.99999999999989, 1008.0000000000001, 114.0, 893.0000000000002]",21,5.569087067021978,95467.34242112485,0.8379720908410171,4.36592371825129e-06,1.0,0.4907407407407407,67631.00000000003,0.1291094199047374,0.15147910127183992,188156.1212645156,82872438.25058065,8,12069.579557418136,0.027777777777777776,"[0.0, 0.009259259259259259, 0.018518518518518517, 0.027777777777777776, 0.037037037037037035, 0.046296296296296294, 0.05555555555555555, 0.06481481481481481, 0.07407407407407407, 0.08333333333333333, 0.09259259259259259, 0.10185185185185185, 0.1111111111111111, 0.12037037037037036, 0.12962962962962962, 0.1388888888888889, 0.14814814814814814, 0.15740740740740738, 0.16666666666666666, 0.17592592592592593, 0.18518518518518517, 0.19444444444444442, 0.2037037037037037, 0.21296296296296297, 0.2222222222222222, 0.23148148148148145, 0.24074074074074073]","[67631.00000000003, 1786.6346316370007, 1155.9831840869397, 12069.579557418136, 1906.5778542068429, 950.5914327636018, 9083.87719738518, 2481.2296367744843, 778.6316126029438, 8965.162396385995, 2042.6423114779186, 1606.7171021541496, 6927.939836298325, 1790.9411989177936, 2115.064375989648, 4469.146453396728, 811.312481865886, 852.4454942250575, 2613.518509595831, 1125.8336361545946, 622.5282936168368, 1595.9028958466956, 1672.0836322356424, 807.7671822537576, 3024.63443941176, 842.7313814743655, 842.8235732269204]",3.0,0.3,145.15000000000003,15,0.5,1721880.1384885092,0.14445541615564297,0.1241257545377801,16430975.452705404,84089526828.82372,"[0.046875, 0.03125]",2,1721880.1384885092,0.046875,"[0.0, 0.015625, 0.03125, 0.046875, 0.0625, 0.078125, 0.09375, 0.109375, 0.125, 0.140625, 0.15625, 0.171875, 0.1875, 0.203125, 0.21875, 0.234375]","[154749.38571156512, 876106.9067082775, 1710291.3768915324, 1721880.1384885092, 1236443.3975593026, 1200279.6938555276, 1385236.610142782, 1437054.0474222815, 1048940.2936461228, 664501.8455342911, 393060.2971508255, 165807.0810689747, 58528.06662853267, 51528.95639390755, 141871.9518112762, 339557.73472454]",3.0,0.3,flattop,64,32,145.15000000000003,15,21,449.52380952380963,38.0,1008.0000000000001,"[2, 5, 11, 17, 22, 25, 29, 38, 44, 52, 55, 60, 65, 74, 78, 84, 89, 95, 98, 101, 105]","[38.0, 367.99999999999994, 461.00000000000006, 193.0, 951.0000000000002, 154.0, 881.0000000000002, 243.00000000000006, 491.00000000000017, 186.0, 321.0000000000001, 943.0000000000001, 810.0000000000002, 205.00000000000006, 478.0, 276.0, 347.0, 78.99999999999989, 1008.0000000000001, 114.0, 893.0000000000002]","[1, 1, 1, 15, 1, 24, 27, 35, 35, 49, 35, 35, 63, 73, 73, 73, 35, 92, 35, 99, 99]","[3, 8, 18, 18, 35, 27, 35, 39, 49, 53, 56, 73, 73, 75, 81, 85, 92, 97, 106, 102, 106]",0.05,30,52684909.00000001,1016.0000000000001,-1016.0000000000001,DWT,uc1.l0082987033,4.656612873077393e-10,0.0,1.1368683772161603e-13,8.940696716308594e-08,0.0,1.1368683772161603e-13,3.725290298461914e-09,1.1368683772161603e-13,1.0,84,0.0,5.4569682106375694e-12,1.0,84,,0.0,0.0,1.0,84,0.0,0.0,7.450580596923828e-09,6.103515625e-05,2.9103830456733704e-11,0.0,0.0,0.0,1.1368683772161603e-13,1.8189894035458565e-12,8.391171355643087e-14,0.0,1.1368683772161603e-13,0.0,2.842170943040401e-14,0.0,0.0,0.0,2.842170943040401e-14,0.0,5.551115123125783e-17,4.656612873077393e-10,0.0,2.7755575615628914e-17,5.820766091346741e-11,0.0,0.0,5.551115123125783e-17,0.9232886349406415,0.1599122031054272,0.03217061617572511,0.31005586592178774,0.019898032618189163,3.135877575339459e-05,1.5679387876697293e-05,3.135877575339459e-05,296,0.7819961500209518,0.44213838620293305,611,0,0,3.135877575339459e-05,3.135877575339459e-05,236,0,0,0.2890650705523542,0.393180893991497,632,206.88221286519536,0.7327103192956133,443.75,369.1873912079013,0.5796949529294604,484,haar,452.0,457.0,26.739483914241873,9,1.0,0.09534238668586177,0.27139728399424146,2,363.5
db10,1,periodization,1.671425338300526e-26,317.8641532952849,9353974.578105275,0.5555555555555556,485.2827733386856,108,raw,9.396598725457064e-14,-1.150965989182857e-10,"[2, 5, 11, 17, 22, 25, 29, 38, 44, 52, 55, 60, 65, 74, 78, 84, 89, 95, 98, 101, 105]","[37.99999999999997, 368.0, 461.00000000000006, 192.99999999999977, 951.0000000000001, 154.00000000000045, 881.0000000000001, 243.0, 490.99999999999994, 186.0, 320.9999999999999, 943.0, 809.9999999999999, 204.99999999999986, 477.99999999999983, 276.0, 347.0000000000002, 79.00000000000011, 1007.9999999999998, 114.00000000000023, 892.9999999999999]",21,5.632355375790616,95467.34242112483,0.774961180718825,4.365923718251291e-06,1.0,0.4907407407407407,67631.0,0.12910941990473743,0.15147910127183992,188156.12126451553,82872438.25058056,8,12069.579557418134,0.027777777777777776,"[0.0, 0.009259259259259259, 0.018518518518518517, 0.027777777777777776, 0.037037037037037035, 0.046296296296296294, 0.05555555555555555, 0.06481481481481481, 0.07407407407407407, 0.08333333333333333, 0.09259259259259259, 0.10185185185185185, 0.1111111111111111, 0.12037037037037036, 0.12962962962962962, 0.1388888888888889, 0.14814814814814814, 0.15740740740740738, 0.16666666666666666, 0.17592592592592593, 0.18518518518518517, 0.19444444444444442, 0.2037037037037037, 0.21296296296296297, 0.2222222222222222, 0.23148148148148145, 0.24074074074074073]","[67631.0, 1786.6346316370011, 1155.983184086939, 12069.579557418134, 1906.577854206844, 950.5914327636018, 9083.877197385178, 2481.2296367744852, 778.6316126029449, 8965.16239638599, 2042.6423114779157, 1606.7171021541512, 6927.939836298322, 1790.9411989177936, 2115.0643759896484, 4469.1464533967255, 811.312481865885, 852.4454942250566, 2613.518509595829, 1125.8336361545953, 622.528293616839, 1595.9028958466974, 1672.083632235643, 807.767182253755, 3024.6344394117596, 842.7313814743657, 842.8235732269195]",3.0,0.3,145.15,15,0.5,1721880.1384885088,0.14445541615564292,0.12412575453778008,16430975.452705402,84089526828.82372,"[0.046875, 0.03125]",2,1721880.1384885088,0.046875,"[0.0, 0.015625, 0.03125, 0.046875, 0.0625, 0.078125, 0.09375, 0.109375, 0.125, 0.140625, 0.15625, 0.171875, 0.1875, 0.203125, 0.21875, 0.234375]","[154749.38571156532, 876106.906708278, 1710291.3768915331, 1721880.1384885088, 1236443.3975593024, 1200279.6938555269, 1385236.6101427819, 1437054.047422281, 1048940.293646122, 664501.8455342908, 393060.29715082503, 165807.08106897442, 58528.06662853254, 51528.9563939075, 141871.95181127632, 339557.73472454026]",3.0,0.3,flattop,64,32,145.15,15,21,449.5238095238095,37.99999999999997,1007.9999999999998,"[2, 5, 11, 17, 22, 25, 29, 38, 44, 52, 55, 60, 65, 74, 78, 84, 89, 95, 98, 101, 105]","[37.99999999999997, 368.0, 461.00000000000006, 192.99999999999977, 951.0000000000001, 154.00000000000045, 881.0000000000001, 243.0, 490.99999999999994, 186.0, 320.9999999999999, 943.0, 809.9999999999999, 204.99999999999986, 477.99999999999983, 276.0, 347.0000000000002, 79.00000000000011, 1007.9999999999998, 114.00000000000023, 892.9999999999999]","[1, 1, 1, 15, 1, 24, 27, 35, 35, 49, 35, 35, 63, 73, 73, 73, 35, 92, 35, 99, 99]","[3, 8, 18, 18, 35, 27, 35, 39, 49, 53, 56, 73, 73, 75, 81, 85, 92, 97, 106, 102, 106]",0.05,30,52684909.0,1015.9999999999998,-1015.9999999999998,DWT,uc1.l0082987033,0.0,0.0,0.0,0.0,0.0,2.2737367544323206e-13,1.862645149230957e-09,2.2737367544323206e-13,1.0,84,0.0,3.637978807091713e-12,1.0,84,,0.0,0.0,1.0,84,0.0,0.0,0.0,6.103515625e-05,0.0,0.0,0.0,0.0,0.0,0.0,1.191004966607406e-13,0.0,2.2737367544323206e-13,0.0,0.0,0.0,0.0,0.0,0.0,2.842170943040401e-14,2.7755575615628914e-17,0.0,0.0,0.0,0.0,0.0,0.0,0.0,0.9224734123040429,0.2409806376086609,0.021862338606372503,0.41340782122905073,0.01989803261818912,0.0,0.0,0.0,598,0.8582278770288384,0.48523958658074373,511,0,0,0.0,0.0,672,0,0,0.32372444847326326,0.44032393057524105,536,71.83952022853902,0.9071840823920685,579.25,572.8234091146551,0.5793995347360859,485,db,413.2962962962963,398.0,188.41229481502944,243,0.9143723369387087,0.671803462110104,0.15839832550987273,5,365.0
sym18,1,periodic,1.3629466261697693e-18,238.75023462254012,11528621.333576877,0.5563380281690141,392.9405802008566,108,raw,8.947343113321597e-10,-1.6175938524894799e-10,"[2, 5, 11, 17, 22, 25, 29, 38, 44, 52, 55, 60, 65, 74, 78, 84, 89, 95, 98, 101, 105]","[38.00000000058532, 368.00000000268903, 461.0000000013077, 193.00000000192534, 951.0000000014887, 154.0000000025999, 881.0000000057285, 243.0000000016521, 491.0000000014367, 186.00000000096782, 321.0000000020748, 943.0000000008604, 810.0000000053169, 205.00000000157263, 478.0000000024612, 276.00000000123475, 347.00000000164584, 78.99999999893066, 1008.0000000027661, 114.0000000021173, 893.0000000057236]",21,6.024719847683391,96079.20310490797,0.7693555626833457,4.36592371821709e-06,1.0,0.4907407407407407,67631.00000000006,0.12910941990498462,0.1514791012718204,188156.121264972,82872438.25057812,8,12069.579557422341,0.027777777777777776,"[0.0, 0.009259259259259259, 0.018518518518518517, 0.027777777777777776, 0.037037037037037035, 0.046296296296296294, 0.05555555555555555, 0.06481481481481481, 0.07407407407407407, 0.08333333333333333, 0.09259259259259259, 0.10185185185185185, 0.1111111111111111, 0.12037037037037036, 0.12962962962962962, 0.1388888888888889, 0.14814814814814814, 0.15740740740740738, 0.16666666666666666, 0.17592592592592593, 0.18518518518518517, 0.19444444444444442, 0.2037037037037037, 0.21296296296296297, 0.2222222222222222, 0.23148148148148145, 0.24074074074074073]","[67631.00000000006, 1786.6346316370732, 1155.9831840871238, 12069.579557422341, 1906.577854207983, 950.5914327644516, 9083.87719739634, 2481.229636778429, 778.6316126044786, 8965.162396407208, 2042.6423114835918, 1606.7171021592937, 6927.939836323505, 1790.9411989250939, 2115.0643759992104, 4469.146453418907, 811.3124818702629, 852.4454942300101, 2613.5185096120786, 1125.8336361620245, 622.5282936211796, 1595.9028958584015, 1672.0836322484927, 807.7671822602421, 3024.6344394370103, 842.7313814816276, 842.8235732343358]",3.0,0.3,145.1499999987826,15,0.5,1721880.138491048,0.1444554161559771,0.12412575453773583,16430975.452809753,84089526829.35312,"[0.046875, 0.03125]",2,1721880.138491048,0.046875,"[0.0, 0.015625, 0.03125, 0.046875, 0.0625, 0.078125, 0.09375, 0.109375, 0.125, 0.140625, 0.15625, 0.171875, 0.1875, 0.203125, 0.21875, 0.234375]","[154749.3857115933, 876106.9067090882, 1710291.3768937662, 1721880.138491048, 1236443.3975625888, 1200279.693860905, 1385236.610150748, 1437054.0474318387, 1048940.2936543792, 664501.8455403722, 393060.2971548304, 165807.08107082738, 58528.06662929774, 51528.95639477928, 141871.95181377928, 339557.73473044904]",3.0,0.3,flattop,64,32,145.1499999987826,15,21,449.52380952595655,38.00000000058532,1008.0000000027661,"[2, 5, 11, 17, 22, 25, 29, 38, 44, 52, 55, 60, 65, 74, 78, 84, 89, 95, 98, 101, 105]","[38.00000000058532, 368.00000000268903, 461.0000000013077, 193.00000000192534, 951.0000000014887, 154.0000000025999, 881.0000000057285, 243.0000000016521, 491.0000000014367, 186.00000000096782, 321.0000000020748, 943.0000000008604, 810.0000000053169, 205.00000000157263, 478.0000000024612, 276.00000000123475, 347.00000000164584, 78.99999999893066, 1008.0000000027661, 114.0000000021173, 893.0000000057236]","[1, 1, 1, 15, 1, 24, 27, 35, 35, 49, 35, 35, 63, 73, 73, 73, 35, 92, 35, 99, 99]","[3, 8, 18, 18, 35, 27, 35, 39, 49, 53, 56, 73, 73, 75, 81, 85, 92, 97, 106, 102, 106]",0.05,30,52684909.000056416,1016.0000000007851,-1016.0000000007851,DWT,uc1.l0082987033,2.539250999689102e-06,0.0,2.1470327737915795e-09,2.4437904357910156e-06,0.0,2.7661144486046396e-09,0.00010435283184051514,7.851213013054803e-10,1.0,84,0.0,4.210960469208658e-09,1.0,84,,0.0,0.0,1.0,84,0.0,0.0,5.6415796279907227e-05,0.5294647216796875,5.820766091346741e-11,0.0,0.0,0.0,2.1470327737915795e-09,4.5087290345691144e-08,2.2487581320871998e-09,0.0,7.851213013054803e-10,0.0,1.2174155017419253e-09,0.0,0.0,0.0,1.2174155017419253e-09,5.853166840097401e-10,2.471634008571755e-13,2.539250999689102e-06,1.9512169657787126e-14,4.424238753131249e-14,4.564644768834114e-07,0.0,0.0,3.341771304121721e-13,0.11023676024586193,0.7437342927972859,0.2328108293133718,0.4221417892831857,0.021554279891421335,0.23744865000470383,0.11872432500235192,0.23744865000470383,25,0.7318930448726889,0.4138102338796572,633,0,0,0.23744865000470383,0.23744865000470383,25,0,0,0.3060955903062254,0.4163454879328261,578,335.90313583928724,0.566016620362678,315.25,48.01351140319912,0.5793584393803054,486,sym,445.72514619883043,505.0,280.45746329325993,171,0.986117580085908,1.0,0.009717693939864401,6,366.0
haar,1,reflect,1.6411433055147366e-26,317.94355805645716,9460241.573880227,0.5462962962962963,328.1355888153859,108,raw,1.0709129056791693e-13,-1.216075018461999e-10,"[2, 5, 11, 17, 22, 25, 29, 38, 44, 52, 55, 60, 65, 74, 78, 84, 89, 95, 98, 101, 105]","[38.0, 367.99999999999994, 461.00000000000006, 193.0, 951.0000000000002, 154.0, 881.0000000000002, 243.00000000000006, 491.00000000000017, 186.0, 321.0000000000001, 943.0000000000001, 810.0000000000002, 205.00000000000006, 478.0, 276.0, 347.0, 78.99999999999989, 1008.0000000000001, 114.0, 893.0000000000002]",21,5.569087067021978,95467.34242112485,0.8379720908410171,4.36592371825129e-06,1.0,0.4907407407407407,67631.00000000003,0.1291094199047374,0.15147910127183992,188156.1212645156,82872438.25058065,8,12069.579557418136,0.027777777777777776,"[0.0, 0.009259259259259259, 0.018518518518518517, 0.027777777777777776, 0.037037037037037035, 0.046296296296296294, 0.05555555555555555, 0.06481481481481481, 0.07407407407407407, 0.08333333333333333, 0.09259259259259259, 0.10185185185185185, 0.1111111111111111, 0.12037037037037036, 0.12962962962962962, 0.1388888888888889, 0.14814814814814814, 0.15740740740740738, 0.16666666666666666, 0.17592592592592593, 0.18518518518518517, 0.19444444444444442, 0.2037037037037037, 0.21296296296296297, 0.2222222222222222, 0.23148148148148145, 0.24074074074074073]","[67631.00000000003, 1786.6346316370007, 1155.9831840869397, 12069.579557418136, 1906.5778542068429, 950.5914327636018, 9083.87719738518, 2481.2296367744843, 778.6316126029438, 8965.162396385995, 2042.6423114779186, 1606.7171021541496, 6927.939836298325, 1790.9411989177936, 2115.064375989648, 4469.146453396728, 811.312481865886, 852.4454942250575, 2613.518509595831, 1125.8336361545946, 622.5282936168368, 1595.9028958466956, 1672.0836322356424, 807.7671822537576, 3024.63443941176, 842.7313814743655, 842.8235732269204]",3.0,0.3,145.15000000000003,15,0.5,1721880.1384885092,0.14445541615564297,0.1241257545377801,16430975.452705404,84089526828.82372,"[0.046875, 0.03125]",2,1721880.1384885092,0.046875,"[0.0, 0.015625, 0.03125, 0.046875, 0.0625, 0.078125, 0.09375, 0.109375, 0.125, 0.140625, 0.15625, 0.171875, 0.1875, 0.203125, 0.21875, 0.234375]","[154749.38571156512, 876106.9067082775, 1710291.3768915324, 1721880.1384885092, 1236443.3975593026, 1200279.6938555276, 1385236.610142782, 1437054.0474222815, 1048940.2936461228, 664501.8455342911, 393060.2971508255, 165807.0810689747, 58528.06662853267, 51528.95639390755, 141871.9518112762, 339557.73472454]",3.0,0.3,flattop,64,32,145.15000000000003,15,21,449.52380952380963,38.0,1008.0000000000001,"[2, 5, 11, 17, 22, 25, 29, 38, 44, 52, 55, 60, 65, 74, 78, 84, 89, 95, 98, 101, 105]","[38.0, 367.99999999999994, 461.00000000000006, 193.0, 951.0000000000002, 154.0, 881.0000000000002, 243.00000000000006, 491.00000000000017, 186.0, 321.0000000000001, 943.0000000000001, 810.0000000000002, 205.00000000000006, 478.0, 276.0, 347.0, 78.99999999999989, 1008.0000000000001, 114.0, 893.0000000000002]","[1, 1, 1, 15, 1, 24, 27, 35, 35, 49, 35, 35, 63, 73, 73, 73, 35, 92, 35, 99, 99]","[3, 8, 18, 18, 35, 27, 35, 39, 49, 53, 56, 73, 73, 75, 81, 85, 92, 97, 106, 102, 106]",0.05,30,52684909.00000001,1016.0000000000001,-1016.0000000000001,DWT,uc1.l0082987033,4.656612873077393e-10,0.0,1.1368683772161603e-13,8.940696716308594e-08,0.0,1.1368683772161603e-13,3.725290298461914e-09,1.1368683772161603e-13,1.0,84,0.0,5.4569682106375694e-12,1.0,84,,0.0,0.0,1.0,84,0.0,0.0,7.450580596923828e-09,6.103515625e-05,2.9103830456733704e-11,0.0,0.0,0.0,1.1368683772161603e-13,1.8189894035458565e-12,8.391171355643087e-14,0.0,1.1368683772161603e-13,0.0,2.842170943040401e-14,0.0,0.0,0.0,2.842170943040401e-14,0.0,5.551115123125783e-17,4.656612873077393e-10,0.0,2.7755575615628914e-17,5.820766091346741e-11,0.0,0.0,5.551115123125783e-17,0.9232886349406415,0.1599122031054272,0.03217061617572511,0.31005586592178774,0.019898032618189163,3.135877575339459e-05,1.5679387876697293e-05,3.135877575339459e-05,267,0.7819961500209518,0.44213838620293305,591,0,0,3.135877575339459e-05,3.135877575339459e-05,279,0,0,0.2890650705523542,0.393180893991497,654,203.4754284919926,0.7371118494935496,447.75,379.12366503373397,0.5793117387002631,487,haar,452.0,457.0,26.739483914241873,9,1.0,0.09534238668586177,0.27139728399424146,2,365.75
sym8,1,periodic,6.478334297119156e-21,261.98038956324115,10157642.2326329,0.5737704918032787,391.3867278458609,108,raw,5.6485450062171826e-11,-1.2116363469202118e-10,"[2, 5, 11, 17, 22, 25, 29, 38, 44, 52, 55, 60, 65, 74, 78, 84, 89, 95, 98, 101, 105]","[38.00000000001526, 367.9999999999464, 460.9999999998752, 193.0000000000938, 950.9999999997276, 154.00000000015837, 881.0000000000614, 243.00000000002908, 490.99999999985687, 185.9999999999701, 320.99999999992895, 942.9999999997747, 810.0000000000637, 205.00000000007574, 477.9999999999641, 276.00000000000443, 346.9999999999667, 78.99999999978832, 1007.9999999999635, 114.00000000019827, 892.999999999932]",21,5.744813690130533,103612.04079904752,0.8028149739916779,4.3659237182519074e-06,1.0,0.4907407407407407,67631.0,0.129109419904736,0.15147910127183847,188156.12126450465,82872438.25057973,8,12069.579557417766,0.027777777777777776,"[0.0, 0.009259259259259259, 0.018518518518518517, 0.027777777777777776, 0.037037037037037035, 0.046296296296296294, 0.05555555555555555, 0.06481481481481481, 0.07407407407407407, 0.08333333333333333, 0.09259259259259259, 0.10185185185185185, 0.1111111111111111, 0.12037037037037036, 0.12962962962962962, 0.1388888888888889, 0.14814814814814814, 0.15740740740740738, 0.16666666666666666, 0.17592592592592593, 0.18518518518518517, 0.19444444444444442, 0.2037037037037037, 0.21296296296296297, 0.2222222222222222, 0.23148148148148145, 0.24074074074074073]","[67631.0, 1786.6346316369938, 1155.983184086925, 12069.579557417766, 1906.5778542067399, 950.5914327635192, 9083.877197384045, 2481.229636774065, 778.6316126027726, 8965.162396383575, 2042.6423114772656, 1606.7171021535657, 6927.939836295555, 1790.941198917041, 2115.0643759887516, 4469.14645339492, 811.3124818655916, 852.4454942248024, 2613.5185095952756, 1125.8336361544707, 622.5282936168406, 1595.9028958468894, 1672.083632236036, 807.7671822540296, 3024.634439413042, 842.7313814747779, 842.8235732273696]",3.0,0.3,145.14999999998338,15,0.5,1721880.1384882624,0.14445541615565635,0.1241257545377828,16430975.452701548,84089526828.75606,"[0.046875, 0.03125]",2,1721880.1384882624,0.046875,"[0.0, 0.015625, 0.03125, 0.046875, 0.0625, 0.078125, 0.09375, 0.109375, 0.125, 0.140625, 0.15625, 0.171875, 0.1875, 0.203125, 0.21875, 0.234375]","[154749.3857115615, 876106.9067081953, 1710291.3768913117, 1721880.1384882624, 1236443.397558956, 1200279.693854932, 1385236.610141911, 1437054.0474213, 1048940.2936453486, 664501.8455337957, 393060.2971505553, 165807.08106887923, 58528.066628523244, 51528.9563939551, 141871.95181143258, 339557.7347248872]",3.0,0.3,flattop,64,32,145.14999999998338,15,21,449.5238095237807,38.00000000001526,1007.9999999999635,"[2, 5, 11, 17, 22, 25, 29, 38, 44, 52, 55, 60, 65, 74, 78, 84, 89, 95, 98, 101, 105]","[38.00000000001526, 367.9999999999464, 460.9999999998752, 193.0000000000938, 950.9999999997276, 154.00000000015837, 881.0000000000614, 243.00000000002908, 490.99999999985687, 185.9999999999701, 320.99999999992895, 942.9999999997747, 810.0000000000637, 205.00000000007574, 477.9999999999641, 276.00000000000443, 346.9999999999667, 78.99999999978832, 1007.9999999999635, 114.00000000019827, 892.999999999932]","[1, 1, 1, 15, 1, 24, 27, 35, 35, 49, 35, 35, 63, 73, 73, 73, 35, 92, 35, 99, 99]","[3, 8, 18, 18, 35, 27, 35, 39, 49, 53, 56, 73, 73, 75, 81, 85, 92, 97, 106, 102, 106]",0.05,30,52684908.999997765,1015.9999999999886,-1015.9999999999886,DWT,uc1.l0082987033,2.4633482098579407e-07,0.0,2.8819613362429664e-11,8.344650268554688e-07,0.0,3.6493474908638746e-11,3.851950168609619e-06,1.1368683772161603e-11,1.0,84,0.0,3.637978807091713e-10,1.0,84,,0.0,0.0,1.0,84,0.0,0.0,2.2351741790771484e-06,0.067596435546875,0.0,0.0,0.0,0.0,2.8819613362429664e-11,6.057234713807702e-10,9.550641758930094e-11,0.0,1.1368683772161603e-11,0.0,1.6626700016786344e-11,0.0,0.0,0.0,1.6626700016786344e-11,1.5262457964126952e-11,1.4432899320127035e-15,2.4633482098579407e-07,1.4432899320127035e-15,2.7200464103316335e-15,1.0884832590818405e-08,0.0,0.0,1.3433698597964394e-14,0.34873314106447617,0.3850783646989858,0.09982096720942173,0.6167231431449764,0.04194493779981788,0.009407632726018376,0.004703816363009188,0.009407632726018376,166,0.7151567829708072,0.4043475992769557,637,0,0,0.009407632726018376,0.009407632726018376,165,0,0,0.2984601107835357,0.40595985171933147,595,260.6611785441016,0.6632284514934088,390.75,260.8372424743219,0.5791917451265494,488,sym,445.72514619883043,505.0,280.45746329325993,171,0.986117580085908,1.0,0.009717693939864401,6,367.5
db17,1,smooth,2.908290577571248e-26,315.4586451493338,11554360.113712264,0.5285714285714286,290.1626603921178,108,raw,1.2677924553793641e-13,-1.0028999852806979e-10,"[2, 5, 11, 17, 22, 25, 29, 38, 44, 52, 55, 60, 65, 74, 78, 84, 89, 95, 98, 101, 105]","[38.000000000000114, 367.9999999999995, 460.99999999999994, 193.00000000000006, 950.9999999999997, 154.0000000000001, 880.9999999999998, 243.0, 491.0000000000001, 186.0, 321.0, 943.0000000000001, 810.0000000000002, 205.0, 478.0, 276.0000000000001, 347.0, 78.99999999999977, 1008.0, 114.00000000000011, 892.9999999999995]",21,5.8341469218817545,103218.1394513182,0.8764908073702893,4.3659237182512925e-06,0.9999999999999998,0.4907407407407407,67631.0,0.1291094199047374,0.1514791012718399,188156.12126451553,82872438.25058056,8,12069.57955741813,0.027777777777777776,"[0.0, 0.009259259259259259, 0.018518518518518517, 0.027777777777777776, 0.037037037037037035, 0.046296296296296294, 0.05555555555555555, 0.06481481481481481, 0.07407407407407407, 0.08333333333333333, 0.09259259259259259, 0.10185185185185185, 0.1111111111111111, 0.12037037037037036, 0.12962962962962962, 0.1388888888888889, 0.14814814814814814, 0.15740740740740738, 0.16666666666666666, 0.17592592592592593, 0.18518518518518517, 0.19444444444444442, 0.2037037037037037, 0.21296296296296297, 0.2222222222222222, 0.23148148148148145, 0.24074074074074073]","[67631.0, 1786.6346316370011, 1155.9831840869397, 12069.57955741813, 1906.5778542068438, 950.5914327636, 9083.877197385176, 2481.229636774484, 778.6316126029448, 8965.162396385993, 2042.6423114779159, 1606.717102154149, 6927.93983629832, 1790.9411989177906, 2115.064375989649, 4469.1464533967255, 811.3124818658865, 852.4454942250579, 2613.5185095958313, 1125.8336361545944, 622.528293616839, 1595.902895846695, 1672.0836322356442, 807.7671822537585, 3024.634439411758, 842.7313814743651, 842.8235732269178]",3.0,0.3,145.1499999999999,15,0.5,1721880.138488508,0.14445541615564295,0.12412575453778008,16430975.452705398,84089526828.82368,"[0.046875, 0.03125]",2,1721880.138488508,0.046875,"[0.0, 0.015625, 0.03125, 0.046875, 0.0625, 0.078125, 0.09375, 0.109375, 0.125, 0.140625, 0.15625, 0.171875, 0.1875, 0.203125, 0.21875, 0.234375]","[154749.3857115655, 876106.9067082775, 1710291.3768915315, 1721880.138488508, 1236443.3975593026, 1200279.693855527, 1385236.6101427816, 1437054.047422281, 1048940.2936461226, 664501.8455342911, 393060.29715082527, 165807.08106897463, 58528.066628532746, 51528.95639390757, 141871.95181127623, 339557.73472453986]",3.0,0.3,flattop,64,32,145.1499999999999,15,21,449.5238095238095,38.000000000000114,1008.0,"[2, 5, 11, 17, 22, 25, 29, 38, 44, 52, 55, 60, 65, 74, 78, 84, 89, 95, 98, 101, 105]","[38.000000000000114, 367.9999999999995, 460.99999999999994, 193.00000000000006, 950.9999999999997, 154.0000000000001, 880.9999999999998, 243.0, 491.0000000000001, 186.0, 321.0, 943.0000000000001, 810.0000000000002, 205.0, 478.0, 276.0000000000001, 347.0, 78.99999999999977, 1008.0, 114.00000000000011, 892.9999999999995]","[1, 1, 1, 15, 1, 24, 27, 35, 35, 49, 35, 35, 63, 73, 73, 73, 35, 92, 35, 99, 99]","[3, 8, 18, 18, 35, 27, 35, 39, 49, 53, 56, 73, 73, 75, 81, 85, 92, 97, 106, 102, 106]",0.05,30,52684909.0,1015.9999999999999,-1015.9999999999999,DWT,uc1.l0082987033,6.984919309616089e-10,0.0,0.0,0.0,0.0,0.0,1.862645149230957e-09,1.1368683772161603e-13,1.0,84,0.0,0.0,1.0,84,,0.0,0.0,1.0,84,0.0,0.0,0.0,3.0517578125e-05,0.0,0.0,0.0,0.0,0.0,0.0,1.3263464400855197e-13,0.0,1.1368683772161603e-13,0.0,1.1368683772161603e-13,0.0,0.0,0.0,1.1368683772161603e-13,1.1368683772161603e-13,5.551115123125783e-17,6.984919309616089e-10,2.7755575615628914e-17,0.0,0.0,0.0,0.0,2.7755575615628914e-17,0.8977768492245665,0.499544918146294,0.23530758277852104,0.11221069433359976,0.04087868521913987,0.0,0.0,0.0,638,0.9673281118182432,0.5469245472328597,336,0,0,0.0,0.0,620,0,0,0.3571437459404243,0.48578023295587175,405,152.05782891167863,0.8035428567032576,499.75,463.73437094145885,0.5789355110389673,489,db,413.2962962962963,398.0,188.41229481502944,243,0.9143723369387087,0.671803462110104,0.15839832550987273,5,368.0
sym16,1,smooth,2.3034241112614405e-19,246.471284026477,9611644.259150859,0.5942028985507246,312.4978342007075,108,raw,3.78759213293523e-10,2.736657564119619e-10,"[2, 5, 11, 17, 22, 25, 29, 38, 44, 52, 55, 60, 65, 74, 78, 84, 89, 95, 98, 101, 105]","[37.99999999978937, 367.99999999891486, 460.99999999934107, 192.9999999993496, 950.9999999991702, 153.99999999915997, 880.9999999977679, 242.99999999938652, 490.9999999992331, 185.99999999959812, 320.9999999991128, 942.999999999389, 809.9999999979304, 204.99999999947318, 477.99999999898307, 275.9999999995231, 346.9999999993041, 79.00000000020486, 1007.9999999988761, 113.99999999937086, 892.9999999976164]",21,5.759787089220907,110578.26768629393,0.883212036924576,4.365923718265834e-06,0.9999999999999998,0.4907407407407407,67630.99999999962,0.1291094199046381,0.15147910127184505,188156.1212643202,82872438.25057928,8,12069.579557415791,0.027777777777777776,"[0.0, 0.009259259259259259, 0.018518518518518517, 0.027777777777777776, 0.037037037037037035, 0.046296296296296294, 0.05555555555555555, 0.06481481481481481, 0.07407407407407407, 0.08333333333333333, 0.09259259259259259, 0.10185185185185185, 0.1111111111111111, 0.12037037037037036, 0.12962962962962962, 0.1388888888888889, 0.14814814814814814, 0.15740740740740738, 0.16666666666666666, 0.17592592592592593, 0.18518518518518517, 0.19444444444444442, 0.2037037037037037, 0.21296296296296297, 0.2222222222222222, 0.23148148148148145, 0.24074074074074073]","[67630.99999999962, 1786.6346316367353, 1155.9831840867748, 12069.579557415791, 1906.5778542061491, 950.5914327627786, 9083.877197378615, 2481.2296367722356, 778.6316126021757, 8965.162396374051, 2042.6423114746249, 1606.7171021515258, 6927.9398362855245, 1790.9411989143025, 2115.0643759851355, 4469.14645338667, 811.312481864019, 852.4454942229504, 2613.5185095891484, 1125.833636151663, 622.5282936151912, 1595.902895842281, 1672.0836322309171, 807.7671822514537, 3024.6344394028856, 842.7313814719024, 842.8235732244274]",3.0,0.3,145.15000000048437,15,0.5,1721880.138486922,0.14445541615552732,0.1241257545377978,16430975.452658158,84089526828.5143,"[0.046875, 0.03125]",2,1721880.138486922,0.046875,"[0.0, 0.015625, 0.03125, 0.046875, 0.0625, 0.078125, 0.09375, 0.109375, 0.125, 0.140625, 0.15625, 0.171875, 0.1875, 0.203125, 0.21875, 0.234375]","[154749.38571152516, 876106.9067077313, 1710291.3768901164, 1721880.138486922, 1236443.397557347, 1200279.693852502, 1385236.6101384962, 1437054.04741736, 1048940.293642085, 664501.8455314608, 393060.29714903893, 165807.08106818062, 58528.06662822925, 51528.95639360478, 141871.95181042547, 339557.7347225173]",3.0,0.3,flattop,64,32,145.15000000048437,15,21,449.5238095229283,37.99999999978937,1007.9999999988761,"[2, 5, 11, 17, 22, 25, 29, 38, 44, 52, 55, 60, 65, 74, 78, 84, 89, 95, 98, 101, 105]","[37.99999999978937, 367.99999999891486, 460.99999999934107, 192.9999999993496, 950.9999999991702, 153.99999999915997, 880.9999999977679, 242.99999999938652, 490.9999999992331, 185.99999999959812, 320.9999999991128, 942.999999999389, 809.9999999979304, 204.99999999947318, 477.99999999898307, 275.9999999995231, 346.9999999993041, 79.00000000020486, 1007.9999999988761, 113.99999999937086, 892.9999999976164]","[1, 1, 1, 15, 1, 24, 27, 35, 35, 49, 35, 35, 63, 73, 73, 73, 35, 92, 35, 99, 99]","[3, 8, 18, 18, 35, 27, 35, 39, 49, 53, 56, 73, 73, 75, 81, 85, 92, 97, 106, 102, 106]",0.05,30,52684908.999973975,1015.9999999996598,-1015.9999999996598,DWT,uc1.l0082987033,1.5867408365011215e-06,0.0,8.812435225991067e-10,1.2814998626708984e-06,0.0,1.123908077715896e-09,4.724226891994476e-05,3.4015101846307516e-10,1.0,84,0.0,2.3392203729599714e-09,1.0,84,,0.0,0.0,1.0,84,0.0,0.0,2.602487802505493e-05,0.309356689453125,3.7834979593753815e-10,0.0,0.0,0.0,8.812435225991067e-10,1.8506398191675544e-08,9.007164538031376e-10,0.0,3.4015101846307516e-10,0.0,4.843627721129451e-10,0.0,0.0,0.0,4.843627721129451e-10,2.106332885887241e-10,9.936496070395151e-14,1.5867408365011215e-06,5.134781488891349e-15,1.772193503057906e-14,1.9534491002559662e-07,0.0,0.0,1.1560197243909442e-13,0.18950624181674536,0.40426443189556166,0.046857216593226184,0.8447898955550155,0.06080183544419769,0.1095362037066073,0.05476810185330365,0.1095362037066073,41,0.7015012617341264,0.3966268066334316,641,0,0,0.1095362037066073,0.1095362037066073,41,0,0,0.3092439242609493,0.4206277928011964,573,327.95731429562596,0.576282539669734,324.0,76.7964353103167,0.5788389442534716,490,sym,445.72514619883043,505.0,280.45746329325993,171,0.986117580085908,1.0,0.009717693939864401,6,369.0
rbio3.5,1,reflect,7.179715269122066e-27,321.5339508971144,9773380.279941546,0.5338983050847458,533.666702371888,108,raw,4.932679779038283e-14,-1.1087708529089532e-10,"[2, 5, 11, 17, 22, 25, 29, 38, 44, 52, 55, 60, 65, 74, 78, 84, 89, 95, 98, 101, 105]","[38.0, 368.0, 461.00000000000006, 192.99999999999994, 951.0, 154.0, 881.0, 242.99999999999997, 491.0000000000001, 185.9999999999999, 321.0, 943.0, 810.0000000000002, 205.0, 478.0, 276.0, 346.9999999999998, 78.99999999999989, 1008.0000000000001, 114.0, 893.0]",21,5.910015060831562,107342.44984815642,0.6063042316161207,4.365923718251291e-06,0.9999999999999998,0.4907407407407407,67631.0,0.12910941990473743,0.15147910127183992,188156.12126451553,82872438.25058056,8,12069.57955741813,0.027777777777777776,"[0.0, 0.009259259259259259, 0.018518518518518517, 0.027777777777777776, 0.037037037037037035, 0.046296296296296294, 0.05555555555555555, 0.06481481481481481, 0.07407407407407407, 0.08333333333333333, 0.09259259259259259, 0.10185185185185185, 0.1111111111111111, 0.12037037037037036, 0.12962962962962962, 0.1388888888888889, 0.14814814814814814, 0.15740740740740738, 0.16666666666666666, 0.17592592592592593, 0.18518518518518517, 0.19444444444444442, 0.2037037037037037, 0.21296296296296297, 0.2222222222222222, 0.23148148148148145, 0.24074074074074073]","[67631.0, 1786.634631637001, 1155.9831840869383, 12069.57955741813, 1906.5778542068433, 950.591432763602, 9083.877197385176, 2481.2296367744843, 778.6316126029436, 8965.162396385991, 2042.642311477917, 1606.7171021541506, 6927.939836298324, 1790.9411989177927, 2115.0643759896493, 4469.146453396725, 811.3124818658862, 852.4454942250588, 2613.518509595828, 1125.8336361545946, 622.5282936168352, 1595.9028958466981, 1672.0836322356422, 807.7671822537562, 3024.6344394117596, 842.7313814743658, 842.823573226921]",3.0,0.3,145.15000000000003,15,0.5,1721880.1384885088,0.14445541615564292,0.12412575453778006,16430975.452705404,84089526828.82368,"[0.046875, 0.03125]",2,1721880.1384885088,0.046875,"[0.0, 0.015625, 0.03125, 0.046875, 0.0625, 0.078125, 0.09375, 0.109375, 0.125, 0.140625, 0.15625, 0.171875, 0.1875, 0.203125, 0.21875, 0.234375]","[154749.3857115655, 876106.906708278, 1710291.3768915324, 1721880.1384885088, 1236443.3975593026, 1200279.6938555269, 1385236.6101427816, 1437054.047422281, 1048940.2936461219, 664501.8455342908, 393060.2971508254, 165807.08106897466, 58528.06662853263, 51528.956393907494, 141871.95181127614, 339557.73472454003]",3.0,0.3,flattop,64,32,145.15000000000003,15,21,449.5238095238095,38.0,1008.0000000000001,"[2, 5, 11, 17, 22, 25, 29, 38, 44, 52, 55, 60, 65, 74, 78, 84, 89, 95, 98, 101, 105]","[38.0, 368.0, 461.00000000000006, 192.99999999999994, 951.0, 154.0, 881.0, 242.99999999999997, 491.0000000000001, 185.9999999999999, 321.0, 943.0, 810.0000000000002, 205.0, 478.0, 276.0, 346.9999999999998, 78.99999999999989, 1008.0000000000001, 114.0, 893.0]","[1, 1, 1, 15, 1, 24, 27, 35, 35, 49, 35, 35, 63, 73, 73, 73, 35, 92, 35, 99, 99]","[3, 8, 18, 18, 35, 27, 35, 39, 49, 53, 56, 73, 73, 75, 81, 85, 92, 97, 106, 102, 106]",0.05,30,52684909.0,1016.0,-1016.0,DWT,uc1.l0082987033,0.0,0.0,0.0,0.0,0.0,1.1368683772161603e-13,3.725290298461914e-09,0.0,1.0,84,0.0,0.0,1.0,84,,0.0,0.0,1.0,84,0.0,0.0,0.0,3.0517578125e-05,0.0,0.0,0.0,0.0,0.0,0.0,5.007634518690231e-14,0.0,0.0,0.0,2.842170943040401e-14,0.0,0.0,0.0,2.842170943040401e-14,0.0,2.7755575615628914e-17,0.0,0.0,1.3877787807814457e-17,0.0,0.0,0.0,0.0,0.9601500205146789,0.5967580628160225,0.06254618740786881,0.17166934949341967,0.052042791738439766,0.0,0.0,0.0,414,0.9952269939134967,0.5626984953605209,289,0,0,0.0,0.0,741,0,0,0.368633282394086,0.5014080852099213,372,198.257408436608,0.7438534774720826,454.0,403.495633663188,0.5786450849892713,491,rbio,366.5925925925926,360.0,210.3588723315502,135,0.8110455588331695,0.7500562468954116,0.20725123474815782,3,369.0
db18,1,zero,2.394444114152619e-26,316.30297606031553,9426834.467689192,0.5492957746478874,200.10595051235214,108,raw,1.1533161257291258e-13,-1.0975598208062882e-10,"[2, 5, 11, 17, 22, 25, 29, 38, 44, 52, 55, 60, 65, 74, 78, 84, 89, 95, 98, 101, 105]","[38.0, 367.9999999999997, 460.9999999999999, 193.00000000000028, 951.0, 154.00000000000034, 881.0000000000002, 243.0000000000001, 490.9999999999999, 186.0, 320.9999999999998, 942.9999999999997, 810.0, 205.00000000000014, 478.0000000000002, 275.99999999999966, 346.99999999999966, 79.0, 1008.0, 113.99999999999966, 893.0000000000001]",21,5.588822969214044,144059.61059313628,0.9077823752037134,4.365923718251291e-06,1.0,0.4907407407407407,67631.0,0.12910941990473737,0.15147910127183992,188156.12126451556,82872438.25058056,8,12069.579557418134,0.027777777777777776,"[0.0, 0.009259259259259259, 0.018518518518518517, 0.027777777777777776, 0.037037037037037035, 0.046296296296296294, 0.05555555555555555, 0.06481481481481481, 0.07407407407407407, 0.08333333333333333, 0.09259259259259259, 0.10185185185185185, 0.1111111111111111, 0.12037037037037036, 0.12962962962962962, 0.1388888888888889, 0.14814814814814814, 0.15740740740740738, 0.16666666666666666, 0.17592592592592593, 0.18518518518518517, 0.19444444444444442, 0.2037037037037037, 0.21296296296296297, 0.2222222222222222, 0.23148148148148145, 0.24074074074074073]","[67631.0, 1786.6346316369995, 1155.9831840869383, 12069.579557418134, 1906.5778542068424, 950.591432763602, 9083.877197385174, 2481.229636774483, 778.6316126029456, 8965.162396385991, 2042.6423114779166, 1606.717102154147, 6927.939836298324, 1790.9411989177925, 2115.064375989649, 4469.1464533967255, 811.3124818658872, 852.4454942250567, 2613.5185095958273, 1125.8336361545926, 622.5282936168384, 1595.9028958466981, 1672.0836322356413, 807.7671822537561, 3024.6344394117605, 842.7313814743643, 842.8235732269212]",3.0,0.3,145.15,15,0.5,1721880.1384885088,0.14445541615564297,0.12412575453778009,16430975.4527054,84089526828.8237,"[0.046875, 0.03125]",2,1721880.1384885088,0.046875,"[0.0, 0.015625, 0.03125, 0.046875, 0.0625, 0.078125, 0.09375, 0.109375, 0.125, 0.140625, 0.15625, 0.171875, 0.1875, 0.203125, 0.21875, 0.234375]","[154749.38571156538, 876106.9067082775, 1710291.3768915324, 1721880.1384885088, 1236443.3975593024, 1200279.693855527, 1385236.6101427823, 1437054.0474222815, 1048940.2936461226, 664501.8455342909, 393060.2971508249, 165807.0810689744, 58528.06662853244, 51528.95639390734, 141871.95181127609, 339557.7347245398]",3.0,0.3,flattop,64,32,145.15,15,21,449.5238095238095,38.0,1008.0,"[2, 5, 11, 17, 22, 25, 29, 38, 44, 52, 55, 60, 65, 74, 78, 84, 89, 95, 98, 101, 105]","[38.0, 367.9999999999997, 460.9999999999999, 193.00000000000028, 951.0, 154.00000000000034, 881.0000000000002, 243.0000000000001, 490.9999999999999, 186.0, 320.9999999999998, 942.9999999999997, 810.0, 205.00000000000014, 478.0000000000002, 275.99999999999966, 346.99999999999966, 79.0, 1008.0, 113.99999999999966, 893.0000000000001]","[1, 1, 1, 15, 1, 24, 27, 35, 35, 49, 35, 35, 63, 73, 73, 73, 35, 92, 35, 99, 99]","[3, 8, 18, 18, 35, 27, 35, 39, 49, 53, 56, 73, 73, 75, 81, 85, 92, 97, 106, 102, 106]",0.05,30,52684909.0,1016.0000000000001,-1016.0000000000001,DWT,uc1.l0082987033,0.0,0.0,0.0,0.0,0.0,0.0,0.0,1.1368683772161603e-13,1.0,84,0.0,3.637978807091713e-12,1.0,84,,0.0,0.0,1.0,84,0.0,0.0,0.0,4.57763671875e-05,0.0,0.0,0.0,0.0,0.0,0.0,1.691768418476429e-13,0.0,1.1368683772161603e-13,0.0,0.0,0.0,0.0,0.0,0.0,0.0,8.326672684688674e-17,0.0,0.0,1.3877787807814457e-17,2.9103830456733704e-11,0.0,0.0,5.551115123125783e-17,0.9064453177301128,0.18520067256761086,0.028930007735684885,0.3435360767959721,0.15143256947133307,0.0,0.0,0.0,546,0.8489199892966377,0.47997693348358583,521,0,0,0.0,0.0,691,0,0,0.3231089288601428,0.4394867123278286,538,78.69349824900827,0.8983288136317723,574.0,566.8290219108385,0.5783633732241549,492,db,413.2962962962963,398.0,188.41229481502944,243,0.9143723369387087,0.671803462110104,0.15839832550987273,5,370.25
coif6,1,constant,3.6661258755606227e-26,314.4529493890199,9350102.554167842,0.5915492957746479,232.3632422193979,108,raw,1.2955891503662754e-13,-1.1836642777041168e-10,"[2, 5, 11, 17, 22, 25, 29, 38, 44, 52, 55, 60, 65, 74, 78, 84, 89, 95, 98, 101, 105]","[38.0000000000002, 368.00000000000006, 460.99999999999994, 193.0, 950.9999999999999, 153.99999999999966, 881.0000000000002, 243.0, 491.0000000000002, 185.9999999999999, 321.0000000000001, 943.0000000000001, 810.0000000000005, 205.00000000000014, 478.00000000000006, 276.00000000000045, 347.0000000000001, 79.00000000000045, 1008.0, 114.00000000000011, 893.0]",21,5.6400564800749855,136243.1937363619,0.8785057520989248,4.36592371825129e-06,1.0,0.4907407407407407,67631.0,0.12910941990473737,0.1514791012718399,188156.1212645156,82872438.25058058,8,12069.579557418134,0.027777777777777776,"[0.0, 0.009259259259259259, 0.018518518518518517, 0.027777777777777776, 0.037037037037037035, 0.046296296296296294, 0.05555555555555555, 0.06481481481481481, 0.07407407407407407, 0.08333333333333333, 0.09259259259259259, 0.10185185185185185, 0.1111111111111111, 0.12037037037037036, 0.12962962962962962, 0.1388888888888889, 0.14814814814814814, 0.15740740740740738, 0.16666666666666666, 0.17592592592592593, 0.18518518518518517, 0.19444444444444442, 0.2037037037037037, 0.21296296296296297, 0.2222222222222222, 0.23148148148148145, 0.24074074074074073]","[67631.0, 1786.6346316369995, 1155.9831840869422, 12069.579557418134, 1906.577854206845, 950.5914327635999, 9083.877197385178, 2481.2296367744857, 778.6316126029495, 8965.162396385993, 2042.6423114779166, 1606.7171021541494, 6927.939836298325, 1790.9411989177922, 2115.0643759896475, 4469.146453396726, 811.3124818658862, 852.445494225057, 2613.5185095958327, 1125.8336361545955, 622.5282936168388, 1595.9028958466956, 1672.083632235643, 807.7671822537569, 3024.634439411758, 842.7313814743634, 842.8235732269205]",3.0,0.3,145.1499999999999,15,0.5,1721880.138488509,0.14445541615564295,0.12412575453778006,16430975.45270541,84089526828.82379,"[0.046875, 0.03125]",2,1721880.138488509,0.046875,"[0.0, 0.015625, 0.03125, 0.046875, 0.0625, 0.078125, 0.09375, 0.109375, 0.125, 0.140625, 0.15625, 0.171875, 0.1875, 0.203125, 0.21875, 0.234375]","[154749.38571156518, 876106.9067082778, 1710291.376891533, 1721880.138488509, 1236443.3975593026, 1200279.6938555278, 1385236.6101427833, 1437054.0474222829, 1048940.2936461237, 664501.8455342916, 393060.29715082573, 165807.0810689748, 58528.06662853272, 51528.95639390754, 141871.95181127614, 339557.7347245398]",3.0,0.3,flattop,64,32,145.1499999999999,15,21,449.52380952380963,38.0000000000002,1008.0,"[2, 5, 11, 17, 22, 25, 29, 38, 44, 52, 55, 60, 65, 74, 78, 84, 89, 95, 98, 101, 105]","[38.0000000000002, 368.00000000000006, 460.99999999999994, 193.0, 950.9999999999999, 153.99999999999966, 881.0000000000002, 243.0, 491.0000000000002, 185.9999999999999, 321.0000000000001, 943.0000000000001, 810.0000000000005, 205.00000000000014, 478.00000000000006, 276.00000000000045, 347.0000000000001, 79.00000000000045, 1008.0, 114.00000000000011, 893.0]","[1, 1, 1, 15, 1, 24, 27, 35, 35, 49, 35, 35, 63, 73, 73, 73, 35, 92, 35, 99, 99]","[3, 8, 18, 18, 35, 27, 35, 39, 49, 53, 56, 73, 73, 75, 81, 85, 92, 97, 106, 102, 106]",0.05,30,52684909.0,1016.0,-1016.0,DWT,uc1.l0082987033,2.3283064365386963e-10,0.0,1.1368683772161603e-13,1.4901161193847656e-08,0.0,0.0,9.313225746154785e-09,0.0,1.0,84,0.0,3.637978807091713e-12,1.0,84,,0.0,0.0,1.0,84,0.0,0.0,0.0,0.0001373291015625,0.0,0.0,0.0,0.0,1.1368683772161603e-13,1.8189894035458565e-12,1.5970293870417489e-13,0.0,0.0,0.0,1.1368683772161603e-13,0.0,0.0,0.0,1.1368683772161603e-13,1.9895196601282805e-13,8.326672684688674e-17,2.3283064365386963e-10,2.7755575615628914e-17,1.3877787807814457e-17,5.820766091346741e-11,0.0,0.0,2.7755575615628914e-17,0.8874517007418399,0.2508483973201305,0.021486738475671945,0.8151703517192539,0.13027429039147082,0.0,0.0,0.0,506,1.0468164451872948,0.5918670235312552,243,0,0,0.0,0.0,710,0,0,0.42104629572967345,0.5726992841109041,206,237.0406083353652,0.6937459840628357,416.25,323.77310781808774,0.5779776431942085,493,coif,217.80246913580248,181.0,166.32516494453617,81,0.48186386976947454,0.5930495234160287,0.4847804341365592,1,370.0
rbio2.4,1,constant,9.992355001081739e-27,320.0983445624505,9261298.600972801,0.5775862068965517,428.13897188836575,108,raw,6.904764825742822e-14,-1.176929664836741e-10,"[2, 5, 11, 17, 22, 25, 29, 38, 44, 52, 55, 60, 65, 74, 78, 84, 89, 95, 98, 101, 105]","[37.99999999999997, 368.0, 461.0, 192.9999999999999, 951.0000000000002, 154.0000000000001, 880.9999999999999, 242.99999999999994, 491.0000000000001, 185.9999999999999, 321.0, 943.0, 810.0000000000001, 205.0, 478.0, 276.0, 347.0000000000001, 79.00000000000011, 1008.0, 114.0, 893.0000000000002]",21,5.731842562900749,114909.42081744436,0.7198778482353286,4.365923718251291e-06,1.0,0.4907407407407407,67631.0,0.12910941990473743,0.15147910127183992,188156.12126451556,82872438.25058056,8,12069.579557418134,0.027777777777777776,"[0.0, 0.009259259259259259, 0.018518518518518517, 0.027777777777777776, 0.037037037037037035, 0.046296296296296294, 0.05555555555555555, 0.06481481481481481, 0.07407407407407407, 0.08333333333333333, 0.09259259259259259, 0.10185185185185185, 0.1111111111111111, 0.12037037037037036, 0.12962962962962962, 0.1388888888888889, 0.14814814814814814, 0.15740740740740738, 0.16666666666666666, 0.17592592592592593, 0.18518518518518517, 0.19444444444444442, 0.2037037037037037, 0.21296296296296297, 0.2222222222222222, 0.23148148148148145, 0.24074074074074073]","[67631.0, 1786.6346316370013, 1155.983184086938, 12069.579557418134, 1906.5778542068426, 950.5914327636032, 9083.877197385178, 2481.229636774485, 778.6316126029437, 8965.162396385991, 2042.6423114779182, 1606.7171021541512, 6927.939836298322, 1790.9411989177952, 2115.064375989648, 4469.146453396726, 811.3124818658853, 852.4454942250578, 2613.518509595829, 1125.833636154595, 622.5282936168384, 1595.9028958466972, 1672.0836322356438, 807.7671822537554, 3024.6344394117586, 842.7313814743653, 842.8235732269209]",3.0,0.3,145.15000000000003,15,0.5,1721880.138488509,0.14445541615564295,0.1241257545377801,16430975.452705404,84089526828.82368,"[0.046875, 0.03125]",2,1721880.138488509,0.046875,"[0.0, 0.015625, 0.03125, 0.046875, 0.0625, 0.078125, 0.09375, 0.109375, 0.125, 0.140625, 0.15625, 0.171875, 0.1875, 0.203125, 0.21875, 0.234375]","[154749.3857115654, 876106.9067082782, 1710291.3768915331, 1721880.138488509, 1236443.3975593029, 1200279.693855527, 1385236.6101427816, 1437054.0474222805, 1048940.2936461219, 664501.8455342907, 393060.2971508252, 165807.0810689745, 58528.066628532615, 51528.9563939075, 141871.95181127614, 339557.7347245399]",3.0,0.3,flattop,64,32,145.15000000000003,15,21,449.5238095238095,37.99999999999997,1008.0,"[2, 5, 11, 17, 22, 25, 29, 38, 44, 52, 55, 60, 65, 74, 78, 84, 89, 95, 98, 101, 105]","[37.99999999999997, 368.0, 461.0, 192.9999999999999, 951.0000000000002, 154.0000000000001, 880.9999999999999, 242.99999999999994, 491.0000000000001, 185.9999999999999, 321.0, 943.0, 810.0000000000001, 205.0, 478.0, 276.0, 347.0000000000001, 79.00000000000011, 1008.0, 114.0, 893.0000000000002]","[1, 1, 1, 15, 1, 24, 27, 35, 35, 49, 35, 35, 63, 73, 73, 73, 35, 92, 35, 99, 99]","[3, 8, 18, 18, 35, 27, 35, 39, 49, 53, 56, 73, 73, 75, 81, 85, 92, 97, 106, 102, 106]",0.05,30,52684909.0,1016.0,-1016.0,DWT,uc1.l0082987033,2.3283064365386963e-10,0.0,0.0,0.0,0.0,0.0,3.725290298461914e-09,0.0,1.0,84,0.0,3.637978807091713e-12,1.0,84,,0.0,0.0,1.0,84,0.0,0.0,0.0,3.0517578125e-05,0.0,0.0,0.0,0.0,0.0,0.0,6.902415147383829e-14,0.0,0.0,0.0,2.842170943040401e-14,0.0,0.0,0.0,2.842170943040401e-14,2.842170943040401e-14,2.7755575615628914e-17,2.3283064365386963e-10,0.0,2.7755575615628914e-17,2.9103830456733704e-11,0.0,0.0,2.7755575615628914e-17,0.945411121184407,0.36845789548261676,0.012872438314887255,0.6593141976497784,0.0725258450979404,0.0,0.0,0.0,684,1.0506478567084836,0.594033292645,235,0,0,0.0,0.0,551,0,0,0.411716299545926,0.5600087980779378,231,228.54084244761736,0.7047275937369284,425.25,337.23418253582554,0.5776544945428828,494,rbio,366.5925925925926,360.0,210.3588723315502,135,0.8110455588331695,0.7500562468954116,0.20725123474815782,3,371.25
bior2.4,1,antireflect,1.1413940786431128e-26,319.5206669600857,9928163.69926378,0.5603448275862069,360.5445476048847,108,raw,7.148191503734706e-14,-1.1708145564171055e-10,"[2, 5, 11, 17, 22, 25, 29, 38, 44, 52, 55, 60, 65, 74, 78, 84, 89, 95, 98, 101, 105]","[38.000000000000085, 368.0, 460.9999999999999, 193.0000000000001, 951.0, 154.0000000000001, 881.0000000000001, 242.99999999999997, 491.0, 186.0, 321.0, 943.0000000000001, 810.0, 205.00000000000006, 477.99999999999994, 276.0000000000001, 347.0000000000001, 79.00000000000011, 1008.0000000000001, 114.00000000000011, 893.0000000000002]",21,5.623680618215411,171385.77106910374,0.9026419315994787,4.36592371825129e-06,1.0,0.4907407407407407,67631.0,0.12910941990473737,0.15147910127183992,188156.12126451556,82872438.25058056,8,12069.579557418136,0.027777777777777776,"[0.0, 0.009259259259259259, 0.018518518518518517, 0.027777777777777776, 0.037037037037037035, 0.046296296296296294, 0.05555555555555555, 0.06481481481481481, 0.07407407407407407, 0.08333333333333333, 0.09259259259259259, 0.10185185185185185, 0.1111111111111111, 0.12037037037037036, 0.12962962962962962, 0.1388888888888889, 0.14814814814814814, 0.15740740740740738, 0.16666666666666666, 0.17592592592592593, 0.18518518518518517, 0.19444444444444442, 0.2037037037037037, 0.21296296296296297, 0.2222222222222222, 0.23148148148148145, 0.24074074074074073]","[67631.0, 1786.6346316370027, 1155.983184086941, 12069.579557418136, 1906.5778542068433, 950.5914327636006, 9083.877197385176, 2481.229636774484, 778.6316126029456, 8965.162396385991, 2042.642311477916, 1606.71710215415, 6927.939836298324, 1790.9411989177931, 2115.0643759896475, 4469.146453396726, 811.3124818658848, 852.445494225057, 2613.5185095958273, 1125.8336361545944, 622.5282936168372, 1595.9028958466974, 1672.0836322356438, 807.7671822537569, 3024.63443941176, 842.7313814743652, 842.82357322692]",3.0,0.3,145.14999999999998,15,0.5,1721880.1384885088,0.14445541615564295,0.12412575453778009,16430975.452705404,84089526828.82368,"[0.046875, 0.03125]",2,1721880.1384885088,0.046875,"[0.0, 0.015625, 0.03125, 0.046875, 0.0625, 0.078125, 0.09375, 0.109375, 0.125, 0.140625, 0.15625, 0.171875, 0.1875, 0.203125, 0.21875, 0.234375]","[154749.38571156544, 876106.9067082778, 1710291.3768915324, 1721880.1384885088, 1236443.3975593022, 1200279.693855527, 1385236.6101427816, 1437054.047422281, 1048940.2936461223, 664501.8455342909, 393060.29715082527, 165807.08106897457, 58528.066628532644, 51528.95639390756, 141871.95181127623, 339557.73472454]",3.0,0.3,flattop,64,32,145.14999999999998,15,21,449.5238095238095,38.000000000000085,1008.0000000000001,"[2, 5, 11, 17, 22, 25, 29, 38, 44, 52, 55, 60, 65, 74, 78, 84, 89, 95, 98, 101, 105]","[38.000000000000085, 368.0, 460.9999999999999, 193.0000000000001, 951.0, 154.0000000000001, 881.0000000000001, 242.99999999999997, 491.0, 186.0, 321.0, 943.0000000000001, 810.0, 205.00000000000006, 477.99999999999994, 276.0000000000001, 347.0000000000001, 79.00000000000011, 1008.0000000000001, 114.00000000000011, 893.0000000000002]","[1, 1, 1, 15, 1, 24, 27, 35, 35, 49, 35, 35, 63, 73, 73, 73, 35, 92, 35, 99, 99]","[3, 8, 18, 18, 35, 27, 35, 39, 49, 53, 56, 73, 73, 75, 81, 85, 92, 97, 106, 102, 106]",0.05,30,52684909.0,1016.0000000000001,-1016.0000000000001,DWT,uc1.l0082987033,0.0,0.0,0.0,0.0,0.0,1.1368683772161603e-13,3.725290298461914e-09,1.1368683772161603e-13,1.0,84,0.0,5.4569682106375694e-12,1.0,84,,0.0,0.0,1.0,84,0.0,0.0,0.0,3.0517578125e-05,0.0,0.0,0.0,0.0,0.0,0.0,7.579122514774403e-14,0.0,1.1368683772161603e-13,0.0,2.842170943040401e-14,0.0,0.0,0.0,2.842170943040401e-14,8.526512829121202e-14,8.326672684688674e-17,0.0,0.0,1.3877787807814457e-17,2.9103830456733704e-11,0.0,0.0,2.7755575615628914e-17,0.9394802947307878,0.22986529360778635,0.07756073108506152,0.4668657291465995,0.2254018241983919,0.0,0.0,0.0,441,0.9943082105228931,0.5621790178597932,290,0,0,0.0,0.0,742,0,0,0.38783477455372545,0.5275255951493673,289,213.31119676816468,0.7244041385424229,440.5,380.0920673345585,0.5776413457569995,495,bior,385.74074074074076,410.0,199.97417605530825,135,0.8534087184529663,0.7130285416801533,0.18870533457887761,4,372.25
coif6,1,zero,4.266638935392477e-26,313.79416418967503,9355566.052809741,0.5915492957746479,232.35078436161535,108,raw,1.4483887340517223e-13,-1.1896517104759206e-10,"[2, 5, 11, 17, 22, 25, 29, 38, 44, 52, 55, 60, 65, 74, 78, 84, 89, 95, 98, 101, 105]","[37.99999999999997, 367.99999999999994, 461.00000000000034, 193.00000000000023, 950.9999999999999, 153.9999999999999, 881.0000000000002, 243.0, 491.0000000000002, 185.9999999999999, 321.0000000000001, 943.0000000000001, 810.0000000000005, 205.00000000000014, 477.99999999999994, 276.00000000000045, 347.0, 79.00000000000045, 1007.9999999999999, 113.99999999999977, 892.9999999999999]",21,5.631397256201002,144059.6105931363,0.8851362353400397,4.365923718251291e-06,0.9999999999999998,0.4907407407407407,67631.0,0.12910941990473737,0.15147910127183992,188156.1212645156,82872438.25058058,8,12069.57955741813,0.027777777777777776,"[0.0, 0.009259259259259259, 0.018518518518518517, 0.027777777777777776, 0.037037037037037035, 0.046296296296296294, 0.05555555555555555, 0.06481481481481481, 0.07407407407407407, 0.08333333333333333, 0.09259259259259259, 0.10185185185185185, 0.1111111111111111, 0.12037037037037036, 0.12962962962962962, 0.1388888888888889, 0.14814814814814814, 0.15740740740740738, 0.16666666666666666, 0.17592592592592593, 0.18518518518518517, 0.19444444444444442, 0.2037037037037037, 0.21296296296296297, 0.2222222222222222, 0.23148148148148145, 0.24074074074074073]","[67631.0, 1786.634631637, 1155.9831840869417, 12069.57955741813, 1906.577854206847, 950.5914327635993, 9083.87719738518, 2481.2296367744866, 778.6316126029496, 8965.162396385993, 2042.642311477916, 1606.717102154149, 6927.939836298326, 1790.9411989177925, 2115.0643759896484, 4469.146453396728, 811.3124818658858, 852.4454942250569, 2613.5185095958336, 1125.8336361545955, 622.5282936168377, 1595.9028958466984, 1672.0836322356424, 807.7671822537582, 3024.6344394117577, 842.731381474363, 842.8235732269203]",3.0,0.3,145.15000000000003,15,0.5,1721880.138488509,0.14445541615564292,0.12412575453778005,16430975.452705411,84089526828.82384,"[0.046875, 0.03125]",2,1721880.138488509,0.046875,"[0.0, 0.015625, 0.03125, 0.046875, 0.0625, 0.078125, 0.09375, 0.109375, 0.125, 0.140625, 0.15625, 0.171875, 0.1875, 0.203125, 0.21875, 0.234375]","[154749.38571156518, 876106.9067082775, 1710291.3768915331, 1721880.138488509, 1236443.3975593033, 1200279.6938555283, 1385236.6101427833, 1437054.0474222824, 1048940.2936461233, 664501.8455342916, 393060.2971508256, 165807.0810689748, 58528.066628532746, 51528.95639390754, 141871.9518112762, 339557.7347245399]",3.0,0.3,flattop,64,32,145.15000000000003,15,21,449.52380952380963,37.99999999999997,1007.9999999999999,"[2, 5, 11, 17, 22, 25, 29, 38, 44, 52, 55, 60, 65, 74, 78, 84, 89, 95, 98, 101, 105]","[37.99999999999997, 367.99999999999994, 461.00000000000034, 193.00000000000023, 950.9999999999999, 153.9999999999999, 881.0000000000002, 243.0, 491.0000000000002, 185.9999999999999, 321.0000000000001, 943.0000000000001, 810.0000000000005, 205.00000000000014, 477.99999999999994, 276.00000000000045, 347.0, 79.00000000000045, 1007.9999999999999, 113.99999999999977, 892.9999999999999]","[1, 1, 1, 15, 1, 24, 27, 35, 35, 49, 35, 35, 63, 73, 73, 73, 35, 92, 35, 99, 99]","[3, 8, 18, 18, 35, 27, 35, 39, 49, 53, 56, 73, 73, 75, 81, 85, 92, 97, 106, 102, 106]",0.05,30,52684909.0,1016.0,-1016.0,DWT,uc1.l0082987033,2.3283064365386963e-10,0.0,1.1368683772161603e-13,1.4901161193847656e-08,0.0,1.1368683772161603e-13,1.1175870895385742e-08,0.0,1.0,84,0.0,0.0,1.0,84,,0.0,0.0,1.0,84,0.0,0.0,0.0,0.00018310546875,0.0,0.0,0.0,0.0,1.1368683772161603e-13,1.8189894035458565e-12,1.7594391552154862e-13,0.0,0.0,0.0,2.842170943040401e-14,0.0,0.0,0.0,2.842170943040401e-14,2.842170943040401e-14,8.326672684688674e-17,2.3283064365386963e-10,0.0,2.7755575615628914e-17,5.820766091346741e-11,0.0,0.0,0.0,0.8806881691949477,0.23975295732593216,0.02201671732836996,0.8151703517192539,0.15143256947133316,0.0,0.0,0.0,505,1.0459389073203544,0.5913708661316176,246,0,0,0.0,0.0,712,0,0,0.4218121530079674,0.5737409888342528,204,237.61225417333455,0.6930074235486634,416.75,323.84222382239506,0.5772853655211017,496,coif,217.80246913580248,181.0,166.32516494453617,81,0.48186386976947454,0.5930495234160287,0.4847804341365592,1,372.25
sym10,1,periodization,3.37606276522113e-23,284.81091799076785,9386328.404977025,0.5740740740740741,421.23172374310263,108,raw,4.505285033928887e-12,-1.0001766082016324e-10,"[2, 5, 11, 17, 22, 25, 29, 38, 44, 52, 55, 60, 65, 74, 78, 84, 89, 95, 98, 101, 105]","[38.00000000000267, 368.0000000000131, 461.00000000000716, 193.00000000000875, 951.0000000000098, 154.0000000000117, 881.0000000000279, 243.00000000000782, 491.00000000000847, 186.000000000005, 321.0000000000109, 943.0000000000057, 810.0000000000258, 205.00000000000705, 478.0000000000127, 276.0000000000059, 347.00000000000773, 78.99999999999648, 1008.000000000014, 114.00000000000921, 893.0000000000288]",21,5.612941155144795,95467.34242112619,0.8222443097539672,4.365923718251117e-06,1.0,0.4907407407407407,67631.0,0.12910941990473865,0.15147910127183983,188156.12126451786,82872438.25058053,8,12069.579557418156,0.027777777777777776,"[0.0, 0.009259259259259259, 0.018518518518518517, 0.027777777777777776, 0.037037037037037035, 0.046296296296296294, 0.05555555555555555, 0.06481481481481481, 0.07407407407407407, 0.08333333333333333, 0.09259259259259259, 0.10185185185185185, 0.1111111111111111, 0.12037037037037036, 0.12962962962962962, 0.1388888888888889, 0.14814814814814814, 0.15740740740740738, 0.16666666666666666, 0.17592592592592593, 0.18518518518518517, 0.19444444444444442, 0.2037037037037037, 0.21296296296296297, 0.2222222222222222, 0.23148148148148145, 0.24074074074074073]","[67631.0, 1786.6346316370007, 1155.9831840869394, 12069.579557418156, 1906.577854206847, 950.5914327636051, 9083.87719738524, 2481.229636774506, 778.6316126029503, 8965.162396386118, 2042.6423114779518, 1606.717102154179, 6927.939836298467, 1790.941198917836, 2115.0643759897007, 4469.146453396845, 811.3124818659105, 852.4454942250817, 2613.518509595911, 1125.833636154628, 622.5282936168576, 1595.9028958467532, 1672.0836322357022, 807.767182253788, 3024.634439411875, 842.7313814744002, 842.8235732269542]",3.0,0.3,145.14999999999407,15,0.5,1721880.1384885232,0.1444554161556445,0.12412575453777987,16430975.452705944,84089526828.82681,"[0.046875, 0.03125]",2,1721880.1384885232,0.046875,"[0.0, 0.015625, 0.03125, 0.046875, 0.0625, 0.078125, 0.09375, 0.109375, 0.125, 0.140625, 0.15625, 0.171875, 0.1875, 0.203125, 0.21875, 0.234375]","[154749.38571156547, 876106.9067082822, 1710291.376891545, 1721880.1384885232, 1236443.397559321, 1200279.6938555583, 1385236.6101428275, 1437054.047422335, 1048940.2936461684, 664501.8455343238, 393060.29715084645, 165807.08106898412, 58528.06662853646, 51528.956393911525, 141871.9518112874, 339557.73472456646]",3.0,0.3,flattop,64,32,145.14999999999407,15,21,449.5238095238204,38.00000000000267,1008.000000000014,"[2, 5, 11, 17, 22, 25, 29, 38, 44, 52, 55, 60, 65, 74, 78, 84, 89, 95, 98, 101, 105]","[38.00000000000267, 368.0000000000131, 461.00000000000716, 193.00000000000875, 951.0000000000098, 154.0000000000117, 881.0000000000279, 243.00000000000782, 491.00000000000847, 186.000000000005, 321.0000000000109, 943.0000000000057, 810.0000000000258, 205.00000000000705, 478.0000000000127, 276.0000000000059, 347.00000000000773, 78.99999999999648, 1008.000000000014, 114.00000000000921, 893.0000000000288]","[1, 1, 1, 15, 1, 24, 27, 35, 35, 49, 35, 35, 63, 73, 73, 73, 35, 92, 35, 99, 99]","[3, 8, 18, 18, 35, 27, 35, 39, 49, 53, 56, 73, 73, 75, 81, 85, 92, 97, 106, 102, 106]",0.05,30,52684909.00000028,1016.0000000000039,-1016.0000000000039,DWT,uc1.l0082987033,1.4435499906539917e-08,0.0,1.0857093002414331e-11,2.9802322387695312e-08,0.0,1.3983481039758772e-11,5.438923835754395e-07,3.865352482534945e-12,1.0,84,0.0,2.546585164964199e-11,1.0,84,,0.0,0.0,1.0,84,0.0,0.0,2.8312206268310547e-07,0.0031585693359375,0.0,0.0,0.0,0.0,1.0857093002414331e-11,2.2737367544323206e-10,1.1121008875696652e-11,0.0,3.865352482534945e-12,0.0,5.9401372709544376e-12,0.0,0.0,0.0,5.9401372709544376e-12,2.6716406864579767e-12,1.1934897514720433e-15,1.4435499906539917e-08,8.326672684688674e-17,2.0816681711721685e-16,2.3283064365386963e-09,0.0,0.0,1.582067810090848e-15,0.5831266875578552,0.21610435269621775,0.025000775196140072,0.6201117318435755,0.01989803261819279,0.0011916334786289944,0.0005958167393144972,0.0011916334786289944,211,0.7264324822655993,0.4107228474023785,635,0,0,0.0011916334786289944,0.0011916334786289944,216,0,0,0.2928483159823963,0.39832679355497885,611,236.63667650359415,0.6942678598144778,418.25,317.95414356637116,0.5769465914059468,497,sym,445.72514619883043,505.0,280.45746329325993,171,0.986117580085908,1.0,0.009717693939864401,6,374.25
sym6,1,antisymmetric,5.914204550009913e-20,252.3760597012543,9747657.107663274,0.576271186440678,395.23277720133046,108,raw,1.8912678830436866e-10,2.1396762133773425e-10,"[2, 5, 11, 17, 22, 25, 29, 38, 44, 52, 55, 60, 65, 74, 78, 84, 89, 95, 98, 101, 105]","[38.000000000127386, 368.0000000004854, 461.0000000001233, 193.0000000004752, 951.0000000001047, 154.00000000068803, 881.0000000011821, 243.00000000035726, 491.00000000011613, 186.00000000016814, 321.0000000003387, 942.9999999999146, 810.0000000011091, 205.0000000003961, 478.00000000044946, 276.0000000002533, 347.00000000028115, 78.99999999956572, 1008.0000000006057, 114.0000000006304, 893.0000000010816]",21,5.698746776385247,177208.9321163759,0.8837933862367184,4.365923718245223e-06,1.0,0.4907407407407407,67630.99999999968,0.12910941990478522,0.15147910127183403,188156.12126459443,82872438.25057842,8,12069.579557418647,0.027777777777777776,"[0.0, 0.009259259259259259, 0.018518518518518517, 0.027777777777777776, 0.037037037037037035, 0.046296296296296294, 0.05555555555555555, 0.06481481481481481, 0.07407407407407407, 0.08333333333333333, 0.09259259259259259, 0.10185185185185185, 0.1111111111111111, 0.12037037037037036, 0.12962962962962962, 0.1388888888888889, 0.14814814814814814, 0.15740740740740738, 0.16666666666666666, 0.17592592592592593, 0.18518518518518517, 0.19444444444444442, 0.2037037037037037, 0.21296296296296297, 0.2222222222222222, 0.23148148148148145, 0.24074074074074073]","[67630.99999999968, 1786.634631636801, 1155.983184086889, 12069.579557418647, 1906.5778542069568, 950.5914327633113, 9083.877197386077, 2481.22963677481, 778.6316126033138, 8965.162396387515, 2042.6423114779927, 1606.7171021548845, 6927.939836300673, 1790.9411989187918, 2115.064375990491, 4469.146453399626, 811.3124818665112, 852.4454942260036, 2613.5185095982592, 1125.833636155744, 622.5282936176624, 1595.9028958492322, 1672.0836322386658, 807.7671822553064, 3024.6344394181965, 842.731381476148, 842.8235732288068]",3.0,0.3,145.14999999979466,15,0.5,1721880.138488629,0.14445541615572438,0.12412575453777361,16430975.452721184,84089526828.84584,"[0.046875, 0.03125]",2,1721880.138488629,0.046875,"[0.0, 0.015625, 0.03125, 0.046875, 0.0625, 0.078125, 0.09375, 0.109375, 0.125, 0.140625, 0.15625, 0.171875, 0.1875, 0.203125, 0.21875, 0.234375]","[154749.3857115533, 876106.9067082913, 1710291.3768916249, 1721880.138488629, 1236443.3975594817, 1200279.6938558668, 1385236.610143358, 1437054.0474230815, 1048940.2936469293, 664501.8455349817, 393060.2971513446, 165807.08106924748, 58528.06662867648, 51528.95639412891, 141871.95181192824, 339557.73472605686]",3.0,0.3,flattop,64,32,145.14999999979466,15,21,449.52380952421214,38.000000000127386,1008.0000000006057,"[2, 5, 11, 17, 22, 25, 29, 38, 44, 52, 55, 60, 65, 74, 78, 84, 89, 95, 98, 101, 105]","[38.000000000127386, 368.0000000004854, 461.0000000001233, 193.0000000004752, 951.0000000001047, 154.00000000068803, 881.0000000011821, 243.00000000035726, 491.00000000011613, 186.00000000016814, 321.0000000003387, 942.9999999999146, 810.0000000011091, 205.0000000003961, 478.00000000044946, 276.0000000002533, 347.00000000028115, 78.99999999956572, 1008.0000000006057, 114.0000000006304, 893.0000000010816]","[1, 1, 1, 15, 1, 24, 27, 35, 35, 49, 35, 35, 63, 73, 73, 73, 35, 92, 35, 99, 99]","[3, 8, 18, 18, 35, 27, 35, 39, 49, 53, 56, 73, 73, 75, 81, 85, 92, 97, 106, 102, 106]",0.05,30,52684909.0000084,1016.0000000001357,-1016.0000000001357,DWT,uc1.l0082987033,1.2014061212539673e-07,0.0,4.0262193579110317e-10,2.1457672119140625e-06,0.0,6.057234713807702e-10,1.578405499458313e-05,1.3574208423960954e-10,1.0,84,0.0,5.165929906070232e-10,1.0,84,,0.0,0.0,1.0,84,0.0,0.0,8.396804332733154e-06,0.022186279296875,3.2014213502407074e-10,0.0,0.0,0.0,4.0262193579110317e-10,8.454662747681141e-09,4.520418748316366e-10,0.0,1.3574208423960954e-10,0.0,2.0534685063466895e-10,0.0,0.0,0.0,2.0534685063466895e-10,1.2738610166707076e-10,4.776734563449736e-14,1.2014061212539673e-07,5.88418203051333e-15,6.467049118441537e-15,7.890048436820507e-08,0.0,0.0,8.146261443187086e-14,0.25012863678462305,0.32605082543944,0.06005094796052195,0.6446359246283498,0.24116455395331587,0.0353413402740757,0.01767067013703785,0.0353413402740757,92,0.6974482602034211,0.3943352511621981,645,0,0,0.0353413402740757,0.0353413402740757,92,0,0,0.30440617775325013,0.4140475806255544,582,302.1846841475149,0.6095805114373193,352.75,159.95053631967988,0.5769155787160756,498,sym,445.72514619883043,505.0,280.45746329325993,171,0.986117580085908,1.0,0.009717693939864401,6,375.0
sym17,1,reflect,1.092256483175613e-19,249.71177680003154,11572888.145393554,0.5428571428571428,405.21768605623487,108,raw,2.553466902942025e-10,5.5922355619149e-10,"[2, 5, 11, 17, 22, 25, 29, 38, 44, 52, 55, 60, 65, 74, 78, 84, 89, 95, 98, 101, 105]","[38.000000000119115, 368.000000000764, 461.0000000004315, 193.00000000043684, 951.0000000004663, 154.00000000058992, 881.0000000014718, 243.00000000041854, 491.0000000004672, 186.00000000029308, 321.0000000006096, 943.0000000003655, 810.0000000013679, 205.00000000037133, 478.0000000006853, 276.00000000033003, 347.0000000004469, 78.99999999986858, 1008.0000000007961, 114.00000000043133, 893.0000000014634]",21,6.027240832533229,92487.33445675658,0.7840199825430564,4.365923718242212e-06,1.0,0.4907407407407407,67630.99999999933,0.12910941990480157,0.15147910127183237,188156.12126464295,82872438.2505792,8,12069.579557419765,0.027777777777777776,"[0.0, 0.009259259259259259, 0.018518518518518517, 0.027777777777777776, 0.037037037037037035, 0.046296296296296294, 0.05555555555555555, 0.06481481481481481, 0.07407407407407407, 0.08333333333333333, 0.09259259259259259, 0.10185185185185185, 0.1111111111111111, 0.12037037037037036, 0.12962962962962962, 0.1388888888888889, 0.14814814814814814, 0.15740740740740738, 0.16666666666666666, 0.17592592592592593, 0.18518518518518517, 0.19444444444444442, 0.2037037037037037, 0.21296296296296297, 0.2222222222222222, 0.23148148148148145, 0.24074074074074073]","[67630.99999999933, 1786.6346316365725, 1155.9831840868194, 12069.579557419765, 1906.5778542073388, 950.5914327632125, 9083.877197388922, 2481.2296367756944, 778.631612604084, 8965.162396393207, 2042.6423114795866, 1606.7171021566112, 6927.939836307386, 1790.9411989205914, 2115.064375992267, 4469.146453404659, 811.31248186686, 852.4454942272423, 2613.5185096005166, 1125.8336361560573, 622.528293617451, 1595.9028958501858, 1672.0836322393902, 807.7671822547879, 3024.634439418099, 842.7313814758446, 842.8235732286936]",3.0,0.3,145.14999999970507,15,0.5,1721880.1384891868,0.1444554161557246,0.12412575453776559,16430975.452735102,84089526828.99948,"[0.046875, 0.03125]",2,1721880.1384891868,0.046875,"[0.0, 0.015625, 0.03125, 0.046875, 0.0625, 0.078125, 0.09375, 0.109375, 0.125, 0.140625, 0.15625, 0.171875, 0.1875, 0.203125, 0.21875, 0.234375]","[154749.3857115654, 876106.9067084817, 1710291.3768921248, 1721880.1384891868, 1236443.3975602882, 1200279.6938572798, 1385236.6101454543, 1437054.0474254866, 1048940.2936488774, 664501.8455362823, 393060.2971520996, 165807.08106954367, 58528.06662874617, 51528.95639410613, 141871.95181182594, 339557.73472585296]",3.0,0.3,flattop,64,32,145.14999999970507,15,21,449.52380952439023,38.000000000119115,1008.0000000007961,"[2, 5, 11, 17, 22, 25, 29, 38, 44, 52, 55, 60, 65, 74, 78, 84, 89, 95, 98, 101, 105]","[38.000000000119115, 368.000000000764, 461.0000000004315, 193.00000000043684, 951.0000000004663, 154.00000000058992, 881.0000000014718, 243.00000000041854, 491.0000000004672, 186.00000000029308, 321.0000000006096, 943.0000000003655, 810.0000000013679, 205.00000000037133, 478.0000000006853, 276.00000000033003, 347.0000000004469, 78.99999999986858, 1008.0000000007961, 114.00000000043133, 893.0000000014634]","[1, 1, 1, 15, 1, 24, 27, 35, 35, 49, 35, 35, 63, 73, 73, 73, 35, 92, 35, 99, 99]","[3, 8, 18, 18, 35, 27, 35, 39, 49, 53, 56, 73, 73, 75, 81, 85, 92, 97, 106, 102, 106]",0.05,30,52684909.00001592,1016.000000000204,-1016.000000000204,DWT,uc1.l0082987033,6.780028343200684e-07,0.0,5.807123670820147e-10,1.3709068298339844e-06,0.0,7.961489245644771e-10,2.970173954963684e-05,2.0395418687257916e-10,1.0,84,0.0,1.635271473787725e-09,1.0,84,,0.0,0.0,1.0,84,0.0,0.0,1.592189073562622e-05,0.1758270263671875,6.693881005048752e-10,0.0,0.0,0.0,5.807123670820147e-10,1.2194504961371422e-08,5.931962645956358e-10,0.0,2.0395418687257916e-10,0.0,2.949320787593024e-10,0.0,0.0,0.0,2.949320787593024e-10,1.191153842228232e-10,6.411537967210279e-14,6.780028343200684e-07,7.549516567451064e-15,1.4488410471358293e-14,1.2741656973958015e-07,0.0,0.0,8.168465903679589e-14,0.22277531817609175,0.7469645402807467,0.2371048679279852,0.2716679968076614,0.011831441323781694,0.06701370378500424,0.03350685189250212,0.06701370378500424,71,0.7390996702625982,0.41788483925946396,630,0,0,0.06701370378500424,0.06701370378500424,71,0,0,0.29806883290325337,0.4054276428762688,596,313.23154374998694,0.5953080830103528,342.0,127.25006742195163,0.5767238089470368,499,sym,445.72514619883043,505.0,280.45746329325993,171,0.986117580085908,1.0,0.009717693939864401,6,375.75
rbio2.8,1,antireflect,1.2686351513749698e-26,319.06165570511314,10074699.33151371,0.5483870967741935,463.78955600409574,108,raw,8.602994859706486e-14,-1.1934031540761292e-10,"[2, 5, 11, 17, 22, 25, 29, 38, 44, 52, 55, 60, 65, 74, 78, 84, 89, 95, 98, 101, 105]","[37.99999999999994, 367.9999999999999, 461.0, 192.9999999999999, 951.0000000000002, 154.0000000000001, 880.9999999999999, 243.0, 491.0000000000001, 186.0, 321.0000000000001, 943.0, 810.0, 205.0, 478.0, 276.0, 347.0000000000001, 79.0, 1008.0, 113.99999999999989, 893.0000000000002]",21,5.9355795281999635,254430.2489240961,0.8488126847021129,4.365923718251291e-06,1.0,0.4907407407407407,67631.0,0.12910941990473743,0.15147910127183992,188156.12126451556,82872438.25058056,8,12069.57955741813,0.027777777777777776,"[0.0, 0.009259259259259259, 0.018518518518518517, 0.027777777777777776, 0.037037037037037035, 0.046296296296296294, 0.05555555555555555, 0.06481481481481481, 0.07407407407407407, 0.08333333333333333, 0.09259259259259259, 0.10185185185185185, 0.1111111111111111, 0.12037037037037036, 0.12962962962962962, 0.1388888888888889, 0.14814814814814814, 0.15740740740740738, 0.16666666666666666, 0.17592592592592593, 0.18518518518518517, 0.19444444444444442, 0.2037037037037037, 0.21296296296296297, 0.2222222222222222, 0.23148148148148145, 0.24074074074074073]","[67631.0, 1786.634631637001, 1155.983184086939, 12069.57955741813, 1906.5778542068426, 950.5914327636027, 9083.877197385176, 2481.229636774485, 778.6316126029437, 8965.162396385995, 2042.6423114779182, 1606.7171021541508, 6927.939836298322, 1790.9411989177947, 2115.0643759896484, 4469.146453396728, 811.3124818658853, 852.4454942250576, 2613.5185095958273, 1125.8336361545944, 622.5282936168379, 1595.9028958466977, 1672.0836322356438, 807.7671822537566, 3024.6344394117596, 842.7313814743659, 842.8235732269203]",3.0,0.3,145.15000000000006,15,0.5,1721880.1384885088,0.14445541615564295,0.1241257545377801,16430975.452705404,84089526828.8237,"[0.046875, 0.03125]",2,1721880.1384885088,0.046875,"[0.0, 0.015625, 0.03125, 0.046875, 0.0625, 0.078125, 0.09375, 0.109375, 0.125, 0.140625, 0.15625, 0.171875, 0.1875, 0.203125, 0.21875, 0.234375]","[154749.38571156544, 876106.906708278, 1710291.3768915331, 1721880.1384885088, 1236443.3975593029, 1200279.6938555276, 1385236.6101427816, 1437054.0474222808, 1048940.293646122, 664501.8455342908, 393060.2971508252, 165807.0810689745, 58528.06662853264, 51528.95639390757, 141871.95181127626, 339557.73472454]",3.0,0.3,flattop,64,32,145.15000000000006,15,21,449.5238095238095,37.99999999999994,1008.0,"[2, 5, 11, 17, 22, 25, 29, 38, 44, 52, 55, 60, 65, 74, 78, 84, 89, 95, 98, 101, 105]","[37.99999999999994, 367.9999999999999, 461.0, 192.9999999999999, 951.0000000000002, 154.0000000000001, 880.9999999999999, 243.0, 491.0000000000001, 186.0, 321.0000000000001, 943.0, 810.0, 205.0, 478.0, 276.0, 347.0000000000001, 79.0, 1008.0, 113.99999999999989, 893.0000000000002]","[1, 1, 1, 15, 1, 24, 27, 35, 35, 49, 35, 35, 63, 73, 73, 73, 35, 92, 35, 99, 99]","[3, 8, 18, 18, 35, 27, 35, 39, 49, 53, 56, 73, 73, 75, 81, 85, 92, 97, 106, 102, 106]",0.05,30,52684909.0,1016.0,-1016.0,DWT,uc1.l0082987033,0.0,0.0,0.0,0.0,0.0,0.0,3.725290298461914e-09,0.0,1.0,84,0.0,0.0,1.0,84,,0.0,0.0,1.0,84,0.0,0.0,0.0,4.57763671875e-05,0.0,0.0,0.0,0.0,0.0,0.0,6.767073673905715e-14,0.0,0.0,0.0,5.684341886080802e-14,0.0,0.0,0.0,5.684341886080802e-14,5.684341886080802e-14,2.7755575615628914e-17,0.0,0.0,2.7755575615628914e-17,2.9103830456733704e-11,0.0,0.0,2.7755575615628914e-17,0.9347677767408987,0.6295149262252221,0.09177521000222028,0.3333934042169758,0.4501951368752269,0.0,0.0,0.0,692,1.2349411505951413,0.6982321938095218,100,0,0,0.0,0.0,524,0,0,0.4879292908121088,0.6636722811218938,98,301.76977979910447,0.6101165635670485,353.5,169.7968339132818,0.5766991086569092,500,rbio,366.5925925925926,360.0,210.3588723315502,135,0.8110455588331695,0.7500562468954116,0.20725123474815782,3,375.75
sym10,1,smooth,3.3526377787597166e-23,284.8411567668654,9405547.368888289,0.5634920634920635,286.5983603274165,108,raw,4.517522158822533e-12,-1.046690512041319e-10,"[2, 5, 11, 17, 22, 25, 29, 38, 44, 52, 55, 60, 65, 74, 78, 84, 89, 95, 98, 101, 105]","[38.00000000000247, 368.0000000000138, 461.00000000000745, 193.00000000000875, 951.0000000000091, 154.00000000001125, 881.0000000000277, 243.0000000000079, 491.00000000000824, 186.00000000000512, 321.0000000000108, 943.0000000000058, 810.0000000000257, 205.00000000000708, 478.00000000001245, 276.00000000000625, 347.0000000000084, 78.99999999999659, 1008.0000000000133, 114.00000000000887, 893.0000000000286]",21,5.663864909665217,112707.00845242874,0.8398079094299061,4.36592371825112e-06,1.0,0.4907407407407407,67631.0,0.12910941990473862,0.15147910127183983,188156.1212645179,82872438.25058056,8,12069.579557418156,0.027777777777777776,"[0.0, 0.009259259259259259, 0.018518518518518517, 0.027777777777777776, 0.037037037037037035, 0.046296296296296294, 0.05555555555555555, 0.06481481481481481, 0.07407407407407407, 0.08333333333333333, 0.09259259259259259, 0.10185185185185185, 0.1111111111111111, 0.12037037037037036, 0.12962962962962962, 0.1388888888888889, 0.14814814814814814, 0.15740740740740738, 0.16666666666666666, 0.17592592592592593, 0.18518518518518517, 0.19444444444444442, 0.2037037037037037, 0.21296296296296297, 0.2222222222222222, 0.23148148148148145, 0.24074074074074073]","[67631.0, 1786.6346316370002, 1155.9831840869415, 12069.579557418156, 1906.5778542068492, 950.5914327636049, 9083.877197385238, 2481.2296367745057, 778.6316126029532, 8965.162396386115, 2042.6423114779498, 1606.7171021541806, 6927.939836298468, 1790.9411989178361, 2115.064375989703, 4469.146453396846, 811.3124818659103, 852.4454942250819, 2613.5185095959127, 1125.8336361546308, 622.5282936168576, 1595.9028958467538, 1672.0836322357054, 807.7671822537866, 3024.6344394118746, 842.7313814743977, 842.8235732269522]",3.0,0.3,145.14999999999435,15,0.5,1721880.1384885241,0.1444554161556445,0.12412575453777987,16430975.452705944,84089526828.8269,"[0.046875, 0.03125]",2,1721880.1384885241,0.046875,"[0.0, 0.015625, 0.03125, 0.046875, 0.0625, 0.078125, 0.09375, 0.109375, 0.125, 0.140625, 0.15625, 0.171875, 0.1875, 0.203125, 0.21875, 0.234375]","[154749.38571156556, 876106.9067082824, 1710291.376891545, 1721880.1384885241, 1236443.397559322, 1200279.6938555588, 1385236.610142828, 1437054.0474223355, 1048940.2936461684, 664501.8455343237, 393060.2971508464, 165807.08106898406, 58528.066628536515, 51528.95639391158, 141871.95181128738, 339557.7347245661]",3.0,0.3,flattop,64,32,145.14999999999435,15,21,449.52380952382026,38.00000000000247,1008.0000000000133,"[2, 5, 11, 17, 22, 25, 29, 38, 44, 52, 55, 60, 65, 74, 78, 84, 89, 95, 98, 101, 105]","[38.00000000000247, 368.0000000000138, 461.00000000000745, 193.00000000000875, 951.0000000000091, 154.00000000001125, 881.0000000000277, 243.0000000000079, 491.00000000000824, 186.00000000000512, 321.0000000000108, 943.0000000000058, 810.0000000000257, 205.00000000000708, 478.00000000001245, 276.00000000000625, 347.0000000000084, 78.99999999999659, 1008.0000000000133, 114.00000000000887, 893.0000000000286]","[1, 1, 1, 15, 1, 24, 27, 35, 35, 49, 35, 35, 63, 73, 73, 73, 35, 92, 35, 99, 99]","[3, 8, 18, 18, 35, 27, 35, 39, 49, 53, 56, 73, 73, 75, 81, 85, 92, 97, 106, 102, 106]",0.05,30,52684909.00000028,1016.0000000000038,-1016.0000000000038,DWT,uc1.l0082987033,1.5366822481155396e-08,0.0,1.0743406164692715e-11,0.0,0.0,1.3301360013429075e-11,5.438923835754395e-07,3.751665644813329e-12,1.0,84,0.0,2.546585164964199e-11,1.0,84,,0.0,0.0,1.0,84,0.0,0.0,2.8312206268310547e-07,0.0032501220703125,0.0,0.0,0.0,0.0,1.0743406164692715e-11,2.255546860396862e-10,1.1073639359979313e-11,0.0,3.751665644813329e-12,0.0,5.6559201766503975e-12,0.0,0.0,0.0,5.6559201766503975e-12,2.4726887204451486e-12,1.1657341758564144e-15,1.5366822481155396e-08,8.326672684688674e-17,2.0816681711721685e-16,2.35741026699543e-09,0.0,0.0,1.582067810090848e-15,0.583437139153123,0.2813551731835197,0.026865083235978048,0.5019952114924183,0.06656412934994353,0.0011916334786289944,0.0005958167393144972,0.0011916334786289944,213,0.7315961480385674,0.4136423692589634,634,0,0,0.0011916334786289944,0.0011916334786289944,214,0,0,0.2920433472829966,0.3972318902093052,613,236.86916219719274,0.6939674907013014,418.5,318.0575256560762,0.5766349081413484,501,sym,445.72514619883043,505.0,280.45746329325993,171,0.986117580085908,1.0,0.009717693939864401,6,377.25
bior5.5,1,periodic,1.0847943940165195e-19,249.74154878993437,9497432.436980447,0.5932203389830508,458.02425127940757,108,raw,2.5827899489909387e-10,-1.3165446533302156e-10,"[2, 5, 11, 17, 22, 25, 29, 38, 44, 52, 55, 60, 65, 74, 78, 84, 89, 95, 98, 101, 105]","[38.000000000098936, 368.00000000055667, 461.00000000052864, 193.00000000008453, 951.0000000010816, 153.9999999999959, 881.0000000009718, 243.00000000019332, 491.00000000073214, 186.00000000020498, 321.0000000005009, 943.0000000008064, 810.0000000008622, 205.00000000002774, 478.00000000052455, 276.0000000001469, 347.00000000038426, 79.00000000032674, 1008.0000000006869, 113.9999999998638, 893.0000000013465]",21,5.761202816893167,96911.99977993497,0.7789108690403993,4.365923718242624e-06,1.0,0.4907407407407407,67631.00000000003,0.1291094199047859,0.15147910127184214,188156.12126463346,82872438.25058407,8,12069.579557420953,0.027777777777777776,"[0.0, 0.009259259259259259, 0.018518518518518517, 0.027777777777777776, 0.037037037037037035, 0.046296296296296294, 0.05555555555555555, 0.06481481481481481, 0.07407407407407407, 0.08333333333333333, 0.09259259259259259, 0.10185185185185185, 0.1111111111111111, 0.12037037037037036, 0.12962962962962962, 0.1388888888888889, 0.14814814814814814, 0.15740740740740738, 0.16666666666666666, 0.17592592592592593, 0.18518518518518517, 0.19444444444444442, 0.2037037037037037, 0.21296296296296297, 0.2222222222222222, 0.23148148148148145, 0.24074074074074073]","[67631.00000000003, 1786.6346316370498, 1155.9831840870636, 12069.579557420953, 1906.5778542076075, 950.591432764172, 9083.877197392594, 2481.229636777061, 778.6316126039192, 8965.162396398899, 2042.6423114811737, 1606.717102156886, 6927.939836310516, 1790.9411989209543, 2115.064375993285, 4469.146453404011, 811.3124818671093, 852.4454942262195, 2613.5185095989873, 1125.8336361557813, 622.5282936174065, 1595.902895847963, 1672.0836322368016, 807.7671822542569, 3024.634439413464, 842.7313814748096, 842.8235732273467]",3.0,0.3,145.14999999970178,15,0.5,1721880.13849023,0.1444554161556649,0.12412575453777022,16430975.452738296,84089526829.15698,"[0.046875, 0.03125]",2,1721880.13849023,0.046875,"[0.0, 0.015625, 0.03125, 0.046875, 0.0625, 0.078125, 0.09375, 0.109375, 0.125, 0.140625, 0.15625, 0.171875, 0.1875, 0.203125, 0.21875, 0.234375]","[154749.38571160552, 876106.9067088654, 1710291.3768930645, 1721880.13849023, 1236443.3975614035, 1200279.6938586738, 1385236.61014704, 1437054.0474268564, 1048940.2936495473, 664501.8455364405, 393060.2971520297, 165807.08106944003, 58528.06662866137, 51528.956393963934, 141871.9518114117, 339557.734724888]",3.0,0.3,flattop,64,32,145.14999999970178,15,21,449.5238095242821,38.000000000098936,1008.0000000006869,"[2, 5, 11, 17, 22, 25, 29, 38, 44, 52, 55, 60, 65, 74, 78, 84, 89, 95, 98, 101, 105]","[38.000000000098936, 368.00000000055667, 461.00000000052864, 193.00000000008453, 951.0000000010816, 153.9999999999959, 881.0000000009718, 243.00000000019332, 491.00000000073214, 186.00000000020498, 321.0000000005009, 943.0000000008064, 810.0000000008622, 205.00000000002774, 478.00000000052455, 276.0000000001469, 347.00000000038426, 79.00000000032674, 1008.0000000006869, 113.9999999998638, 893.0000000013465]","[1, 1, 1, 15, 1, 24, 27, 35, 35, 49, 35, 35, 63, 73, 73, 73, 35, 92, 35, 99, 99]","[3, 8, 18, 18, 35, 27, 35, 39, 49, 53, 56, 73, 73, 75, 81, 85, 92, 97, 106, 102, 106]",0.05,30,52684909.000018656,1016.0000000001887,-1016.0000000001887,DWT,uc1.l0082987033,1.7213169485330582e-06,0.0,4.725961844087578e-10,3.5017728805541992e-06,0.0,6.86895873514004e-10,3.289617598056793e-05,1.887201506178826e-10,1.0,84,0.0,2.8230715543031693e-09,1.0,84,,0.0,0.0,1.0,84,0.0,0.0,1.8656253814697266e-05,0.3333282470703125,2.9103830456733704e-11,0.0,0.0,0.0,4.725961844087578e-10,9.924406185746193e-09,4.859990505272955e-10,0.0,1.887201506178826e-10,0.0,2.9822899705322925e-10,0.0,0.0,0.0,2.9822899705322925e-10,9.893597052723635e-11,4.8433479449272454e-14,1.7213169485330582e-06,2.220446049250313e-15,9.853229343548264e-15,1.1792872101068497e-07,0.0,0.0,2.19824158875781e-14,0.22308097743061328,0.4060784653082884,0.035778262529939805,0.8338225546823215,0.023808579372868656,0.07852237448650005,0.03926118724325003,0.07852237448650005,57,0.6978294039995582,0.3945507487742142,644,0,0,0.07852237448650005,0.07852237448650005,57,0,0,0.3045137678648064,0.41419392267983823,581,321.74770136449047,0.5843052953947152,334.75,104.2707073126909,0.5759058776715178,502,bior,385.74074074074076,410.0,199.97417605530825,135,0.8534087184529663,0.7130285416801533,0.18870533457887761,4,377.5
rbio2.6,1,antisymmetric,9.818834819003679e-27,320.1744235717314,9764422.7090087,0.5666666666666667,462.1173940915713,108,raw,6.738642565761872e-14,-1.1745326933265755e-10,"[2, 5, 11, 17, 22, 25, 29, 38, 44, 52, 55, 60, 65, 74, 78, 84, 89, 95, 98, 101, 105]","[37.99999999999997, 368.0, 461.0, 192.9999999999999, 951.0000000000002, 154.0000000000001, 881.0000000000001, 242.99999999999997, 491.0000000000001, 186.0, 321.0, 943.0, 810.0, 205.0, 478.0, 276.0, 347.0000000000002, 79.0, 1008.0, 113.99999999999989, 893.0000000000001]",21,5.842173946158999,205587.30468232773,0.8384267333919848,4.365923718251291e-06,1.0,0.4907407407407407,67631.0,0.1291094199047374,0.15147910127183992,188156.1212645156,82872438.25058056,8,12069.579557418134,0.027777777777777776,"[0.0, 0.009259259259259259, 0.018518518518518517, 0.027777777777777776, 0.037037037037037035, 0.046296296296296294, 0.05555555555555555, 0.06481481481481481, 0.07407407407407407, 0.08333333333333333, 0.09259259259259259, 0.10185185185185185, 0.1111111111111111, 0.12037037037037036, 0.12962962962962962, 0.1388888888888889, 0.14814814814814814, 0.15740740740740738, 0.16666666666666666, 0.17592592592592593, 0.18518518518518517, 0.19444444444444442, 0.2037037037037037, 0.21296296296296297, 0.2222222222222222, 0.23148148148148145, 0.24074074074074073]","[67631.0, 1786.6346316370013, 1155.9831840869385, 12069.579557418134, 1906.577854206843, 950.5914327636027, 9083.877197385178, 2481.2296367744852, 778.6316126029438, 8965.162396385991, 2042.6423114779182, 1606.71710215415, 6927.939836298322, 1790.941198917795, 2115.064375989648, 4469.1464533967255, 811.3124818658847, 852.4454942250582, 2613.518509595829, 1125.833636154595, 622.5282936168379, 1595.9028958466977, 1672.0836322356438, 807.767182253756, 3024.6344394117605, 842.7313814743654, 842.8235732269212]",3.0,0.3,145.15000000000003,15,0.5,1721880.1384885092,0.14445541615564295,0.12412575453778009,16430975.452705404,84089526828.82372,"[0.046875, 0.03125]",2,1721880.1384885092,0.046875,"[0.0, 0.015625, 0.03125, 0.046875, 0.0625, 0.078125, 0.09375, 0.109375, 0.125, 0.140625, 0.15625, 0.171875, 0.1875, 0.203125, 0.21875, 0.234375]","[154749.38571156544, 876106.906708278, 1710291.3768915334, 1721880.1384885092, 1236443.3975593029, 1200279.693855527, 1385236.6101427816, 1437054.0474222808, 1048940.2936461219, 664501.8455342905, 393060.29715082515, 165807.08106897445, 58528.0666285326, 51528.9563939075, 141871.95181127623, 339557.7347245399]",3.0,0.3,flattop,64,32,145.15000000000003,15,21,449.5238095238095,37.99999999999997,1008.0,"[2, 5, 11, 17, 22, 25, 29, 38, 44, 52, 55, 60, 65, 74, 78, 84, 89, 95, 98, 101, 105]","[37.99999999999997, 368.0, 461.0, 192.9999999999999, 951.0000000000002, 154.0000000000001, 881.0000000000001, 242.99999999999997, 491.0000000000001, 186.0, 321.0, 943.0, 810.0, 205.0, 478.0, 276.0, 347.0000000000002, 79.0, 1008.0, 113.99999999999989, 893.0000000000001]","[1, 1, 1, 15, 1, 24, 27, 35, 35, 49, 35, 35, 63, 73, 73, 73, 35, 92, 35, 99, 99]","[3, 8, 18, 18, 35, 27, 35, 39, 49, 53, 56, 73, 73, 75, 81, 85, 92, 97, 106, 102, 106]",0.05,30,52684909.0,1016.0,-1016.0,DWT,uc1.l0082987033,4.656612873077393e-10,0.0,0.0,0.0,0.0,0.0,3.725290298461914e-09,0.0,1.0,84,0.0,3.637978807091713e-12,1.0,84,,0.0,0.0,1.0,84,0.0,0.0,0.0,6.103515625e-05,0.0,0.0,0.0,0.0,0.0,0.0,5.684341886080802e-14,0.0,0.0,0.0,2.842170943040401e-14,0.0,0.0,0.0,2.842170943040401e-14,2.842170943040401e-14,5.551115123125783e-17,4.656612873077393e-10,0.0,1.3877787807814457e-17,5.820766091346741e-11,0.0,0.0,2.7755575615628914e-17,0.9461921994172501,0.5098302933134302,0.06167727108206532,0.5374301675977653,0.31798204431814003,0.0,0.0,0.0,701,1.19563398661446,0.6760080357389651,120,0,0,0.0,0.0,518,0,0,0.4746223951457302,0.6455724909107803,117,293.1609341868956,0.621239103117706,364.0,197.6540701844964,0.5754774326958039,503,rbio,366.5925925925926,360.0,210.3588723315502,135,0.8110455588331695,0.7500562468954116,0.20725123474815782,3,378.0
sym5,1,antireflect,2.9399856106477675e-21,265.41157106358816,9719509.823257506,0.5603448275862069,408.4002166148944,108,raw,4.2584306451468975e-11,-2.565311296748752e-10,"[2, 5, 11, 17, 22, 25, 29, 38, 44, 52, 55, 60, 65, 74, 78, 84, 89, 95, 98, 101, 105]","[37.99999999998076, 367.9999999998858, 460.9999999999746, 192.99999999988836, 950.9999999999671, 153.99999999983424, 880.9999999997356, 242.99999999991618, 490.9999999999853, 185.99999999995873, 320.9999999999211, 943.0000000000324, 809.9999999997502, 204.99999999990368, 477.9999999998979, 275.9999999999385, 346.9999999999385, 79.00000000010289, 1007.9999999998581, 113.99999999985039, 892.9999999998126]",21,5.70951841290681,171096.08816603883,0.8904907542845518,4.365923718252585e-06,1.0,0.4907407407407407,67631.00000000015,0.1291094199047264,0.15147910127184114,188156.12126449894,82872438.25058138,8,12069.579557418108,0.027777777777777776,"[0.0, 0.009259259259259259, 0.018518518518518517, 0.027777777777777776, 0.037037037037037035, 0.046296296296296294, 0.05555555555555555, 0.06481481481481481, 0.07407407407407407, 0.08333333333333333, 0.09259259259259259, 0.10185185185185185, 0.1111111111111111, 0.12037037037037036, 0.12962962962962962, 0.1388888888888889, 0.14814814814814814, 0.15740740740740738, 0.16666666666666666, 0.17592592592592593, 0.18518518518518517, 0.19444444444444442, 0.2037037037037037, 0.21296296296296297, 0.2222222222222222, 0.23148148148148145, 0.24074074074074073]","[67631.00000000015, 1786.634631637076, 1155.9831840869635, 12069.579557418108, 1906.5778542068406, 950.5914327636947, 9083.877197385218, 2481.2296367744934, 778.6316126029091, 8965.162396385953, 2042.642311477915, 1606.7171021540885, 6927.939836297958, 1790.9411989176522, 2115.064375989386, 4469.146453396141, 811.3124818657053, 852.4454942249441, 2613.5185095951274, 1125.8336361541562, 622.5282936165352, 1595.9028958461593, 1672.0836322350478, 807.7671822532777, 3024.634439410454, 842.7313814738858, 842.8235732265189]",3.0,0.3,145.15000000004352,15,0.5,1721880.138488545,0.14445541615562346,0.12412575453778191,16430975.452702262,84089526828.82578,"[0.046875, 0.03125]",2,1721880.138488545,0.046875,"[0.0, 0.015625, 0.03125, 0.046875, 0.0625, 0.078125, 0.09375, 0.109375, 0.125, 0.140625, 0.15625, 0.171875, 0.1875, 0.203125, 0.21875, 0.234375]","[154749.38571157426, 876106.9067083045, 1710291.376891572, 1721880.138488545, 1236443.3975593222, 1200279.6938555145, 1385236.610142715, 1437054.0474221478, 1048940.2936459547, 664501.8455341309, 393060.29715069954, 165807.08106890728, 58528.066628497836, 51528.956393857115, 141871.95181112905, 339557.7347241965]",3.0,0.3,flattop,64,32,145.15000000004352,15,21,449.52380952372056,37.99999999998076,1007.9999999998581,"[2, 5, 11, 17, 22, 25, 29, 38, 44, 52, 55, 60, 65, 74, 78, 84, 89, 95, 98, 101, 105]","[37.99999999998076, 367.9999999998858, 460.9999999999746, 192.99999999988836, 950.9999999999671, 153.99999999983424, 880.9999999997356, 242.99999999991618, 490.9999999999853, 185.99999999995873, 320.9999999999211, 943.0000000000324, 809.9999999997502, 204.99999999990368, 477.9999999998979, 275.9999999999385, 346.9999999999385, 79.00000000010289, 1007.9999999998581, 113.99999999985039, 892.9999999998126]","[1, 1, 1, 15, 1, 24, 27, 35, 35, 49, 35, 35, 63, 73, 73, 73, 35, 92, 35, 99, 99]","[3, 8, 18, 18, 35, 27, 35, 39, 49, 53, 56, 73, 73, 75, 81, 85, 92, 97, 106, 102, 106]",0.05,30,52684908.99999854,1015.9999999999723,-1015.9999999999723,DWT,uc1.l0082987033,3.632158041000366e-08,0.0,8.895995051716454e-11,8.195638656616211e-07,0.0,1.418811734765768e-10,3.1385570764541626e-06,2.773958840407431e-11,1.0,84,0.0,2.1827872842550278e-11,1.0,84,,0.0,0.0,1.0,84,0.0,0.0,1.4603137969970703e-06,0.0021209716796875,1.4551915228366852e-10,0.0,0.0,0.0,8.895995051716454e-11,1.8681021174415946e-09,1.0178896878815498e-10,0.0,2.773958840407431e-11,0.0,4.3513637137948535e-11,0.0,0.0,0.0,4.3513637137948535e-11,1.9241497284383513e-11,1.1046719095020308e-14,3.632158041000366e-08,1.2212453270876722e-15,1.8318679906315083e-15,1.658918336033821e-08,0.0,0.0,1.9456658506555868e-14,0.3839599560320671,0.33985299159239196,0.057320560991715265,0.4668657291465995,0.22461768079611158,0.006146320047665339,0.0030731600238326695,0.006146320047665339,184,0.7055561138883784,0.3989194084419244,640,0,0,0.006146320047665339,0.006146320047665339,184,0,0,0.2945233837117771,0.4006051893019149,606,253.83656159032725,0.6720457860590088,403.5,284.0459169864191,0.5753639783008222,504,sym,445.72514619883043,505.0,280.45746329325993,171,0.986117580085908,1.0,0.009717693939864401,6,379.5
sym20,1,smooth,1.5080422383273596e-17,228.31088805446922,9914364.959766738,0.6027397260273972,313.1752042250963,108,raw,3.097334240938684e-09,6.697633869516208e-09,"[2, 5, 11, 17, 22, 25, 29, 38, 44, 52, 55, 60, 65, 74, 78, 84, 89, 95, 98, 101, 105]","[37.99999999830459, 367.9999999918789, 460.9999999943603, 192.99999999520185, 950.9999999927139, 153.99999999415854, 880.9999999825247, 242.99999999537852, 490.99999999309773, 185.99999999706495, 320.99999999304896, 942.9999999941231, 809.999999983803, 204.99999999627755, 477.9999999920177, 275.9999999963603, 346.999999994232, 79.00000000112163, 1007.9999999907045, 113.99999999567217, 892.9999999808479]",21,5.820614984355036,110273.90092813017,0.8883012684203387,4.3659237183712595e-06,1.0,0.4907407407407407,67630.99999999319,0.1291094199039562,0.15147910127185887,188156.12126291584,82872438.25055225,8,12069.579557392364,0.027777777777777776,"[0.0, 0.009259259259259259, 0.018518518518518517, 0.027777777777777776, 0.037037037037037035, 0.046296296296296294, 0.05555555555555555, 0.06481481481481481, 0.07407407407407407, 0.08333333333333333, 0.09259259259259259, 0.10185185185185185, 0.1111111111111111, 0.12037037037037036, 0.12962962962962962, 0.1388888888888889, 0.14814814814814814, 0.15740740740740738, 0.16666666666666666, 0.17592592592592593, 0.18518518518518517, 0.19444444444444442, 0.2037037037037037, 0.21296296296296297, 0.2222222222222222, 0.23148148148148145, 0.24074074074074073]","[67630.99999999319, 1786.634631632398, 1155.9831840847958, 12069.579557392364, 1906.577854198739, 950.5914327524597, 9083.877197315967, 2481.2296367522345, 778.6316125959353, 8965.162396274942, 2042.6423114475201, 1606.7171021321096, 6927.939836193732, 1790.9411988904242, 2115.0643759548557, 4469.146453320214, 811.312481851892, 852.4454942092647, 2613.518509546051, 1125.8336361327176, 622.5282936044496, 1595.9028958137692, 1672.083632200304, 807.7671822362577, 3024.6344393448576, 842.7313814557702, 842.8235732081181]",3.0,0.3,145.1500000040165,15,0.5,1721880.138470631,0.14445541615482863,0.1241257545378911,16430975.452303762,84089526825.85892,"[0.046875, 0.03125]",2,1721880.138470631,0.046875,"[0.0, 0.015625, 0.03125, 0.046875, 0.0625, 0.078125, 0.09375, 0.109375, 0.125, 0.140625, 0.15625, 0.171875, 0.1875, 0.203125, 0.21875, 0.234375]","[154749.38571086613, 876106.9067016896, 1710291.3768753838, 1721880.138470631, 1236443.397539171, 1200279.6938272105, 1385236.6101049688, 1437054.0473805522, 1048940.2936134327, 664501.8455121915, 393060.2971371595, 165807.08106297773, 58528.06662625633, 51528.95639161806, 141871.95180482607, 339557.7347092177]",3.0,0.3,flattop,64,32,145.1500000040165,15,21,449.5238095168044,37.99999999830459,1007.9999999907045,"[2, 5, 11, 17, 22, 25, 29, 38, 44, 52, 55, 60, 65, 74, 78, 84, 89, 95, 98, 101, 105]","[37.99999999830459, 367.9999999918789, 460.9999999943603, 192.99999999520185, 950.9999999927139, 153.99999999415854, 880.9999999825247, 242.99999999537852, 490.99999999309773, 185.99999999706495, 320.99999999304896, 942.9999999941231, 809.999999983803, 204.99999999627755, 477.9999999920177, 275.9999999963603, 346.999999994232, 79.00000000112163, 1007.9999999907045, 113.99999999567217, 892.9999999808479]","[1, 1, 1, 15, 1, 24, 27, 35, 35, 49, 35, 35, 63, 73, 73, 73, 35, 92, 35, 99, 99]","[3, 8, 18, 18, 35, 27, 35, 39, 49, 53, 56, 73, 73, 75, 81, 85, 92, 97, 106, 102, 106]",0.05,30,52684908.999773785,1015.9999999970064,-1015.9999999970064,DWT,uc1.l0082987033,1.7877668142318726e-05,0.0,7.005098723311676e-09,2.8312206268310547e-05,0.0,9.295490599470213e-09,0.0004016384482383728,2.9936018108855933e-09,1.0,84,0.0,2.5765984901227057e-08,1.0,84,,0.0,0.0,1.0,84,0.0,0.0,0.00022621452808380127,2.9647369384765625,6.810296326875687e-09,0.0,0.0,0.0,7.005098723311676e-09,1.4710713003296405e-07,7.11192645515742e-09,0.0,2.9936018108855933e-09,0.0,4.0164991332858335e-09,0.0,0.0,0.0,4.0164991332858335e-09,1.6954118109424599e-09,7.812639424287227e-13,1.7877668142318726e-05,1.8957058145474548e-14,1.1102230246251565e-13,1.599692041054368e-06,0.0,0.0,8.142930774113211e-13,0.003059413346900741,0.48220585831622553,0.07622220414350835,0.9400780592331824,0.05997794427643322,0.9521151494245664,0.4760575747122832,0.9521151494245664,5,0.6810720806418536,0.38507620608463994,652,0,0,0.9521151494245664,0.9521151494245664,5,0,0,0.3123086958632501,0.42479643772315046,566,350.4825245286846,0.5471802008673325,307.0,9.918162100855467,0.5752696869969738,505,sym,445.72514619883043,505.0,280.45746329325993,171,0.986117580085908,1.0,0.009717693939864401,6,380.25
db20,1,constant,3.0138876444294855e-26,315.3037525308853,9316517.79966442,0.5821917808219178,231.09438081353008,108,raw,1.2950134791683214e-13,-1.1108280961735838e-10,"[2, 5, 11, 17, 22, 25, 29, 38, 44, 52, 55, 60, 65, 74, 78, 84, 89, 95, 98, 101, 105]","[37.99999999999994, 368.0000000000007, 460.9999999999997, 193.0, 950.9999999999997, 153.99999999999943, 881.0000000000002, 243.0, 491.00000000000006, 186.0000000000001, 320.99999999999966, 943.0000000000003, 810.0000000000001, 205.00000000000006, 478.0, 276.0000000000001, 346.9999999999999, 78.99999999999977, 1007.9999999999998, 113.99999999999977, 892.9999999999998]",21,5.662923599713278,136135.5667921719,0.8843015078776735,4.3659237182512925e-06,0.9999999999999998,0.4907407407407407,67631.0,0.12910941990473743,0.15147910127183992,188156.12126451553,82872438.25058056,8,12069.579557418132,0.027777777777777776,"[0.0, 0.009259259259259259, 0.018518518518518517, 0.027777777777777776, 0.037037037037037035, 0.046296296296296294, 0.05555555555555555, 0.06481481481481481, 0.07407407407407407, 0.08333333333333333, 0.09259259259259259, 0.10185185185185185, 0.1111111111111111, 0.12037037037037036, 0.12962962962962962, 0.1388888888888889, 0.14814814814814814, 0.15740740740740738, 0.16666666666666666, 0.17592592592592593, 0.18518518518518517, 0.19444444444444442, 0.2037037037037037, 0.21296296296296297, 0.2222222222222222, 0.23148148148148145, 0.24074074074074073]","[67631.0, 1786.6346316370004, 1155.9831840869383, 12069.579557418132, 1906.5778542068433, 950.5914327636025, 9083.87719738518, 2481.2296367744816, 778.6316126029465, 8965.16239638599, 2042.6423114779172, 1606.717102154151, 6927.939836298325, 1790.9411989177963, 2115.064375989649, 4469.146453396727, 811.3124818658872, 852.4454942250534, 2613.51850959583, 1125.8336361545953, 622.5282936168369, 1595.902895846698, 1672.0836322356415, 807.7671822537562, 3024.63443941176, 842.7313814743645, 842.8235732269204]",3.0,0.3,145.15000000000006,15,0.5,1721880.1384885092,0.14445541615564292,0.12412575453778008,16430975.452705404,84089526828.82372,"[0.046875, 0.03125]",2,1721880.1384885092,0.046875,"[0.0, 0.015625, 0.03125, 0.046875, 0.0625, 0.078125, 0.09375, 0.109375, 0.125, 0.140625, 0.15625, 0.171875, 0.1875, 0.203125, 0.21875, 0.234375]","[154749.3857115655, 876106.9067082778, 1710291.3768915327, 1721880.1384885092, 1236443.3975593033, 1200279.693855527, 1385236.6101427816, 1437054.0474222805, 1048940.2936461223, 664501.845534291, 393060.29715082573, 165807.0810689748, 58528.06662853267, 51528.95639390746, 141871.95181127617, 339557.73472453986]",3.0,0.3,flattop,64,32,145.15000000000006,15,21,449.5238095238095,37.99999999999994,1007.9999999999998,"[2, 5, 11, 17, 22, 25, 29, 38, 44, 52, 55, 60, 65, 74, 78, 84, 89, 95, 98, 101, 105]","[37.99999999999994, 368.0000000000007, 460.9999999999997, 193.0, 950.9999999999997, 153.99999999999943, 881.0000000000002, 243.0, 491.00000000000006, 186.0000000000001, 320.99999999999966, 943.0000000000003, 810.0000000000001, 205.00000000000006, 478.0, 276.0000000000001, 346.9999999999999, 78.99999999999977, 1007.9999999999998, 113.99999999999977, 892.9999999999998]","[1, 1, 1, 15, 1, 24, 27, 35, 35, 49, 35, 35, 63, 73, 73, 73, 35, 92, 35, 99, 99]","[3, 8, 18, 18, 35, 27, 35, 39, 49, 53, 56, 73, 73, 75, 81, 85, 92, 97, 106, 102, 106]",0.05,30,52684909.0,1015.9999999999998,-1015.9999999999998,DWT,uc1.l0082987033,4.656612873077393e-10,0.0,0.0,0.0,0.0,2.2737367544323206e-13,3.725290298461914e-09,2.2737367544323206e-13,1.0,84,0.0,1.8189894035458565e-12,1.0,84,,0.0,0.0,1.0,84,0.0,0.0,0.0,6.103515625e-05,0.0,0.0,0.0,0.0,0.0,0.0,2.0571903968673377e-13,0.0,2.2737367544323206e-13,0.0,5.684341886080802e-14,0.0,0.0,0.0,5.684341886080802e-14,5.684341886080802e-14,2.7755575615628914e-17,4.656612873077393e-10,0.0,0.0,0.0,0.0,0.0,0.0,0.8961866175188465,0.28014903182031287,0.018228897515784256,0.7107216652636412,0.12998295473685936,0.0,0.0,0.0,583,1.0231827831795566,0.5785046186397644,257,0,0,0.0,0.0,668,0,0,0.40705383337108886,0.5536669989275781,240,220.51908458604362,0.7150916219818557,437.0,354.9249216560858,0.5752460693888607,506,db,413.2962962962963,398.0,188.41229481502944,243,0.9143723369387087,0.671803462110104,0.15839832550987273,5,380.75
sym5,1,antisymmetric,3.126066408634839e-21,265.14504111460025,9688741.988696704,0.5689655172413793,361.476905708769,108,raw,4.420894925858563e-11,-3.253516345258441e-10,"[2, 5, 11, 17, 22, 25, 29, 38, 44, 52, 55, 60, 65, 74, 78, 84, 89, 95, 98, 101, 105]","[37.999999999972204, 367.9999999998859, 460.9999999999746, 192.99999999988836, 950.9999999999786, 153.99999999983424, 880.9999999997356, 242.99999999991618, 490.9999999999853, 185.99999999995873, 320.9999999999211, 943.0000000000324, 809.9999999997502, 204.99999999990368, 477.9999999998979, 275.9999999999385, 346.9999999999385, 79.00000000010289, 1007.9999999998579, 113.99999999984914, 892.9999999997744]",21,5.667165438969047,158583.73977208004,0.8928070266123189,4.365923718252588e-06,1.0,0.4907407407407407,67631.0000000002,0.12910941990472657,0.15147910127184153,188156.12126449848,82872438.25058146,8,12069.579557418043,0.027777777777777776,"[0.0, 0.009259259259259259, 0.018518518518518517, 0.027777777777777776, 0.037037037037037035, 0.046296296296296294, 0.05555555555555555, 0.06481481481481481, 0.07407407407407407, 0.08333333333333333, 0.09259259259259259, 0.10185185185185185, 0.1111111111111111, 0.12037037037037036, 0.12962962962962962, 0.1388888888888889, 0.14814814814814814, 0.15740740740740738, 0.16666666666666666, 0.17592592592592593, 0.18518518518518517, 0.19444444444444442, 0.2037037037037037, 0.21296296296296297, 0.2222222222222222, 0.23148148148148145, 0.24074074074074073]","[67631.0000000002, 1786.634631637118, 1155.9831840869733, 12069.579557418043, 1906.5778542068317, 950.5914327637697, 9083.877197385142, 2481.229636774465, 778.6316126028414, 8965.162396385891, 2042.642311477983, 1606.7171021539891, 6927.93983629787, 1790.941198917565, 2115.0643759894515, 4469.146453396018, 811.3124818657282, 852.4454942248273, 2613.5185095952074, 1125.8336361542986, 622.5282936166333, 1595.9028958460901, 1672.0836322349323, 807.7671822533978, 3024.6344394102907, 842.7313814739597, 842.8235732264953]",3.0,0.3,145.15000000004852,15,0.5,1721880.138488545,0.14445541615562352,0.12412575453778191,16430975.452702258,84089526828.82578,"[0.046875, 0.03125]",2,1721880.138488545,0.046875,"[0.0, 0.015625, 0.03125, 0.046875, 0.0625, 0.078125, 0.09375, 0.109375, 0.125, 0.140625, 0.15625, 0.171875, 0.1875, 0.203125, 0.21875, 0.234375]","[154749.38571157368, 876106.9067083034, 1710291.3768915716, 1721880.138488545, 1236443.3975593224, 1200279.6938555145, 1385236.610142715, 1437054.0474221483, 1048940.2936459547, 664501.845534131, 393060.2971506996, 165807.0810689073, 58528.06662849785, 51528.95639385713, 141871.95181112905, 339557.7347241965]",3.0,0.3,flattop,64,32,145.15000000004852,15,21,449.52380952371885,37.999999999972204,1007.9999999998579,"[2, 5, 11, 17, 22, 25, 29, 38, 44, 52, 55, 60, 65, 74, 78, 84, 89, 95, 98, 101, 105]","[37.999999999972204, 367.9999999998859, 460.9999999999746, 192.99999999988836, 950.9999999999786, 153.99999999983424, 880.9999999997356, 242.99999999991618, 490.9999999999853, 185.99999999995873, 320.9999999999211, 943.0000000000324, 809.9999999997502, 204.99999999990368, 477.9999999998979, 275.9999999999385, 346.9999999999385, 79.00000000010289, 1007.9999999998579, 113.99999999984914, 892.9999999997744]","[1, 1, 1, 15, 1, 24, 27, 35, 35, 49, 35, 35, 63, 73, 73, 73, 35, 92, 35, 99, 99]","[3, 8, 18, 18, 35, 27, 35, 39, 49, 53, 56, 73, 73, 75, 81, 85, 92, 97, 106, 102, 106]",0.05,30,52684908.999998465,1015.9999999999723,-1015.9999999999723,DWT,uc1.l0082987033,3.632158041000366e-08,0.0,9.066525308298878e-11,8.940696716308594e-07,0.0,1.4210854715202004e-10,3.1422823667526245e-06,2.773958840407431e-11,1.0,84,0.0,8.731149137020111e-11,1.0,84,,0.0,0.0,1.0,84,0.0,0.0,1.5348196029663086e-06,0.0021209716796875,2.0372681319713593e-10,0.0,0.0,0.0,9.066525308298878e-11,1.9044819055125117e-09,1.0353352038128789e-10,0.0,2.773958840407431e-11,0.0,4.851585799769964e-11,0.0,0.0,0.0,4.851585799769964e-11,2.779643182293512e-11,1.0880185641326534e-14,3.632158041000366e-08,1.609823385706477e-15,1.8318679906315083e-15,1.705484464764595e-08,0.0,0.0,1.940114735532461e-14,0.38122358047298666,0.2855842848651985,0.054335971312222085,0.5630899633981896,0.1907479724483026,0.006459907805199285,0.0032299539025996424,0.006459907805199285,179,0.7002294507110992,0.3959077283192209,642,0,0,0.006459907805199285,0.006459907805199285,179,0,0,0.29499635449937994,0.4012485153071849,605,257.0763505264535,0.6678600122397242,401.25,278.0923829513626,0.574724579763273,507,sym,445.72514619883043,505.0,280.45746329325993,171,0.986117580085908,1.0,0.009717693939864401,6,381.75
rbio2.2,1,antisymmetric,4.831802261549261e-27,323.2539315843218,9322197.84052369,0.5535714285714286,442.66853794663484,108,raw,4.289572812181343e-14,-1.1327971893848664e-10,"[2, 5, 11, 17, 22, 25, 29, 38, 44, 52, 55, 60, 65, 74, 78, 84, 89, 95, 98, 101, 105]","[37.99999999999994, 368.00000000000006, 460.99999999999983, 193.0000000000001, 951.0000000000001, 153.9999999999999, 881.0, 243.0, 491.0000000000001, 186.0, 320.9999999999999, 943.0000000000001, 810.0, 204.99999999999997, 477.99999999999994, 276.0000000000001, 347.0000000000001, 79.0, 1008.0, 113.99999999999989, 893.0]",21,5.765886970221226,116983.16952327808,0.6627607060987462,4.365923718251291e-06,1.0,0.4907407407407407,67631.0,0.1291094199047374,0.15147910127183992,188156.12126451556,82872438.25058056,8,12069.57955741813,0.027777777777777776,"[0.0, 0.009259259259259259, 0.018518518518518517, 0.027777777777777776, 0.037037037037037035, 0.046296296296296294, 0.05555555555555555, 0.06481481481481481, 0.07407407407407407, 0.08333333333333333, 0.09259259259259259, 0.10185185185185185, 0.1111111111111111, 0.12037037037037036, 0.12962962962962962, 0.1388888888888889, 0.14814814814814814, 0.15740740740740738, 0.16666666666666666, 0.17592592592592593, 0.18518518518518517, 0.19444444444444442, 0.2037037037037037, 0.21296296296296297, 0.2222222222222222, 0.23148148148148145, 0.24074074074074073]","[67631.0, 1786.6346316370013, 1155.9831840869383, 12069.57955741813, 1906.577854206843, 950.5914327636025, 9083.877197385176, 2481.2296367744843, 778.6316126029448, 8965.162396385991, 2042.642311477917, 1606.7171021541499, 6927.939836298323, 1790.941198917794, 2115.0643759896484, 4469.146453396725, 811.3124818658852, 852.4454942250574, 2613.518509595828, 1125.833636154595, 622.528293616837, 1595.9028958466968, 1672.0836322356438, 807.7671822537571, 3024.63443941176, 842.7313814743658, 842.8235732269201]",3.0,0.3,145.15000000000003,15,0.5,1721880.1384885088,0.14445541615564295,0.1241257545377801,16430975.4527054,84089526828.82368,"[0.046875, 0.03125]",2,1721880.1384885088,0.046875,"[0.0, 0.015625, 0.03125, 0.046875, 0.0625, 0.078125, 0.09375, 0.109375, 0.125, 0.140625, 0.15625, 0.171875, 0.1875, 0.203125, 0.21875, 0.234375]","[154749.38571156553, 876106.9067082782, 1710291.3768915331, 1721880.1384885088, 1236443.3975593029, 1200279.6938555266, 1385236.610142781, 1437054.0474222803, 1048940.2936461219, 664501.8455342908, 393060.29715082515, 165807.0810689745, 58528.066628532644, 51528.95639390756, 141871.9518112763, 339557.7347245399]",3.0,0.3,flattop,64,32,145.15000000000003,15,21,449.5238095238095,37.99999999999994,1008.0,"[2, 5, 11, 17, 22, 25, 29, 38, 44, 52, 55, 60, 65, 74, 78, 84, 89, 95, 98, 101, 105]","[37.99999999999994, 368.00000000000006, 460.99999999999983, 193.0000000000001, 951.0000000000001, 153.9999999999999, 881.0, 243.0, 491.0000000000001, 186.0, 320.9999999999999, 943.0000000000001, 810.0, 204.99999999999997, 477.99999999999994, 276.0000000000001, 347.0000000000001, 79.0, 1008.0, 113.99999999999989, 893.0]","[1, 1, 1, 15, 1, 24, 27, 35, 35, 49, 35, 35, 63, 73, 73, 73, 35, 92, 35, 99, 99]","[3, 8, 18, 18, 35, 27, 35, 39, 49, 53, 56, 73, 73, 75, 81, 85, 92, 97, 106, 102, 106]",0.05,30,52684909.0,1016.0,-1016.0,DWT,uc1.l0082987033,0.0,0.0,0.0,0.0,0.0,0.0,0.0,0.0,1.0,84,0.0,0.0,1.0,84,,0.0,0.0,1.0,84,0.0,0.0,0.0,3.0517578125e-05,0.0,0.0,0.0,0.0,0.0,0.0,6.631732200427603e-14,0.0,0.0,0.0,2.842170943040401e-14,0.0,0.0,0.0,2.842170943040401e-14,5.684341886080802e-14,5.551115123125783e-17,0.0,0.0,2.7755575615628914e-17,2.9103830456733704e-11,0.0,0.0,2.7755575615628914e-17,0.9778084980420138,0.4120804746028228,0.018779881735820226,0.39126097366320883,0.07813928085290597,0.0,0.0,0.0,660,0.9898753788009758,0.5596727074850104,299,0,0,0.0,0.0,604,0,0,0.37561382177935443,0.5109028841173029,338,183.13087305713,0.7633968048357493,475.25,422.21518369944977,0.5746893584902261,508,rbio,366.5925925925926,360.0,210.3588723315502,135,0.8110455588331695,0.7500562468954116,0.20725123474815782,3,381.75
bior5.5,1,symmetric,1.0843539226262786e-19,249.74331256325848,9486328.500986692,0.5932203389830508,458.02425127940757,108,raw,2.563575689178093e-10,-1.3173495650952414e-10,"[2, 5, 11, 17, 22, 25, 29, 38, 44, 52, 55, 60, 65, 74, 78, 84, 89, 95, 98, 101, 105]","[38.000000000111896, 368.0000000005413, 461.00000000052864, 193.00000000008453, 951.0000000007732, 153.9999999999959, 881.0000000009718, 243.00000000019332, 491.00000000073214, 186.00000000020498, 321.0000000005009, 943.0000000008064, 810.0000000008622, 205.00000000002774, 478.00000000052455, 276.0000000001469, 347.00000000038426, 79.00000000032674, 1008.0000000009952, 113.99999999984846, 893.000000001288]",21,5.757886254764606,96747.84364507534,0.7766035601725714,4.365923718242493e-06,1.0,0.4907407407407407,67631.00000000003,0.1291094199047877,0.15147910127184247,188156.12126463433,82872438.25058384,8,12069.57955742086,0.027777777777777776,"[0.0, 0.009259259259259259, 0.018518518518518517, 0.027777777777777776, 0.037037037037037035, 0.046296296296296294, 0.05555555555555555, 0.06481481481481481, 0.07407407407407407, 0.08333333333333333, 0.09259259259259259, 0.10185185185185185, 0.1111111111111111, 0.12037037037037036, 0.12962962962962962, 0.1388888888888889, 0.14814814814814814, 0.15740740740740738, 0.16666666666666666, 0.17592592592592593, 0.18518518518518517, 0.19444444444444442, 0.2037037037037037, 0.21296296296296297, 0.2222222222222222, 0.23148148148148145, 0.24074074074074073]","[67631.00000000003, 1786.6346316369797, 1155.9831840868874, 12069.57955742086, 1906.5778542079581, 950.5914327643037, 9083.877197392414, 2481.2296367764857, 778.6316126043647, 8965.162396398353, 2042.6423114817137, 1606.71710215717, 6927.939836310103, 1790.9411989205146, 2115.064375992375, 4469.146453404401, 811.3124818661445, 852.445494226972, 2613.518509599494, 1125.8336361551856, 622.5282936165465, 1595.902895848799, 1672.0836322375844, 807.7671822535087, 3024.6344394137172, 842.7313814750994, 842.8235732278881]",3.0,0.3,145.14999999974498,15,0.5,1721880.1384902333,0.144455416155664,0.12412575453777026,16430975.45273841,84089526829.15796,"[0.046875, 0.03125]",2,1721880.1384902333,0.046875,"[0.0, 0.015625, 0.03125, 0.046875, 0.0625, 0.078125, 0.09375, 0.109375, 0.125, 0.140625, 0.15625, 0.171875, 0.1875, 0.203125, 0.21875, 0.234375]","[154749.3857116365, 876106.9067089173, 1710291.3768930924, 1721880.1384902333, 1236443.397561403, 1200279.6938586738, 1385236.6101470403, 1437054.0474268566, 1048940.2936495473, 664501.8455364404, 393060.29715202993, 165807.0810694399, 58528.06662866144, 51528.95639396394, 141871.9518114117, 339557.734724888]",3.0,0.3,flattop,64,32,145.14999999974498,15,21,449.5238095242786,38.000000000111896,1008.0000000009952,"[2, 5, 11, 17, 22, 25, 29, 38, 44, 52, 55, 60, 65, 74, 78, 84, 89, 95, 98, 101, 105]","[38.000000000111896, 368.0000000005413, 461.00000000052864, 193.00000000008453, 951.0000000007732, 153.9999999999959, 881.0000000009718, 243.00000000019332, 491.00000000073214, 186.00000000020498, 321.0000000005009, 943.0000000008064, 810.0000000008622, 205.00000000002774, 478.00000000052455, 276.0000000001469, 347.00000000038426, 79.00000000032674, 1008.0000000009952, 113.99999999984846, 893.000000001288]","[1, 1, 1, 15, 1, 24, 27, 35, 35, 49, 35, 35, 63, 73, 73, 73, 35, 92, 35, 99, 99]","[3, 8, 18, 18, 35, 27, 35, 39, 49, 53, 56, 73, 73, 75, 81, 85, 92, 97, 106, 102, 106]",0.05,30,52684909.00001854,1016.0000000001887,-1016.0000000001887,DWT,uc1.l0082987033,1.7245765775442123e-06,0.0,4.690718924393877e-10,3.2782554626464844e-06,0.0,9.952145774150267e-10,3.300979733467102e-05,1.887201506178826e-10,1.0,84,0.0,2.7303030947223306e-09,1.0,84,,0.0,0.0,1.0,84,0.0,0.0,1.8537044525146484e-05,0.3343048095703125,2.9103830456733704e-11,0.0,0.0,0.0,4.690718924393877e-10,9.849827620200813e-09,4.838227596337674e-10,0.0,1.887201506178826e-10,0.0,2.5502799871901516e-10,0.0,0.0,0.0,2.5502799871901516e-10,1.1189627002750058e-10,5.0237591864288333e-14,1.7245765775442123e-06,2.55351295663786e-15,9.811595980124821e-15,1.1880183592438698e-07,0.0,0.0,2.1094237467877974e-14,0.2230990855127788,0.40182881007128196,0.03470114113866271,0.8338225546823215,0.023364224705292126,0.07802063407444573,0.039010317037222866,0.07802063407444573,60,0.694999138667685,0.3929505248519775,646,0,0,0.07802063407444573,0.07802063407444573,60,0,0,0.3033631632220674,0.41262889179873447,583,321.1722019934685,0.5850488346337617,337.25,109.29981039353017,0.5746626602109377,509,bior,385.74074074074076,410.0,199.97417605530825,135,0.8534087184529663,0.7130285416801533,0.18870533457887761,4,382.75
db24,1,smooth,3.48895063795504e-26,314.6680748613498,16277658.380859157,0.5454545454545454,320.32056085269477,108,raw,1.416151146966311e-13,-1.1155243395677479e-10,"[2, 5, 11, 17, 22, 25, 29, 38, 44, 52, 55, 60, 65, 74, 78, 84, 89, 95, 98, 101, 105]","[37.99999999999986, 367.9999999999998, 461.0000000000003, 193.0000000000001, 951.0, 153.9999999999999, 880.9999999999995, 243.00000000000017, 490.99999999999983, 185.99999999999966, 321.00000000000045, 943.0000000000001, 810.0, 205.0, 478.0000000000002, 275.99999999999966, 346.99999999999943, 79.00000000000057, 1008.0000000000002, 113.99999999999989, 892.9999999999999]",21,5.791810850857939,151287.90379783302,0.9204163307921689,4.365923718251291e-06,1.0,0.4907407407407407,67631.0,0.12910941990473737,0.15147910127183994,188156.12126451556,82872438.25058056,8,12069.579557418134,0.027777777777777776,"[0.0, 0.009259259259259259, 0.018518518518518517, 0.027777777777777776, 0.037037037037037035, 0.046296296296296294, 0.05555555555555555, 0.06481481481481481, 0.07407407407407407, 0.08333333333333333, 0.09259259259259259, 0.10185185185185185, 0.1111111111111111, 0.12037037037037036, 0.12962962962962962, 0.1388888888888889, 0.14814814814814814, 0.15740740740740738, 0.16666666666666666, 0.17592592592592593, 0.18518518518518517, 0.19444444444444442, 0.2037037037037037, 0.21296296296296297, 0.2222222222222222, 0.23148148148148145, 0.24074074074074073]","[67631.0, 1786.6346316370027, 1155.9831840869417, 12069.579557418134, 1906.5778542068447, 950.5914327635994, 9083.877197385176, 2481.229636774484, 778.631612602947, 8965.162396385991, 2042.642311477919, 1606.7171021541487, 6927.939836298324, 1790.9411989177943, 2115.064375989647, 4469.146453396726, 811.3124818658872, 852.4454942250568, 2613.5185095958286, 1125.8336361545919, 622.5282936168378, 1595.9028958466986, 1672.0836322356415, 807.7671822537569, 3024.6344394117605, 842.7313814743671, 842.8235732269234]",3.0,0.3,145.15000000000018,15,0.5,1721880.1384885085,0.14445541615564295,0.12412575453778008,16430975.4527054,84089526828.8237,"[0.046875, 0.03125]",2,1721880.1384885085,0.046875,"[0.0, 0.015625, 0.03125, 0.046875, 0.0625, 0.078125, 0.09375, 0.109375, 0.125, 0.140625, 0.15625, 0.171875, 0.1875, 0.203125, 0.21875, 0.234375]","[154749.38571156544, 876106.9067082778, 1710291.376891532, 1721880.1384885085, 1236443.3975593024, 1200279.6938555269, 1385236.6101427819, 1437054.0474222815, 1048940.293646123, 664501.8455342914, 393060.2971508256, 165807.0810689747, 58528.0666285327, 51528.95639390753, 141871.95181127614, 339557.7347245397]",3.0,0.3,flattop,64,32,145.15000000000018,15,21,449.5238095238095,37.99999999999986,1008.0000000000002,"[2, 5, 11, 17, 22, 25, 29, 38, 44, 52, 55, 60, 65, 74, 78, 84, 89, 95, 98, 101, 105]","[37.99999999999986, 367.9999999999998, 461.0000000000003, 193.0000000000001, 951.0, 153.9999999999999, 880.9999999999995, 243.00000000000017, 490.99999999999983, 185.99999999999966, 321.00000000000045, 943.0000000000001, 810.0, 205.0, 478.0000000000002, 275.99999999999966, 346.99999999999943, 79.00000000000057, 1008.0000000000002, 113.99999999999989, 892.9999999999999]","[1, 1, 1, 15, 1, 24, 27, 35, 35, 49, 35, 35, 63, 73, 73, 73, 35, 92, 35, 99, 99]","[3, 8, 18, 18, 35, 27, 35, 39, 49, 53, 56, 73, 73, 75, 81, 85, 92, 97, 106, 102, 106]",0.05,30,52684909.0,1016.0000000000002,-1016.0000000000002,DWT,uc1.l0082987033,2.3283064365386963e-10,0.0,0.0,0.0,0.0,2.2737367544323206e-13,0.0,2.2737367544323206e-13,1.0,84,0.0,3.637978807091713e-12,1.0,84,,0.0,0.0,1.0,84,0.0,0.0,0.0,4.57763671875e-05,0.0,0.0,0.0,0.0,0.0,0.0,2.2602026070845097e-13,0.0,2.2737367544323206e-13,0.0,1.7053025658242404e-13,0.0,0.0,0.0,1.7053025658242404e-13,1.4210854715202004e-13,8.326672684688674e-17,2.3283064365386963e-10,2.7755575615628914e-17,0.0,2.9103830456733704e-11,0.0,0.0,2.7755575615628914e-17,0.8896603234007735,0.4452978698575659,0.693484359354607,0.30066023362112726,0.1709988551107045,0.0,0.0,0.0,687,1.2918509441392834,0.7304088282802604,76,0,0,0.0,0.0,536,0,0,0.5000203282689557,0.6801182837727285,82,313.5680415263435,0.5948733313613133,345.25,139.49777533923083,0.5744069499183827,510,db,413.2962962962963,398.0,188.41229481502944,243,0.9143723369387087,0.671803462110104,0.15839832550987273,5,383.75
bior5.5,1,antireflect,1.0119210569272458e-19,250.04355678004475,9562533.99649081,0.5677966101694916,458.02425127940757,108,raw,2.4161780395367575e-10,-2.8506148554365836e-09,"[2, 5, 11, 17, 22, 25, 29, 38, 44, 52, 55, 60, 65, 74, 78, 84, 89, 95, 98, 101, 105]","[38.000000000194206, 368.0000000005343, 461.00000000052864, 193.00000000008453, 951.0000000006046, 153.9999999999959, 881.0000000009718, 243.00000000019332, 491.00000000073214, 186.00000000020498, 321.0000000005009, 943.0000000008064, 810.0000000008622, 205.00000000002774, 478.00000000052455, 276.0000000001469, 347.00000000038426, 79.00000000032674, 1008.0000000002165, 113.99999999986323, 893.0000000017482]",21,5.785878351899606,183172.47885422249,0.8739330379146818,4.365923718242535e-06,1.0,0.4907407407407407,67631.00000000274,0.12910941990478614,0.15147910127184477,188156.1212646307,82872438.25058883,8,12069.579557418561,0.027777777777777776,"[0.0, 0.009259259259259259, 0.018518518518518517, 0.027777777777777776, 0.037037037037037035, 0.046296296296296294, 0.05555555555555555, 0.06481481481481481, 0.07407407407407407, 0.08333333333333333, 0.09259259259259259, 0.10185185185185185, 0.1111111111111111, 0.12037037037037036, 0.12962962962962962, 0.1388888888888889, 0.14814814814814814, 0.15740740740740738, 0.16666666666666666, 0.17592592592592593, 0.18518518518518517, 0.19444444444444442, 0.2037037037037037, 0.21296296296296297, 0.2222222222222222, 0.23148148148148145, 0.24074074074074073]","[67631.00000000274, 1786.6346316387942, 1155.983184087655, 12069.579557418561, 1906.5778542069427, 950.5914327664458, 9083.877197390484, 2481.229636776665, 778.631612602119, 8965.162396397829, 2042.6423114822646, 1606.7171021552992, 6927.939836309402, 1790.9411989199994, 2115.0643759938134, 4469.14645340317, 811.3124818670974, 852.4454942258466, 2613.5185095993434, 1125.8336361559811, 622.5282936173602, 1595.9028958480985, 1672.0836322369316, 807.7671822540963, 3024.6344394135363, 842.7313814748567, 842.8235732274793]",3.0,0.3,145.14999999972838,15,0.5,1721880.138490236,0.14445541615566324,0.12412575453777028,16430975.452738505,84089526829.15875,"[0.046875, 0.03125]",2,1721880.138490236,0.046875,"[0.0, 0.015625, 0.03125, 0.046875, 0.0625, 0.078125, 0.09375, 0.109375, 0.125, 0.140625, 0.15625, 0.171875, 0.1875, 0.203125, 0.21875, 0.234375]","[154749.38571166212, 876106.9067089601, 1710291.3768931152, 1721880.138490236, 1236443.3975614023, 1200279.6938586743, 1385236.6101470399, 1437054.047426857, 1048940.2936495473, 664501.8455364405, 393060.29715202993, 165807.08106943985, 58528.06662866146, 51528.956393963934, 141871.95181141165, 339557.73472488805]",3.0,0.3,flattop,64,32,145.14999999972838,15,21,449.5238095242596,38.000000000194206,1008.0000000002165,"[2, 5, 11, 17, 22, 25, 29, 38, 44, 52, 55, 60, 65, 74, 78, 84, 89, 95, 98, 101, 105]","[38.000000000194206, 368.0000000005343, 461.00000000052864, 193.00000000008453, 951.0000000006046, 153.9999999999959, 881.0000000009718, 243.00000000019332, 491.00000000073214, 186.00000000020498, 321.0000000005009, 943.0000000008064, 810.0000000008622, 205.00000000002774, 478.00000000052455, 276.0000000001469, 347.00000000038426, 79.00000000032674, 1008.0000000002165, 113.99999999986323, 893.0000000017482]","[1, 1, 1, 15, 1, 24, 27, 35, 35, 49, 35, 35, 63, 73, 73, 73, 35, 92, 35, 99, 99]","[3, 8, 18, 18, 35, 27, 35, 39, 49, 53, 56, 73, 73, 75, 81, 85, 92, 97, 106, 102, 106]",0.05,30,52684909.000019684,1016.0000000001887,-1016.0000000001887,DWT,uc1.l0082987033,1.727137714624405e-06,0.0,4.5008619053987786e-10,8.27014446258545e-06,0.0,2.1645973902195692e-10,3.31047922372818e-05,1.887201506178826e-10,1.0,84,0.0,4.31100488640368e-10,1.0,84,,0.0,0.0,1.0,84,0.0,0.0,1.9684433937072754e-05,0.3350982666015625,2.735760062932968e-09,0.0,0.0,0.0,4.5008619053987786e-10,9.45146894082427e-09,4.635080044647024e-10,0.0,1.887201506178826e-10,0.0,2.716262770263711e-10,0.0,0.0,0.0,2.716262770263711e-10,1.9420554053795058e-10,4.8683279629813114e-14,1.727137714624405e-06,4.85722573273506e-15,9.797718192317006e-15,1.1516385711729527e-07,0.0,0.0,2.0317081350640365e-14,0.22618159440038776,0.4376963010373399,0.04209334597364366,0.5500426096013641,0.2573072940984763,0.0828498855404685,0.04142494277023425,0.0828498855404685,47,0.6985437416256607,0.3949546332245411,643,0,0,0.0828498855404685,0.0828498855404685,47,0,0,0.3026642290222424,0.4116782145930682,587,328.73089298086967,0.5752830840040444,331.0,87.3134077854833,0.5738172525963374,511,bior,385.74074074074076,410.0,199.97417605530825,135,0.8534087184529663,0.7130285416801533,0.18870533457887761,4,384.25
db4,1,periodization,9.92388479621561e-27,320.1282059716368,9430199.470415525,0.5462962962962963,332.18766434997144,108,raw,6.990293118010243e-14,-1.1378498143699354e-10,"[2, 5, 11, 17, 22, 25, 29, 38, 44, 52, 55, 60, 65, 74, 78, 84, 89, 95, 98, 101, 105]","[38.0, 367.9999999999999, 461.0000000000002, 193.00000000000006, 950.9999999999999, 153.9999999999999, 881.0000000000001, 242.99999999999997, 490.99999999999994, 186.0, 321.0000000000001, 943.0000000000001, 809.9999999999999, 204.99999999999991, 478.00000000000017, 276.0000000000002, 347.0000000000001, 79.0, 1008.0000000000001, 114.00000000000023, 893.0]",21,5.586828694905489,95467.34242112483,0.8119180435061025,4.36592371825129e-06,1.0,0.4907407407407407,67631.0,0.12910941990473743,0.15147910127183992,188156.12126451556,82872438.25058056,8,12069.57955741813,0.027777777777777776,"[0.0, 0.009259259259259259, 0.018518518518518517, 0.027777777777777776, 0.037037037037037035, 0.046296296296296294, 0.05555555555555555, 0.06481481481481481, 0.07407407407407407, 0.08333333333333333, 0.09259259259259259, 0.10185185185185185, 0.1111111111111111, 0.12037037037037036, 0.12962962962962962, 0.1388888888888889, 0.14814814814814814, 0.15740740740740738, 0.16666666666666666, 0.17592592592592593, 0.18518518518518517, 0.19444444444444442, 0.2037037037037037, 0.21296296296296297, 0.2222222222222222, 0.23148148148148145, 0.24074074074074073]","[67631.0, 1786.6346316370018, 1155.9831840869401, 12069.57955741813, 1906.5778542068438, 950.5914327635998, 9083.877197385176, 2481.229636774485, 778.6316126029459, 8965.162396385991, 2042.6423114779182, 1606.7171021541499, 6927.939836298324, 1790.9411989177936, 2115.0643759896493, 4469.146453396725, 811.3124818658853, 852.4454942250577, 2613.518509595828, 1125.8336361545937, 622.5282936168389, 1595.9028958466986, 1672.0836322356408, 807.7671822537566, 3024.6344394117605, 842.7313814743646, 842.8235732269214]",3.0,0.3,145.15,15,0.5,1721880.1384885088,0.14445541615564292,0.12412575453778008,16430975.452705404,84089526828.82372,"[0.046875, 0.03125]",2,1721880.1384885088,0.046875,"[0.0, 0.015625, 0.03125, 0.046875, 0.0625, 0.078125, 0.09375, 0.109375, 0.125, 0.140625, 0.15625, 0.171875, 0.1875, 0.203125, 0.21875, 0.234375]","[154749.38571156538, 876106.9067082778, 1710291.3768915327, 1721880.1384885088, 1236443.3975593029, 1200279.693855527, 1385236.610142782, 1437054.047422281, 1048940.2936461223, 664501.8455342909, 393060.29715082527, 165807.08106897457, 58528.0666285326, 51528.95639390743, 141871.95181127614, 339557.73472453974]",3.0,0.3,flattop,64,32,145.15,15,21,449.5238095238095,38.0,1008.0000000000001,"[2, 5, 11, 17, 22, 25, 29, 38, 44, 52, 55, 60, 65, 74, 78, 84, 89, 95, 98, 101, 105]","[38.0, 367.9999999999999, 461.0000000000002, 193.00000000000006, 950.9999999999999, 153.9999999999999, 881.0000000000001, 242.99999999999997, 490.99999999999994, 186.0, 321.0000000000001, 943.0000000000001, 809.9999999999999, 204.99999999999991, 478.00000000000017, 276.0000000000002, 347.0000000000001, 79.0, 1008.0000000000001, 114.00000000000023, 893.0]","[1, 1, 1, 15, 1, 24, 27, 35, 35, 49, 35, 35, 63, 73, 73, 73, 35, 92, 35, 99, 99]","[3, 8, 18, 18, 35, 27, 35, 39, 49, 53, 56, 73, 73, 75, 81, 85, 92, 97, 106, 102, 106]",0.05,30,52684909.0,1016.0000000000001,-1016.0000000000001,DWT,uc1.l0082987033,0.0,0.0,0.0,0.0,0.0,1.1368683772161603e-13,3.725290298461914e-09,1.1368683772161603e-13,1.0,84,0.0,0.0,1.0,84,,0.0,0.0,1.0,84,0.0,0.0,0.0,6.103515625e-05,0.0,0.0,0.0,0.0,0.0,0.0,1.0015269037380461e-13,0.0,1.1368683772161603e-13,0.0,0.0,0.0,0.0,0.0,0.0,0.0,2.7755575615628914e-17,0.0,0.0,0.0,2.9103830456733704e-11,0.0,0.0,0.0,0.9457176984773806,0.18264532219850693,0.029256425000722945,0.31005586592178774,0.01989803261818912,0.0,0.0,0.0,657,0.8053630521020341,0.4553499657949999,558,0,0,0.0,0.0,414,0,0,0.2975146688433175,0.4046738793029419,597,103.35859906171329,0.8664617583181999,556.5,540.1984982535643,0.5737347551280922,512,db,413.2962962962963,398.0,188.41229481502944,243,0.9143723369387087,0.671803462110104,0.15839832550987273,5,385.25
db26,1,smooth,3.1504416584035346e-26,315.1113086965841,18309414.048605595,0.5253164556962026,324.0605941732405,108,raw,1.2388444179965444e-13,-1.1446554815108881e-10,"[2, 5, 11, 17, 22, 25, 29, 38, 44, 52, 55, 60, 65, 74, 78, 84, 89, 95, 98, 101, 105]","[37.999999999999915, 368.0000000000002, 461.0000000000001, 192.99999999999977, 951.0000000000001, 154.0000000000001, 880.9999999999999, 243.00000000000003, 490.9999999999999, 186.00000000000045, 320.9999999999999, 942.9999999999997, 809.9999999999994, 204.99999999999991, 477.99999999999955, 275.9999999999999, 347.0000000000007, 79.00000000000023, 1008.0000000000001, 113.99999999999966, 893.0000000000001]",21,5.767813915405741,175010.74646449392,0.9288607469553725,4.3659237182512925e-06,1.0,0.4907407407407407,67631.0,0.1291094199047374,0.15147910127183992,188156.12126451553,82872438.25058056,8,12069.579557418136,0.027777777777777776,"[0.0, 0.009259259259259259, 0.018518518518518517, 0.027777777777777776, 0.037037037037037035, 0.046296296296296294, 0.05555555555555555, 0.06481481481481481, 0.07407407407407407, 0.08333333333333333, 0.09259259259259259, 0.10185185185185185, 0.1111111111111111, 0.12037037037037036, 0.12962962962962962, 0.1388888888888889, 0.14814814814814814, 0.15740740740740738, 0.16666666666666666, 0.17592592592592593, 0.18518518518518517, 0.19444444444444442, 0.2037037037037037, 0.21296296296296297, 0.2222222222222222, 0.23148148148148145, 0.24074074074074073]","[67631.0, 1786.6346316370023, 1155.9831840869379, 12069.579557418136, 1906.5778542068442, 950.5914327636012, 9083.877197385174, 2481.229636774484, 778.6316126029437, 8965.162396385991, 2042.6423114779157, 1606.71710215415, 6927.939836298322, 1790.941198917794, 2115.06437598965, 4469.1464533967255, 811.3124818658827, 852.445494225056, 2613.518509595828, 1125.8336361545946, 622.5282936168388, 1595.9028958467004, 1672.0836322356433, 807.7671822537549, 3024.6344394117586, 842.7313814743655, 842.8235732269193]",3.0,0.3,145.15000000000006,15,0.5,1721880.1384885083,0.14445541615564297,0.12412575453778012,16430975.452705396,84089526828.82368,"[0.046875, 0.03125]",2,1721880.1384885083,0.046875,"[0.0, 0.015625, 0.03125, 0.046875, 0.0625, 0.078125, 0.09375, 0.109375, 0.125, 0.140625, 0.15625, 0.171875, 0.1875, 0.203125, 0.21875, 0.234375]","[154749.38571156544, 876106.9067082778, 1710291.3768915324, 1721880.1384885083, 1236443.3975593024, 1200279.6938555269, 1385236.6101427814, 1437054.0474222808, 1048940.2936461223, 664501.8455342909, 393060.2971508254, 165807.08106897463, 58528.066628532615, 51528.95639390743, 141871.95181127603, 339557.73472453956]",3.0,0.3,flattop,64,32,145.15000000000006,15,21,449.5238095238095,37.999999999999915,1008.0000000000001,"[2, 5, 11, 17, 22, 25, 29, 38, 44, 52, 55, 60, 65, 74, 78, 84, 89, 95, 98, 101, 105]","[37.999999999999915, 368.0000000000002, 461.0000000000001, 192.99999999999977, 951.0000000000001, 154.0000000000001, 880.9999999999999, 243.00000000000003, 490.9999999999999, 186.00000000000045, 320.9999999999999, 942.9999999999997, 809.9999999999994, 204.99999999999991, 477.99999999999955, 275.9999999999999, 347.0000000000007, 79.00000000000023, 1008.0000000000001, 113.99999999999966, 893.0000000000001]","[1, 1, 1, 15, 1, 24, 27, 35, 35, 49, 35, 35, 63, 73, 73, 73, 35, 92, 35, 99, 99]","[3, 8, 18, 18, 35, 27, 35, 39, 49, 53, 56, 73, 73, 75, 81, 85, 92, 97, 106, 102, 106]",0.05,30,52684909.0,1016.0,-1016.0,DWT,uc1.l0082987033,4.656612873077393e-10,0.0,0.0,0.0,0.0,1.1368683772161603e-13,3.725290298461914e-09,0.0,1.0,84,0.0,5.4569682106375694e-12,1.0,84,,0.0,0.0,1.0,84,0.0,0.0,0.0,3.0517578125e-05,0.0,0.0,0.0,0.0,0.0,0.0,2.260202607084509e-13,0.0,0.0,0.0,5.684341886080802e-14,0.0,0.0,0.0,5.684341886080802e-14,8.526512829121202e-14,5.551115123125783e-17,4.656612873077393e-10,0.0,4.163336342344337e-17,0.0,0.0,0.0,5.551115123125783e-17,0.8942108597975207,0.4145495532382801,0.8905719049608612,0.07587865073191485,0.2352142795060724,0.0,0.0,0.0,745,1.313524417073278,0.7426629478768756,64,0,0,0.0,0.0,447,0,0,0.5020850496469299,0.6829266791132103,81,325.88277544745034,0.5789628224193148,334.25,126.78249308570446,0.5735576385998383,513,db,413.2962962962963,398.0,188.41229481502944,243,0.9143723369387087,0.671803462110104,0.15839832550987273,5,386.0
db4,1,antireflect,8.122491702072866e-27,320.9981303483944,9468812.782677835,0.5526315789473685,391.9596690097506,108,raw,5.337294392457232e-14,-1.1464318383502879e-10,"[2, 5, 11, 17, 22, 25, 29, 38, 44, 52, 55, 60, 65, 74, 78, 84, 89, 95, 98, 101, 105]","[38.0, 367.9999999999998, 460.99999999999994, 193.00000000000023, 951.0, 153.9999999999999, 881.0000000000002, 243.00000000000003, 491.00000000000017, 185.9999999999999, 321.0, 943.0, 810.0, 205.00000000000006, 477.99999999999994, 276.0, 347.0000000000001, 79.0, 1008.0, 114.00000000000011, 893.0]",21,5.678710198997745,134233.31375648416,0.8527832572711643,4.365923718251291e-06,1.0,0.4907407407407407,67631.0,0.1291094199047374,0.15147910127183992,188156.12126451553,82872438.25058056,8,12069.57955741813,0.027777777777777776,"[0.0, 0.009259259259259259, 0.018518518518518517, 0.027777777777777776, 0.037037037037037035, 0.046296296296296294, 0.05555555555555555, 0.06481481481481481, 0.07407407407407407, 0.08333333333333333, 0.09259259259259259, 0.10185185185185185, 0.1111111111111111, 0.12037037037037036, 0.12962962962962962, 0.1388888888888889, 0.14814814814814814, 0.15740740740740738, 0.16666666666666666, 0.17592592592592593, 0.18518518518518517, 0.19444444444444442, 0.2037037037037037, 0.21296296296296297, 0.2222222222222222, 0.23148148148148145, 0.24074074074074073]","[67631.0, 1786.6346316370011, 1155.9831840869392, 12069.57955741813, 1906.5778542068433, 950.5914327636012, 9083.877197385176, 2481.229636774484, 778.6316126029443, 8965.162396385991, 2042.6423114779175, 1606.7171021541494, 6927.939836298323, 1790.9411989177936, 2115.064375989648, 4469.146453396725, 811.3124818658857, 852.4454942250564, 2613.518509595828, 1125.8336361545935, 622.528293616837, 1595.902895846697, 1672.0836322356429, 807.7671822537565, 3024.634439411759, 842.7313814743653, 842.8235732269202]",3.0,0.3,145.15,15,0.5,1721880.1384885088,0.14445541615564297,0.1241257545377801,16430975.452705402,84089526828.82368,"[0.046875, 0.03125]",2,1721880.1384885088,0.046875,"[0.0, 0.015625, 0.03125, 0.046875, 0.0625, 0.078125, 0.09375, 0.109375, 0.125, 0.140625, 0.15625, 0.171875, 0.1875, 0.203125, 0.21875, 0.234375]","[154749.3857115654, 876106.906708278, 1710291.376891533, 1721880.1384885088, 1236443.3975593026, 1200279.6938555269, 1385236.6101427814, 1437054.0474222808, 1048940.2936461223, 664501.8455342908, 393060.29715082515, 165807.08106897445, 58528.06662853262, 51528.95639390757, 141871.95181127632, 339557.73472453986]",3.0,0.3,flattop,64,32,145.15,15,21,449.5238095238095,38.0,1008.0,"[2, 5, 11, 17, 22, 25, 29, 38, 44, 52, 55, 60, 65, 74, 78, 84, 89, 95, 98, 101, 105]","[38.0, 367.9999999999998, 460.99999999999994, 193.00000000000023, 951.0, 153.9999999999999, 881.0000000000002, 243.00000000000003, 491.00000000000017, 185.9999999999999, 321.0, 943.0, 810.0, 205.00000000000006, 477.99999999999994, 276.0, 347.0000000000001, 79.0, 1008.0, 114.00000000000011, 893.0]","[1, 1, 1, 15, 1, 24, 27, 35, 35, 49, 35, 35, 63, 73, 73, 73, 35, 92, 35, 99, 99]","[3, 8, 18, 18, 35, 27, 35, 39, 49, 53, 56, 73, 73, 75, 81, 85, 92, 97, 106, 102, 106]",0.05,30,52684909.0,1016.0,-1016.0,DWT,uc1.l0082987033,0.0,0.0,0.0,0.0,0.0,0.0,1.862645149230957e-09,0.0,1.0,84,0.0,0.0,1.0,84,,0.0,0.0,1.0,84,0.0,0.0,0.0,3.0517578125e-05,0.0,0.0,0.0,0.0,0.0,0.0,7.17309809434006e-14,0.0,0.0,0.0,0.0,0.0,0.0,0.0,0.0,0.0,5.551115123125783e-17,0.0,0.0,2.7755575615628914e-17,0.0,0.0,0.0,5.551115123125783e-17,0.9546489267008765,0.3003770877780214,0.03300205399653006,0.38077036165833655,0.12483374105658926,0.0,0.0,0.0,691,0.941720567993772,0.5324461152087772,380,0,0,0.0,0.0,576,0,0,0.35872643423807077,0.48793297593028034,401,148.19131778436505,0.8085383491158075,512.0,481.42693127978674,0.5735198205527358,514,db,413.2962962962963,398.0,188.41229481502944,243,0.9143723369387087,0.671803462110104,0.15839832550987273,5,386.75
bior3.9,1,periodization,1.2596406762019221e-26,319.09255634793226,10104043.810158094,0.5555555555555556,291.1066452759997,108,raw,7.050327400082571e-14,-1.0844369846552194e-10,"[2, 5, 11, 17, 22, 25, 29, 38, 44, 52, 55, 60, 65, 74, 78, 84, 89, 95, 98, 101, 105]","[37.99999999999997, 368.0000000000002, 461.0000000000001, 193.0, 950.9999999999999, 154.0, 881.0, 242.99999999999994, 491.0, 186.0, 320.9999999999999, 943.0, 810.0000000000002, 204.99999999999994, 477.99999999999994, 275.9999999999999, 346.9999999999998, 79.0, 1008.0, 114.0, 892.9999999999999]",21,5.473919645434528,119761.92492812053,0.9110925973110731,4.365923718251291e-06,1.0,0.4907407407407407,67631.0,0.12910941990473743,0.15147910127183992,188156.12126451556,82872438.25058056,8,12069.579557418134,0.027777777777777776,"[0.0, 0.009259259259259259, 0.018518518518518517, 0.027777777777777776, 0.037037037037037035, 0.046296296296296294, 0.05555555555555555, 0.06481481481481481, 0.07407407407407407, 0.08333333333333333, 0.09259259259259259, 0.10185185185185185, 0.1111111111111111, 0.12037037037037036, 0.12962962962962962, 0.1388888888888889, 0.14814814814814814, 0.15740740740740738, 0.16666666666666666, 0.17592592592592593, 0.18518518518518517, 0.19444444444444442, 0.2037037037037037, 0.21296296296296297, 0.2222222222222222, 0.23148148148148145, 0.24074074074074073]","[67631.0, 1786.6346316370018, 1155.9831840869367, 12069.579557418134, 1906.577854206843, 950.5914327636041, 9083.87719738518, 2481.229636774484, 778.6316126029432, 8965.162396385991, 2042.6423114779172, 1606.7171021541487, 6927.939836298325, 1790.9411989177918, 2115.064375989647, 4469.146453396725, 811.3124818658877, 852.4454942250561, 2613.518509595828, 1125.8336361545937, 622.5282936168368, 1595.9028958466977, 1672.083632235643, 807.7671822537561, 3024.63443941176, 842.7313814743653, 842.8235732269208]",3.0,0.3,145.15000000000003,15,0.5,1721880.1384885088,0.14445541615564292,0.12412575453778009,16430975.452705402,84089526828.82368,"[0.046875, 0.03125]",2,1721880.1384885088,0.046875,"[0.0, 0.015625, 0.03125, 0.046875, 0.0625, 0.078125, 0.09375, 0.109375, 0.125, 0.140625, 0.15625, 0.171875, 0.1875, 0.203125, 0.21875, 0.234375]","[154749.3857115655, 876106.906708278, 1710291.376891533, 1721880.1384885088, 1236443.3975593029, 1200279.6938555269, 1385236.6101427814, 1437054.047422281, 1048940.2936461223, 664501.8455342909, 393060.29715082527, 165807.08106897463, 58528.06662853266, 51528.95639390753, 141871.95181127623, 339557.73472453986]",3.0,0.3,flattop,64,32,145.15000000000003,15,21,449.5238095238095,37.99999999999997,1008.0,"[2, 5, 11, 17, 22, 25, 29, 38, 44, 52, 55, 60, 65, 74, 78, 84, 89, 95, 98, 101, 105]","[37.99999999999997, 368.0000000000002, 461.0000000000001, 193.0, 950.9999999999999, 154.0, 881.0, 242.99999999999994, 491.0, 186.0, 320.9999999999999, 943.0, 810.0000000000002, 204.99999999999994, 477.99999999999994, 275.9999999999999, 346.9999999999998, 79.0, 1008.0, 114.0, 892.9999999999999]","[1, 1, 1, 15, 1, 24, 27, 35, 35, 49, 35, 35, 63, 73, 73, 73, 35, 92, 35, 99, 99]","[3, 8, 18, 18, 35, 27, 35, 39, 49, 53, 56, 73, 73, 75, 81, 85, 92, 97, 106, 102, 106]",0.05,30,52684909.0,1016.0,-1016.0,DWT,uc1.l0082987033,0.0,0.0,0.0,0.0,0.0,0.0,1.862645149230957e-09,0.0,1.0,84,0.0,3.637978807091713e-12,1.0,84,,0.0,0.0,1.0,84,0.0,0.0,0.0,3.0517578125e-05,0.0,0.0,0.0,0.0,0.0,0.0,6.902415147383829e-14,0.0,0.0,0.0,2.842170943040401e-14,0.0,0.0,0.0,2.842170943040401e-14,2.842170943040401e-14,2.7755575615628914e-17,0.0,0.0,1.3877787807814457e-17,2.9103830456733704e-11,0.0,0.0,0.0,0.9350850235046909,0.03797004858986064,0.09462172908171748,0.41340782122905073,0.08566110107151118,0.0,0.0,0.0,479,0.8269744718588283,0.46756900070273855,548,0,0,0.0,0.0,694,0,0,0.31334914469536623,0.42621163673416257,565,89.73479444080391,0.8840635730738967,571.5,561.5348184593865,0.5728457400253204,515,bior,385.74074074074076,410.0,199.97417605530825,135,0.8534087184529663,0.7130285416801533,0.18870533457887761,4,387.25
bior3.5,1,symmetric,8.144433722066235e-27,320.9864141774084,10342413.615610193,0.5847457627118644,384.09161773877634,108,raw,6.148168394146418e-14,-1.0865663924164504e-10,"[2, 5, 11, 17, 22, 25, 29, 38, 44, 52, 55, 60, 65, 74, 78, 84, 89, 95, 98, 101, 105]","[37.99999999999997, 367.9999999999999, 461.0000000000002, 192.9999999999999, 951.0, 154.0000000000001, 881.0, 242.99999999999994, 491.0000000000001, 186.0, 321.0, 943.0, 809.9999999999999, 204.99999999999997, 477.9999999999998, 276.0, 346.99999999999966, 79.00000000000011, 1008.0, 114.0, 893.0]",21,5.571119690558903,124382.97197278906,0.9047313832784097,4.365923718251291e-06,0.9999999999999998,0.4907407407407407,67631.0,0.1291094199047374,0.15147910127183992,188156.12126451553,82872438.25058056,8,12069.57955741813,0.027777777777777776,"[0.0, 0.009259259259259259, 0.018518518518518517, 0.027777777777777776, 0.037037037037037035, 0.046296296296296294, 0.05555555555555555, 0.06481481481481481, 0.07407407407407407, 0.08333333333333333, 0.09259259259259259, 0.10185185185185185, 0.1111111111111111, 0.12037037037037036, 0.12962962962962962, 0.1388888888888889, 0.14814814814814814, 0.15740740740740738, 0.16666666666666666, 0.17592592592592593, 0.18518518518518517, 0.19444444444444442, 0.2037037037037037, 0.21296296296296297, 0.2222222222222222, 0.23148148148148145, 0.24074074074074073]","[67631.0, 1786.6346316370007, 1155.9831840869401, 12069.57955741813, 1906.5778542068438, 950.5914327636015, 9083.877197385176, 2481.2296367744834, 778.6316126029429, 8965.162396385991, 2042.6423114779163, 1606.717102154152, 6927.939836298323, 1790.9411989177927, 2115.064375989649, 4469.146453396725, 811.3124818658854, 852.4454942250576, 2613.518509595828, 1125.8336361545935, 622.5282936168378, 1595.9028958466974, 1672.0836322356424, 807.767182253757, 3024.6344394117596, 842.7313814743655, 842.8235732269197]",3.0,0.3,145.15000000000003,15,0.5,1721880.1384885085,0.14445541615564295,0.12412575453778009,16430975.452705398,84089526828.82368,"[0.046875, 0.03125]",2,1721880.1384885085,0.046875,"[0.0, 0.015625, 0.03125, 0.046875, 0.0625, 0.078125, 0.09375, 0.109375, 0.125, 0.140625, 0.15625, 0.171875, 0.1875, 0.203125, 0.21875, 0.234375]","[154749.38571156544, 876106.9067082775, 1710291.376891532, 1721880.1384885085, 1236443.3975593029, 1200279.693855527, 1385236.6101427814, 1437054.0474222805, 1048940.2936461219, 664501.8455342904, 393060.2971508251, 165807.08106897442, 58528.0666285326, 51528.956393907545, 141871.9518112763, 339557.73472454]",3.0,0.3,flattop,64,32,145.15000000000003,15,21,449.5238095238095,37.99999999999997,1008.0,"[2, 5, 11, 17, 22, 25, 29, 38, 44, 52, 55, 60, 65, 74, 78, 84, 89, 95, 98, 101, 105]","[37.99999999999997, 367.9999999999999, 461.0000000000002, 192.9999999999999, 951.0, 154.0000000000001, 881.0, 242.99999999999994, 491.0000000000001, 186.0, 321.0, 943.0, 809.9999999999999, 204.99999999999997, 477.9999999999998, 276.0, 346.99999999999966, 79.00000000000011, 1008.0, 114.0, 893.0]","[1, 1, 1, 15, 1, 24, 27, 35, 35, 49, 35, 35, 63, 73, 73, 73, 35, 92, 35, 99, 99]","[3, 8, 18, 18, 35, 27, 35, 39, 49, 53, 56, 73, 73, 75, 81, 85, 92, 97, 106, 102, 106]",0.05,30,52684909.0,1016.0,-1016.0,DWT,uc1.l0082987033,2.3283064365386963e-10,0.0,0.0,0.0,0.0,0.0,1.862645149230957e-09,0.0,1.0,84,0.0,0.0,1.0,84,,0.0,0.0,1.0,84,0.0,0.0,0.0,3.0517578125e-05,0.0,0.0,0.0,0.0,0.0,0.0,7.579122514774403e-14,0.0,0.0,0.0,2.842170943040401e-14,0.0,0.0,0.0,2.842170943040401e-14,2.842170943040401e-14,5.551115123125783e-17,2.3283064365386963e-10,0.0,1.3877787807814457e-17,0.0,0.0,0.0,2.7755575615628914e-17,0.9545286406165028,0.16251669200800745,0.11774445030700292,0.7392292396553357,0.09816982531227766,0.0,0.0,0.0,530,1.0478073815144522,0.5924272960959059,242,0,0,0.0,0.0,709,0,0,0.4144377695798253,0.563710490637523,222,235.49716912665141,0.6957400915676338,425.75,335.17777198261695,0.5728377460422148,516,bior,385.74074074074076,410.0,199.97417605530825,135,0.8534087184529663,0.7130285416801533,0.18870533457887761,4,388.0
bior5.5,1,smooth,1.0022836329769983e-19,250.08511672678753,9166600.138768284,0.6016949152542372,410.18702921611515,108,raw,2.5031650826197926e-10,-9.101365218891516e-10,"[2, 5, 11, 17, 22, 25, 29, 38, 44, 52, 55, 60, 65, 74, 78, 84, 89, 95, 98, 101, 105]","[38.000000000073555, 368.00000000053785, 461.00000000052864, 193.00000000008453, 951.0000000007457, 153.9999999999959, 881.0000000009718, 243.00000000019332, 491.00000000073214, 186.00000000020498, 321.0000000005009, 943.0000000008064, 810.0000000008622, 205.00000000002774, 478.00000000052455, 276.0000000001469, 347.00000000038426, 79.00000000032674, 1008.000000000598, 113.99999999986449, 893.0000000013339]",21,5.692022895238429,102480.48915566172,0.8111220327012963,4.365923718242787e-06,0.9999999999999994,0.4907407407407407,67631.0000000008,0.12910941990478514,0.15147910127184247,188156.12126463107,82872438.25058529,8,12069.57955742021,0.027777777777777776,"[0.0, 0.009259259259259259, 0.018518518518518517, 0.027777777777777776, 0.037037037037037035, 0.046296296296296294, 0.05555555555555555, 0.06481481481481481, 0.07407407407407407, 0.08333333333333333, 0.09259259259259259, 0.10185185185185185, 0.1111111111111111, 0.12037037037037036, 0.12962962962962962, 0.1388888888888889, 0.14814814814814814, 0.15740740740740738, 0.16666666666666666, 0.17592592592592593, 0.18518518518518517, 0.19444444444444442, 0.2037037037037037, 0.21296296296296297, 0.2222222222222222, 0.23148148148148145, 0.24074074074074073]","[67631.0000000008, 1786.6346316375184, 1155.9831840871539, 12069.57955742021, 1906.5778542075714, 950.5914327649268, 9083.877197391848, 2481.229636776663, 778.6316126035232, 8965.162396398266, 2042.6423114818288, 1606.7171021564056, 6927.939836309866, 1790.9411989203356, 2115.0643759931168, 4469.146453403762, 811.3124818666871, 852.445494226307, 2613.518509599421, 1125.8336361557183, 622.5282936170954, 1595.902895848319, 1672.083632237102, 807.767182253961, 3024.6344394135153, 842.7313814749596, 842.8235732275789]",3.0,0.3,145.14999999972707,15,0.5,1721880.138490233,0.14445541615566404,0.12412575453777026,16430975.452738402,84089526829.15787,"[0.046875, 0.03125]",2,1721880.138490233,0.046875,"[0.0, 0.015625, 0.03125, 0.046875, 0.0625, 0.078125, 0.09375, 0.109375, 0.125, 0.140625, 0.15625, 0.171875, 0.1875, 0.203125, 0.21875, 0.234375]","[154749.38571163418, 876106.9067089134, 1710291.37689309, 1721880.138490233, 1236443.397561403, 1200279.693858674, 1385236.6101470399, 1437054.0474268566, 1048940.2936495473, 664501.8455364406, 393060.2971520298, 165807.08106943997, 58528.06662866147, 51528.95639396394, 141871.95181141168, 339557.734724888]",3.0,0.3,flattop,64,32,145.14999999972707,15,21,449.52380952425915,38.000000000073555,1008.000000000598,"[2, 5, 11, 17, 22, 25, 29, 38, 44, 52, 55, 60, 65, 74, 78, 84, 89, 95, 98, 101, 105]","[38.000000000073555, 368.00000000053785, 461.00000000052864, 193.00000000008453, 951.0000000007457, 153.9999999999959, 881.0000000009718, 243.00000000019332, 491.00000000073214, 186.00000000020498, 321.0000000005009, 943.0000000008064, 810.0000000008622, 205.00000000002774, 478.00000000052455, 276.0000000001469, 347.00000000038426, 79.00000000032674, 1008.000000000598, 113.99999999986449, 893.0000000013339]","[1, 1, 1, 15, 1, 24, 27, 35, 35, 49, 35, 35, 63, 73, 73, 73, 35, 92, 35, 99, 99]","[3, 8, 18, 18, 35, 27, 35, 39, 49, 53, 56, 73, 73, 75, 81, 85, 92, 97, 106, 102, 106]",0.05,30,52684909.00001864,1016.0000000001887,-1016.0000000001887,DWT,uc1.l0082987033,1.7243437469005585e-06,0.0,4.496314431889914e-10,4.723668098449707e-06,0.0,5.979927664157003e-10,3.30023467540741e-05,1.887201506178826e-10,1.0,84,0.0,2.079104888252914e-09,1.0,84,,0.0,0.0,1.0,84,0.0,0.0,1.8641352653503418e-05,0.3342132568359375,8.003553375601768e-10,0.0,0.0,0.0,4.496314431889914e-10,9.442373993806541e-09,4.6303024906332474e-10,0.0,1.887201506178826e-10,0.0,2.729336756601697e-10,0.0,0.0,0.0,2.729336756601697e-10,7.355538400588557e-11,4.7684078907650473e-14,1.7243437469005585e-06,2.55351295663786e-15,9.811595980124821e-15,1.155422069132328e-07,0.0,0.0,2.1121993043493603e-14,0.2266082767410983,0.31743522421716536,0.003686349758640496,0.9284158697093072,0.038881937718996507,0.07845965693499327,0.03922982846749663,0.07845965693499327,59,0.6834448760038834,0.3864177777945896,650,0,0,0.07845965693499327,0.07845965693499327,58,0,0,0.3030055316290416,0.41214244800531175,584,323.5741800576801,0.5819455038014469,337.75,106.83383410147572,0.5727879973787596,517,bior,385.74074074074076,410.0,199.97417605530825,135,0.8534087184529663,0.7130285416801533,0.18870533457887761,4,388.75
bior1.3,1,constant,1.0497868755975588e-26,319.8840117225187,9478418.033798661,0.5625,298.781606429345,108,raw,6.973845369497286e-14,-1.1764811347347923e-10,"[2, 5, 11, 17, 22, 25, 29, 38, 44, 52, 55, 60, 65, 74, 78, 84, 89, 95, 98, 101, 105]","[38.0, 368.00000000000006, 460.99999999999994, 193.0000000000001, 951.0, 154.0, 881.0000000000001, 243.0, 490.99999999999994, 186.0, 321.0, 943.0000000000001, 810.0, 205.00000000000003, 478.0000000000001, 276.0, 347.0000000000001, 79.0, 1008.0000000000002, 114.00000000000011, 893.0]",21,5.56528894438404,104835.71368781889,0.8576508494312509,4.36592371825129e-06,1.0,0.4907407407407407,67631.0,0.12910941990473745,0.15147910127183992,188156.12126451553,82872438.25058056,8,12069.57955741813,0.027777777777777776,"[0.0, 0.009259259259259259, 0.018518518518518517, 0.027777777777777776, 0.037037037037037035, 0.046296296296296294, 0.05555555555555555, 0.06481481481481481, 0.07407407407407407, 0.08333333333333333, 0.09259259259259259, 0.10185185185185185, 0.1111111111111111, 0.12037037037037036, 0.12962962962962962, 0.1388888888888889, 0.14814814814814814, 0.15740740740740738, 0.16666666666666666, 0.17592592592592593, 0.18518518518518517, 0.19444444444444442, 0.2037037037037037, 0.21296296296296297, 0.2222222222222222, 0.23148148148148145, 0.24074074074074073]","[67631.0, 1786.6346316369998, 1155.9831840869374, 12069.57955741813, 1906.5778542068424, 950.5914327636025, 9083.87719738518, 2481.2296367744834, 778.6316126029454, 8965.162396385991, 2042.6423114779172, 1606.7171021541485, 6927.939836298324, 1790.9411989177925, 2115.064375989648, 4469.146453396725, 811.3124818658853, 852.4454942250569, 2613.518509595828, 1125.8336361545937, 622.528293616838, 1595.9028958466986, 1672.0836322356429, 807.7671822537571, 3024.6344394117605, 842.7313814743662, 842.8235732269206]",3.0,0.3,145.15000000000003,15,0.5,1721880.1384885092,0.14445541615564295,0.1241257545377801,16430975.452705404,84089526828.82372,"[0.046875, 0.03125]",2,1721880.1384885092,0.046875,"[0.0, 0.015625, 0.03125, 0.046875, 0.0625, 0.078125, 0.09375, 0.109375, 0.125, 0.140625, 0.15625, 0.171875, 0.1875, 0.203125, 0.21875, 0.234375]","[154749.3857115654, 876106.9067082782, 1710291.3768915331, 1721880.1384885092, 1236443.3975593029, 1200279.6938555273, 1385236.6101427819, 1437054.047422281, 1048940.293646122, 664501.8455342908, 393060.29715082515, 165807.08106897463, 58528.06662853263, 51528.95639390754, 141871.95181127626, 339557.73472454]",3.0,0.3,flattop,64,32,145.15000000000003,15,21,449.5238095238095,38.0,1008.0000000000002,"[2, 5, 11, 17, 22, 25, 29, 38, 44, 52, 55, 60, 65, 74, 78, 84, 89, 95, 98, 101, 105]","[38.0, 368.00000000000006, 460.99999999999994, 193.0000000000001, 951.0, 154.0, 881.0000000000001, 243.0, 490.99999999999994, 186.0, 321.0, 943.0000000000001, 810.0, 205.00000000000003, 478.0000000000001, 276.0, 347.0000000000001, 79.0, 1008.0000000000002, 114.00000000000011, 893.0]","[1, 1, 1, 15, 1, 24, 27, 35, 35, 49, 35, 35, 63, 73, 73, 73, 35, 92, 35, 99, 99]","[3, 8, 18, 18, 35, 27, 35, 39, 49, 53, 56, 73, 73, 75, 81, 85, 92, 97, 106, 102, 106]",0.05,30,52684909.0,1016.0000000000002,-1016.0000000000002,DWT,uc1.l0082987033,4.656612873077393e-10,0.0,0.0,0.0,0.0,2.2737367544323206e-13,3.725290298461914e-09,2.2737367544323206e-13,1.0,84,0.0,0.0,1.0,84,,0.0,0.0,1.0,84,0.0,0.0,0.0,6.103515625e-05,0.0,0.0,0.0,0.0,0.0,0.0,5.278317465646461e-14,0.0,2.2737367544323206e-13,0.0,2.842170943040401e-14,0.0,0.0,0.0,2.842170943040401e-14,0.0,0.0,4.656612873077393e-10,0.0,2.7755575615628914e-17,0.0,0.0,0.0,2.7755575615628914e-17,0.9432106362223053,0.1550455034527642,0.033933797610384536,0.49092178770949735,0.04525730111890656,0.0,0.0,0.0,466,0.8748876677963192,0.49465898462281227,491,0,0,0.0,0.0,719,0,0,0.3336738052227716,0.4538568592474499,503,117.18468329948244,0.8485986003882655,544.75,528.9973340847228,0.5723936154396108,518,bior,385.74074074074076,410.0,199.97417605530825,135,0.8534087184529663,0.7130285416801533,0.18870533457887761,4,389.5
rbio2.6,1,periodization,1.0030768144605416e-26,320.0816811911974,9248723.610216562,0.5555555555555556,475.09080594968765,108,raw,6.94835135930218e-14,-1.175054498148149e-10,"[2, 5, 11, 17, 22, 25, 29, 38, 44, 52, 55, 60, 65, 74, 78, 84, 89, 95, 98, 101, 105]","[37.99999999999994, 368.0, 461.0, 192.9999999999999, 951.0000000000002, 154.0000000000001, 881.0000000000001, 242.99999999999997, 491.0000000000001, 186.0, 321.0, 943.0, 810.0, 205.0, 478.00000000000006, 276.0, 347.0000000000002, 79.0, 1007.9999999999999, 113.99999999999989, 893.0000000000001]",21,5.730019396086373,98341.94126911453,0.6560276102777342,4.365923718251291e-06,1.0,0.4907407407407407,67631.0,0.1291094199047374,0.15147910127183992,188156.1212645156,82872438.25058056,8,12069.579557418134,0.027777777777777776,"[0.0, 0.009259259259259259, 0.018518518518518517, 0.027777777777777776, 0.037037037037037035, 0.046296296296296294, 0.05555555555555555, 0.06481481481481481, 0.07407407407407407, 0.08333333333333333, 0.09259259259259259, 0.10185185185185185, 0.1111111111111111, 0.12037037037037036, 0.12962962962962962, 0.1388888888888889, 0.14814814814814814, 0.15740740740740738, 0.16666666666666666, 0.17592592592592593, 0.18518518518518517, 0.19444444444444442, 0.2037037037037037, 0.21296296296296297, 0.2222222222222222, 0.23148148148148145, 0.24074074074074073]","[67631.0, 1786.6346316370013, 1155.9831840869388, 12069.579557418134, 1906.5778542068429, 950.591432763603, 9083.877197385178, 2481.229636774485, 778.6316126029438, 8965.162396385991, 2042.6423114779182, 1606.7171021541508, 6927.939836298322, 1790.9411989177952, 2115.064375989648, 4469.1464533967255, 811.312481865885, 852.4454942250579, 2613.518509595829, 1125.833636154595, 622.5282936168381, 1595.9028958466977, 1672.0836322356433, 807.7671822537559, 3024.6344394117605, 842.7313814743655, 842.8235732269212]",3.0,0.3,145.15000000000006,15,0.5,1721880.1384885092,0.14445541615564295,0.1241257545377801,16430975.452705404,84089526828.82373,"[0.046875, 0.03125]",2,1721880.1384885092,0.046875,"[0.0, 0.015625, 0.03125, 0.046875, 0.0625, 0.078125, 0.09375, 0.109375, 0.125, 0.140625, 0.15625, 0.171875, 0.1875, 0.203125, 0.21875, 0.234375]","[154749.38571156535, 876106.906708278, 1710291.3768915334, 1721880.1384885092, 1236443.397559303, 1200279.6938555273, 1385236.6101427816, 1437054.0474222805, 1048940.2936461219, 664501.8455342905, 393060.2971508252, 165807.0810689745, 58528.0666285326, 51528.95639390751, 141871.9518112762, 339557.7347245399]",3.0,0.3,flattop,64,32,145.15000000000006,15,21,449.5238095238095,37.99999999999994,1007.9999999999999,"[2, 5, 11, 17, 22, 25, 29, 38, 44, 52, 55, 60, 65, 74, 78, 84, 89, 95, 98, 101, 105]","[37.99999999999994, 368.0, 461.0, 192.9999999999999, 951.0000000000002, 154.0000000000001, 881.0000000000001, 242.99999999999997, 491.0000000000001, 186.0, 321.0, 943.0, 810.0, 205.0, 478.00000000000006, 276.0, 347.0000000000002, 79.0, 1007.9999999999999, 113.99999999999989, 893.0000000000001]","[1, 1, 1, 15, 1, 24, 27, 35, 35, 49, 35, 35, 63, 73, 73, 73, 35, 92, 35, 99, 99]","[3, 8, 18, 18, 35, 27, 35, 39, 49, 53, 56, 73, 73, 75, 81, 85, 92, 97, 106, 102, 106]",0.05,30,52684909.0,1016.0,-1016.0,DWT,uc1.l0082987033,4.656612873077393e-10,0.0,0.0,0.0,0.0,1.1368683772161603e-13,3.725290298461914e-09,0.0,1.0,84,0.0,3.637978807091713e-12,1.0,84,,0.0,0.0,1.0,84,0.0,0.0,0.0,7.62939453125e-05,0.0,0.0,0.0,0.0,0.0,0.0,6.631732200427602e-14,0.0,0.0,0.0,5.684341886080802e-14,0.0,0.0,0.0,5.684341886080802e-14,5.684341886080802e-14,5.551115123125783e-17,4.656612873077393e-10,0.0,2.7755575615628914e-17,5.820766091346741e-11,0.0,0.0,2.7755575615628914e-17,0.9452400438176718,0.36612179258440025,0.01165261936543771,0.41340782122905073,0.02767929170184498,0.0,0.0,0.0,704,0.9324660774378803,0.5272136527223537,397,0,0,0.0,0.0,559,0,0,0.3528203137396811,0.4798995814660475,425,140.86015523679268,0.8180101353529811,521.25,494.97622793242306,0.5722802614749402,519,rbio,366.5925925925926,360.0,210.3588723315502,135,0.8110455588331695,0.7500562468954116,0.20725123474815782,3,390.0
db2,1,periodization,8.155923335065427e-27,320.9802917638518,9313467.363480547,0.5555555555555556,453.3694053473572,108,raw,6.408865208076926e-14,-1.1627165896754899e-10,"[2, 5, 11, 17, 22, 25, 29, 38, 44, 52, 55, 60, 65, 74, 78, 84, 89, 95, 98, 101, 105]","[38.00000000000006, 368.0000000000001, 461.00000000000006, 193.00000000000006, 951.0000000000001, 154.0, 881.0, 243.00000000000006, 491.00000000000006, 186.0, 321.0, 942.9999999999999, 810.0, 205.00000000000006, 477.99999999999994, 276.0000000000002, 347.0, 78.99999999999989, 1008.0, 114.0, 893.0000000000001]",21,5.656852270356918,95467.34242112483,0.7419842349438109,4.365923718251291e-06,1.0,0.4907407407407407,67631.0,0.12910941990473737,0.15147910127183992,188156.12126451556,82872438.25058056,8,12069.579557418134,0.027777777777777776,"[0.0, 0.009259259259259259, 0.018518518518518517, 0.027777777777777776, 0.037037037037037035, 0.046296296296296294, 0.05555555555555555, 0.06481481481481481, 0.07407407407407407, 0.08333333333333333, 0.09259259259259259, 0.10185185185185185, 0.1111111111111111, 0.12037037037037036, 0.12962962962962962, 0.1388888888888889, 0.14814814814814814, 0.15740740740740738, 0.16666666666666666, 0.17592592592592593, 0.18518518518518517, 0.19444444444444442, 0.2037037037037037, 0.21296296296296297, 0.2222222222222222, 0.23148148148148145, 0.24074074074074073]","[67631.0, 1786.6346316370011, 1155.9831840869379, 12069.579557418134, 1906.5778542068422, 950.5914327636024, 9083.87719738518, 2481.229636774484, 778.6316126029448, 8965.162396385991, 2042.6423114779172, 1606.7171021541499, 6927.939836298323, 1790.941198917794, 2115.0643759896493, 4469.1464533967255, 811.3124818658857, 852.4454942250568, 2613.518509595829, 1125.8336361545942, 622.5282936168368, 1595.9028958466986, 1672.0836322356424, 807.7671822537562, 3024.63443941176, 842.7313814743646, 842.8235732269196]",3.0,0.3,145.15,15,0.5,1721880.1384885088,0.14445541615564295,0.12412575453778009,16430975.452705404,84089526828.82368,"[0.046875, 0.03125]",2,1721880.1384885088,0.046875,"[0.0, 0.015625, 0.03125, 0.046875, 0.0625, 0.078125, 0.09375, 0.109375, 0.125, 0.140625, 0.15625, 0.171875, 0.1875, 0.203125, 0.21875, 0.234375]","[154749.38571156547, 876106.9067082779, 1710291.376891533, 1721880.1384885088, 1236443.3975593026, 1200279.6938555269, 1385236.6101427819, 1437054.0474222808, 1048940.293646122, 664501.8455342907, 393060.2971508251, 165807.0810689745, 58528.06662853261, 51528.95639390753, 141871.9518112762, 339557.73472454]",3.0,0.3,flattop,64,32,145.15,15,21,449.5238095238095,38.00000000000006,1008.0,"[2, 5, 11, 17, 22, 25, 29, 38, 44, 52, 55, 60, 65, 74, 78, 84, 89, 95, 98, 101, 105]","[38.00000000000006, 368.0000000000001, 461.00000000000006, 193.00000000000006, 951.0000000000001, 154.0, 881.0, 243.00000000000006, 491.00000000000006, 186.0, 321.0, 942.9999999999999, 810.0, 205.00000000000006, 477.99999999999994, 276.0000000000002, 347.0, 78.99999999999989, 1008.0, 114.0, 893.0000000000001]","[1, 1, 1, 15, 1, 24, 27, 35, 35, 49, 35, 35, 63, 73, 73, 73, 35, 92, 35, 99, 99]","[3, 8, 18, 18, 35, 27, 35, 39, 49, 53, 56, 73, 73, 75, 81, 85, 92, 97, 106, 102, 106]",0.05,30,52684909.0,1016.0000000000001,-1016.0000000000001,DWT,uc1.l0082987033,0.0,0.0,0.0,0.0,0.0,0.0,3.725290298461914e-09,1.1368683772161603e-13,1.0,84,0.0,3.637978807091713e-12,1.0,84,,0.0,0.0,1.0,84,0.0,0.0,0.0,3.0517578125e-05,0.0,0.0,0.0,0.0,0.0,0.0,5.6843418860808e-14,0.0,1.1368683772161603e-13,0.0,0.0,0.0,0.0,0.0,0.0,5.684341886080802e-14,8.326672684688674e-17,0.0,0.0,1.3877787807814457e-17,2.9103830456733704e-11,0.0,0.0,2.7755575615628914e-17,0.9544657838047921,0.2723695735756879,0.017932994327201243,0.41340782122905073,0.01989803261818912,0.0,0.0,0.0,427,0.8911530957732158,0.5038554110712192,453,0,0,0.0,0.0,728,0,0,0.3356148411109842,0.45649701990172303,490,138.1074460942156,0.8215666071134166,524.5,502.26845822147703,0.5719590141510236,520,db,413.2962962962963,398.0,188.41229481502944,243,0.9143723369387087,0.671803462110104,0.15839832550987273,5,391.25
db25,1,antisymmetric,3.4879689443840986e-26,314.66929701705493,11956985.429168332,0.5576923076923077,416.2676693478229,108,raw,1.3306228546988915e-13,-1.1749223816082186e-10,"[2, 5, 11, 17, 22, 25, 29, 38, 44, 52, 55, 60, 65, 74, 78, 84, 89, 95, 98, 101, 105]","[37.99999999999997, 367.99999999999955, 460.99999999999983, 193.0, 951.0000000000002, 154.0, 881.0000000000002, 242.99999999999994, 491.00000000000017, 185.99999999999966, 321.0000000000002, 943.0000000000001, 809.9999999999999, 204.99999999999997, 477.99999999999955, 276.0000000000001, 346.9999999999999, 78.99999999999989, 1008.0, 114.00000000000034, 892.9999999999995]",21,6.11256641296778,400020.6656207751,0.9531398461020599,4.3659237182512925e-06,1.0,0.4907407407407407,67631.0,0.1291094199047374,0.15147910127183992,188156.1212645155,82872438.25058056,8,12069.57955741813,0.027777777777777776,"[0.0, 0.009259259259259259, 0.018518518518518517, 0.027777777777777776, 0.037037037037037035, 0.046296296296296294, 0.05555555555555555, 0.06481481481481481, 0.07407407407407407, 0.08333333333333333, 0.09259259259259259, 0.10185185185185185, 0.1111111111111111, 0.12037037037037036, 0.12962962962962962, 0.1388888888888889, 0.14814814814814814, 0.15740740740740738, 0.16666666666666666, 0.17592592592592593, 0.18518518518518517, 0.19444444444444442, 0.2037037037037037, 0.21296296296296297, 0.2222222222222222, 0.23148148148148145, 0.24074074074074073]","[67631.0, 1786.6346316369984, 1155.983184086938, 12069.57955741813, 1906.5778542068424, 950.5914327635995, 9083.877197385182, 2481.2296367744852, 778.6316126029465, 8965.162396385993, 2042.6423114779166, 1606.7171021541496, 6927.93983629832, 1790.9411989177931, 2115.0643759896466, 4469.1464533967255, 811.3124818658838, 852.4454942250562, 2613.5185095958263, 1125.8336361545937, 622.5282936168369, 1595.9028958466968, 1672.083632235641, 807.7671822537583, 3024.63443941176, 842.7313814743663, 842.823573226921]",3.0,0.3,145.15000000000003,15,0.5,1721880.1384885097,0.14445541615564295,0.1241257545377801,16430975.452705406,84089526828.82378,"[0.046875, 0.03125]",2,1721880.1384885097,0.046875,"[0.0, 0.015625, 0.03125, 0.046875, 0.0625, 0.078125, 0.09375, 0.109375, 0.125, 0.140625, 0.15625, 0.171875, 0.1875, 0.203125, 0.21875, 0.234375]","[154749.38571156524, 876106.9067082781, 1710291.3768915334, 1721880.1384885097, 1236443.3975593033, 1200279.6938555273, 1385236.610142782, 1437054.047422281, 1048940.293646122, 664501.8455342904, 393060.29715082503, 165807.0810689746, 58528.06662853267, 51528.956393907545, 141871.95181127617, 339557.7347245399]",3.0,0.3,flattop,64,32,145.15000000000003,15,21,449.5238095238095,37.99999999999997,1008.0,"[2, 5, 11, 17, 22, 25, 29, 38, 44, 52, 55, 60, 65, 74, 78, 84, 89, 95, 98, 101, 105]","[37.99999999999997, 367.99999999999955, 460.99999999999983, 193.0, 951.0000000000002, 154.0, 881.0000000000002, 242.99999999999994, 491.00000000000017, 185.99999999999966, 321.0000000000002, 943.0000000000001, 809.9999999999999, 204.99999999999997, 477.99999999999955, 276.0000000000001, 346.9999999999999, 78.99999999999989, 1008.0, 114.00000000000034, 892.9999999999995]","[1, 1, 1, 15, 1, 24, 27, 35, 35, 49, 35, 35, 63, 73, 73, 73, 35, 92, 35, 99, 99]","[3, 8, 18, 18, 35, 27, 35, 39, 49, 53, 56, 73, 73, 75, 81, 85, 92, 97, 106, 102, 106]",0.05,30,52684909.0,1015.9999999999999,-1015.9999999999999,DWT,uc1.l0082987033,9.313225746154785e-10,0.0,0.0,0.0,0.0,0.0,5.587935447692871e-09,1.1368683772161603e-13,1.0,84,0.0,0.0,1.0,84,,0.0,0.0,1.0,84,0.0,0.0,0.0,0.0001220703125,0.0,0.0,0.0,0.0,0.0,0.0,1.7865074499111085e-13,0.0,1.1368683772161603e-13,0.0,2.842170943040401e-14,0.0,0.0,0.0,2.842170943040401e-14,2.842170943040401e-14,5.551115123125783e-17,9.313225746154785e-10,0.0,2.7755575615628914e-17,2.9103830456733704e-11,0.0,0.0,2.7755575615628914e-17,0.8896728708725065,0.8562959158704424,0.2743636742573728,0.43725827245380355,0.8442942137626106,0.0,0.0,0.0,724,1.6117545120739774,0.9112813904577294,14,0,0,0.0,0.0,482,0,0,0.6603769894433472,0.898232410386375,14,354.1200361459374,0.5424805734548612,308.5,27.338641895861894,0.5719508810426761,521,db,413.2962962962963,398.0,188.41229481502944,243,0.9143723369387087,0.671803462110104,0.15839832550987273,5,392.0
db9,1,antisymmetric,1.35601099217613e-26,318.77239101133193,10217433.118224347,0.5403225806451613,319.035472684916,108,raw,8.286375700831915e-14,-1.0844614095617609e-10,"[2, 5, 11, 17, 22, 25, 29, 38, 44, 52, 55, 60, 65, 74, 78, 84, 89, 95, 98, 101, 105]","[38.00000000000006, 368.00000000000034, 460.99999999999994, 193.0000000000001, 951.0000000000001, 154.0000000000001, 881.0, 243.00000000000006, 491.0000000000002, 186.0, 320.9999999999999, 943.0000000000001, 810.0, 205.00000000000003, 478.0000000000001, 275.9999999999998, 347.0000000000002, 78.99999999999955, 1008.0, 114.0, 893.0]",21,5.759656794041474,241770.54286933542,0.9206876388736036,4.365923718251291e-06,1.0,0.4907407407407407,67631.0,0.12910941990473745,0.15147910127183992,188156.12126451553,82872438.25058056,8,12069.57955741813,0.027777777777777776,"[0.0, 0.009259259259259259, 0.018518518518518517, 0.027777777777777776, 0.037037037037037035, 0.046296296296296294, 0.05555555555555555, 0.06481481481481481, 0.07407407407407407, 0.08333333333333333, 0.09259259259259259, 0.10185185185185185, 0.1111111111111111, 0.12037037037037036, 0.12962962962962962, 0.1388888888888889, 0.14814814814814814, 0.15740740740740738, 0.16666666666666666, 0.17592592592592593, 0.18518518518518517, 0.19444444444444442, 0.2037037037037037, 0.21296296296296297, 0.2222222222222222, 0.23148148148148145, 0.24074074074074073]","[67631.0, 1786.6346316370013, 1155.9831840869392, 12069.57955741813, 1906.577854206842, 950.591432763603, 9083.877197385176, 2481.229636774485, 778.6316126029461, 8965.162396385991, 2042.6423114779175, 1606.717102154149, 6927.939836298322, 1790.941198917794, 2115.064375989649, 4469.146453396725, 811.3124818658855, 852.4454942250568, 2613.518509595828, 1125.8336361545944, 622.528293616837, 1595.9028958466974, 1672.0836322356422, 807.7671822537565, 3024.63443941176, 842.7313814743666, 842.8235732269204]",3.0,0.3,145.14999999999995,15,0.5,1721880.1384885088,0.14445541615564297,0.12412575453778012,16430975.4527054,84089526828.82365,"[0.046875, 0.03125]",2,1721880.1384885088,0.046875,"[0.0, 0.015625, 0.03125, 0.046875, 0.0625, 0.078125, 0.09375, 0.109375, 0.125, 0.140625, 0.15625, 0.171875, 0.1875, 0.203125, 0.21875, 0.234375]","[154749.38571156544, 876106.9067082781, 1710291.376891533, 1721880.1384885088, 1236443.3975593024, 1200279.6938555262, 1385236.610142781, 1437054.0474222805, 1048940.2936461219, 664501.8455342904, 393060.29715082503, 165807.08106897445, 58528.06662853256, 51528.956393907545, 141871.95181127623, 339557.73472454003]",3.0,0.3,flattop,64,32,145.14999999999995,15,21,449.5238095238095,38.00000000000006,1008.0,"[2, 5, 11, 17, 22, 25, 29, 38, 44, 52, 55, 60, 65, 74, 78, 84, 89, 95, 98, 101, 105]","[38.00000000000006, 368.00000000000034, 460.99999999999994, 193.0000000000001, 951.0000000000001, 154.0000000000001, 881.0, 243.00000000000006, 491.0000000000002, 186.0, 320.9999999999999, 943.0000000000001, 810.0, 205.00000000000003, 478.0000000000001, 275.9999999999998, 347.0000000000002, 78.99999999999955, 1008.0, 114.0, 893.0]","[1, 1, 1, 15, 1, 24, 27, 35, 35, 49, 35, 35, 63, 73, 73, 73, 35, 92, 35, 99, 99]","[3, 8, 18, 18, 35, 27, 35, 39, 49, 53, 56, 73, 73, 75, 81, 85, 92, 97, 106, 102, 106]",0.05,30,52684909.0,1016.0,-1016.0,DWT,uc1.l0082987033,0.0,0.0,0.0,0.0,0.0,0.0,0.0,0.0,1.0,84,0.0,0.0,1.0,84,,0.0,0.0,1.0,84,0.0,0.0,0.0,0.0,0.0,0.0,0.0,0.0,0.0,0.0,1.1233342298683488e-13,0.0,0.0,0.0,5.684341886080802e-14,0.0,0.0,0.0,5.684341886080802e-14,5.684341886080802e-14,0.0,0.0,0.0,4.163336342344337e-17,0.0,0.0,0.0,5.551115123125783e-17,0.9317979910144786,0.40409747901780096,0.10562089634357456,0.24337718507839234,0.4159265456928746,0.0,0.0,0.0,762,1.0776594745978816,0.6093055841288247,189,0,0,0.0,0.0,430,0,0,0.4201640194294242,0.5714992284147363,209,266.40883368737354,0.6558025404555897,397.5,291.681003161619,0.5711183244913607,522,db,413.2962962962963,398.0,188.41229481502944,243,0.9143723369387087,0.671803462110104,0.15839832550987273,5,392.75
rbio3.3,1,antisymmetric,8.415100663768734e-27,320.84442995688005,9477128.288678404,0.5350877192982456,568.3894167484563,108,raw,5.6547359387574606e-14,-1.1087530893405592e-10,"[2, 5, 11, 17, 22, 25, 29, 38, 44, 52, 55, 60, 65, 74, 78, 84, 89, 95, 98, 101, 105]","[37.999999999999915, 368.0, 461.0000000000001, 192.99999999999994, 951.0, 154.0, 881.0, 242.99999999999994, 491.00000000000017, 185.9999999999999, 321.0, 943.0, 810.0000000000002, 205.0, 478.0, 275.9999999999999, 346.9999999999998, 79.0, 1008.0000000000001, 113.99999999999989, 893.0]",21,5.883574376710079,149343.3829913411,0.633111759707952,4.365923718251291e-06,1.0,0.4907407407407407,67631.0,0.12910941990473743,0.15147910127183992,188156.12126451553,82872438.25058056,8,12069.57955741813,0.027777777777777776,"[0.0, 0.009259259259259259, 0.018518518518518517, 0.027777777777777776, 0.037037037037037035, 0.046296296296296294, 0.05555555555555555, 0.06481481481481481, 0.07407407407407407, 0.08333333333333333, 0.09259259259259259, 0.10185185185185185, 0.1111111111111111, 0.12037037037037036, 0.12962962962962962, 0.1388888888888889, 0.14814814814814814, 0.15740740740740738, 0.16666666666666666, 0.17592592592592593, 0.18518518518518517, 0.19444444444444442, 0.2037037037037037, 0.21296296296296297, 0.2222222222222222, 0.23148148148148145, 0.24074074074074073]","[67631.0, 1786.6346316370007, 1155.9831840869383, 12069.57955741813, 1906.5778542068433, 950.5914327636021, 9083.877197385176, 2481.2296367744852, 778.6316126029441, 8965.162396385991, 2042.642311477917, 1606.71710215415, 6927.939836298323, 1790.941198917793, 2115.0643759896493, 4469.146453396725, 811.3124818658866, 852.4454942250594, 2613.518509595828, 1125.8336361545937, 622.5282936168354, 1595.902895846697, 1672.0836322356427, 807.7671822537561, 3024.6344394117605, 842.7313814743662, 842.8235732269212]",3.0,0.3,145.1500000000001,15,0.5,1721880.1384885085,0.14445541615564297,0.1241257545377801,16430975.4527054,84089526828.82365,"[0.046875, 0.03125]",2,1721880.1384885085,0.046875,"[0.0, 0.015625, 0.03125, 0.046875, 0.0625, 0.078125, 0.09375, 0.109375, 0.125, 0.140625, 0.15625, 0.171875, 0.1875, 0.203125, 0.21875, 0.234375]","[154749.3857115655, 876106.906708278, 1710291.376891532, 1721880.1384885085, 1236443.3975593026, 1200279.6938555266, 1385236.6101427814, 1437054.047422281, 1048940.2936461219, 664501.8455342904, 393060.29715082515, 165807.0810689745, 58528.066628532586, 51528.956393907545, 141871.95181127626, 339557.73472454003]",3.0,0.3,flattop,64,32,145.1500000000001,15,21,449.5238095238095,37.999999999999915,1008.0000000000001,"[2, 5, 11, 17, 22, 25, 29, 38, 44, 52, 55, 60, 65, 74, 78, 84, 89, 95, 98, 101, 105]","[37.999999999999915, 368.0, 461.0000000000001, 192.99999999999994, 951.0, 154.0, 881.0, 242.99999999999994, 491.00000000000017, 185.9999999999999, 321.0, 943.0, 810.0000000000002, 205.0, 478.0, 275.9999999999999, 346.9999999999998, 79.0, 1008.0000000000001, 113.99999999999989, 893.0]","[1, 1, 1, 15, 1, 24, 27, 35, 35, 49, 35, 35, 63, 73, 73, 73, 35, 92, 35, 99, 99]","[3, 8, 18, 18, 35, 27, 35, 39, 49, 53, 56, 73, 73, 75, 81, 85, 92, 97, 106, 102, 106]",0.05,30,52684909.0,1016.0,-1016.0,DWT,uc1.l0082987033,2.3283064365386963e-10,0.0,0.0,0.0,0.0,1.1368683772161603e-13,0.0,0.0,1.0,84,0.0,0.0,1.0,84,,0.0,0.0,1.0,84,0.0,0.0,0.0,0.0,0.0,0.0,0.0,0.0,0.0,0.0,6.631732200427603e-14,0.0,0.0,0.0,8.526512829121202e-14,0.0,0.0,0.0,8.526512829121202e-14,8.526512829121202e-14,2.7755575615628914e-17,2.3283064365386963e-10,0.0,2.7755575615628914e-17,0.0,0.0,0.0,5.551115123125783e-17,0.9530709351980153,0.5628784647891254,0.03380868773411133,0.18494560423404904,0.1657352266919237,0.0,0.0,0.0,401,1.0104584697508165,0.5713103282269885,273,0,0,0.0,0.0,767,0,0,0.380087783729445,0.5169882833523585,315,225.06295415579467,0.7092209894627977,439.0,376.1111714992255,0.5710187634652489,523,rbio,366.5925925925926,360.0,210.3588723315502,135,0.8110455588331695,0.7500562468954116,0.20725123474815782,3,393.0
bior5.5,1,zero,9.872449811525763e-20,250.15077376586316,9163572.690261545,0.6016949152542372,394.6121710608676,108,raw,2.4771375074629354e-10,-1.2565939401923458e-09,"[2, 5, 11, 17, 22, 25, 29, 38, 44, 52, 55, 60, 65, 74, 78, 84, 89, 95, 98, 101, 105]","[38.00000000009061, 368.00000000054195, 461.00000000052864, 193.00000000008453, 951.0000000006668, 153.9999999999959, 881.0000000009718, 243.00000000019332, 491.00000000073214, 186.00000000020498, 321.0000000005009, 943.0000000008064, 810.0000000008622, 205.00000000002774, 478.00000000052455, 276.0000000001469, 347.00000000038426, 79.00000000032674, 1008.0000000005805, 113.99999999986301, 893.0000000013472]",21,5.671806405550228,111784.9844381906,0.8270567948230875,4.365923718242794e-06,1.0,0.4907407407407407,67631.00000000115,0.12910941990478514,0.15147910127184264,188156.12126463072,82872438.25058587,8,12069.579557419884,0.027777777777777776,"[0.0, 0.009259259259259259, 0.018518518518518517, 0.027777777777777776, 0.037037037037037035, 0.046296296296296294, 0.05555555555555555, 0.06481481481481481, 0.07407407407407407, 0.08333333333333333, 0.09259259259259259, 0.10185185185185185, 0.1111111111111111, 0.12037037037037036, 0.12962962962962962, 0.1388888888888889, 0.14814814814814814, 0.15740740740740738, 0.16666666666666666, 0.17592592592592593, 0.18518518518518517, 0.19444444444444442, 0.2037037037037037, 0.21296296296296297, 0.2222222222222222, 0.23148148148148145, 0.24074074074074073]","[67631.00000000115, 1786.6346316377176, 1155.9831840871716, 12069.579557419884, 1906.5778542075975, 950.5914327652314, 9083.87719739156, 2481.2296367764693, 778.6316126034519, 8965.16239639804, 2042.6423114820384, 1606.7171021563374, 6927.939836309716, 1790.9411989202072, 2115.0643759930085, 4469.146453403784, 811.3124818665689, 852.4454942263874, 2613.518509599477, 1125.8336361556555, 622.5282936170131, 1595.9028958483925, 1672.0836322371708, 807.7671822538965, 3024.6344394135403, 842.7313814749825, 842.8235732276241]",3.0,0.3,145.14999999976595,15,0.5,1721880.1384902345,0.14445541615566368,0.12412575453777028,16430975.452738453,84089526829.15831,"[0.046875, 0.03125]",2,1721880.1384902345,0.046875,"[0.0, 0.015625, 0.03125, 0.046875, 0.0625, 0.078125, 0.09375, 0.109375, 0.125, 0.140625, 0.15625, 0.171875, 0.1875, 0.203125, 0.21875, 0.234375]","[154749.38571164783, 876106.9067089362, 1710291.3768931024, 1721880.1384902345, 1236443.3975614028, 1200279.693858674, 1385236.6101470399, 1437054.0474268566, 1048940.2936495473, 664501.8455364404, 393060.29715202993, 165807.08106944, 58528.066628661465, 51528.95639396394, 141871.9518114117, 339557.734724888]",3.0,0.3,flattop,64,32,145.14999999976595,15,21,449.5238095242563,38.00000000009061,1008.0000000005805,"[2, 5, 11, 17, 22, 25, 29, 38, 44, 52, 55, 60, 65, 74, 78, 84, 89, 95, 98, 101, 105]","[38.00000000009061, 368.00000000054195, 461.00000000052864, 193.00000000008453, 951.0000000006668, 153.9999999999959, 881.0000000009718, 243.00000000019332, 491.00000000073214, 186.00000000020498, 321.0000000005009, 943.0000000008064, 810.0000000008622, 205.00000000002774, 478.00000000052455, 276.0000000001469, 347.00000000038426, 79.00000000032674, 1008.0000000005805, 113.99999999986301, 893.0000000013472]","[1, 1, 1, 15, 1, 24, 27, 35, 35, 49, 35, 35, 63, 73, 73, 73, 35, 92, 35, 99, 99]","[3, 8, 18, 18, 35, 27, 35, 39, 49, 53, 56, 73, 73, 75, 81, 85, 92, 97, 106, 102, 106]",0.05,30,52684909.00001874,1016.0000000001887,-1016.0000000001887,DWT,uc1.l0082987033,1.7257407307624817e-06,0.0,4.46789272245951e-10,5.304813385009766e-06,0.0,5.804849934065714e-10,3.305263817310333e-05,1.887201506178826e-10,1.0,84,0.0,1.7535057850182056e-09,1.0,84,,0.0,0.0,1.0,84,0.0,0.0,1.8738210201263428e-05,0.33465576171875,1.1496013030409813e-09,0.0,0.0,0.0,4.46789272245951e-10,9.382347343489528e-09,4.6015018250771045e-10,0.0,1.887201506178826e-10,0.0,2.34052777159377e-10,0.0,0.0,0.0,2.34052777159377e-10,9.060840966412798e-11,4.7684078907650473e-14,1.7257407307624817e-06,2.7200464103316335e-15,9.797718192317006e-15,1.15192960947752e-07,0.0,0.0,2.0761170560490427e-14,0.2272823560244598,0.29153095710349153,0.003392676456720131,0.9284158697093072,0.06406830015236463,0.07886732101978738,0.03943366050989369,0.07886732101978738,50,0.6808248983394505,0.3849364499179638,653,0,0,0.07886732101978738,0.07886732101978738,50,0,0,0.30293803188926866,0.412050636123726,585,329.6831812513341,0.5740527374013772,334.5,92.50523664806092,0.5709410973828591,524,bior,385.74074074074076,410.0,199.97417605530825,135,0.8534087184529663,0.7130285416801533,0.18870533457887761,4,394.0
db26,1,symmetric,2.999494585043022e-26,315.32454228935217,12195470.600728316,0.5569620253164557,465.19892480272637,108,raw,1.3671368563976742e-13,-1.1488288098604538e-10,"[2, 5, 11, 17, 22, 25, 29, 38, 44, 52, 55, 60, 65, 74, 78, 84, 89, 95, 98, 101, 105]","[37.999999999999886, 368.0000000000002, 460.9999999999999, 192.99999999999994, 951.0000000000001, 153.9999999999999, 881.0000000000001, 243.00000000000014, 490.9999999999999, 186.00000000000045, 320.9999999999999, 942.9999999999998, 809.9999999999995, 204.99999999999991, 477.99999999999943, 276.0, 347.00000000000034, 79.00000000000011, 1007.9999999999999, 113.99999999999955, 893.0000000000002]",21,6.121477273250699,101337.03516994593,0.8109729982901004,4.365923718251291e-06,0.9999999999999998,0.4907407407407407,67631.0,0.12910941990473743,0.15147910127183992,188156.12126451553,82872438.25058056,8,12069.57955741813,0.027777777777777776,"[0.0, 0.009259259259259259, 0.018518518518518517, 0.027777777777777776, 0.037037037037037035, 0.046296296296296294, 0.05555555555555555, 0.06481481481481481, 0.07407407407407407, 0.08333333333333333, 0.09259259259259259, 0.10185185185185185, 0.1111111111111111, 0.12037037037037036, 0.12962962962962962, 0.1388888888888889, 0.14814814814814814, 0.15740740740740738, 0.16666666666666666, 0.17592592592592593, 0.18518518518518517, 0.19444444444444442, 0.2037037037037037, 0.21296296296296297, 0.2222222222222222, 0.23148148148148145, 0.24074074074074073]","[67631.0, 1786.6346316370018, 1155.9831840869372, 12069.57955741813, 1906.5778542068429, 950.5914327636007, 9083.877197385174, 2481.2296367744834, 778.6316126029442, 8965.162396385993, 2042.6423114779157, 1606.717102154148, 6927.939836298325, 1790.9411989177956, 2115.0643759896493, 4469.1464533967255, 811.3124818658839, 852.4454942250572, 2613.5185095958273, 1125.8336361545946, 622.528293616839, 1595.9028958466997, 1672.0836322356415, 807.7671822537554, 3024.634439411759, 842.7313814743655, 842.8235732269212]",3.0,0.3,145.15000000000006,15,0.5,1721880.1384885088,0.14445541615564295,0.1241257545377801,16430975.4527054,84089526828.82372,"[0.046875, 0.03125]",2,1721880.1384885088,0.046875,"[0.0, 0.015625, 0.03125, 0.046875, 0.0625, 0.078125, 0.09375, 0.109375, 0.125, 0.140625, 0.15625, 0.171875, 0.1875, 0.203125, 0.21875, 0.234375]","[154749.38571156535, 876106.9067082774, 1710291.3768915322, 1721880.1384885088, 1236443.3975593029, 1200279.6938555273, 1385236.6101427819, 1437054.0474222808, 1048940.2936461219, 664501.8455342909, 393060.2971508254, 165807.08106897477, 58528.06662853262, 51528.956393907414, 141871.95181127609, 339557.7347245397]",3.0,0.3,flattop,64,32,145.15000000000006,15,21,449.52380952380946,37.999999999999886,1007.9999999999999,"[2, 5, 11, 17, 22, 25, 29, 38, 44, 52, 55, 60, 65, 74, 78, 84, 89, 95, 98, 101, 105]","[37.999999999999886, 368.0000000000002, 460.9999999999999, 192.99999999999994, 951.0000000000001, 153.9999999999999, 881.0000000000001, 243.00000000000014, 490.9999999999999, 186.00000000000045, 320.9999999999999, 942.9999999999998, 809.9999999999995, 204.99999999999991, 477.99999999999943, 276.0, 347.00000000000034, 79.00000000000011, 1007.9999999999999, 113.99999999999955, 893.0000000000002]","[1, 1, 1, 15, 1, 24, 27, 35, 35, 49, 35, 35, 63, 73, 73, 73, 35, 92, 35, 99, 99]","[3, 8, 18, 18, 35, 27, 35, 39, 49, 53, 56, 73, 73, 75, 81, 85, 92, 97, 106, 102, 106]",0.05,30,52684909.0,1015.9999999999998,-1015.9999999999998,DWT,uc1.l0082987033,0.0,0.0,5.684341886080802e-14,0.0,0.0,1.1368683772161603e-13,0.0,2.2737367544323206e-13,1.0,84,0.0,0.0,1.0,84,,0.0,0.0,1.0,84,0.0,0.0,0.0,6.103515625e-05,0.0,0.0,0.0,0.0,5.684341886080802e-14,1.8189894035458565e-12,2.0301221021717144e-13,0.0,2.2737367544323206e-13,0.0,5.684341886080802e-14,0.0,0.0,0.0,5.684341886080802e-14,1.1368683772161603e-13,2.7755575615628914e-17,0.0,0.0,2.7755575615628914e-17,0.0,0.0,0.0,2.7755575615628914e-17,0.8964000591495677,0.8677137885348585,0.29749758640655233,0.42910685241496344,0.03578671915682535,0.0,0.0,0.0,720,1.3064031515891612,0.7386366047436189,66,0,0,0.0,0.0,500,0,0,0.5053010011325535,0.6873009560804503,76,323.9192286152007,0.5814997046315236,340.5,126.18973744014626,0.5707886120056842,525,db,413.2962962962963,398.0,188.41229481502944,243,0.9143723369387087,0.671803462110104,0.15839832550987273,5,395.0
bior2.4,1,constant,1.0100341293885326e-26,320.051662621967,9563773.875682307,0.5517241379310345,273.7684752332042,108,raw,6.635021750130194e-14,-1.1647594000408e-10,"[2, 5, 11, 17, 22, 25, 29, 38, 44, 52, 55, 60, 65, 74, 78, 84, 89, 95, 98, 101, 105]","[38.000000000000085, 368.0, 460.9999999999999, 193.0000000000001, 951.0, 154.0000000000001, 881.0000000000001, 242.99999999999997, 491.0, 186.0, 321.0, 943.0000000000001, 810.0, 205.00000000000006, 477.99999999999994, 276.0000000000001, 347.0000000000001, 79.00000000000011, 1008.0000000000001, 114.00000000000011, 893.0]",21,5.5571494392254515,115452.65462208135,0.8677267014606098,4.36592371825129e-06,1.0,0.4907407407407407,67631.0,0.12910941990473743,0.15147910127183992,188156.12126451553,82872438.25058056,8,12069.579557418134,0.027777777777777776,"[0.0, 0.009259259259259259, 0.018518518518518517, 0.027777777777777776, 0.037037037037037035, 0.046296296296296294, 0.05555555555555555, 0.06481481481481481, 0.07407407407407407, 0.08333333333333333, 0.09259259259259259, 0.10185185185185185, 0.1111111111111111, 0.12037037037037036, 0.12962962962962962, 0.1388888888888889, 0.14814814814814814, 0.15740740740740738, 0.16666666666666666, 0.17592592592592593, 0.18518518518518517, 0.19444444444444442, 0.2037037037037037, 0.21296296296296297, 0.2222222222222222, 0.23148148148148145, 0.24074074074074073]","[67631.0, 1786.6346316370025, 1155.983184086941, 12069.579557418134, 1906.5778542068433, 950.5914327636004, 9083.877197385176, 2481.229636774484, 778.631612602946, 8965.162396385991, 2042.6423114779166, 1606.7171021541506, 6927.939836298322, 1790.941198917793, 2115.0643759896475, 4469.146453396725, 811.3124818658852, 852.4454942250568, 2613.518509595828, 1125.8336361545946, 622.5282936168377, 1595.9028958466972, 1672.083632235643, 807.767182253757, 3024.63443941176, 842.731381474365, 842.8235732269201]",3.0,0.3,145.14999999999998,15,0.5,1721880.1384885088,0.14445541615564295,0.12412575453778009,16430975.452705404,84089526828.82368,"[0.046875, 0.03125]",2,1721880.1384885088,0.046875,"[0.0, 0.015625, 0.03125, 0.046875, 0.0625, 0.078125, 0.09375, 0.109375, 0.125, 0.140625, 0.15625, 0.171875, 0.1875, 0.203125, 0.21875, 0.234375]","[154749.38571156544, 876106.9067082778, 1710291.3768915324, 1721880.1384885088, 1236443.3975593022, 1200279.693855527, 1385236.6101427816, 1437054.047422281, 1048940.2936461223, 664501.8455342909, 393060.29715082527, 165807.08106897457, 58528.066628532644, 51528.95639390756, 141871.95181127623, 339557.73472454]",3.0,0.3,flattop,64,32,145.14999999999998,15,21,449.5238095238095,38.000000000000085,1008.0000000000001,"[2, 5, 11, 17, 22, 25, 29, 38, 44, 52, 55, 60, 65, 74, 78, 84, 89, 95, 98, 101, 105]","[38.000000000000085, 368.0, 460.9999999999999, 193.0000000000001, 951.0, 154.0000000000001, 881.0000000000001, 242.99999999999997, 491.0, 186.0, 321.0, 943.0000000000001, 810.0, 205.00000000000006, 477.99999999999994, 276.0000000000001, 347.0000000000001, 79.00000000000011, 1008.0000000000001, 114.00000000000011, 893.0]","[1, 1, 1, 15, 1, 24, 27, 35, 35, 49, 35, 35, 63, 73, 73, 73, 35, 92, 35, 99, 99]","[3, 8, 18, 18, 35, 27, 35, 39, 49, 53, 56, 73, 73, 75, 81, 85, 92, 97, 106, 102, 106]",0.05,30,52684909.0,1016.0000000000001,-1016.0000000000001,DWT,uc1.l0082987033,0.0,0.0,0.0,0.0,0.0,1.1368683772161603e-13,3.725290298461914e-09,1.1368683772161603e-13,1.0,84,0.0,3.637978807091713e-12,1.0,84,,0.0,0.0,1.0,84,0.0,0.0,0.0,3.0517578125e-05,0.0,0.0,0.0,0.0,0.0,0.0,6.49639072694949e-14,0.0,1.1368683772161603e-13,0.0,2.842170943040401e-14,0.0,0.0,0.0,2.842170943040401e-14,8.526512829121202e-14,2.7755575615628914e-17,0.0,0.0,1.3877787807814457e-17,0.0,0.0,0.0,2.7755575615628914e-17,0.9449318530140773,0.144616001642454,0.04221361867699067,0.3706414948950107,0.0739963260938667,0.0,0.0,0.0,484,0.8382290503637196,0.47393230719397067,536,0,0,0.0,0.0,704,0,0,0.31527985886447996,0.4288377579794712,558,94.25320507370911,0.8782258332381019,570.5,559.8824684033274,0.5705728649394644,526,bior,385.74074074074076,410.0,199.97417605530825,135,0.8534087184529663,0.7130285416801533,0.18870533457887761,4,395.5
db25,1,antireflect,3.7629366388735794e-26,314.3397540554331,11581626.34951193,0.5512820512820513,423.68936561943434,108,raw,1.4194406966689046e-13,-1.1869760729865747e-10,"[2, 5, 11, 17, 22, 25, 29, 38, 44, 52, 55, 60, 65, 74, 78, 84, 89, 95, 98, 101, 105]","[37.99999999999997, 367.99999999999994, 460.99999999999966, 193.00000000000017, 951.0, 153.99999999999977, 881.0000000000002, 242.99999999999994, 491.00000000000017, 185.99999999999966, 321.0000000000002, 943.0, 809.9999999999998, 205.0, 477.9999999999999, 276.0, 347.0, 79.00000000000034, 1007.9999999999993, 114.00000000000034, 892.9999999999993]",21,6.102627077627884,377051.4020988029,0.9490656162638391,4.365923718251293e-06,1.0,0.4907407407407407,67631.0,0.1291094199047374,0.15147910127183992,188156.12126451553,82872438.25058056,8,12069.57955741813,0.027777777777777776,"[0.0, 0.009259259259259259, 0.018518518518518517, 0.027777777777777776, 0.037037037037037035, 0.046296296296296294, 0.05555555555555555, 0.06481481481481481, 0.07407407407407407, 0.08333333333333333, 0.09259259259259259, 0.10185185185185185, 0.1111111111111111, 0.12037037037037036, 0.12962962962962962, 0.1388888888888889, 0.14814814814814814, 0.15740740740740738, 0.16666666666666666, 0.17592592592592593, 0.18518518518518517, 0.19444444444444442, 0.2037037037037037, 0.21296296296296297, 0.2222222222222222, 0.23148148148148145, 0.24074074074074073]","[67631.0, 1786.6346316369988, 1155.9831840869376, 12069.57955741813, 1906.5778542068417, 950.5914327636009, 9083.877197385178, 2481.2296367744857, 778.6316126029453, 8965.162396385993, 2042.642311477918, 1606.7171021541496, 6927.939836298322, 1790.941198917794, 2115.0643759896484, 4469.146453396723, 811.3124818658856, 852.4454942250564, 2613.518509595827, 1125.8336361545926, 622.5282936168378, 1595.9028958466984, 1672.0836322356417, 807.7671822537575, 3024.634439411759, 842.7313814743674, 842.823573226921]",3.0,0.3,145.15000000000006,15,0.5,1721880.1384885092,0.14445541615564292,0.12412575453778008,16430975.452705408,84089526828.82378,"[0.046875, 0.03125]",2,1721880.1384885092,0.046875,"[0.0, 0.015625, 0.03125, 0.046875, 0.0625, 0.078125, 0.09375, 0.109375, 0.125, 0.140625, 0.15625, 0.171875, 0.1875, 0.203125, 0.21875, 0.234375]","[154749.38571156524, 876106.906708278, 1710291.376891533, 1721880.1384885092, 1236443.397559303, 1200279.6938555278, 1385236.6101427828, 1437054.0474222815, 1048940.2936461228, 664501.8455342909, 393060.2971508255, 165807.0810689747, 58528.06662853269, 51528.9563939075, 141871.95181127626, 339557.7347245399]",3.0,0.3,flattop,64,32,145.15000000000006,15,21,449.52380952380946,37.99999999999997,1007.9999999999993,"[2, 5, 11, 17, 22, 25, 29, 38, 44, 52, 55, 60, 65, 74, 78, 84, 89, 95, 98, 101, 105]","[37.99999999999997, 367.99999999999994, 460.99999999999966, 193.00000000000017, 951.0, 153.99999999999977, 881.0000000000002, 242.99999999999994, 491.00000000000017, 185.99999999999966, 321.0000000000002, 943.0, 809.9999999999998, 205.0, 477.9999999999999, 276.0, 347.0, 79.00000000000034, 1007.9999999999993, 114.00000000000034, 892.9999999999993]","[1, 1, 1, 15, 1, 24, 27, 35, 35, 49, 35, 35, 63, 73, 73, 73, 35, 92, 35, 99, 99]","[3, 8, 18, 18, 35, 27, 35, 39, 49, 53, 56, 73, 73, 75, 81, 85, 92, 97, 106, 102, 106]",0.05,30,52684909.0,1015.9999999999997,-1015.9999999999997,DWT,uc1.l0082987033,4.656612873077393e-10,0.0,5.684341886080802e-14,0.0,0.0,6.821210263296962e-13,7.450580596923828e-09,3.410605131648481e-13,1.0,84,0.0,0.0,1.0,84,,0.0,0.0,1.0,84,0.0,0.0,0.0,0.0001220703125,0.0,0.0,0.0,0.0,5.684341886080802e-14,1.8189894035458565e-12,2.0165879548239035e-13,0.0,3.410605131648481e-13,0.0,5.684341886080802e-14,0.0,0.0,0.0,5.684341886080802e-14,2.842170943040401e-14,5.551115123125783e-17,4.656612873077393e-10,0.0,0.0,0.0,0.0,0.0,0.0,0.8862895613822478,0.8435602134043843,0.2379525048904589,0.3657069187795451,0.7821186547101805,0.0,0.0,0.0,723,1.5316603253726606,0.8659963664184067,23,0,0,0.0,0.0,490,0,0,0.6231255706333634,0.8475637283412768,23,350.05559082332434,0.5477317948019065,314.75,44.257351932746644,0.5705390240159403,527,db,413.2962962962963,398.0,188.41229481502944,243,0.9143723369387087,0.671803462110104,0.15839832550987273,5,396.5
bior2.4,1,smooth,1.1416745625205248e-26,319.519599864698,9564641.466539968,0.5517241379310345,277.6506704483223,108,raw,7.161349702545079e-14,-1.1707990132947608e-10,"[2, 5, 11, 17, 22, 25, 29, 38, 44, 52, 55, 60, 65, 74, 78, 84, 89, 95, 98, 101, 105]","[38.000000000000085, 368.0, 460.9999999999999, 193.0000000000001, 951.0, 154.0000000000001, 881.0000000000001, 242.99999999999997, 491.0, 186.0, 321.0, 943.0000000000001, 810.0, 205.00000000000006, 477.99999999999994, 276.0000000000001, 347.0000000000001, 79.00000000000011, 1008.0000000000001, 114.00000000000011, 893.0000000000002]",21,5.567885118414852,111106.23815431721,0.8625600355177684,4.36592371825129e-06,1.0,0.4907407407407407,67631.0,0.12910941990473737,0.15147910127183992,188156.12126451556,82872438.25058056,8,12069.579557418136,0.027777777777777776,"[0.0, 0.009259259259259259, 0.018518518518518517, 0.027777777777777776, 0.037037037037037035, 0.046296296296296294, 0.05555555555555555, 0.06481481481481481, 0.07407407407407407, 0.08333333333333333, 0.09259259259259259, 0.10185185185185185, 0.1111111111111111, 0.12037037037037036, 0.12962962962962962, 0.1388888888888889, 0.14814814814814814, 0.15740740740740738, 0.16666666666666666, 0.17592592592592593, 0.18518518518518517, 0.19444444444444442, 0.2037037037037037, 0.21296296296296297, 0.2222222222222222, 0.23148148148148145, 0.24074074074074073]","[67631.0, 1786.634631637003, 1155.983184086941, 12069.579557418136, 1906.5778542068433, 950.5914327636006, 9083.877197385176, 2481.229636774484, 778.6316126029456, 8965.162396385991, 2042.642311477916, 1606.71710215415, 6927.939836298324, 1790.9411989177931, 2115.0643759896475, 4469.146453396726, 811.3124818658848, 852.445494225057, 2613.5185095958273, 1125.8336361545944, 622.5282936168372, 1595.9028958466974, 1672.0836322356438, 807.7671822537569, 3024.63443941176, 842.7313814743652, 842.82357322692]",3.0,0.3,145.14999999999998,15,0.5,1721880.1384885088,0.14445541615564295,0.12412575453778009,16430975.452705404,84089526828.82368,"[0.046875, 0.03125]",2,1721880.1384885088,0.046875,"[0.0, 0.015625, 0.03125, 0.046875, 0.0625, 0.078125, 0.09375, 0.109375, 0.125, 0.140625, 0.15625, 0.171875, 0.1875, 0.203125, 0.21875, 0.234375]","[154749.38571156544, 876106.9067082778, 1710291.3768915324, 1721880.1384885088, 1236443.3975593022, 1200279.693855527, 1385236.6101427816, 1437054.047422281, 1048940.2936461223, 664501.8455342909, 393060.29715082527, 165807.08106897457, 58528.066628532644, 51528.95639390756, 141871.95181127623, 339557.73472454]",3.0,0.3,flattop,64,32,145.14999999999998,15,21,449.5238095238095,38.000000000000085,1008.0000000000001,"[2, 5, 11, 17, 22, 25, 29, 38, 44, 52, 55, 60, 65, 74, 78, 84, 89, 95, 98, 101, 105]","[38.000000000000085, 368.0, 460.9999999999999, 193.0000000000001, 951.0, 154.0000000000001, 881.0000000000001, 242.99999999999997, 491.0, 186.0, 321.0, 943.0000000000001, 810.0, 205.00000000000006, 477.99999999999994, 276.0000000000001, 347.0000000000001, 79.00000000000011, 1008.0000000000001, 114.00000000000011, 893.0000000000002]","[1, 1, 1, 15, 1, 24, 27, 35, 35, 49, 35, 35, 63, 73, 73, 73, 35, 92, 35, 99, 99]","[3, 8, 18, 18, 35, 27, 35, 39, 49, 53, 56, 73, 73, 75, 81, 85, 92, 97, 106, 102, 106]",0.05,30,52684909.0,1016.0000000000001,-1016.0000000000001,DWT,uc1.l0082987033,0.0,0.0,0.0,0.0,0.0,1.1368683772161603e-13,3.725290298461914e-09,1.1368683772161603e-13,1.0,84,0.0,5.4569682106375694e-12,1.0,84,,0.0,0.0,1.0,84,0.0,0.0,0.0,3.0517578125e-05,0.0,0.0,0.0,0.0,0.0,0.0,7.579122514774403e-14,0.0,1.1368683772161603e-13,0.0,2.842170943040401e-14,0.0,0.0,0.0,2.842170943040401e-14,8.526512829121202e-14,8.326672684688674e-17,0.0,0.0,1.3877787807814457e-17,2.9103830456733704e-11,0.0,0.0,2.7755575615628914e-17,0.9394693392124713,0.15837209410252365,0.042297778084266435,0.3706414948950107,0.062231000074623,0.0,0.0,0.0,462,0.8371655376087312,0.4733310001246402,538,0,0,0.0,0.0,702,0,0,0.31460234127377906,0.4279162112443443,560,100.21809550508664,0.8705192564533765,565.5,552.986171805048,0.5699495507073085,528,bior,385.74074074074076,410.0,199.97417605530825,135,0.8534087184529663,0.7130285416801533,0.18870533457887761,4,397.0
bior2.4,1,zero,1.0098938874498265e-26,320.0522656761324,9564630.899830373,0.5517241379310345,273.7684752332042,108,raw,6.628442650725008e-14,-1.1647083297816672e-10,"[2, 5, 11, 17, 22, 25, 29, 38, 44, 52, 55, 60, 65, 74, 78, 84, 89, 95, 98, 101, 105]","[38.000000000000085, 368.0, 460.9999999999999, 193.0000000000001, 951.0, 154.0000000000001, 881.0000000000001, 242.99999999999997, 491.0, 186.0, 321.0, 943.0000000000001, 810.0, 205.00000000000006, 477.99999999999994, 276.0000000000001, 347.0000000000001, 79.00000000000011, 1008.0000000000001, 114.00000000000011, 893.0]",21,5.555697877944067,117983.95235186383,0.8705719140271087,4.36592371825129e-06,1.0,0.4907407407407407,67631.0,0.12910941990473743,0.15147910127183992,188156.12126451553,82872438.25058056,8,12069.579557418134,0.027777777777777776,"[0.0, 0.009259259259259259, 0.018518518518518517, 0.027777777777777776, 0.037037037037037035, 0.046296296296296294, 0.05555555555555555, 0.06481481481481481, 0.07407407407407407, 0.08333333333333333, 0.09259259259259259, 0.10185185185185185, 0.1111111111111111, 0.12037037037037036, 0.12962962962962962, 0.1388888888888889, 0.14814814814814814, 0.15740740740740738, 0.16666666666666666, 0.17592592592592593, 0.18518518518518517, 0.19444444444444442, 0.2037037037037037, 0.21296296296296297, 0.2222222222222222, 0.23148148148148145, 0.24074074074074073]","[67631.0, 1786.6346316370025, 1155.983184086941, 12069.579557418134, 1906.5778542068433, 950.5914327636004, 9083.877197385176, 2481.229636774484, 778.631612602946, 8965.162396385991, 2042.6423114779166, 1606.7171021541506, 6927.939836298322, 1790.941198917793, 2115.0643759896475, 4469.146453396725, 811.3124818658852, 852.4454942250568, 2613.518509595828, 1125.8336361545946, 622.5282936168377, 1595.9028958466972, 1672.083632235643, 807.767182253757, 3024.63443941176, 842.731381474365, 842.82357322692]",3.0,0.3,145.14999999999998,15,0.5,1721880.1384885088,0.14445541615564295,0.12412575453778009,16430975.452705404,84089526828.82368,"[0.046875, 0.03125]",2,1721880.1384885088,0.046875,"[0.0, 0.015625, 0.03125, 0.046875, 0.0625, 0.078125, 0.09375, 0.109375, 0.125, 0.140625, 0.15625, 0.171875, 0.1875, 0.203125, 0.21875, 0.234375]","[154749.38571156544, 876106.9067082778, 1710291.3768915324, 1721880.1384885088, 1236443.3975593022, 1200279.693855527, 1385236.6101427816, 1437054.047422281, 1048940.2936461223, 664501.8455342909, 393060.29715082527, 165807.08106897457, 58528.066628532644, 51528.95639390756, 141871.95181127623, 339557.73472454]",3.0,0.3,flattop,64,32,145.14999999999998,15,21,449.5238095238095,38.000000000000085,1008.0000000000001,"[2, 5, 11, 17, 22, 25, 29, 38, 44, 52, 55, 60, 65, 74, 78, 84, 89, 95, 98, 101, 105]","[38.000000000000085, 368.0, 460.9999999999999, 193.0000000000001, 951.0, 154.0000000000001, 881.0000000000001, 242.99999999999997, 491.0, 186.0, 321.0, 943.0000000000001, 810.0, 205.00000000000006, 477.99999999999994, 276.0000000000001, 347.0000000000001, 79.00000000000011, 1008.0000000000001, 114.00000000000011, 893.0]","[1, 1, 1, 15, 1, 24, 27, 35, 35, 49, 35, 35, 63, 73, 73, 73, 35, 92, 35, 99, 99]","[3, 8, 18, 18, 35, 27, 35, 39, 49, 53, 56, 73, 73, 75, 81, 85, 92, 97, 106, 102, 106]",0.05,30,52684909.0,1016.0000000000001,-1016.0000000000001,DWT,uc1.l0082987033,0.0,0.0,0.0,0.0,0.0,1.1368683772161603e-13,3.725290298461914e-09,1.1368683772161603e-13,1.0,84,0.0,3.637978807091713e-12,1.0,84,,0.0,0.0,1.0,84,0.0,0.0,0.0,3.0517578125e-05,0.0,0.0,0.0,0.0,0.0,0.0,6.49639072694949e-14,0.0,1.1368683772161603e-13,0.0,2.842170943040401e-14,0.0,0.0,0.0,2.842170943040401e-14,8.526512829121202e-14,2.7755575615628914e-17,0.0,0.0,1.3877787807814457e-17,0.0,0.0,0.0,2.7755575615628914e-17,0.9449380443733794,0.1427560530685533,0.042296753075751765,0.3706414948950107,0.08084830248948864,0.0,0.0,0.0,483,0.84008514864998,0.47498173985537084,533,0,0,0.0,0.0,707,0,0,0.3162961295804368,0.4302200703698052,554,96.54144187860466,0.8752694549372033,569.25,558.1877759704109,0.5699021693290668,529,bior,385.74074074074076,410.0,199.97417605530825,135,0.8534087184529663,0.7130285416801533,0.18870533457887761,4,397.75
bior1.3,1,reflect,1.0497196763352621e-26,319.8842897332616,9560872.163733996,0.5446428571428571,309.2651715672168,108,raw,6.962331945538211e-14,-1.1762946172666553e-10,"[2, 5, 11, 17, 22, 25, 29, 38, 44, 52, 55, 60, 65, 74, 78, 84, 89, 95, 98, 101, 105]","[38.0, 368.00000000000006, 460.99999999999994, 193.0000000000001, 951.0, 154.0, 881.0000000000001, 243.0, 490.99999999999994, 186.0, 321.0, 943.0000000000001, 810.0, 205.00000000000003, 478.0000000000001, 276.0, 347.0000000000001, 79.0, 1008.0000000000002, 114.00000000000011, 893.0]",21,5.6149929942985075,104276.88472078285,0.815680835804865,4.36592371825129e-06,1.0,0.4907407407407407,67631.0,0.12910941990473745,0.15147910127183992,188156.12126451553,82872438.25058056,8,12069.57955741813,0.027777777777777776,"[0.0, 0.009259259259259259, 0.018518518518518517, 0.027777777777777776, 0.037037037037037035, 0.046296296296296294, 0.05555555555555555, 0.06481481481481481, 0.07407407407407407, 0.08333333333333333, 0.09259259259259259, 0.10185185185185185, 0.1111111111111111, 0.12037037037037036, 0.12962962962962962, 0.1388888888888889, 0.14814814814814814, 0.15740740740740738, 0.16666666666666666, 0.17592592592592593, 0.18518518518518517, 0.19444444444444442, 0.2037037037037037, 0.21296296296296297, 0.2222222222222222, 0.23148148148148145, 0.24074074074074073]","[67631.0, 1786.6346316369998, 1155.9831840869374, 12069.57955741813, 1906.5778542068424, 950.5914327636025, 9083.87719738518, 2481.2296367744834, 778.6316126029456, 8965.162396385991, 2042.6423114779172, 1606.7171021541485, 6927.939836298324, 1790.9411989177925, 2115.064375989648, 4469.146453396725, 811.3124818658853, 852.4454942250569, 2613.518509595828, 1125.8336361545937, 622.528293616838, 1595.9028958466986, 1672.0836322356429, 807.7671822537571, 3024.6344394117605, 842.7313814743662, 842.8235732269206]",3.0,0.3,145.15000000000003,15,0.5,1721880.1384885092,0.14445541615564295,0.1241257545377801,16430975.452705404,84089526828.82372,"[0.046875, 0.03125]",2,1721880.1384885092,0.046875,"[0.0, 0.015625, 0.03125, 0.046875, 0.0625, 0.078125, 0.09375, 0.109375, 0.125, 0.140625, 0.15625, 0.171875, 0.1875, 0.203125, 0.21875, 0.234375]","[154749.3857115654, 876106.9067082782, 1710291.3768915331, 1721880.1384885092, 1236443.3975593029, 1200279.6938555273, 1385236.6101427819, 1437054.047422281, 1048940.293646122, 664501.8455342908, 393060.29715082515, 165807.08106897463, 58528.06662853263, 51528.95639390754, 141871.95181127626, 339557.73472454]",3.0,0.3,flattop,64,32,145.15000000000003,15,21,449.5238095238095,38.0,1008.0000000000002,"[2, 5, 11, 17, 22, 25, 29, 38, 44, 52, 55, 60, 65, 74, 78, 84, 89, 95, 98, 101, 105]","[38.0, 368.00000000000006, 460.99999999999994, 193.0000000000001, 951.0, 154.0, 881.0000000000001, 243.0, 490.99999999999994, 186.0, 321.0, 943.0000000000001, 810.0, 205.00000000000003, 478.0000000000001, 276.0, 347.0000000000001, 79.0, 1008.0000000000002, 114.00000000000011, 893.0]","[1, 1, 1, 15, 1, 24, 27, 35, 35, 49, 35, 35, 63, 73, 73, 73, 35, 92, 35, 99, 99]","[3, 8, 18, 18, 35, 27, 35, 39, 49, 53, 56, 73, 73, 75, 81, 85, 92, 97, 106, 102, 106]",0.05,30,52684909.0,1016.0000000000002,-1016.0000000000002,DWT,uc1.l0082987033,4.656612873077393e-10,0.0,0.0,0.0,0.0,2.2737367544323206e-13,3.725290298461914e-09,2.2737367544323206e-13,1.0,84,0.0,0.0,1.0,84,,0.0,0.0,1.0,84,0.0,0.0,0.0,6.103515625e-05,0.0,0.0,0.0,0.0,0.0,0.0,5.278317465646461e-14,0.0,2.2737367544323206e-13,0.0,2.842170943040401e-14,0.0,0.0,0.0,2.842170943040401e-14,0.0,0.0,4.656612873077393e-10,0.0,2.7755575615628914e-17,0.0,0.0,0.0,2.7755575615628914e-17,0.9432134904674092,0.21873346340395283,0.04193214226965117,0.2916001596169191,0.043744605537399534,0.0,0.0,0.0,471,0.8303988031789751,0.469505107835329,544,0,0,0.0,0.0,697,0,0,0.3078447722590664,0.4187246924581521,575,94.19616057285279,0.8782995341436011,571.75,560.5987479086239,0.5698022218521623,530,bior,385.74074074074076,410.0,199.97417605530825,135,0.8534087184529663,0.7130285416801533,0.18870533457887761,4,398.5
sym7,1,reflect,8.596530953894712e-20,250.7517907988314,10077443.391649045,0.5833333333333334,439.1163196818091,108,raw,2.2021311523261557e-10,-4.346595306664649e-10,"[2, 5, 11, 17, 22, 25, 29, 38, 44, 52, 55, 60, 65, 74, 78, 84, 89, 95, 98, 101, 105]","[37.99999999984391, 367.9999999995608, 461.0000000000465, 192.99999999941144, 951.0000000000151, 153.99999999913632, 880.9999999986992, 242.99999999961062, 491.0000000000387, 185.99999999986915, 320.9999999997556, 943.0000000003297, 809.9999999987999, 204.9999999995346, 477.99999999959346, 275.99999999977376, 346.9999999997651, 79.00000000068462, 1007.9999999998367, 113.99999999915133, 892.9999999986719]",21,5.7556419617417465,99101.00682758157,0.8419653830642958,4.3659237182566e-06,1.0,0.4907407407407407,67631.00000000032,0.12910941990469324,0.15147910127184921,188156.12126444888,82872438.25058329,8,12069.579557418185,0.027777777777777776,"[0.0, 0.009259259259259259, 0.018518518518518517, 0.027777777777777776, 0.037037037037037035, 0.046296296296296294, 0.05555555555555555, 0.06481481481481481, 0.07407407407407407, 0.08333333333333333, 0.09259259259259259, 0.10185185185185185, 0.1111111111111111, 0.12037037037037036, 0.12962962962962962, 0.1388888888888889, 0.14814814814814814, 0.15740740740740738, 0.16666666666666666, 0.17592592592592593, 0.18518518518518517, 0.19444444444444442, 0.2037037037037037, 0.21296296296296297, 0.2222222222222222, 0.23148148148148145, 0.24074074074074073]","[67631.00000000032, 1786.6346316371817, 1155.9831840869304, 12069.579557418185, 1906.57785420706, 950.5914327640963, 9083.877197385666, 2481.229636774387, 778.631612602927, 8965.162396386639, 2042.6423114787915, 1606.7171021539762, 6927.9398362981365, 1790.941198917088, 2115.0643759892237, 4469.1464533956205, 811.3124818649176, 852.4454942246854, 2613.518509594996, 1125.8336361536553, 622.5282936155055, 1595.9028958448555, 1672.0836322327827, 807.767182251438, 3024.6344394031844, 842.7313814729781, 842.8235732251807]",3.0,0.3,145.15000000017108,15,0.5,1721880.1384887504,0.14445541615554372,0.12412575453778489,16430975.452693446,84089526828.87538,"[0.046875, 0.03125]",2,1721880.1384887504,0.046875,"[0.0, 0.015625, 0.03125, 0.046875, 0.0625, 0.078125, 0.09375, 0.109375, 0.125, 0.140625, 0.15625, 0.171875, 0.1875, 0.203125, 0.21875, 0.234375]","[154749.3857115994, 876106.9067084123, 1710291.3768917765, 1721880.1384887504, 1236443.3975595424, 1200279.6938558053, 1385236.6101430561, 1437054.0474224333, 1048940.2936460678, 664501.8455340953, 393060.2971505914, 165807.08106881264, 58528.06662840396, 51528.95639362547, 141871.95181041537, 339557.7347225612]",3.0,0.3,flattop,64,32,145.15000000017108,15,21,449.52380952343475,37.99999999984391,1007.9999999998367,"[2, 5, 11, 17, 22, 25, 29, 38, 44, 52, 55, 60, 65, 74, 78, 84, 89, 95, 98, 101, 105]","[37.99999999984391, 367.9999999995608, 461.0000000000465, 192.99999999941144, 951.0000000000151, 153.99999999913632, 880.9999999986992, 242.99999999961062, 491.0000000000387, 185.99999999986915, 320.9999999997556, 943.0000000003297, 809.9999999987999, 204.9999999995346, 477.99999999959346, 275.99999999977376, 346.9999999997651, 79.00000000068462, 1007.9999999998367, 113.99999999915133, 892.9999999986719]","[1, 1, 1, 15, 1, 24, 27, 35, 35, 49, 35, 35, 63, 73, 73, 73, 35, 92, 35, 99, 99]","[3, 8, 18, 18, 35, 27, 35, 39, 49, 53, 56, 73, 73, 75, 81, 85, 92, 97, 106, 102, 106]",0.05,30,52684908.99999376,1015.9999999998913,-1015.9999999998913,DWT,uc1.l0082987033,2.416782081127167e-07,0.0,3.7476866054930724e-10,2.726912498474121e-06,0.0,1.6325429896824062e-10,1.1954456567764282e-05,1.0868461686186492e-10,1.0,84,0.0,5.4569682106375694e-11,1.0,84,,0.0,0.0,1.0,84,0.0,0.0,6.243586540222168e-06,0.051727294921875,3.2014213502407074e-10,0.0,0.0,0.0,3.7476866054930724e-10,7.870767149142921e-09,4.809887091791356e-10,0.0,1.0868461686186492e-10,0.0,1.7107026906160172e-10,0.0,0.0,0.0,1.7107026906160172e-10,1.560920281917788e-10,4.421463195569686e-14,2.416782081127167e-07,9.298117831235686e-15,4.8155923693116165e-15,6.664777174592018e-08,0.0,0.0,9.919842725025774e-14,0.23345280075628216,0.39895309985441696,0.09204139362146863,0.7234636871508384,0.029734008232481107,0.026278654081344666,0.013139327040672333,0.026278654081344666,109,0.68684800534504,0.3883418973889105,648,0,0,0.026278654081344666,0.026278654081344666,109,0,0,0.2955289979230975,0.4019730069142677,603,298.7667707984496,0.6139964201570418,367.25,185.61305315591815,0.5697566080113374,531,sym,445.72514619883043,505.0,280.45746329325993,171,0.986117580085908,1.0,0.009717693939864401,6,399.75
rbio2.8,1,antisymmetric,1.2715217979466675e-26,319.0517850141128,10120067.321279546,0.5564516129032258,454.552481898135,108,raw,8.645759005840197e-14,-1.193246612629657e-10,"[2, 5, 11, 17, 22, 25, 29, 38, 44, 52, 55, 60, 65, 74, 78, 84, 89, 95, 98, 101, 105]","[37.99999999999994, 367.9999999999999, 461.0, 192.9999999999999, 951.0000000000002, 154.0000000000001, 880.9999999999999, 243.0, 491.0000000000001, 186.0, 321.0000000000001, 943.0, 810.0, 205.0, 478.0, 276.0, 347.0000000000001, 79.0, 1008.0, 113.99999999999989, 893.0000000000002]",21,5.899757843067216,253796.96050297475,0.8698569981041574,4.365923718251291e-06,1.0,0.4907407407407407,67631.0,0.12910941990473743,0.15147910127183992,188156.12126451556,82872438.25058056,8,12069.57955741813,0.027777777777777776,"[0.0, 0.009259259259259259, 0.018518518518518517, 0.027777777777777776, 0.037037037037037035, 0.046296296296296294, 0.05555555555555555, 0.06481481481481481, 0.07407407407407407, 0.08333333333333333, 0.09259259259259259, 0.10185185185185185, 0.1111111111111111, 0.12037037037037036, 0.12962962962962962, 0.1388888888888889, 0.14814814814814814, 0.15740740740740738, 0.16666666666666666, 0.17592592592592593, 0.18518518518518517, 0.19444444444444442, 0.2037037037037037, 0.21296296296296297, 0.2222222222222222, 0.23148148148148145, 0.24074074074074073]","[67631.0, 1786.634631637001, 1155.9831840869392, 12069.57955741813, 1906.5778542068426, 950.5914327636027, 9083.877197385176, 2481.2296367744852, 778.6316126029437, 8965.162396385995, 2042.6423114779182, 1606.7171021541508, 6927.939836298322, 1790.9411989177947, 2115.0643759896484, 4469.146453396728, 811.3124818658853, 852.4454942250577, 2613.5185095958273, 1125.8336361545944, 622.5282936168376, 1595.9028958466977, 1672.0836322356438, 807.7671822537566, 3024.6344394117596, 842.7313814743657, 842.8235732269202]",3.0,0.3,145.15000000000006,15,0.5,1721880.1384885088,0.14445541615564295,0.1241257545377801,16430975.452705404,84089526828.8237,"[0.046875, 0.03125]",2,1721880.1384885088,0.046875,"[0.0, 0.015625, 0.03125, 0.046875, 0.0625, 0.078125, 0.09375, 0.109375, 0.125, 0.140625, 0.15625, 0.171875, 0.1875, 0.203125, 0.21875, 0.234375]","[154749.38571156544, 876106.906708278, 1710291.3768915331, 1721880.1384885088, 1236443.3975593029, 1200279.6938555276, 1385236.6101427816, 1437054.0474222808, 1048940.293646122, 664501.8455342908, 393060.2971508252, 165807.0810689745, 58528.06662853264, 51528.95639390757, 141871.95181127626, 339557.73472454]",3.0,0.3,flattop,64,32,145.15000000000006,15,21,449.5238095238095,37.99999999999994,1008.0,"[2, 5, 11, 17, 22, 25, 29, 38, 44, 52, 55, 60, 65, 74, 78, 84, 89, 95, 98, 101, 105]","[37.99999999999994, 367.9999999999999, 461.0, 192.9999999999999, 951.0000000000002, 154.0000000000001, 880.9999999999999, 243.0, 491.0000000000001, 186.0, 321.0000000000001, 943.0, 810.0, 205.0, 478.0, 276.0, 347.0000000000001, 79.0, 1008.0, 113.99999999999989, 893.0000000000002]","[1, 1, 1, 15, 1, 24, 27, 35, 35, 49, 35, 35, 63, 73, 73, 73, 35, 92, 35, 99, 99]","[3, 8, 18, 18, 35, 27, 35, 39, 49, 53, 56, 73, 73, 75, 81, 85, 92, 97, 106, 102, 106]",0.05,30,52684909.0,1016.0,-1016.0,DWT,uc1.l0082987033,0.0,0.0,0.0,0.0,0.0,0.0,3.725290298461914e-09,0.0,1.0,84,0.0,0.0,1.0,84,,0.0,0.0,1.0,84,0.0,0.0,0.0,4.57763671875e-05,0.0,0.0,0.0,0.0,0.0,0.0,6.767073673905715e-14,0.0,0.0,0.0,5.684341886080802e-14,0.0,0.0,0.0,5.684341886080802e-14,5.684341886080802e-14,2.7755575615628914e-17,0.0,0.0,2.7755575615628914e-17,2.9103830456733704e-11,0.0,0.0,2.7755575615628914e-17,0.9346664375941832,0.583615043780141,0.09617606680502466,0.42340962335555915,0.4484808868041707,0.0,0.0,0.0,693,1.2494516219129848,0.7064363727832206,93,0,0,0.0,0.0,546,0,0,0.49726961166781575,0.6763768105802503,84,312.4131879418665,0.5963653902559864,354.0,154.24985329144948,0.5695005245853576,532,rbio,366.5925925925926,360.0,210.3588723315502,135,0.8110455588331695,0.7500562468954116,0.20725123474815782,3,399.75
bior5.5,1,constant,9.908112809556229e-20,250.13511368547887,9162285.312216593,0.6016949152542372,394.6121710608676,108,raw,2.484588337539309e-10,-1.1384261313229316e-09,"[2, 5, 11, 17, 22, 25, 29, 38, 44, 52, 55, 60, 65, 74, 78, 84, 89, 95, 98, 101, 105]","[38.000000000090665, 368.00000000053916, 461.00000000052864, 193.00000000008453, 951.000000000689, 153.9999999999959, 881.0000000009718, 243.00000000019332, 491.00000000073214, 186.00000000020498, 321.0000000005009, 943.0000000008064, 810.0000000008622, 205.00000000002774, 478.00000000052455, 276.0000000001469, 347.00000000038426, 79.00000000032674, 1008.0000000005878, 113.99999999986414, 893.0000000013407]",21,5.674796997091502,108837.99542508977,0.8221965653430898,4.365923718242788e-06,1.0,0.4907407407407407,67631.00000000102,0.12910941990478517,0.1514791012718426,188156.1212646308,82872438.25058565,8,12069.579557419995,0.027777777777777776,"[0.0, 0.009259259259259259, 0.018518518518518517, 0.027777777777777776, 0.037037037037037035, 0.046296296296296294, 0.05555555555555555, 0.06481481481481481, 0.07407407407407407, 0.08333333333333333, 0.09259259259259259, 0.10185185185185185, 0.1111111111111111, 0.12037037037037036, 0.12962962962962962, 0.1388888888888889, 0.14814814814814814, 0.15740740740740738, 0.16666666666666666, 0.17592592592592593, 0.18518518518518517, 0.19444444444444442, 0.2037037037037037, 0.21296296296296297, 0.2222222222222222, 0.23148148148148145, 0.24074074074074073]","[67631.00000000102, 1786.6346316376494, 1155.9831840871655, 12069.579557419995, 1906.5778542075884, 950.5914327651346, 9083.87719739165, 2481.2296367765284, 778.6316126034679, 8965.162396398102, 2042.6423114819859, 1606.7171021563433, 6927.939836309745, 1790.9411989202265, 2115.0643759930426, 4469.146453403762, 811.3124818665925, 852.4454942263588, 2613.5185095994784, 1125.8336361556796, 622.5282936170289, 1595.9028958483839, 1672.0836322371601, 807.7671822539058, 3024.6344394135294, 842.7313814749836, 842.8235732276203]",3.0,0.3,145.14999999974677,15,0.5,1721880.1384902338,0.1444554161556638,0.12412575453777026,16430975.452738436,84089526829.15816,"[0.046875, 0.03125]",2,1721880.1384902338,0.046875,"[0.0, 0.015625, 0.03125, 0.046875, 0.0625, 0.078125, 0.09375, 0.109375, 0.125, 0.140625, 0.15625, 0.171875, 0.1875, 0.203125, 0.21875, 0.234375]","[154749.38571164332, 876106.9067089289, 1710291.376893099, 1721880.1384902338, 1236443.3975614023, 1200279.6938586743, 1385236.6101470399, 1437054.0474268566, 1048940.2936495473, 664501.8455364405, 393060.2971520299, 165807.08106943988, 58528.06662866144, 51528.956393963934, 141871.95181141168, 339557.734724888]",3.0,0.3,flattop,64,32,145.14999999974677,15,21,449.5238095242573,38.000000000090665,1008.0000000005878,"[2, 5, 11, 17, 22, 25, 29, 38, 44, 52, 55, 60, 65, 74, 78, 84, 89, 95, 98, 101, 105]","[38.000000000090665, 368.00000000053916, 461.00000000052864, 193.00000000008453, 951.000000000689, 153.9999999999959, 881.0000000009718, 243.00000000019332, 491.00000000073214, 186.00000000020498, 321.0000000005009, 943.0000000008064, 810.0000000008622, 205.00000000002774, 478.00000000052455, 276.0000000001469, 347.00000000038426, 79.00000000032674, 1008.0000000005878, 113.99999999986414, 893.0000000013407]","[1, 1, 1, 15, 1, 24, 27, 35, 35, 49, 35, 35, 63, 73, 73, 73, 35, 92, 35, 99, 99]","[3, 8, 18, 18, 35, 27, 35, 39, 49, 53, 56, 73, 73, 75, 81, 85, 92, 97, 106, 102, 106]",0.05,30,52684909.000018686,1016.0000000001887,-1016.0000000001887,DWT,uc1.l0082987033,1.72504223883152e-06,0.0,4.4775561036658473e-10,5.081295967102051e-06,0.0,5.877609510207549e-10,3.3035874366760254e-05,1.887201506178826e-10,1.0,84,0.0,1.864464138634503e-09,1.0,84,,0.0,0.0,1.0,84,0.0,0.0,1.868605613708496e-05,0.334503173828125,1.0186340659856796e-09,0.0,0.0,0.0,4.4775561036658473e-10,9.402356226928532e-09,4.610650908684225e-10,0.0,1.887201506178826e-10,0.0,2.532374310248997e-10,0.0,0.0,0.0,2.532374310248997e-10,9.066525308298878e-11,4.77118344832661e-14,1.72504223883152e-06,2.6922908347160046e-15,9.811595980124821e-15,1.152802724391222e-07,0.0,0.0,2.0872192862952943e-14,0.2271215791159753,0.2953629320560114,0.00326779619519324,0.9284158697093072,0.056091087942855306,0.07864780958951363,0.039323904794756816,0.07864780958951363,53,0.6793910946560525,0.38412578141698406,654,0,0,0.07864780958951363,0.07864780958951363,53,0,0,0.3020518530038685,0.4108452722043419,589,329.29457430493244,0.5745548135595189,337.25,97.64982763176931,0.5694156496738163,533,bior,385.74074074074076,410.0,199.97417605530825,135,0.8534087184529663,0.7130285416801533,0.18870533457887761,4,400.75
db16,1,symmetric,2.439192979428045e-26,316.222561498247,11085330.205468357,0.5289855072463768,413.30988257012035,108,raw,1.1457501614131615e-13,-1.1594869508968551e-10,"[2, 5, 11, 17, 22, 25, 29, 38, 44, 52, 55, 60, 65, 74, 78, 84, 89, 95, 98, 101, 105]","[38.00000000000006, 368.0, 460.99999999999983, 192.99999999999977, 950.9999999999998, 153.9999999999999, 881.0000000000002, 243.00000000000014, 490.99999999999994, 186.0000000000001, 320.9999999999999, 943.0, 809.9999999999998, 205.00000000000003, 478.0000000000004, 276.0, 347.00000000000034, 79.00000000000034, 1008.0000000000001, 114.00000000000023, 893.0]",21,5.958549644175631,96465.13136479493,0.8012342873258381,4.36592371825129e-06,0.9999999999999998,0.4907407407407407,67631.0,0.12910941990473743,0.15147910127183992,188156.12126451553,82872438.25058056,8,12069.57955741813,0.027777777777777776,"[0.0, 0.009259259259259259, 0.018518518518518517, 0.027777777777777776, 0.037037037037037035, 0.046296296296296294, 0.05555555555555555, 0.06481481481481481, 0.07407407407407407, 0.08333333333333333, 0.09259259259259259, 0.10185185185185185, 0.1111111111111111, 0.12037037037037036, 0.12962962962962962, 0.1388888888888889, 0.14814814814814814, 0.15740740740740738, 0.16666666666666666, 0.17592592592592593, 0.18518518518518517, 0.19444444444444442, 0.2037037037037037, 0.21296296296296297, 0.2222222222222222, 0.23148148148148145, 0.24074074074074073]","[67631.0, 1786.6346316370018, 1155.9831840869404, 12069.57955741813, 1906.5778542068438, 950.591432763601, 9083.877197385176, 2481.2296367744834, 778.6316126029452, 8965.16239638599, 2042.642311477918, 1606.71710215415, 6927.939836298324, 1790.941198917794, 2115.064375989648, 4469.1464533967255, 811.3124818658864, 852.4454942250561, 2613.518509595828, 1125.8336361545946, 622.5282936168389, 1595.9028958466986, 1672.0836322356422, 807.7671822537551, 3024.634439411759, 842.7313814743654, 842.8235732269193]",3.0,0.3,145.15,15,0.5,1721880.1384885088,0.14445541615564295,0.12412575453778008,16430975.452705402,84089526828.82368,"[0.046875, 0.03125]",2,1721880.1384885088,0.046875,"[0.0, 0.015625, 0.03125, 0.046875, 0.0625, 0.078125, 0.09375, 0.109375, 0.125, 0.140625, 0.15625, 0.171875, 0.1875, 0.203125, 0.21875, 0.234375]","[154749.3857115655, 876106.9067082776, 1710291.376891532, 1721880.1384885088, 1236443.3975593029, 1200279.693855527, 1385236.6101427819, 1437054.047422281, 1048940.2936461223, 664501.8455342907, 393060.2971508252, 165807.08106897445, 58528.066628532484, 51528.95639390741, 141871.9518112762, 339557.73472454003]",3.0,0.3,flattop,64,32,145.15,15,21,449.5238095238095,38.00000000000006,1008.0000000000001,"[2, 5, 11, 17, 22, 25, 29, 38, 44, 52, 55, 60, 65, 74, 78, 84, 89, 95, 98, 101, 105]","[38.00000000000006, 368.0, 460.99999999999983, 192.99999999999977, 950.9999999999998, 153.9999999999999, 881.0000000000002, 243.00000000000014, 490.99999999999994, 186.0000000000001, 320.9999999999999, 943.0, 809.9999999999998, 205.00000000000003, 478.0000000000004, 276.0, 347.00000000000034, 79.00000000000034, 1008.0000000000001, 114.00000000000023, 893.0]","[1, 1, 1, 15, 1, 24, 27, 35, 35, 49, 35, 35, 63, 73, 73, 73, 35, 92, 35, 99, 99]","[3, 8, 18, 18, 35, 27, 35, 39, 49, 53, 56, 73, 73, 75, 81, 85, 92, 97, 106, 102, 106]",0.05,30,52684909.0,1016.0000000000002,-1016.0000000000002,DWT,uc1.l0082987033,0.0,0.0,0.0,0.0,0.0,1.1368683772161603e-13,1.862645149230957e-09,2.2737367544323206e-13,1.0,84,0.0,0.0,1.0,84,,0.0,0.0,1.0,84,0.0,0.0,0.0,3.0517578125e-05,0.0,0.0,0.0,0.0,0.0,0.0,1.4887562082592575e-13,0.0,2.2737367544323206e-13,0.0,0.0,0.0,0.0,0.0,0.0,5.684341886080802e-14,2.7755575615628914e-17,0.0,0.0,0.0,0.0,0.0,0.0,2.7755575615628914e-17,0.9056197277989472,0.6589475344100661,0.18981000898105252,0.11683264512994945,0.02259895009992191,0.0,0.0,0.0,608,1.0235232464668762,0.5786971156084679,256,0,0,0.0,0.0,666,0,0,0.37876177328398747,0.5151846687842239,323,203.86494712595066,0.7366085954445082,463.25,394.1483329098658,0.5690471917791016,534,db,413.2962962962963,398.0,188.41229481502944,243,0.9143723369387087,0.671803462110104,0.15839832550987273,5,401.75
bior2.2,1,periodic,2.937367406196283e-27,325.41544039666286,9490392.432275776,0.5535714285714286,308.87203787454655,108,raw,2.8290127442300275e-14,-1.1174550174075714e-10,"[2, 5, 11, 17, 22, 25, 29, 38, 44, 52, 55, 60, 65, 74, 78, 84, 89, 95, 98, 101, 105]","[38.00000000000003, 367.9999999999998, 461.0, 193.0, 951.0, 153.9999999999999, 881.0, 243.00000000000006, 491.0, 186.0000000000001, 321.0, 942.9999999999999, 810.0, 205.00000000000006, 478.00000000000006, 276.0, 347.0, 78.99999999999989, 1008.0000000000001, 114.00000000000011, 893.0000000000001]",21,5.570958116567762,103949.14026626277,0.8477355093647854,4.365923718251291e-06,1.0,0.4907407407407407,67631.0,0.1291094199047374,0.15147910127183992,188156.12126451553,82872438.25058056,8,12069.57955741813,0.027777777777777776,"[0.0, 0.009259259259259259, 0.018518518518518517, 0.027777777777777776, 0.037037037037037035, 0.046296296296296294, 0.05555555555555555, 0.06481481481481481, 0.07407407407407407, 0.08333333333333333, 0.09259259259259259, 0.10185185185185185, 0.1111111111111111, 0.12037037037037036, 0.12962962962962962, 0.1388888888888889, 0.14814814814814814, 0.15740740740740738, 0.16666666666666666, 0.17592592592592593, 0.18518518518518517, 0.19444444444444442, 0.2037037037037037, 0.21296296296296297, 0.2222222222222222, 0.23148148148148145, 0.24074074074074073]","[67631.0, 1786.6346316370018, 1155.983184086939, 12069.57955741813, 1906.5778542068429, 950.5914327636009, 9083.877197385176, 2481.229636774484, 778.6316126029452, 8965.162396385991, 2042.6423114779177, 1606.717102154149, 6927.939836298323, 1790.9411989177931, 2115.064375989648, 4469.146453396725, 811.312481865886, 852.4454942250585, 2613.518509595828, 1125.833636154594, 622.5282936168379, 1595.902895846698, 1672.0836322356424, 807.7671822537568, 3024.634439411759, 842.7313814743652, 842.8235732269203]",3.0,0.3,145.14999999999998,15,0.5,1721880.1384885088,0.14445541615564292,0.12412575453778008,16430975.4527054,84089526828.82368,"[0.046875, 0.03125]",2,1721880.1384885088,0.046875,"[0.0, 0.015625, 0.03125, 0.046875, 0.0625, 0.078125, 0.09375, 0.109375, 0.125, 0.140625, 0.15625, 0.171875, 0.1875, 0.203125, 0.21875, 0.234375]","[154749.3857115655, 876106.9067082781, 1710291.3768915324, 1721880.1384885088, 1236443.3975593026, 1200279.6938555269, 1385236.6101427814, 1437054.0474222805, 1048940.2936461219, 664501.8455342907, 393060.29715082515, 165807.08106897442, 58528.06662853257, 51528.9563939075, 141871.95181127617, 339557.73472453986]",3.0,0.3,flattop,64,32,145.14999999999998,15,21,449.5238095238095,38.00000000000003,1008.0000000000001,"[2, 5, 11, 17, 22, 25, 29, 38, 44, 52, 55, 60, 65, 74, 78, 84, 89, 95, 98, 101, 105]","[38.00000000000003, 367.9999999999998, 461.0, 193.0, 951.0, 153.9999999999999, 881.0, 243.00000000000006, 491.0, 186.0000000000001, 321.0, 942.9999999999999, 810.0, 205.00000000000006, 478.00000000000006, 276.0, 347.0, 78.99999999999989, 1008.0000000000001, 114.00000000000011, 893.0000000000001]","[1, 1, 1, 15, 1, 24, 27, 35, 35, 49, 35, 35, 63, 73, 73, 73, 35, 92, 35, 99, 99]","[3, 8, 18, 18, 35, 27, 35, 39, 49, 53, 56, 73, 73, 75, 81, 85, 92, 97, 106, 102, 106]",0.05,30,52684909.0,1016.0000000000001,-1016.0000000000001,DWT,uc1.l0082987033,0.0,0.0,0.0,0.0,0.0,1.1368683772161603e-13,0.0,1.1368683772161603e-13,1.0,84,0.0,0.0,1.0,84,,0.0,0.0,1.0,84,0.0,0.0,0.0,3.0517578125e-05,0.0,0.0,0.0,0.0,0.0,0.0,5.819683359558915e-14,0.0,1.1368683772161603e-13,0.0,2.842170943040401e-14,0.0,0.0,0.0,2.842170943040401e-14,2.842170943040401e-14,5.551115123125783e-17,0.0,0.0,0.0,0.0,0.0,0.0,0.0,1.0,0.1623096602290144,0.03509535696687126,0.39126097366320883,0.04285743322268308,0.0,0.0,0.0,522,0.8723498713522996,0.49322412177311625,493,0,0,0.0,0.0,718,0,0,0.32630468481635555,0.4438335197142811,525,103.34569818494302,0.8664784261176447,564.5,552.3621395833623,0.5685751303714839,535,bior,385.74074074074076,410.0,199.97417605530825,135,0.8534087184529663,0.7130285416801533,0.18870533457887761,4,402.25
bior3.5,1,periodic,8.14688795599359e-27,320.98510567674634,10325875.678204274,0.576271186440678,360.6960678822681,108,raw,6.158037043254197e-14,-1.0865297550566378e-10,"[2, 5, 11, 17, 22, 25, 29, 38, 44, 52, 55, 60, 65, 74, 78, 84, 89, 95, 98, 101, 105]","[37.99999999999997, 367.9999999999999, 461.0000000000002, 192.9999999999999, 951.0, 154.0000000000001, 881.0, 242.99999999999994, 491.0000000000001, 186.0, 321.0, 943.0, 809.9999999999999, 204.99999999999997, 477.9999999999998, 276.0, 346.99999999999966, 79.00000000000011, 1008.0, 114.0, 893.0]",21,5.566381234315136,123293.75396224855,0.9029901427114807,4.365923718251291e-06,0.9999999999999998,0.4907407407407407,67631.0,0.1291094199047374,0.15147910127183992,188156.12126451553,82872438.25058056,8,12069.57955741813,0.027777777777777776,"[0.0, 0.009259259259259259, 0.018518518518518517, 0.027777777777777776, 0.037037037037037035, 0.046296296296296294, 0.05555555555555555, 0.06481481481481481, 0.07407407407407407, 0.08333333333333333, 0.09259259259259259, 0.10185185185185185, 0.1111111111111111, 0.12037037037037036, 0.12962962962962962, 0.1388888888888889, 0.14814814814814814, 0.15740740740740738, 0.16666666666666666, 0.17592592592592593, 0.18518518518518517, 0.19444444444444442, 0.2037037037037037, 0.21296296296296297, 0.2222222222222222, 0.23148148148148145, 0.24074074074074073]","[67631.0, 1786.6346316370007, 1155.9831840869401, 12069.57955741813, 1906.5778542068438, 950.5914327636015, 9083.877197385176, 2481.2296367744834, 778.6316126029429, 8965.162396385991, 2042.6423114779163, 1606.717102154152, 6927.939836298323, 1790.9411989177927, 2115.064375989649, 4469.146453396725, 811.3124818658854, 852.4454942250576, 2613.518509595828, 1125.8336361545935, 622.5282936168378, 1595.9028958466974, 1672.0836322356424, 807.767182253757, 3024.6344394117596, 842.7313814743655, 842.8235732269197]",3.0,0.3,145.15000000000003,15,0.5,1721880.1384885085,0.14445541615564295,0.12412575453778009,16430975.452705398,84089526828.82368,"[0.046875, 0.03125]",2,1721880.1384885085,0.046875,"[0.0, 0.015625, 0.03125, 0.046875, 0.0625, 0.078125, 0.09375, 0.109375, 0.125, 0.140625, 0.15625, 0.171875, 0.1875, 0.203125, 0.21875, 0.234375]","[154749.38571156544, 876106.9067082775, 1710291.376891532, 1721880.1384885085, 1236443.3975593029, 1200279.693855527, 1385236.6101427814, 1437054.0474222805, 1048940.2936461219, 664501.8455342904, 393060.2971508251, 165807.08106897442, 58528.0666285326, 51528.956393907545, 141871.9518112763, 339557.73472454]",3.0,0.3,flattop,64,32,145.15000000000003,15,21,449.5238095238095,37.99999999999997,1008.0,"[2, 5, 11, 17, 22, 25, 29, 38, 44, 52, 55, 60, 65, 74, 78, 84, 89, 95, 98, 101, 105]","[37.99999999999997, 367.9999999999999, 461.0000000000002, 192.9999999999999, 951.0, 154.0000000000001, 881.0, 242.99999999999994, 491.0000000000001, 186.0, 321.0, 943.0, 809.9999999999999, 204.99999999999997, 477.9999999999998, 276.0, 346.99999999999966, 79.00000000000011, 1008.0, 114.0, 893.0]","[1, 1, 1, 15, 1, 24, 27, 35, 35, 49, 35, 35, 63, 73, 73, 73, 35, 92, 35, 99, 99]","[3, 8, 18, 18, 35, 27, 35, 39, 49, 53, 56, 73, 73, 75, 81, 85, 92, 97, 106, 102, 106]",0.05,30,52684909.0,1016.0,-1016.0,DWT,uc1.l0082987033,2.3283064365386963e-10,0.0,0.0,0.0,0.0,0.0,1.862645149230957e-09,0.0,1.0,84,0.0,0.0,1.0,84,,0.0,0.0,1.0,84,0.0,0.0,0.0,3.0517578125e-05,0.0,0.0,0.0,0.0,0.0,0.0,7.579122514774403e-14,0.0,0.0,0.0,2.842170943040401e-14,0.0,0.0,0.0,2.842170943040401e-14,2.842170943040401e-14,5.551115123125783e-17,2.3283064365386963e-10,0.0,1.3877787807814457e-17,0.0,0.0,0.0,2.7755575615628914e-17,0.95451520666942,0.15644510202685288,0.11614021139950781,0.6446359246283498,0.09522141825209704,0.0,0.0,0.0,531,1.0049447178670112,0.5681928686848108,278,0,0,0.0,0.0,723,0,0,0.39339157259524554,0.5350838477515244,273,217.5597619046316,0.7189150362989256,451.25,379.9936749695285,0.5679523501908065,536,bior,385.74074074074076,410.0,199.97417605530825,135,0.8534087184529663,0.7130285416801533,0.18870533457887761,4,403.0
bior3.9,1,constant,1.014364099246079e-26,320.0330844108522,9943428.393379517,0.5634920634920635,260.31771531372203,108,raw,6.756735089126133e-14,-1.0914402714945547e-10,"[2, 5, 11, 17, 22, 25, 29, 38, 44, 52, 55, 60, 65, 74, 78, 84, 89, 95, 98, 101, 105]","[38.00000000000003, 368.0, 460.9999999999999, 192.9999999999999, 950.9999999999998, 153.99999999999977, 881.0, 242.99999999999991, 491.00000000000006, 186.0, 321.0, 943.0000000000001, 809.9999999999998, 205.00000000000003, 478.0000000000001, 276.0, 346.9999999999999, 79.0, 1008.0, 114.0, 892.9999999999997]",21,5.501906197339859,141234.15316155355,0.9292025542942729,4.365923718251291e-06,1.0,0.4907407407407407,67631.0,0.1291094199047374,0.15147910127183992,188156.12126451553,82872438.25058056,8,12069.57955741813,0.027777777777777776,"[0.0, 0.009259259259259259, 0.018518518518518517, 0.027777777777777776, 0.037037037037037035, 0.046296296296296294, 0.05555555555555555, 0.06481481481481481, 0.07407407407407407, 0.08333333333333333, 0.09259259259259259, 0.10185185185185185, 0.1111111111111111, 0.12037037037037036, 0.12962962962962962, 0.1388888888888889, 0.14814814814814814, 0.15740740740740738, 0.16666666666666666, 0.17592592592592593, 0.18518518518518517, 0.19444444444444442, 0.2037037037037037, 0.21296296296296297, 0.2222222222222222, 0.23148148148148145, 0.24074074074074073]","[67631.0, 1786.6346316370018, 1155.9831840869392, 12069.57955741813, 1906.5778542068447, 950.5914327636002, 9083.877197385176, 2481.229636774482, 778.6316126029459, 8965.162396385991, 2042.6423114779166, 1606.7171021541487, 6927.939836298324, 1790.9411989177922, 2115.0643759896493, 4469.1464533967255, 811.3124818658848, 852.4454942250571, 2613.518509595828, 1125.8336361545937, 622.5282936168376, 1595.902895846698, 1672.0836322356406, 807.767182253756, 3024.634439411759, 842.7313814743649, 842.8235732269202]",3.0,0.3,145.14999999999998,15,0.5,1721880.1384885085,0.14445541615564295,0.12412575453778009,16430975.4527054,84089526828.82368,"[0.046875, 0.03125]",2,1721880.1384885085,0.046875,"[0.0, 0.015625, 0.03125, 0.046875, 0.0625, 0.078125, 0.09375, 0.109375, 0.125, 0.140625, 0.15625, 0.171875, 0.1875, 0.203125, 0.21875, 0.234375]","[154749.38571156547, 876106.9067082775, 1710291.376891532, 1721880.1384885085, 1236443.3975593026, 1200279.693855527, 1385236.6101427816, 1437054.047422281, 1048940.2936461226, 664501.8455342909, 393060.2971508254, 165807.08106897448, 58528.06662853254, 51528.95639390747, 141871.9518112762, 339557.7347245398]",3.0,0.3,flattop,64,32,145.14999999999998,15,21,449.5238095238095,38.00000000000003,1008.0,"[2, 5, 11, 17, 22, 25, 29, 38, 44, 52, 55, 60, 65, 74, 78, 84, 89, 95, 98, 101, 105]","[38.00000000000003, 368.0, 460.9999999999999, 192.9999999999999, 950.9999999999998, 153.99999999999977, 881.0, 242.99999999999991, 491.00000000000006, 186.0, 321.0, 943.0000000000001, 809.9999999999998, 205.00000000000003, 478.0000000000001, 276.0, 346.9999999999999, 79.0, 1008.0, 114.0, 892.9999999999997]","[1, 1, 1, 15, 1, 24, 27, 35, 35, 49, 35, 35, 63, 73, 73, 73, 35, 92, 35, 99, 99]","[3, 8, 18, 18, 35, 27, 35, 39, 49, 53, 56, 73, 73, 75, 81, 85, 92, 97, 106, 102, 106]",0.05,30,52684909.0,1016.0,-1016.0,DWT,uc1.l0082987033,2.3283064365386963e-10,0.0,0.0,0.0,0.0,0.0,0.0,0.0,1.0,84,0.0,0.0,1.0,84,,0.0,0.0,1.0,84,0.0,0.0,0.0,3.0517578125e-05,0.0,0.0,0.0,0.0,0.0,0.0,8.5265128291212e-14,0.0,0.0,0.0,2.842170943040401e-14,0.0,0.0,0.0,2.842170943040401e-14,2.842170943040401e-14,5.551115123125783e-17,2.3283064365386963e-10,0.0,1.3877787807814457e-17,0.0,0.0,0.0,2.7755575615628914e-17,0.9447411166145883,0.07383043421207544,0.07904146085265107,0.5019952114924183,0.14378433141531305,0.0,0.0,0.0,475,0.9015924346642088,0.5097577834168702,441,0,0,0.0,0.0,739,0,0,0.34867851091740926,0.4742659788544085,450,142.5608057403343,0.8158129124801883,526.25,503.25612695347496,0.5679516758783371,537,bior,385.74074074074076,410.0,199.97417605530825,135,0.8534087184529663,0.7130285416801533,0.18870533457887761,4,403.75
db25,1,periodic,3.536340726409428e-26,314.6094820855406,12456490.979303993,0.5641025641025641,396.411526726714,108,raw,1.3816108750890838e-13,-1.166232665994478e-10,"[2, 5, 11, 17, 22, 25, 29, 38, 44, 52, 55, 60, 65, 74, 78, 84, 89, 95, 98, 101, 105]","[37.99999999999997, 368.0000000000001, 460.9999999999999, 192.9999999999996, 951.0000000000001, 153.99999999999977, 881.0000000000002, 242.99999999999986, 491.00000000000006, 185.99999999999966, 321.0000000000002, 943.0, 810.0, 204.99999999999997, 477.9999999999995, 276.0000000000001, 346.99999999999966, 79.0, 1007.9999999999997, 114.00000000000034, 892.9999999999995]",21,6.066582035775152,102228.15918298924,0.8420126333514522,4.365923718251293e-06,1.0,0.4907407407407407,67631.0,0.12910941990473745,0.15147910127183992,188156.1212645155,82872438.25058056,8,12069.579557418134,0.027777777777777776,"[0.0, 0.009259259259259259, 0.018518518518518517, 0.027777777777777776, 0.037037037037037035, 0.046296296296296294, 0.05555555555555555, 0.06481481481481481, 0.07407407407407407, 0.08333333333333333, 0.09259259259259259, 0.10185185185185185, 0.1111111111111111, 0.12037037037037036, 0.12962962962962962, 0.1388888888888889, 0.14814814814814814, 0.15740740740740738, 0.16666666666666666, 0.17592592592592593, 0.18518518518518517, 0.19444444444444442, 0.2037037037037037, 0.21296296296296297, 0.2222222222222222, 0.23148148148148145, 0.24074074074074073]","[67631.0, 1786.634631636999, 1155.9831840869374, 12069.579557418134, 1906.577854206842, 950.5914327635994, 9083.877197385178, 2481.229636774485, 778.6316126029453, 8965.162396385995, 2042.6423114779184, 1606.71710215415, 6927.939836298324, 1790.941198917794, 2115.0643759896466, 4469.1464533967255, 811.3124818658847, 852.4454942250582, 2613.518509595829, 1125.8336361545944, 622.528293616838, 1595.902895846698, 1672.083632235643, 807.7671822537563, 3024.6344394117605, 842.7313814743661, 842.8235732269212]",3.0,0.3,145.15000000000003,15,0.5,1721880.1384885092,0.14445541615564295,0.12412575453778009,16430975.452705404,84089526828.82375,"[0.046875, 0.03125]",2,1721880.1384885092,0.046875,"[0.0, 0.015625, 0.03125, 0.046875, 0.0625, 0.078125, 0.09375, 0.109375, 0.125, 0.140625, 0.15625, 0.171875, 0.1875, 0.203125, 0.21875, 0.234375]","[154749.3857115654, 876106.906708278, 1710291.376891533, 1721880.1384885092, 1236443.3975593026, 1200279.6938555273, 1385236.6101427826, 1437054.0474222815, 1048940.2936461226, 664501.8455342909, 393060.2971508254, 165807.08106897472, 58528.06662853272, 51528.95639390749, 141871.95181127617, 339557.7347245399]",3.0,0.3,flattop,64,32,145.15000000000003,15,21,449.52380952380946,37.99999999999997,1007.9999999999997,"[2, 5, 11, 17, 22, 25, 29, 38, 44, 52, 55, 60, 65, 74, 78, 84, 89, 95, 98, 101, 105]","[37.99999999999997, 368.0000000000001, 460.9999999999999, 192.9999999999996, 951.0000000000001, 153.99999999999977, 881.0000000000002, 242.99999999999986, 491.00000000000006, 185.99999999999966, 321.0000000000002, 943.0, 810.0, 204.99999999999997, 477.9999999999995, 276.0000000000001, 346.99999999999966, 79.0, 1007.9999999999997, 114.00000000000034, 892.9999999999995]","[1, 1, 1, 15, 1, 24, 27, 35, 35, 49, 35, 35, 63, 73, 73, 73, 35, 92, 35, 99, 99]","[3, 8, 18, 18, 35, 27, 35, 39, 49, 53, 56, 73, 73, 75, 81, 85, 92, 97, 106, 102, 106]",0.05,30,52684909.0,1015.9999999999995,-1015.9999999999995,DWT,uc1.l0082987033,4.656612873077393e-10,0.0,5.684341886080802e-14,0.0,0.0,3.410605131648481e-13,3.725290298461914e-09,4.547473508864641e-13,1.0,84,0.0,3.637978807091713e-12,1.0,84,,0.0,0.0,1.0,84,0.0,0.0,0.0,9.1552734375e-05,0.0,0.0,0.0,0.0,5.684341886080802e-14,1.8189894035458565e-12,1.9624513654326575e-13,0.0,4.547473508864641e-13,0.0,2.842170943040401e-14,0.0,0.0,0.0,2.842170943040401e-14,2.842170943040401e-14,0.0,4.656612873077393e-10,0.0,1.3877787807814457e-17,2.9103830456733704e-11,0.0,0.0,2.7755575615628914e-17,0.8890587705911482,0.7973741342839483,0.32281749400339227,0.5088096261280619,0.03819890506095816,0.0,0.0,0.0,728,1.3123344889739672,0.7419901659334955,65,0,0,0.0,0.0,498,0,0,0.5112517860135019,0.6953951022011542,68,329.1994076543881,0.5746777678883874,339.75,119.50231025917948,0.5678621397581471,538,db,413.2962962962963,398.0,188.41229481502944,243,0.9143723369387087,0.671803462110104,0.15839832550987273,5,404.75
sym7,1,periodic,8.183754536053053e-20,250.96549716533175,9931064.569684504,0.5833333333333334,473.2298813031375,108,raw,2.2290548008219987e-10,-1.0790057744263518e-10,"[2, 5, 11, 17, 22, 25, 29, 38, 44, 52, 55, 60, 65, 74, 78, 84, 89, 95, 98, 101, 105]","[37.99999999985354, 367.9999999995358, 461.0000000000465, 192.99999999941144, 951.0000000003128, 153.99999999913632, 880.9999999986992, 242.99999999961062, 491.0000000000387, 185.99999999986915, 320.9999999997556, 943.0000000003297, 809.9999999987999, 204.9999999995346, 477.99999999959346, 275.99999999977376, 346.9999999997651, 79.00000000068451, 1007.9999999995764, 113.99999999915417, 892.999999998955]",21,5.748328288719735,104826.18263125901,0.8381523700589423,4.365923718256631e-06,0.9999999999999998,0.4907407407407407,67631.0,0.12910941990469163,0.15147910127184774,188156.12126444958,82872438.25058311,8,12069.579557418554,0.027777777777777776,"[0.0, 0.009259259259259259, 0.018518518518518517, 0.027777777777777776, 0.037037037037037035, 0.046296296296296294, 0.05555555555555555, 0.06481481481481481, 0.07407407407407407, 0.08333333333333333, 0.09259259259259259, 0.10185185185185185, 0.1111111111111111, 0.12037037037037036, 0.12962962962962962, 0.1388888888888889, 0.14814814814814814, 0.15740740740740738, 0.16666666666666666, 0.17592592592592593, 0.18518518518518517, 0.19444444444444442, 0.2037037037037037, 0.21296296296296297, 0.2222222222222222, 0.23148148148148145, 0.24074074074074073]","[67631.0, 1786.6346316370114, 1155.983184086959, 12069.579557418554, 1906.5778542069513, 950.5914327636781, 9083.877197386118, 2481.2296367747854, 778.6316126030476, 8965.162396387204, 2042.6423114781778, 1606.717102154321, 6927.939836298825, 1790.9411989178275, 2115.064375989522, 4469.14645339599, 811.3124818656361, 852.4454942246384, 2613.518509593946, 1125.8336361534768, 622.5282936160261, 1595.9028958440765, 1672.083632232318, 807.7671822518826, 3024.63443940386, 842.7313814719713, 842.8235732244013]",3.0,0.3,145.15000000025148,15,0.5,1721880.1384887486,0.14445541615554425,0.12412575453778485,16430975.45269338,84089526828.87479,"[0.046875, 0.03125]",2,1721880.1384887486,0.046875,"[0.0, 0.015625, 0.03125, 0.046875, 0.0625, 0.078125, 0.09375, 0.109375, 0.125, 0.140625, 0.15625, 0.171875, 0.1875, 0.203125, 0.21875, 0.234375]","[154749.38571158133, 876106.9067083822, 1710291.3768917597, 1721880.1384887486, 1236443.3975595431, 1200279.6938558056, 1385236.6101430561, 1437054.047422433, 1048940.293646068, 664501.8455340951, 393060.29715059156, 165807.08106881246, 58528.06662840401, 51528.956393625434, 141871.95181041537, 339557.73472256097]",3.0,0.3,flattop,64,32,145.15000000025148,15,21,449.52380952344936,37.99999999985354,1007.9999999995764,"[2, 5, 11, 17, 22, 25, 29, 38, 44, 52, 55, 60, 65, 74, 78, 84, 89, 95, 98, 101, 105]","[37.99999999985354, 367.9999999995358, 461.0000000000465, 192.99999999941144, 951.0000000003128, 153.99999999913632, 880.9999999986992, 242.99999999961062, 491.0000000000387, 185.99999999986915, 320.9999999997556, 943.0000000003297, 809.9999999987999, 204.9999999995346, 477.99999999959346, 275.99999999977376, 346.9999999997651, 79.00000000068451, 1007.9999999995764, 113.99999999915417, 892.999999998955]","[1, 1, 1, 15, 1, 24, 27, 35, 35, 49, 35, 35, 63, 73, 73, 73, 35, 92, 35, 99, 99]","[3, 8, 18, 18, 35, 27, 35, 39, 49, 53, 56, 73, 73, 75, 81, 85, 92, 97, 106, 102, 106]",0.05,30,52684908.99999404,1015.9999999998913,-1015.9999999998913,DWT,uc1.l0082987033,2.398155629634857e-07,0.0,3.601599019020796e-10,2.5480985641479492e-06,0.0,4.2359715735074133e-10,1.2019649147987366e-05,1.0868461686186492e-10,1.0,84,0.0,4.2382453102618456e-10,1.0,84,,0.0,0.0,1.0,84,0.0,0.0,5.9604644775390625e-06,0.0511322021484375,0.0,0.0,0.0,0.0,3.601599019020796e-10,7.563357939943671e-09,4.946703787330382e-10,0.0,1.0868461686186492e-10,0.0,2.5147528504021466e-10,0.0,0.0,0.0,2.5147528504021466e-10,1.4645706869487185e-10,4.5824455341403336e-14,2.398155629634857e-07,7.827072323607354e-15,4.773959005888173e-15,6.594927981495857e-08,0.0,0.0,9.867107131356079e-14,0.23564685392115925,0.3895817726622967,0.07784212586122397,0.7234636871508384,0.04523150147716341,0.02508702060271567,0.012543510301357835,0.02508702060271567,113,0.6825781370656566,0.38592772607835474,651,0,0,0.02508702060271567,0.02508702060271567,113,0,0,0.2943531882145364,0.40037369257479194,607,298.4537931852545,0.6144007839983792,371.0,191.54648095162517,0.5675363093118511,539,sym,445.72514619883043,505.0,280.45746329325993,171,0.986117580085908,1.0,0.009717693939864401,6,405.75
rbio2.2,1,periodization,5.3733041431099994e-27,322.7926088771063,9306873.098376404,0.5555555555555556,482.89921916321765,108,raw,4.448293585331456e-14,-1.1077427863881505e-10,"[2, 5, 11, 17, 22, 25, 29, 38, 44, 52, 55, 60, 65, 74, 78, 84, 89, 95, 98, 101, 105]","[37.99999999999994, 368.00000000000006, 460.9999999999999, 193.0000000000001, 951.0, 154.0, 881.0, 243.0, 491.0000000000001, 185.9999999999999, 321.0000000000001, 943.0000000000001, 810.0, 204.99999999999997, 477.99999999999983, 276.0000000000001, 347.0000000000002, 79.0, 1008.0, 114.00000000000011, 893.0]",21,5.7502814717475985,103173.18443501371,0.6253081076651941,4.365923718251291e-06,1.0,0.4907407407407407,67631.0,0.1291094199047374,0.15147910127183992,188156.12126451556,82872438.25058056,8,12069.57955741813,0.027777777777777776,"[0.0, 0.009259259259259259, 0.018518518518518517, 0.027777777777777776, 0.037037037037037035, 0.046296296296296294, 0.05555555555555555, 0.06481481481481481, 0.07407407407407407, 0.08333333333333333, 0.09259259259259259, 0.10185185185185185, 0.1111111111111111, 0.12037037037037036, 0.12962962962962962, 0.1388888888888889, 0.14814814814814814, 0.15740740740740738, 0.16666666666666666, 0.17592592592592593, 0.18518518518518517, 0.19444444444444442, 0.2037037037037037, 0.21296296296296297, 0.2222222222222222, 0.23148148148148145, 0.24074074074074073]","[67631.0, 1786.6346316370016, 1155.9831840869388, 12069.57955741813, 1906.5778542068429, 950.5914327636025, 9083.877197385176, 2481.2296367744843, 778.6316126029452, 8965.162396385991, 2042.6423114779168, 1606.7171021541494, 6927.939836298323, 1790.9411989177945, 2115.064375989648, 4469.146453396725, 811.3124818658856, 852.4454942250569, 2613.518509595828, 1125.8336361545944, 622.5282936168367, 1595.9028958466968, 1672.0836322356436, 807.7671822537573, 3024.634439411759, 842.7313814743657, 842.82357322692]",3.0,0.3,145.15000000000003,15,0.5,1721880.1384885088,0.14445541615564292,0.12412575453778009,16430975.452705402,84089526828.82368,"[0.046875, 0.03125]",2,1721880.1384885088,0.046875,"[0.0, 0.015625, 0.03125, 0.046875, 0.0625, 0.078125, 0.09375, 0.109375, 0.125, 0.140625, 0.15625, 0.171875, 0.1875, 0.203125, 0.21875, 0.234375]","[154749.38571156553, 876106.9067082781, 1710291.3768915331, 1721880.1384885088, 1236443.3975593029, 1200279.6938555266, 1385236.610142781, 1437054.0474222803, 1048940.2936461219, 664501.8455342907, 393060.29715082515, 165807.08106897445, 58528.066628532644, 51528.95639390757, 141871.95181127626, 339557.7347245398]",3.0,0.3,flattop,64,32,145.15000000000003,15,21,449.5238095238095,37.99999999999994,1008.0,"[2, 5, 11, 17, 22, 25, 29, 38, 44, 52, 55, 60, 65, 74, 78, 84, 89, 95, 98, 101, 105]","[37.99999999999994, 368.00000000000006, 460.9999999999999, 193.0000000000001, 951.0, 154.0, 881.0, 243.0, 491.0000000000001, 185.9999999999999, 321.0000000000001, 943.0000000000001, 810.0, 204.99999999999997, 477.99999999999983, 276.0000000000001, 347.0000000000002, 79.0, 1008.0, 114.00000000000011, 893.0]","[1, 1, 1, 15, 1, 24, 27, 35, 35, 49, 35, 35, 63, 73, 73, 73, 35, 92, 35, 99, 99]","[3, 8, 18, 18, 35, 27, 35, 39, 49, 53, 56, 73, 73, 75, 81, 85, 92, 97, 106, 102, 106]",0.05,30,52684909.0,1016.0,-1016.0,DWT,uc1.l0082987033,0.0,0.0,0.0,0.0,0.0,0.0,1.862645149230957e-09,0.0,1.0,84,0.0,0.0,1.0,84,,0.0,0.0,1.0,84,0.0,0.0,0.0,3.0517578125e-05,0.0,0.0,0.0,0.0,0.0,0.0,6.902415147383831e-14,0.0,0.0,0.0,2.842170943040401e-14,0.0,0.0,0.0,2.842170943040401e-14,5.684341886080802e-14,5.551115123125783e-17,0.0,0.0,1.3877787807814457e-17,2.9103830456733704e-11,0.0,0.0,0.0,0.9730722491301496,0.3920844709870805,0.01729332709502168,0.41340782122905073,0.04075699636880868,0.0,0.0,0.0,662,0.9701981755582846,0.5485472730612252,327,0,0,0.0,0.0,629,0,0,0.36732297296202226,0.49962582686608237,374,171.92440199110771,0.7778754496238919,498.0,452.8831723697723,0.5672322984553568,540,rbio,366.5925925925926,360.0,210.3588723315502,135,0.8110455588331695,0.7500562468954116,0.20725123474815782,3,405.75
bior1.3,1,antireflect,1.0498102492540097e-26,319.8839150273013,9552910.381408714,0.5446428571428571,309.2651715672168,108,raw,6.973845369497286e-14,-1.1763290341804187e-10,"[2, 5, 11, 17, 22, 25, 29, 38, 44, 52, 55, 60, 65, 74, 78, 84, 89, 95, 98, 101, 105]","[38.0, 368.00000000000006, 460.99999999999994, 193.0000000000001, 951.0, 154.0, 881.0000000000001, 243.0, 490.99999999999994, 186.0, 321.0, 943.0000000000001, 810.0, 205.00000000000003, 478.0000000000001, 276.0, 347.0000000000001, 79.0, 1008.0000000000002, 114.00000000000011, 893.0]",21,5.613911665665769,121377.97049884408,0.8448481829282027,4.36592371825129e-06,1.0,0.4907407407407407,67631.0,0.12910941990473745,0.15147910127183992,188156.12126451553,82872438.25058056,8,12069.57955741813,0.027777777777777776,"[0.0, 0.009259259259259259, 0.018518518518518517, 0.027777777777777776, 0.037037037037037035, 0.046296296296296294, 0.05555555555555555, 0.06481481481481481, 0.07407407407407407, 0.08333333333333333, 0.09259259259259259, 0.10185185185185185, 0.1111111111111111, 0.12037037037037036, 0.12962962962962962, 0.1388888888888889, 0.14814814814814814, 0.15740740740740738, 0.16666666666666666, 0.17592592592592593, 0.18518518518518517, 0.19444444444444442, 0.2037037037037037, 0.21296296296296297, 0.2222222222222222, 0.23148148148148145, 0.24074074074074073]","[67631.0, 1786.6346316369998, 1155.9831840869374, 12069.57955741813, 1906.5778542068424, 950.5914327636025, 9083.87719738518, 2481.2296367744834, 778.6316126029456, 8965.162396385991, 2042.6423114779172, 1606.7171021541485, 6927.939836298324, 1790.9411989177925, 2115.064375989648, 4469.146453396725, 811.3124818658853, 852.4454942250569, 2613.518509595828, 1125.8336361545937, 622.528293616838, 1595.9028958466986, 1672.0836322356429, 807.7671822537571, 3024.6344394117605, 842.7313814743662, 842.8235732269206]",3.0,0.3,145.15000000000003,15,0.5,1721880.1384885092,0.14445541615564295,0.1241257545377801,16430975.452705404,84089526828.82372,"[0.046875, 0.03125]",2,1721880.1384885092,0.046875,"[0.0, 0.015625, 0.03125, 0.046875, 0.0625, 0.078125, 0.09375, 0.109375, 0.125, 0.140625, 0.15625, 0.171875, 0.1875, 0.203125, 0.21875, 0.234375]","[154749.3857115654, 876106.9067082782, 1710291.3768915331, 1721880.1384885092, 1236443.3975593029, 1200279.6938555273, 1385236.6101427819, 1437054.047422281, 1048940.293646122, 664501.8455342908, 393060.29715082515, 165807.08106897463, 58528.06662853263, 51528.95639390754, 141871.95181127626, 339557.73472454]",3.0,0.3,flattop,64,32,145.15000000000003,15,21,449.5238095238095,38.0,1008.0000000000002,"[2, 5, 11, 17, 22, 25, 29, 38, 44, 52, 55, 60, 65, 74, 78, 84, 89, 95, 98, 101, 105]","[38.0, 368.00000000000006, 460.99999999999994, 193.0000000000001, 951.0, 154.0, 881.0000000000001, 243.0, 490.99999999999994, 186.0, 321.0, 943.0000000000001, 810.0, 205.00000000000003, 478.0000000000001, 276.0, 347.0000000000001, 79.0, 1008.0000000000002, 114.00000000000011, 893.0]","[1, 1, 1, 15, 1, 24, 27, 35, 35, 49, 35, 35, 63, 73, 73, 73, 35, 92, 35, 99, 99]","[3, 8, 18, 18, 35, 27, 35, 39, 49, 53, 56, 73, 73, 75, 81, 85, 92, 97, 106, 102, 106]",0.05,30,52684909.0,1016.0000000000002,-1016.0000000000002,DWT,uc1.l0082987033,4.656612873077393e-10,0.0,0.0,0.0,0.0,2.2737367544323206e-13,3.725290298461914e-09,2.2737367544323206e-13,1.0,84,0.0,0.0,1.0,84,,0.0,0.0,1.0,84,0.0,0.0,0.0,6.103515625e-05,0.0,0.0,0.0,0.0,0.0,0.0,5.278317465646461e-14,0.0,2.2737367544323206e-13,0.0,2.842170943040401e-14,0.0,0.0,0.0,2.842170943040401e-14,0.0,0.0,4.656612873077393e-10,0.0,2.7755575615628914e-17,0.0,0.0,0.0,2.7755575615628914e-17,0.9432096434842263,0.21734791001797205,0.04115982099005474,0.2916001596169191,0.09003557902191754,0.0,0.0,0.0,473,0.8478339470500839,0.47936288830417334,525,0,0,0.0,0.0,715,0,0,0.316670622626218,0.430729448795405,551,104.49242396780097,0.8649968682586551,566.0,553.0659720300507,0.566865359193927,541,bior,385.74074074074076,410.0,199.97417605530825,135,0.8534087184529663,0.7130285416801533,0.18870533457887761,4,406.75
bior3.9,1,zero,1.0013683462593269e-26,320.0890845216203,9946694.000471493,0.5634920634920635,260.31771531372203,108,raw,6.615284451914633e-14,-1.0907152958594745e-10,"[2, 5, 11, 17, 22, 25, 29, 38, 44, 52, 55, 60, 65, 74, 78, 84, 89, 95, 98, 101, 105]","[37.99999999999997, 368.0, 460.9999999999999, 192.9999999999999, 950.9999999999998, 153.99999999999977, 881.0, 242.99999999999991, 491.00000000000006, 186.0, 321.0, 943.0000000000001, 809.9999999999998, 205.00000000000003, 478.0000000000001, 276.0, 346.9999999999999, 79.0, 1008.0, 114.0, 892.9999999999997]",21,5.498356339388861,145789.86392637645,0.9314070320051903,4.365923718251292e-06,1.0,0.4907407407407407,67631.0,0.1291094199047374,0.15147910127183992,188156.12126451553,82872438.25058056,8,12069.57955741813,0.027777777777777776,"[0.0, 0.009259259259259259, 0.018518518518518517, 0.027777777777777776, 0.037037037037037035, 0.046296296296296294, 0.05555555555555555, 0.06481481481481481, 0.07407407407407407, 0.08333333333333333, 0.09259259259259259, 0.10185185185185185, 0.1111111111111111, 0.12037037037037036, 0.12962962962962962, 0.1388888888888889, 0.14814814814814814, 0.15740740740740738, 0.16666666666666666, 0.17592592592592593, 0.18518518518518517, 0.19444444444444442, 0.2037037037037037, 0.21296296296296297, 0.2222222222222222, 0.23148148148148145, 0.24074074074074073]","[67631.0, 1786.6346316370018, 1155.9831840869392, 12069.57955741813, 1906.577854206845, 950.5914327636004, 9083.877197385176, 2481.229636774482, 778.6316126029456, 8965.162396385991, 2042.6423114779166, 1606.7171021541487, 6927.939836298324, 1790.9411989177922, 2115.0643759896493, 4469.1464533967255, 811.3124818658848, 852.4454942250571, 2613.518509595828, 1125.8336361545935, 622.5282936168376, 1595.9028958466974, 1672.0836322356406, 807.7671822537561, 3024.634439411759, 842.7313814743649, 842.8235732269197]",3.0,0.3,145.15000000000003,15,0.5,1721880.1384885085,0.14445541615564295,0.12412575453778009,16430975.4527054,84089526828.82368,"[0.046875, 0.03125]",2,1721880.1384885085,0.046875,"[0.0, 0.015625, 0.03125, 0.046875, 0.0625, 0.078125, 0.09375, 0.109375, 0.125, 0.140625, 0.15625, 0.171875, 0.1875, 0.203125, 0.21875, 0.234375]","[154749.38571156547, 876106.9067082775, 1710291.376891532, 1721880.1384885085, 1236443.3975593026, 1200279.693855527, 1385236.6101427816, 1437054.047422281, 1048940.2936461226, 664501.8455342909, 393060.2971508254, 165807.08106897448, 58528.06662853254, 51528.95639390747, 141871.9518112762, 339557.7347245398]",3.0,0.3,flattop,64,32,145.15000000000003,15,21,449.5238095238095,37.99999999999997,1008.0,"[2, 5, 11, 17, 22, 25, 29, 38, 44, 52, 55, 60, 65, 74, 78, 84, 89, 95, 98, 101, 105]","[37.99999999999997, 368.0, 460.9999999999999, 192.9999999999999, 950.9999999999998, 153.99999999999977, 881.0, 242.99999999999991, 491.00000000000006, 186.0, 321.0, 943.0000000000001, 809.9999999999998, 205.00000000000003, 478.0000000000001, 276.0, 346.9999999999999, 79.0, 1008.0, 114.0, 892.9999999999997]","[1, 1, 1, 15, 1, 24, 27, 35, 35, 49, 35, 35, 63, 73, 73, 73, 35, 92, 35, 99, 99]","[3, 8, 18, 18, 35, 27, 35, 39, 49, 53, 56, 73, 73, 75, 81, 85, 92, 97, 106, 102, 106]",0.05,30,52684909.0,1016.0,-1016.0,DWT,uc1.l0082987033,2.3283064365386963e-10,0.0,0.0,0.0,0.0,0.0,0.0,0.0,1.0,84,0.0,0.0,1.0,84,,0.0,0.0,1.0,84,0.0,0.0,0.0,3.0517578125e-05,0.0,0.0,0.0,0.0,0.0,0.0,8.5265128291212e-14,0.0,0.0,0.0,2.842170943040401e-14,0.0,0.0,0.0,2.842170943040401e-14,2.842170943040401e-14,5.551115123125783e-17,2.3283064365386963e-10,0.0,1.3877787807814457e-17,0.0,0.0,0.0,2.7755575615628914e-17,0.9453160513826827,0.06928184689565736,0.0793582363866826,0.5019952114924183,0.1561161967105621,0.0,0.0,0.0,474,0.9047542357519718,0.5115454567070785,437,0,0,0.0,0.0,743,0,0,0.35041350857360065,0.47662589016514206,443,146.73189837250794,0.8104239039114884,524.25,499.9209172536052,0.5665491612580698,542,bior,385.74074074074076,410.0,199.97417605530825,135,0.8534087184529663,0.7130285416801533,0.18870533457887761,4,407.5
db5,1,constant,6.229313180754129e-27,322.150621454621,9334686.509296488,0.5689655172413793,381.9286080625517,108,raw,4.730372472328814e-14,-1.1083367557063251e-10,"[2, 5, 11, 17, 22, 25, 29, 38, 44, 52, 55, 60, 65, 74, 78, 84, 89, 95, 98, 101, 105]","[37.99999999999997, 367.9999999999999, 461.00000000000006, 192.9999999999999, 951.0000000000001, 154.0, 880.9999999999998, 242.99999999999997, 491.0, 186.0000000000001, 321.0, 943.0, 810.0, 204.99999999999997, 478.0000000000001, 275.9999999999999, 346.9999999999999, 79.0, 1008.0, 113.99999999999977, 893.0]",21,5.645666275718317,110722.62234802151,0.8180048603657855,4.365923718251291e-06,1.0,0.4907407407407407,67631.0,0.1291094199047374,0.15147910127183992,188156.12126451553,82872438.25058056,8,12069.579557418134,0.027777777777777776,"[0.0, 0.009259259259259259, 0.018518518518518517, 0.027777777777777776, 0.037037037037037035, 0.046296296296296294, 0.05555555555555555, 0.06481481481481481, 0.07407407407407407, 0.08333333333333333, 0.09259259259259259, 0.10185185185185185, 0.1111111111111111, 0.12037037037037036, 0.12962962962962962, 0.1388888888888889, 0.14814814814814814, 0.15740740740740738, 0.16666666666666666, 0.17592592592592593, 0.18518518518518517, 0.19444444444444442, 0.2037037037037037, 0.21296296296296297, 0.2222222222222222, 0.23148148148148145, 0.24074074074074073]","[67631.0, 1786.6346316370013, 1155.9831840869385, 12069.579557418134, 1906.577854206843, 950.5914327636017, 9083.877197385176, 2481.229636774484, 778.6316126029441, 8965.16239638599, 2042.6423114779177, 1606.717102154149, 6927.939836298322, 1790.9411989177945, 2115.064375989648, 4469.1464533967255, 811.312481865886, 852.4454942250577, 2613.5185095958273, 1125.8336361545937, 622.5282936168361, 1595.9028958466977, 1672.0836322356429, 807.7671822537573, 3024.6344394117605, 842.7313814743659, 842.8235732269195]",3.0,0.3,145.15000000000003,15,0.5,1721880.1384885088,0.14445541615564297,0.12412575453778012,16430975.452705398,84089526828.82368,"[0.046875, 0.03125]",2,1721880.1384885088,0.046875,"[0.0, 0.015625, 0.03125, 0.046875, 0.0625, 0.078125, 0.09375, 0.109375, 0.125, 0.140625, 0.15625, 0.171875, 0.1875, 0.203125, 0.21875, 0.234375]","[154749.3857115654, 876106.9067082776, 1710291.3768915324, 1721880.1384885088, 1236443.3975593029, 1200279.6938555269, 1385236.6101427812, 1437054.0474222805, 1048940.2936461219, 664501.8455342905, 393060.29715082515, 165807.0810689745, 58528.06662853263, 51528.95639390755, 141871.95181127623, 339557.7347245398]",3.0,0.3,flattop,64,32,145.15000000000003,15,21,449.5238095238095,37.99999999999997,1008.0,"[2, 5, 11, 17, 22, 25, 29, 38, 44, 52, 55, 60, 65, 74, 78, 84, 89, 95, 98, 101, 105]","[37.99999999999997, 367.9999999999999, 461.00000000000006, 192.9999999999999, 951.0000000000001, 154.0, 880.9999999999998, 242.99999999999997, 491.0, 186.0000000000001, 321.0, 943.0, 810.0, 204.99999999999997, 478.0000000000001, 275.9999999999999, 346.9999999999999, 79.0, 1008.0, 113.99999999999977, 893.0]","[1, 1, 1, 15, 1, 24, 27, 35, 35, 49, 35, 35, 63, 73, 73, 73, 35, 92, 35, 99, 99]","[3, 8, 18, 18, 35, 27, 35, 39, 49, 53, 56, 73, 73, 75, 81, 85, 92, 97, 106, 102, 106]",0.05,30,52684909.0,1016.0,-1016.0,DWT,uc1.l0082987033,0.0,0.0,0.0,0.0,0.0,0.0,1.862645149230957e-09,0.0,1.0,84,0.0,3.637978807091713e-12,1.0,84,,0.0,0.0,1.0,84,0.0,0.0,0.0,3.0517578125e-05,0.0,0.0,0.0,0.0,0.0,0.0,6.631732200427602e-14,0.0,0.0,0.0,2.842170943040401e-14,0.0,0.0,0.0,2.842170943040401e-14,2.842170943040401e-14,5.551115123125783e-17,0.0,0.0,4.163336342344337e-17,0.0,0.0,0.0,5.551115123125783e-17,0.9664811748482661,0.2580364723538885,0.019991327145026497,0.5630899633981896,0.0611925894527514,0.0,0.0,0.0,669,0.9686156257987937,0.5476525039543333,332,0,0,0.0,0.0,624,0,0,0.37375830543962446,0.5083790455508624,353,176.68144592269255,0.7717293980326969,494.5,447.31512424182915,0.566420254571904,543,db,413.2962962962963,398.0,188.41229481502944,243,0.9143723369387087,0.671803462110104,0.15839832550987273,5,408.5
sym16,1,zero,2.283938742022153e-19,246.50817859751155,9370130.015511492,0.6014492753623188,258.44365500288103,108,raw,3.7591888449831597e-10,6.478071409613426e-10,"[2, 5, 11, 17, 22, 25, 29, 38, 44, 52, 55, 60, 65, 74, 78, 84, 89, 95, 98, 101, 105]","[37.99999999978132, 367.9999999989093, 460.99999999934073, 192.99999999934988, 950.9999999992684, 153.9999999991602, 880.9999999977679, 242.99999999938652, 490.9999999992331, 185.99999999959812, 320.9999999991128, 942.999999999389, 809.9999999979304, 204.99999999947318, 477.99999999898307, 275.9999999995231, 346.9999999993041, 79.00000000020464, 1007.9999999988995, 113.999999999372, 892.9999999976094]",21,5.622644393703324,141465.99201838896,0.9087774783198054,4.365923718265816e-06,0.9999999999999997,0.4907407407407407,67630.99999999924,0.12910941990463812,0.15147910127184488,188156.1212643206,82872438.25057867,8,12069.579557416137,0.027777777777777776,"[0.0, 0.009259259259259259, 0.018518518518518517, 0.027777777777777776, 0.037037037037037035, 0.046296296296296294, 0.05555555555555555, 0.06481481481481481, 0.07407407407407407, 0.08333333333333333, 0.09259259259259259, 0.10185185185185185, 0.1111111111111111, 0.12037037037037036, 0.12962962962962962, 0.1388888888888889, 0.14814814814814814, 0.15740740740740738, 0.16666666666666666, 0.17592592592592593, 0.18518518518518517, 0.19444444444444442, 0.2037037037037037, 0.21296296296296297, 0.2222222222222222, 0.23148148148148145, 0.24074074074074073]","[67630.99999999924, 1786.6346316365184, 1155.9831840867512, 12069.579557416137, 1906.577854206132, 950.5914327624517, 9083.877197378928, 2481.2296367724275, 778.631612602289, 8965.162396374297, 2042.6423114743843, 1606.717102151661, 6927.939836285737, 1790.941198914499, 2115.064375985211, 4469.146453386732, 811.31248186416, 852.4454942229162, 2613.5185095890074, 1125.8336361516797, 622.5282936152912, 1595.9028958421611, 1672.083632230817, 807.7671822515555, 3024.6344394028883, 842.7313814718241, 842.8235732243229]",3.0,0.3,145.15000000046228,15,0.5,1721880.1384869204,0.1444554161555277,0.1241257545377978,16430975.452658106,84089526828.51384,"[0.046875, 0.03125]",2,1721880.1384869204,0.046875,"[0.0, 0.015625, 0.03125, 0.046875, 0.0625, 0.078125, 0.09375, 0.109375, 0.125, 0.140625, 0.15625, 0.171875, 0.1875, 0.203125, 0.21875, 0.234375]","[154749.38571151072, 876106.9067077073, 1710291.3768901038, 1721880.1384869204, 1236443.3975573473, 1200279.6938525022, 1385236.6101384957, 1437054.0474173597, 1048940.293642085, 664501.8455314607, 393060.29714903893, 165807.08106818056, 58528.066628229295, 51528.95639360478, 141871.9518104255, 339557.7347225173]",3.0,0.3,flattop,64,32,145.15000000046228,15,21,449.5238095229332,37.99999999978132,1007.9999999988995,"[2, 5, 11, 17, 22, 25, 29, 38, 44, 52, 55, 60, 65, 74, 78, 84, 89, 95, 98, 101, 105]","[37.99999999978132, 367.9999999989093, 460.99999999934073, 192.99999999934988, 950.9999999992684, 153.9999999991602, 880.9999999977679, 242.99999999938652, 490.9999999992331, 185.99999999959812, 320.9999999991128, 942.999999999389, 809.9999999979304, 204.99999999947318, 477.99999999898307, 275.9999999995231, 346.9999999993041, 79.00000000020464, 1007.9999999988995, 113.999999999372, 892.9999999976094]","[1, 1, 1, 15, 1, 24, 27, 35, 35, 49, 35, 35, 63, 73, 73, 73, 35, 92, 35, 99, 99]","[3, 8, 18, 18, 35, 27, 35, 39, 49, 53, 56, 73, 73, 75, 81, 85, 92, 97, 106, 102, 106]",0.05,30,52684908.99997388,1015.9999999996598,-1015.9999999996598,DWT,uc1.l0082987033,1.5883706510066986e-06,0.0,8.762981451582164e-10,1.8924474716186523e-06,0.0,1.1004885891452432e-09,4.729442298412323e-05,3.4015101846307516e-10,1.0,84,0.0,1.9936123862862587e-09,1.0,84,,0.0,0.0,1.0,84,0.0,0.0,2.612173557281494e-05,0.309814453125,7.566995918750763e-10,0.0,0.0,0.0,8.762981451582164e-10,1.840271579567343e-08,8.95834686854782e-10,0.0,3.4015101846307516e-10,0.0,4.622791038855212e-10,0.0,0.0,0.0,4.622791038855212e-10,2.1867663235752843e-10,9.933720512833588e-14,1.5883706510066986e-06,4.9682480351975755e-15,1.772193503057906e-14,1.9493745639920235e-07,0.0,0.0,1.1521339438047562e-13,0.18988502627539627,0.22853753409241973,0.023429473649789683,0.9256740344911343,0.14441189661870016,0.10994386779140143,0.054971933895700716,0.10994386779140143,39,0.6679488920802763,0.3776563928128008,662,0,0,0.10994386779140143,0.10994386779140143,39,0,0,0.30238759302548807,0.41130193949242644,588,339.6733725213091,0.5611455135383603,332.0,73.40351182575773,0.5661024725314541,544,sym,445.72514619883043,505.0,280.45746329325993,171,0.986117580085908,1.0,0.009717693939864401,6,409.5
db5,1,reflect,6.017577070378697e-27,322.3008064995395,9629720.045500671,0.5603448275862069,462.97299225708997,108,raw,4.738596346585297e-14,-1.1092904372844783e-10,"[2, 5, 11, 17, 22, 25, 29, 38, 44, 52, 55, 60, 65, 74, 78, 84, 89, 95, 98, 101, 105]","[38.00000000000003, 367.9999999999999, 461.00000000000006, 192.9999999999999, 951.0000000000001, 154.0, 880.9999999999998, 242.99999999999997, 491.0, 186.0000000000001, 321.0, 943.0, 810.0, 204.99999999999997, 478.0000000000001, 275.9999999999999, 346.9999999999999, 79.0, 1007.9999999999999, 113.99999999999989, 892.9999999999999]",21,5.71889383674352,100004.9295242769,0.7871448267868741,4.365923718251291e-06,0.9999999999999998,0.4907407407407407,67631.0,0.1291094199047374,0.15147910127183992,188156.12126451553,82872438.25058056,8,12069.579557418134,0.027777777777777776,"[0.0, 0.009259259259259259, 0.018518518518518517, 0.027777777777777776, 0.037037037037037035, 0.046296296296296294, 0.05555555555555555, 0.06481481481481481, 0.07407407407407407, 0.08333333333333333, 0.09259259259259259, 0.10185185185185185, 0.1111111111111111, 0.12037037037037036, 0.12962962962962962, 0.1388888888888889, 0.14814814814814814, 0.15740740740740738, 0.16666666666666666, 0.17592592592592593, 0.18518518518518517, 0.19444444444444442, 0.2037037037037037, 0.21296296296296297, 0.2222222222222222, 0.23148148148148145, 0.24074074074074073]","[67631.0, 1786.6346316370013, 1155.983184086939, 12069.579557418134, 1906.5778542068426, 950.5914327636013, 9083.877197385176, 2481.229636774484, 778.6316126029437, 8965.16239638599, 2042.6423114779177, 1606.717102154149, 6927.939836298322, 1790.9411989177938, 2115.0643759896484, 4469.1464533967255, 811.312481865886, 852.4454942250575, 2613.5185095958273, 1125.8336361545937, 622.5282936168365, 1595.9028958466977, 1672.0836322356427, 807.7671822537575, 3024.6344394117605, 842.7313814743655, 842.8235732269193]",3.0,0.3,145.15,15,0.5,1721880.1384885088,0.14445541615564297,0.12412575453778012,16430975.452705398,84089526828.82368,"[0.046875, 0.03125]",2,1721880.1384885088,0.046875,"[0.0, 0.015625, 0.03125, 0.046875, 0.0625, 0.078125, 0.09375, 0.109375, 0.125, 0.140625, 0.15625, 0.171875, 0.1875, 0.203125, 0.21875, 0.234375]","[154749.3857115654, 876106.9067082776, 1710291.3768915324, 1721880.1384885088, 1236443.3975593029, 1200279.6938555269, 1385236.6101427812, 1437054.0474222805, 1048940.2936461219, 664501.8455342905, 393060.29715082515, 165807.0810689745, 58528.06662853263, 51528.95639390755, 141871.95181127623, 339557.7347245398]",3.0,0.3,flattop,64,32,145.15,15,21,449.5238095238095,38.00000000000003,1007.9999999999999,"[2, 5, 11, 17, 22, 25, 29, 38, 44, 52, 55, 60, 65, 74, 78, 84, 89, 95, 98, 101, 105]","[38.00000000000003, 367.9999999999999, 461.00000000000006, 192.9999999999999, 951.0000000000001, 154.0, 880.9999999999998, 242.99999999999997, 491.0, 186.0000000000001, 321.0, 943.0, 810.0, 204.99999999999997, 478.0000000000001, 275.9999999999999, 346.9999999999999, 79.0, 1007.9999999999999, 113.99999999999989, 892.9999999999999]","[1, 1, 1, 15, 1, 24, 27, 35, 35, 49, 35, 35, 63, 73, 73, 73, 35, 92, 35, 99, 99]","[3, 8, 18, 18, 35, 27, 35, 39, 49, 53, 56, 73, 73, 75, 81, 85, 92, 97, 106, 102, 106]",0.05,30,52684909.0,1016.0,-1016.0,DWT,uc1.l0082987033,0.0,0.0,0.0,0.0,0.0,1.1368683772161603e-13,1.862645149230957e-09,0.0,1.0,84,0.0,3.637978807091713e-12,1.0,84,,0.0,0.0,1.0,84,0.0,0.0,0.0,3.0517578125e-05,0.0,0.0,0.0,0.0,0.0,0.0,7.173098094340059e-14,0.0,0.0,0.0,0.0,0.0,0.0,0.0,0.0,2.842170943040401e-14,5.551115123125783e-17,0.0,0.0,4.163336342344337e-17,0.0,0.0,0.0,5.551115123125783e-17,0.968023075440732,0.3518661297343608,0.04861063233269795,0.4668657291465995,0.032180838926615045,0.0,0.0,0.0,674,0.9806708535272545,0.5544684952261928,316,0,0,0.0,0.0,617,0,0,0.3735092811162011,0.5080403273310439,355,181.1859082084844,0.7659096793172037,490.5,440.2433761130293,0.5660943745423228,545,db,413.2962962962963,398.0,188.41229481502944,243,0.9143723369387087,0.671803462110104,0.15839832550987273,5,410.0
rbio2.8,1,periodization,1.252572336405789e-26,319.11699495289633,9245109.023351708,0.5555555555555556,461.9549321049682,108,raw,8.636712744158068e-14,-1.1956946543989556e-10,"[2, 5, 11, 17, 22, 25, 29, 38, 44, 52, 55, 60, 65, 74, 78, 84, 89, 95, 98, 101, 105]","[38.0, 367.9999999999999, 461.0, 192.9999999999999, 951.0000000000002, 154.0000000000001, 880.9999999999999, 243.00000000000006, 491.0000000000001, 186.0, 321.0000000000001, 943.0, 810.0, 204.99999999999997, 478.0, 276.0, 347.0000000000001, 79.0, 1008.0, 113.99999999999989, 893.0000000000002]",21,5.732450258291344,98358.25546597794,0.6559187982260034,4.365923718251291e-06,1.0,0.4907407407407407,67631.0,0.12910941990473743,0.15147910127183992,188156.12126451556,82872438.25058056,8,12069.57955741813,0.027777777777777776,"[0.0, 0.009259259259259259, 0.018518518518518517, 0.027777777777777776, 0.037037037037037035, 0.046296296296296294, 0.05555555555555555, 0.06481481481481481, 0.07407407407407407, 0.08333333333333333, 0.09259259259259259, 0.10185185185185185, 0.1111111111111111, 0.12037037037037036, 0.12962962962962962, 0.1388888888888889, 0.14814814814814814, 0.15740740740740738, 0.16666666666666666, 0.17592592592592593, 0.18518518518518517, 0.19444444444444442, 0.2037037037037037, 0.21296296296296297, 0.2222222222222222, 0.23148148148148145, 0.24074074074074073]","[67631.0, 1786.634631637001, 1155.9831840869392, 12069.57955741813, 1906.5778542068429, 950.5914327636028, 9083.877197385176, 2481.229636774485, 778.6316126029437, 8965.162396385995, 2042.642311477918, 1606.7171021541508, 6927.939836298322, 1790.941198917795, 2115.064375989648, 4469.146453396728, 811.3124818658853, 852.4454942250578, 2613.5185095958273, 1125.8336361545944, 622.5282936168375, 1595.9028958466977, 1672.0836322356442, 807.7671822537566, 3024.6344394117596, 842.7313814743653, 842.8235732269204]",3.0,0.3,145.15000000000003,15,0.5,1721880.1384885088,0.14445541615564295,0.12412575453778009,16430975.452705404,84089526828.82372,"[0.046875, 0.03125]",2,1721880.1384885088,0.046875,"[0.0, 0.015625, 0.03125, 0.046875, 0.0625, 0.078125, 0.09375, 0.109375, 0.125, 0.140625, 0.15625, 0.171875, 0.1875, 0.203125, 0.21875, 0.234375]","[154749.38571156538, 876106.906708278, 1710291.3768915331, 1721880.1384885088, 1236443.3975593029, 1200279.6938555276, 1385236.6101427816, 1437054.0474222805, 1048940.2936461219, 664501.8455342905, 393060.2971508252, 165807.08106897454, 58528.06662853263, 51528.95639390755, 141871.95181127623, 339557.73472453986]",3.0,0.3,flattop,64,32,145.15000000000003,15,21,449.5238095238095,38.0,1008.0,"[2, 5, 11, 17, 22, 25, 29, 38, 44, 52, 55, 60, 65, 74, 78, 84, 89, 95, 98, 101, 105]","[38.0, 367.9999999999999, 461.0, 192.9999999999999, 951.0000000000002, 154.0000000000001, 880.9999999999999, 243.00000000000006, 491.0000000000001, 186.0, 321.0000000000001, 943.0, 810.0, 204.99999999999997, 478.0, 276.0, 347.0000000000001, 79.0, 1008.0, 113.99999999999989, 893.0000000000002]","[1, 1, 1, 15, 1, 24, 27, 35, 35, 49, 35, 35, 63, 73, 73, 73, 35, 92, 35, 99, 99]","[3, 8, 18, 18, 35, 27, 35, 39, 49, 53, 56, 73, 73, 75, 81, 85, 92, 97, 106, 102, 106]",0.05,30,52684909.0,1016.0,-1016.0,DWT,uc1.l0082987033,0.0,0.0,0.0,0.0,0.0,0.0,3.725290298461914e-09,0.0,1.0,84,0.0,0.0,1.0,84,,0.0,0.0,1.0,84,0.0,0.0,0.0,6.103515625e-05,0.0,0.0,0.0,0.0,0.0,0.0,6.902415147383829e-14,0.0,0.0,0.0,2.842170943040401e-14,0.0,0.0,0.0,2.842170943040401e-14,0.0,2.7755575615628914e-17,0.0,0.0,1.3877787807814457e-17,2.9103830456733704e-11,0.0,0.0,2.7755575615628914e-17,0.9353359266455037,0.3692365620050704,0.01130199154887318,0.41340782122905073,0.02772345264368379,0.0,0.0,0.0,695,0.9279233423133677,0.5246452032781389,410,0,0,0.0,0.0,602,0,0,0.35140115081443635,0.47796926263990536,431,137.26980731391737,0.8226488277597966,534.5,508.9583998426597,0.5660401761538001,546,rbio,366.5925925925926,360.0,210.3588723315502,135,0.8110455588331695,0.7500562468954116,0.20725123474815782,3,410.25
db5,1,zero,6.520665808415756e-27,321.95210368493343,9336747.31993073,0.5689655172413793,381.9286080625517,108,raw,4.963930501212919e-14,-1.1083367557063252e-10,"[2, 5, 11, 17, 22, 25, 29, 38, 44, 52, 55, 60, 65, 74, 78, 84, 89, 95, 98, 101, 105]","[38.0, 367.9999999999999, 461.00000000000006, 192.9999999999999, 951.0000000000001, 154.0, 880.9999999999998, 242.99999999999997, 491.0, 186.0000000000001, 321.0, 943.0, 810.0, 204.99999999999997, 478.0000000000001, 275.9999999999999, 346.9999999999999, 79.0, 1007.9999999999999, 113.99999999999989, 892.9999999999999]",21,5.642747650194615,114076.2748216409,0.8234990074357779,4.365923718251291e-06,1.0,0.4907407407407407,67631.0,0.1291094199047374,0.15147910127183992,188156.12126451553,82872438.25058056,8,12069.57955741813,0.027777777777777776,"[0.0, 0.009259259259259259, 0.018518518518518517, 0.027777777777777776, 0.037037037037037035, 0.046296296296296294, 0.05555555555555555, 0.06481481481481481, 0.07407407407407407, 0.08333333333333333, 0.09259259259259259, 0.10185185185185185, 0.1111111111111111, 0.12037037037037036, 0.12962962962962962, 0.1388888888888889, 0.14814814814814814, 0.15740740740740738, 0.16666666666666666, 0.17592592592592593, 0.18518518518518517, 0.19444444444444442, 0.2037037037037037, 0.21296296296296297, 0.2222222222222222, 0.23148148148148145, 0.24074074074074073]","[67631.0, 1786.6346316370013, 1155.9831840869388, 12069.57955741813, 1906.5778542068426, 950.5914327636015, 9083.877197385176, 2481.229636774484, 778.6316126029441, 8965.16239638599, 2042.6423114779177, 1606.7171021541494, 6927.939836298322, 1790.9411989177936, 2115.064375989648, 4469.1464533967255, 811.312481865886, 852.4454942250572, 2613.5185095958273, 1125.833636154594, 622.5282936168365, 1595.9028958466977, 1672.0836322356424, 807.7671822537576, 3024.634439411761, 842.7313814743658, 842.8235732269193]",3.0,0.3,145.15,15,0.5,1721880.1384885088,0.14445541615564297,0.12412575453778012,16430975.452705398,84089526828.82368,"[0.046875, 0.03125]",2,1721880.1384885088,0.046875,"[0.0, 0.015625, 0.03125, 0.046875, 0.0625, 0.078125, 0.09375, 0.109375, 0.125, 0.140625, 0.15625, 0.171875, 0.1875, 0.203125, 0.21875, 0.234375]","[154749.3857115654, 876106.9067082776, 1710291.3768915324, 1721880.1384885088, 1236443.3975593029, 1200279.6938555269, 1385236.6101427812, 1437054.0474222805, 1048940.2936461219, 664501.8455342905, 393060.29715082515, 165807.0810689745, 58528.06662853263, 51528.95639390755, 141871.95181127623, 339557.7347245398]",3.0,0.3,flattop,64,32,145.15,15,21,449.5238095238095,38.0,1007.9999999999999,"[2, 5, 11, 17, 22, 25, 29, 38, 44, 52, 55, 60, 65, 74, 78, 84, 89, 95, 98, 101, 105]","[38.0, 367.9999999999999, 461.00000000000006, 192.9999999999999, 951.0000000000001, 154.0, 880.9999999999998, 242.99999999999997, 491.0, 186.0000000000001, 321.0, 943.0, 810.0, 204.99999999999997, 478.0000000000001, 275.9999999999999, 346.9999999999999, 79.0, 1007.9999999999999, 113.99999999999989, 892.9999999999999]","[1, 1, 1, 15, 1, 24, 27, 35, 35, 49, 35, 35, 63, 73, 73, 73, 35, 92, 35, 99, 99]","[3, 8, 18, 18, 35, 27, 35, 39, 49, 53, 56, 73, 73, 75, 81, 85, 92, 97, 106, 102, 106]",0.05,30,52684909.0,1016.0,-1016.0,DWT,uc1.l0082987033,0.0,0.0,0.0,0.0,0.0,1.1368683772161603e-13,1.862645149230957e-09,0.0,1.0,84,0.0,0.0,1.0,84,,0.0,0.0,1.0,84,0.0,0.0,0.0,3.0517578125e-05,0.0,0.0,0.0,0.0,0.0,0.0,7.037756620861945e-14,0.0,0.0,0.0,0.0,0.0,0.0,0.0,0.0,0.0,5.551115123125783e-17,0.0,0.0,4.163336342344337e-17,0.0,0.0,0.0,5.551115123125783e-17,0.9644430580247011,0.2542967105882801,0.02019123312600136,0.5630899633981896,0.07027060003917647,0.0,0.0,0.0,668,0.9692540320469077,0.5480134570207589,330,0,0,0.0,0.0,626,0,0,0.3744583130352698,0.5093311827694159,348,178.79970171488915,0.7689926334432957,493.0,444.52760438801675,0.5660208645252655,547,db,413.2962962962963,398.0,188.41229481502944,243,0.9143723369387087,0.671803462110104,0.15839832550987273,5,411.5
db24,1,antisymmetric,2.964457474022984e-26,315.3755708653294,11779604.641449071,0.5844155844155844,447.24534493516234,108,raw,1.259897536093141e-13,-1.0779577230835066e-10,"[2, 5, 11, 17, 22, 25, 29, 38, 44, 52, 55, 60, 65, 74, 78, 84, 89, 95, 98, 101, 105]","[38.00000000000006, 367.99999999999994, 461.0000000000002, 193.00000000000017, 951.0, 154.0000000000001, 880.9999999999998, 243.00000000000023, 490.99999999999983, 185.99999999999966, 321.00000000000045, 943.0000000000001, 810.0, 205.00000000000003, 477.99999999999994, 275.9999999999998, 346.9999999999999, 79.00000000000011, 1008.0, 114.00000000000034, 892.9999999999999]",21,6.089920836415236,389759.45405839814,0.9525987758165957,4.365923718251292e-06,0.9999999999999998,0.4907407407407407,67631.0,0.1291094199047374,0.15147910127183992,188156.12126451553,82872438.25058056,8,12069.579557418134,0.027777777777777776,"[0.0, 0.009259259259259259, 0.018518518518518517, 0.027777777777777776, 0.037037037037037035, 0.046296296296296294, 0.05555555555555555, 0.06481481481481481, 0.07407407407407407, 0.08333333333333333, 0.09259259259259259, 0.10185185185185185, 0.1111111111111111, 0.12037037037037036, 0.12962962962962962, 0.1388888888888889, 0.14814814814814814, 0.15740740740740738, 0.16666666666666666, 0.17592592592592593, 0.18518518518518517, 0.19444444444444442, 0.2037037037037037, 0.21296296296296297, 0.2222222222222222, 0.23148148148148145, 0.24074074074074073]","[67631.0, 1786.634631637, 1155.9831840869422, 12069.579557418134, 1906.5778542068435, 950.5914327636009, 9083.877197385176, 2481.2296367744834, 778.6316126029452, 8965.162396385991, 2042.6423114779204, 1606.7171021541478, 6927.939836298322, 1790.9411989177954, 2115.064375989646, 4469.146453396726, 811.3124818658863, 852.445494225056, 2613.518509595828, 1125.8336361545926, 622.5282936168375, 1595.9028958466977, 1672.0836322356404, 807.7671822537575, 3024.6344394117605, 842.7313814743644, 842.8235732269198]",3.0,0.3,145.14999999999995,15,0.5,1721880.1384885078,0.14445541615564295,0.12412575453778009,16430975.452705402,84089526828.82368,"[0.046875, 0.03125]",2,1721880.1384885078,0.046875,"[0.0, 0.015625, 0.03125, 0.046875, 0.0625, 0.078125, 0.09375, 0.109375, 0.125, 0.140625, 0.15625, 0.171875, 0.1875, 0.203125, 0.21875, 0.234375]","[154749.3857115654, 876106.9067082778, 1710291.376891532, 1721880.1384885078, 1236443.3975593029, 1200279.693855527, 1385236.610142782, 1437054.047422281, 1048940.2936461228, 664501.8455342909, 393060.2971508254, 165807.08106897463, 58528.066628532615, 51528.95639390754, 141871.95181127626, 339557.7347245399]",3.0,0.3,flattop,64,32,145.14999999999995,15,21,449.5238095238095,38.00000000000006,1008.0,"[2, 5, 11, 17, 22, 25, 29, 38, 44, 52, 55, 60, 65, 74, 78, 84, 89, 95, 98, 101, 105]","[38.00000000000006, 367.99999999999994, 461.0000000000002, 193.00000000000017, 951.0, 154.0000000000001, 880.9999999999998, 243.00000000000023, 490.99999999999983, 185.99999999999966, 321.00000000000045, 943.0000000000001, 810.0, 205.00000000000003, 477.99999999999994, 275.9999999999998, 346.9999999999999, 79.00000000000011, 1008.0, 114.00000000000034, 892.9999999999999]","[1, 1, 1, 15, 1, 24, 27, 35, 35, 49, 35, 35, 63, 73, 73, 73, 35, 92, 35, 99, 99]","[3, 8, 18, 18, 35, 27, 35, 39, 49, 53, 56, 73, 73, 75, 81, 85, 92, 97, 106, 102, 106]",0.05,30,52684909.0,1016.0000000000001,-1016.0000000000001,DWT,uc1.l0082987033,9.313225746154785e-10,0.0,0.0,0.0,0.0,0.0,1.862645149230957e-09,1.1368683772161603e-13,1.0,84,0.0,3.637978807091713e-12,1.0,84,,0.0,0.0,1.0,84,0.0,0.0,0.0,3.0517578125e-05,0.0,0.0,0.0,0.0,0.0,0.0,1.5022903556070692e-13,0.0,1.1368683772161603e-13,0.0,5.684341886080802e-14,0.0,0.0,0.0,5.684341886080802e-14,5.684341886080802e-14,5.551115123125783e-17,9.313225746154785e-10,0.0,1.3877787807814457e-17,0.0,0.0,0.0,2.7755575615628914e-17,0.8969239528007277,0.827279154157224,0.2571571052568447,0.7355437858231152,0.8165181135478281,0.0,0.0,0.0,742,1.7011972611358483,0.9618520649127251,5,0,0,0.0,0.0,476,0,0,0.7066844223171481,0.9612189131173394,4,365.5127676748561,0.5277612820738293,306.75,8.821287457603413,0.5657217263082325,548,db,413.2962962962963,398.0,188.41229481502944,243,0.9143723369387087,0.671803462110104,0.15839832550987273,5,412.25
sym7,1,symmetric,7.514418494300919e-20,251.3360693297733,9924827.723390225,0.5833333333333334,473.2298813031375,108,raw,2.089428547875556e-10,-1.0760636831714427e-10,"[2, 5, 11, 17, 22, 25, 29, 38, 44, 52, 55, 60, 65, 74, 78, 84, 89, 95, 98, 101, 105]","[37.9999999998617, 367.9999999995638, 461.0000000000464, 192.99999999941144, 951.0000000000268, 153.99999999913632, 880.9999999986992, 242.99999999961062, 491.0000000000387, 185.99999999986915, 320.9999999997556, 943.0000000003297, 809.9999999987999, 204.9999999995346, 477.99999999959346, 275.99999999977376, 346.9999999997651, 79.00000000068462, 1007.9999999998624, 113.99999999918487, 892.999999999035]",21,5.7399721758314115,104211.73655432533,0.8363844626021677,4.365923718256392e-06,1.0,0.4907407407407407,67631.0,0.12910941990469432,0.15147910127184763,188156.12126445275,82872438.25058298,8,12069.57955741852,0.027777777777777776,"[0.0, 0.009259259259259259, 0.018518518518518517, 0.027777777777777776, 0.037037037037037035, 0.046296296296296294, 0.05555555555555555, 0.06481481481481481, 0.07407407407407407, 0.08333333333333333, 0.09259259259259259, 0.10185185185185185, 0.1111111111111111, 0.12037037037037036, 0.12962962962962962, 0.1388888888888889, 0.14814814814814814, 0.15740740740740738, 0.16666666666666666, 0.17592592592592593, 0.18518518518518517, 0.19444444444444442, 0.2037037037037037, 0.21296296296296297, 0.2222222222222222, 0.23148148148148145, 0.24074074074074073]","[67631.0, 1786.6346316369854, 1155.9831840868949, 12069.57955741852, 1906.5778542070773, 950.5914327637252, 9083.877197386053, 2481.2296367745807, 778.6316126032078, 8965.162396387006, 2042.642311478382, 1606.7171021544334, 6927.939836298651, 1790.9411989176258, 2115.064375989065, 4469.146453396208, 811.3124818650278, 852.4454942251767, 2613.5185095943607, 1125.8336361529234, 622.5282936151225, 1595.9028958450665, 1672.0836322333505, 807.767182250798, 3024.6344394042594, 842.731381472453, 842.8235732253348]",3.0,0.3,145.15000000016792,15,0.5,1721880.1384887502,0.1444554161555437,0.1241257545377849,16430975.452693451,84089526828.87544,"[0.046875, 0.03125]",2,1721880.1384887502,0.046875,"[0.0, 0.015625, 0.03125, 0.046875, 0.0625, 0.078125, 0.09375, 0.109375, 0.125, 0.140625, 0.15625, 0.171875, 0.1875, 0.203125, 0.21875, 0.234375]","[154749.38571160173, 876106.9067084163, 1710291.3768917783, 1721880.1384887502, 1236443.397559543, 1200279.6938558049, 1385236.6101430557, 1437054.0474224328, 1048940.2936460678, 664501.8455340953, 393060.29715059133, 165807.08106881264, 58528.06662840394, 51528.956393625456, 141871.95181041528, 339557.7347225612]",3.0,0.3,flattop,64,32,145.15000000016792,15,21,449.52380952345646,37.9999999998617,1007.9999999998624,"[2, 5, 11, 17, 22, 25, 29, 38, 44, 52, 55, 60, 65, 74, 78, 84, 89, 95, 98, 101, 105]","[37.9999999998617, 367.9999999995638, 461.0000000000464, 192.99999999941144, 951.0000000000268, 153.99999999913632, 880.9999999986992, 242.99999999961062, 491.0000000000387, 185.99999999986915, 320.9999999997556, 943.0000000003297, 809.9999999987999, 204.9999999995346, 477.99999999959346, 275.99999999977376, 346.9999999997651, 79.00000000068462, 1007.9999999998624, 113.99999999918487, 892.999999999035]","[1, 1, 1, 15, 1, 24, 27, 35, 35, 49, 35, 35, 63, 73, 73, 73, 35, 92, 35, 99, 99]","[3, 8, 18, 18, 35, 27, 35, 39, 49, 53, 56, 73, 73, 75, 81, 85, 92, 97, 106, 102, 106]",0.05,30,52684908.99999431,1015.9999999998913,-1015.9999999998913,DWT,uc1.l0082987033,2.414453774690628e-07,0.0,3.530544745444786e-10,2.4139881134033203e-06,0.0,1.375610736431554e-10,1.194886863231659e-05,1.0868461686186492e-10,1.0,84,0.0,3.892637323588133e-10,1.0,84,,0.0,0.0,1.0,84,0.0,0.0,5.692243576049805e-06,0.051788330078125,0.0,0.0,0.0,0.0,3.530544745444786e-10,7.414200808852911e-09,4.6044116667568835e-10,0.0,1.0868461686186492e-10,0.0,1.6791545931482688e-10,0.0,0.0,0.0,1.6791545931482688e-10,1.383000380883459e-10,4.313216450668733e-14,2.414453774690628e-07,7.716050021144838e-15,4.829470157119431e-15,6.27769622951746e-08,0.0,0.0,9.922618282587337e-14,0.23945139677836513,0.3788747219512386,0.07723712952826128,0.7234636871508384,0.04356825579650067,0.023958104675593464,0.011979052337796732,0.023958104675593464,125,0.6785395409857047,0.38364431540776817,655,0,0,0.023958104675593464,0.023958104675593464,125,0,0,0.2925190382410408,0.3978789161394535,612,294.1069816693692,0.6200168195486186,379.25,208.76059139980939,0.5650148697226297,549,sym,445.72514619883043,505.0,280.45746329325993,171,0.986117580085908,1.0,0.009717693939864401,6,413.25
coif5,1,periodization,4.041330034886659e-26,314.0297799266775,9357873.861356568,0.5555555555555556,428.3344964864249,108,raw,1.469606329633448e-13,-1.1059764215559715e-10,"[2, 5, 11, 17, 22, 25, 29, 38, 44, 52, 55, 60, 65, 74, 78, 84, 89, 95, 98, 101, 105]","[38.0, 367.9999999999999, 460.9999999999998, 193.0000000000001, 951.0000000000001, 153.99999999999977, 881.0000000000006, 242.99999999999991, 491.00000000000006, 186.0000000000001, 320.99999999999966, 943.0000000000002, 810.0000000000002, 205.00000000000003, 477.9999999999999, 276.0, 347.0000000000001, 79.0, 1007.9999999999999, 114.00000000000011, 893.0]",21,5.6300084592465875,95467.34242112486,0.7723381599661151,4.36592371825129e-06,1.0,0.4907407407407407,67631.0,0.12910941990473745,0.15147910127183992,188156.12126451553,82872438.25058056,8,12069.57955741813,0.027777777777777776,"[0.0, 0.009259259259259259, 0.018518518518518517, 0.027777777777777776, 0.037037037037037035, 0.046296296296296294, 0.05555555555555555, 0.06481481481481481, 0.07407407407407407, 0.08333333333333333, 0.09259259259259259, 0.10185185185185185, 0.1111111111111111, 0.12037037037037036, 0.12962962962962962, 0.1388888888888889, 0.14814814814814814, 0.15740740740740738, 0.16666666666666666, 0.17592592592592593, 0.18518518518518517, 0.19444444444444442, 0.2037037037037037, 0.21296296296296297, 0.2222222222222222, 0.23148148148148145, 0.24074074074074073]","[67631.0, 1786.6346316370036, 1155.9831840869383, 12069.57955741813, 1906.5778542068447, 950.5914327636042, 9083.877197385176, 2481.2296367744852, 778.6316126029478, 8965.162396385991, 2042.642311477914, 1606.7171021541474, 6927.939836298324, 1790.9411989177931, 2115.0643759896498, 4469.146453396726, 811.3124818658833, 852.4454942250583, 2613.518509595828, 1125.8336361545955, 622.528293616835, 1595.9028958466965, 1672.0836322356438, 807.7671822537546, 3024.6344394117614, 842.731381474365, 842.8235732269204]",3.0,0.3,145.15,15,0.5,1721880.1384885088,0.14445541615564297,0.1241257545377801,16430975.452705408,84089526828.82367,"[0.046875, 0.03125]",2,1721880.1384885088,0.046875,"[0.0, 0.015625, 0.03125, 0.046875, 0.0625, 0.078125, 0.09375, 0.109375, 0.125, 0.140625, 0.15625, 0.171875, 0.1875, 0.203125, 0.21875, 0.234375]","[154749.38571156535, 876106.9067082779, 1710291.3768915327, 1721880.1384885088, 1236443.3975593026, 1200279.6938555264, 1385236.6101427814, 1437054.0474222812, 1048940.2936461228, 664501.8455342914, 393060.2971508255, 165807.08106897463, 58528.06662853257, 51528.95639390745, 141871.95181127617, 339557.73472454003]",3.0,0.3,flattop,64,32,145.15,15,21,449.5238095238095,38.0,1007.9999999999999,"[2, 5, 11, 17, 22, 25, 29, 38, 44, 52, 55, 60, 65, 74, 78, 84, 89, 95, 98, 101, 105]","[38.0, 367.9999999999999, 460.9999999999998, 193.0000000000001, 951.0000000000001, 153.99999999999977, 881.0000000000006, 242.99999999999991, 491.00000000000006, 186.0000000000001, 320.99999999999966, 943.0000000000002, 810.0000000000002, 205.00000000000003, 477.9999999999999, 276.0, 347.0000000000001, 79.0, 1007.9999999999999, 114.00000000000011, 893.0]","[1, 1, 1, 15, 1, 24, 27, 35, 35, 49, 35, 35, 63, 73, 73, 73, 35, 92, 35, 99, 99]","[3, 8, 18, 18, 35, 27, 35, 39, 49, 53, 56, 73, 73, 75, 81, 85, 92, 97, 106, 102, 106]",0.05,30,52684909.0,1015.9999999999998,-1015.9999999999998,DWT,uc1.l0082987033,0.0,0.0,0.0,0.0,0.0,1.1368683772161603e-13,7.450580596923828e-09,2.2737367544323206e-13,1.0,84,0.0,0.0,1.0,84,,0.0,0.0,1.0,84,0.0,0.0,0.0,1.52587890625e-05,0.0,0.0,0.0,0.0,0.0,0.0,1.3804830294767665e-13,0.0,2.2737367544323206e-13,0.0,0.0,0.0,0.0,0.0,0.0,0.0,0.0,0.0,0.0,2.7755575615628914e-17,0.0,0.0,0.0,5.551115123125783e-17,0.8831071586800565,0.23797343141274574,0.02224058298773225,0.41340782122905073,0.019898032618189204,0.0,0.0,0.0,384,0.8332936439471689,0.4711418425245335,542,0,0,0.0,0.0,698,0,0,0.3153254053855549,0.42889970950422734,557,128.4299419917334,0.8340698423879414,545.25,521.0245106763716,0.5648062390234281,550,coif,217.80246913580248,181.0,166.32516494453617,81,0.48186386976947454,0.5930495234160287,0.4847804341365592,1,412.75
db23,1,smooth,2.994352380623804e-26,315.33199403633466,15339068.192284713,0.5394736842105263,355.2753864293795,108,raw,1.2868718436544034e-13,-1.213249500864329e-10,"[2, 5, 11, 17, 22, 25, 29, 38, 44, 52, 55, 60, 65, 74, 78, 84, 89, 95, 98, 101, 105]","[38.0, 368.0000000000001, 461.0000000000001, 192.99999999999966, 950.9999999999999, 153.99999999999966, 880.9999999999998, 243.0000000000001, 491.00000000000006, 185.9999999999999, 320.9999999999999, 943.0000000000002, 810.0, 205.00000000000014, 478.0, 276.0, 346.9999999999999, 78.99999999999977, 1008.0000000000005, 114.0, 893.0000000000001]",21,5.8201994546541975,141187.35068745015,0.9058269981326784,4.365923718251291e-06,0.9999999999999998,0.4907407407407407,67631.0,0.12910941990473743,0.15147910127183992,188156.12126451556,82872438.25058056,8,12069.57955741813,0.027777777777777776,"[0.0, 0.009259259259259259, 0.018518518518518517, 0.027777777777777776, 0.037037037037037035, 0.046296296296296294, 0.05555555555555555, 0.06481481481481481, 0.07407407407407407, 0.08333333333333333, 0.09259259259259259, 0.10185185185185185, 0.1111111111111111, 0.12037037037037036, 0.12962962962962962, 0.1388888888888889, 0.14814814814814814, 0.15740740740740738, 0.16666666666666666, 0.17592592592592593, 0.18518518518518517, 0.19444444444444442, 0.2037037037037037, 0.21296296296296297, 0.2222222222222222, 0.23148148148148145, 0.24074074074074073]","[67631.0, 1786.6346316370016, 1155.9831840869394, 12069.57955741813, 1906.5778542068438, 950.5914327635995, 9083.877197385178, 2481.2296367744843, 778.6316126029444, 8965.162396385991, 2042.6423114779177, 1606.71710215415, 6927.939836298324, 1790.9411989177936, 2115.064375989649, 4469.146453396724, 811.3124818658872, 852.4454942250575, 2613.5185095958277, 1125.8336361545937, 622.5282936168368, 1595.9028958466984, 1672.0836322356422, 807.7671822537587, 3024.6344394117596, 842.731381474363, 842.8235732269192]",3.0,0.3,145.15000000000006,15,0.5,1721880.1384885088,0.14445541615564297,0.1241257545377801,16430975.452705402,84089526828.82372,"[0.046875, 0.03125]",2,1721880.1384885088,0.046875,"[0.0, 0.015625, 0.03125, 0.046875, 0.0625, 0.078125, 0.09375, 0.109375, 0.125, 0.140625, 0.15625, 0.171875, 0.1875, 0.203125, 0.21875, 0.234375]","[154749.38571156524, 876106.9067082774, 1710291.3768915324, 1721880.1384885088, 1236443.3975593029, 1200279.6938555273, 1385236.6101427819, 1437054.0474222812, 1048940.2936461226, 664501.845534291, 393060.2971508251, 165807.08106897457, 58528.066628532615, 51528.95639390759, 141871.95181127635, 339557.73472454003]",3.0,0.3,flattop,64,32,145.15000000000006,15,21,449.5238095238095,38.0,1008.0000000000005,"[2, 5, 11, 17, 22, 25, 29, 38, 44, 52, 55, 60, 65, 74, 78, 84, 89, 95, 98, 101, 105]","[38.0, 368.0000000000001, 461.0000000000001, 192.99999999999966, 950.9999999999999, 153.99999999999966, 880.9999999999998, 243.0000000000001, 491.00000000000006, 185.9999999999999, 320.9999999999999, 943.0000000000002, 810.0, 205.00000000000014, 478.0, 276.0, 346.9999999999999, 78.99999999999977, 1008.0000000000005, 114.0, 893.0000000000001]","[1, 1, 1, 15, 1, 24, 27, 35, 35, 49, 35, 35, 63, 73, 73, 73, 35, 92, 35, 99, 99]","[3, 8, 18, 18, 35, 27, 35, 39, 49, 53, 56, 73, 73, 75, 81, 85, 92, 97, 106, 102, 106]",0.05,30,52684909.0,1016.0000000000005,-1016.0000000000005,DWT,uc1.l0082987033,0.0,0.0,0.0,0.0,0.0,4.547473508864641e-13,1.862645149230957e-09,4.547473508864641e-13,1.0,84,0.0,0.0,1.0,84,,0.0,0.0,1.0,84,0.0,0.0,0.0,6.103515625e-05,0.0,0.0,0.0,0.0,0.0,0.0,1.394017176824578e-13,0.0,4.547473508864641e-13,0.0,5.684341886080802e-14,0.0,0.0,0.0,5.684341886080802e-14,0.0,2.7755575615628914e-17,0.0,0.0,2.7755575615628914e-17,2.9103830456733704e-11,0.0,0.0,5.551115123125783e-17,0.8964765637915142,0.48167342204612185,0.6024377637758048,0.23390179359012092,0.14365764167667028,0.0,0.0,0.0,736,1.2309653052925884,0.6959842622489685,104,0,0,0.0,0.0,503,0,0,0.47162943697604637,0.6415015252746112,124,307.0693461310219,0.6032695786420905,366.75,190.23461093530895,0.5647161846698825,551,db,413.2962962962963,398.0,188.41229481502944,243,0.9143723369387087,0.671803462110104,0.15839832550987273,5,414.5
bior3.5,1,reflect,8.109373237389747e-27,321.00515021713363,10723132.569220344,0.5677966101694916,360.6960678822681,108,raw,6.088956499499743e-14,-1.0859502186377835e-10,"[2, 5, 11, 17, 22, 25, 29, 38, 44, 52, 55, 60, 65, 74, 78, 84, 89, 95, 98, 101, 105]","[37.99999999999997, 367.9999999999999, 461.0000000000002, 192.9999999999999, 951.0, 154.0000000000001, 881.0, 242.99999999999994, 491.0000000000001, 186.0, 321.0, 943.0, 809.9999999999999, 204.99999999999997, 477.9999999999998, 276.0, 346.99999999999966, 79.00000000000011, 1008.0, 114.0, 893.0]",21,5.584623181767488,126226.30984181023,0.9088417171964103,4.365923718251291e-06,0.9999999999999998,0.4907407407407407,67631.0,0.12910941990473743,0.15147910127183992,188156.12126451553,82872438.25058056,8,12069.57955741813,0.027777777777777776,"[0.0, 0.009259259259259259, 0.018518518518518517, 0.027777777777777776, 0.037037037037037035, 0.046296296296296294, 0.05555555555555555, 0.06481481481481481, 0.07407407407407407, 0.08333333333333333, 0.09259259259259259, 0.10185185185185185, 0.1111111111111111, 0.12037037037037036, 0.12962962962962962, 0.1388888888888889, 0.14814814814814814, 0.15740740740740738, 0.16666666666666666, 0.17592592592592593, 0.18518518518518517, 0.19444444444444442, 0.2037037037037037, 0.21296296296296297, 0.2222222222222222, 0.23148148148148145, 0.24074074074074073]","[67631.0, 1786.6346316370007, 1155.9831840869401, 12069.57955741813, 1906.5778542068438, 950.5914327636013, 9083.877197385176, 2481.2296367744834, 778.631612602943, 8965.162396385991, 2042.6423114779163, 1606.717102154152, 6927.939836298323, 1790.9411989177927, 2115.064375989649, 4469.146453396725, 811.3124818658853, 852.4454942250576, 2613.518509595828, 1125.8336361545933, 622.5282936168378, 1595.9028958466974, 1672.0836322356427, 807.7671822537568, 3024.6344394117596, 842.7313814743655, 842.8235732269197]",3.0,0.3,145.15000000000003,15,0.5,1721880.1384885085,0.14445541615564295,0.12412575453778009,16430975.452705398,84089526828.82368,"[0.046875, 0.03125]",2,1721880.1384885085,0.046875,"[0.0, 0.015625, 0.03125, 0.046875, 0.0625, 0.078125, 0.09375, 0.109375, 0.125, 0.140625, 0.15625, 0.171875, 0.1875, 0.203125, 0.21875, 0.234375]","[154749.38571156544, 876106.9067082775, 1710291.376891532, 1721880.1384885085, 1236443.3975593029, 1200279.693855527, 1385236.6101427814, 1437054.0474222805, 1048940.2936461219, 664501.8455342904, 393060.2971508251, 165807.08106897442, 58528.0666285326, 51528.956393907545, 141871.9518112763, 339557.73472454]",3.0,0.3,flattop,64,32,145.15000000000003,15,21,449.5238095238095,37.99999999999997,1008.0,"[2, 5, 11, 17, 22, 25, 29, 38, 44, 52, 55, 60, 65, 74, 78, 84, 89, 95, 98, 101, 105]","[37.99999999999997, 367.9999999999999, 461.0000000000002, 192.9999999999999, 951.0, 154.0000000000001, 881.0, 242.99999999999994, 491.0000000000001, 186.0, 321.0, 943.0, 809.9999999999999, 204.99999999999997, 477.9999999999998, 276.0, 346.99999999999966, 79.00000000000011, 1008.0, 114.0, 893.0]","[1, 1, 1, 15, 1, 24, 27, 35, 35, 49, 35, 35, 63, 73, 73, 73, 35, 92, 35, 99, 99]","[3, 8, 18, 18, 35, 27, 35, 39, 49, 53, 56, 73, 73, 75, 81, 85, 92, 97, 106, 102, 106]",0.05,30,52684909.0,1016.0,-1016.0,DWT,uc1.l0082987033,2.3283064365386963e-10,0.0,0.0,0.0,0.0,0.0,1.862645149230957e-09,0.0,1.0,84,0.0,0.0,1.0,84,,0.0,0.0,1.0,84,0.0,0.0,0.0,3.0517578125e-05,0.0,0.0,0.0,0.0,0.0,0.0,7.579122514774403e-14,0.0,0.0,0.0,2.842170943040401e-14,0.0,0.0,0.0,2.842170943040401e-14,2.842170943040401e-14,2.7755575615628914e-17,2.3283064365386963e-10,0.0,1.3877787807814457e-17,0.0,0.0,0.0,2.7755575615628914e-17,0.9547209973905643,0.17981930233399743,0.1546755465623083,0.5500426096013641,0.10315956137496296,0.0,0.0,0.0,534,1.001360891273022,0.5661665833806503,282,0,0,0.0,0.0,730,0,0,0.3884836034526395,0.5284081200633427,287,216.00675143769618,0.7209215097704184,458.25,389.3723906164213,0.5644336231022634,552,bior,385.74074074074076,410.0,199.97417605530825,135,0.8534087184529663,0.7130285416801533,0.18870533457887761,4,415.0
coif4,1,smooth,2.2074468278502705e-26,316.65612059928696,9548130.18163709,0.5461538461538461,289.8161425439917,108,raw,1.0431984494348231e-13,-1.1090350859888138e-10,"[2, 5, 11, 17, 22, 25, 29, 38, 44, 52, 55, 60, 65, 74, 78, 84, 89, 95, 98, 101, 105]","[38.0, 368.0000000000003, 460.9999999999999, 193.0, 951.0000000000002, 154.00000000000034, 880.9999999999999, 243.00000000000014, 491.00000000000057, 185.99999999999966, 320.9999999999999, 942.9999999999998, 810.0, 205.00000000000006, 478.0000000000002, 276.0000000000002, 347.0000000000001, 79.0, 1007.9999999999998, 114.00000000000011, 893.0000000000002]",21,5.743370686908417,106275.27559171598,0.8298482341019938,4.365923718251291e-06,0.9999999999999998,0.4907407407407407,67631.0,0.12910941990473737,0.15147910127183992,188156.12126451556,82872438.25058056,8,12069.57955741813,0.027777777777777776,"[0.0, 0.009259259259259259, 0.018518518518518517, 0.027777777777777776, 0.037037037037037035, 0.046296296296296294, 0.05555555555555555, 0.06481481481481481, 0.07407407407407407, 0.08333333333333333, 0.09259259259259259, 0.10185185185185185, 0.1111111111111111, 0.12037037037037036, 0.12962962962962962, 0.1388888888888889, 0.14814814814814814, 0.15740740740740738, 0.16666666666666666, 0.17592592592592593, 0.18518518518518517, 0.19444444444444442, 0.2037037037037037, 0.21296296296296297, 0.2222222222222222, 0.23148148148148145, 0.24074074074074073]","[67631.0, 1786.6346316370016, 1155.9831840869406, 12069.57955741813, 1906.5778542068429, 950.591432763602, 9083.877197385176, 2481.2296367744843, 778.6316126029456, 8965.162396385991, 2042.6423114779172, 1606.717102154151, 6927.939836298324, 1790.9411989177959, 2115.064375989651, 4469.146453396725, 811.3124818658852, 852.4454942250595, 2613.518509595828, 1125.833636154596, 622.5282936168372, 1595.9028958466988, 1672.0836322356433, 807.7671822537578, 3024.634439411759, 842.7313814743648, 842.8235732269212]",3.0,0.3,145.15,15,0.5,1721880.1384885085,0.14445541615564292,0.12412575453778008,16430975.4527054,84089526828.82365,"[0.046875, 0.03125]",2,1721880.1384885085,0.046875,"[0.0, 0.015625, 0.03125, 0.046875, 0.0625, 0.078125, 0.09375, 0.109375, 0.125, 0.140625, 0.15625, 0.171875, 0.1875, 0.203125, 0.21875, 0.234375]","[154749.38571156556, 876106.9067082778, 1710291.3768915324, 1721880.1384885085, 1236443.3975593022, 1200279.6938555269, 1385236.6101427814, 1437054.0474222803, 1048940.2936461219, 664501.8455342905, 393060.2971508249, 165807.0810689744, 58528.0666285326, 51528.95639390746, 141871.95181127609, 339557.73472453956]",3.0,0.3,flattop,64,32,145.15,15,21,449.5238095238095,38.0,1007.9999999999998,"[2, 5, 11, 17, 22, 25, 29, 38, 44, 52, 55, 60, 65, 74, 78, 84, 89, 95, 98, 101, 105]","[38.0, 368.0000000000003, 460.9999999999999, 193.0, 951.0000000000002, 154.00000000000034, 880.9999999999999, 243.00000000000014, 491.00000000000057, 185.99999999999966, 320.9999999999999, 942.9999999999998, 810.0, 205.00000000000006, 478.0000000000002, 276.0000000000002, 347.0000000000001, 79.0, 1007.9999999999998, 114.00000000000011, 893.0000000000002]","[1, 1, 1, 15, 1, 24, 27, 35, 35, 49, 35, 35, 63, 73, 73, 73, 35, 92, 35, 99, 99]","[3, 8, 18, 18, 35, 27, 35, 39, 49, 53, 56, 73, 73, 75, 81, 85, 92, 97, 106, 102, 106]",0.05,30,52684909.0,1015.9999999999998,-1015.9999999999998,DWT,uc1.l0082987033,2.3283064365386963e-10,0.0,0.0,0.0,0.0,2.2737367544323206e-13,0.0,2.2737367544323206e-13,1.0,84,0.0,0.0,1.0,84,,0.0,0.0,1.0,84,0.0,0.0,0.0,0.0,0.0,0.0,0.0,0.0,0.0,0.0,1.7459050078676749e-13,0.0,2.2737367544323206e-13,0.0,0.0,0.0,0.0,0.0,0.0,0.0,8.326672684688674e-17,2.3283064365386963e-10,0.0,0.0,2.9103830456733704e-11,0.0,0.0,0.0,0.9100709368732284,0.38322938193847217,0.040696124564616964,0.30846583584013715,0.04915405497345493,0.0,0.0,0.0,500,0.9010532717009183,0.5094529422197833,442,0,0,0.0,0.0,738,0,0,0.3383232668379819,0.46018096983941587,482,133.87929887277818,0.8270293296217336,540.5,520.0109451150214,0.5643544580925206,553,coif,217.80246913580248,181.0,166.32516494453617,81,0.48186386976947454,0.5930495234160287,0.4847804341365592,1,415.0
db4,1,constant,8.721324780347306e-27,320.6891985135327,9355162.233755182,0.543859649122807,346.944011628808,108,raw,5.6596702633113516e-14,-1.1497258700643507e-10,"[2, 5, 11, 17, 22, 25, 29, 38, 44, 52, 55, 60, 65, 74, 78, 84, 89, 95, 98, 101, 105]","[37.99999999999994, 367.9999999999998, 460.99999999999994, 193.00000000000023, 951.0, 153.9999999999999, 881.0000000000002, 243.00000000000003, 491.00000000000017, 185.9999999999999, 321.0, 943.0, 810.0, 205.00000000000006, 477.99999999999994, 276.0, 347.0000000000001, 79.0, 1008.0, 113.99999999999989, 893.0]",21,5.6328952918949895,107398.1738491215,0.8262580032187464,4.365923718251291e-06,1.0,0.4907407407407407,67631.0,0.1291094199047374,0.15147910127183992,188156.12126451556,82872438.25058056,8,12069.579557418134,0.027777777777777776,"[0.0, 0.009259259259259259, 0.018518518518518517, 0.027777777777777776, 0.037037037037037035, 0.046296296296296294, 0.05555555555555555, 0.06481481481481481, 0.07407407407407407, 0.08333333333333333, 0.09259259259259259, 0.10185185185185185, 0.1111111111111111, 0.12037037037037036, 0.12962962962962962, 0.1388888888888889, 0.14814814814814814, 0.15740740740740738, 0.16666666666666666, 0.17592592592592593, 0.18518518518518517, 0.19444444444444442, 0.2037037037037037, 0.21296296296296297, 0.2222222222222222, 0.23148148148148145, 0.24074074074074073]","[67631.0, 1786.6346316370016, 1155.9831840869397, 12069.579557418134, 1906.5778542068433, 950.5914327636013, 9083.877197385176, 2481.2296367744843, 778.6316126029444, 8965.162396385993, 2042.6423114779175, 1606.7171021541494, 6927.939836298324, 1790.941198917794, 2115.0643759896475, 4469.146453396725, 811.3124818658853, 852.4454942250567, 2613.518509595829, 1125.8336361545933, 622.5282936168371, 1595.9028958466963, 1672.0836322356424, 807.7671822537567, 3024.6344394117577, 842.7313814743653, 842.8235732269202]",3.0,0.3,145.15000000000006,15,0.5,1721880.1384885088,0.14445541615564297,0.1241257545377801,16430975.452705402,84089526828.82368,"[0.046875, 0.03125]",2,1721880.1384885088,0.046875,"[0.0, 0.015625, 0.03125, 0.046875, 0.0625, 0.078125, 0.09375, 0.109375, 0.125, 0.140625, 0.15625, 0.171875, 0.1875, 0.203125, 0.21875, 0.234375]","[154749.3857115654, 876106.906708278, 1710291.376891533, 1721880.1384885088, 1236443.3975593026, 1200279.6938555269, 1385236.6101427814, 1437054.0474222808, 1048940.2936461223, 664501.8455342908, 393060.29715082515, 165807.08106897445, 58528.06662853262, 51528.95639390757, 141871.95181127632, 339557.73472453986]",3.0,0.3,flattop,64,32,145.15000000000006,15,21,449.5238095238095,37.99999999999994,1008.0,"[2, 5, 11, 17, 22, 25, 29, 38, 44, 52, 55, 60, 65, 74, 78, 84, 89, 95, 98, 101, 105]","[37.99999999999994, 367.9999999999998, 460.99999999999994, 193.00000000000023, 951.0, 153.9999999999999, 881.0000000000002, 243.00000000000003, 491.00000000000017, 185.9999999999999, 321.0, 943.0, 810.0, 205.00000000000006, 477.99999999999994, 276.0, 347.0000000000001, 79.0, 1008.0, 113.99999999999989, 893.0]","[1, 1, 1, 15, 1, 24, 27, 35, 35, 49, 35, 35, 63, 73, 73, 73, 35, 92, 35, 99, 99]","[3, 8, 18, 18, 35, 27, 35, 39, 49, 53, 56, 73, 73, 75, 81, 85, 92, 97, 106, 102, 106]",0.05,30,52684909.0,1016.0,-1016.0,DWT,uc1.l0082987033,0.0,0.0,0.0,0.0,0.0,0.0,1.862645149230957e-09,0.0,1.0,84,0.0,3.637978807091713e-12,1.0,84,,0.0,0.0,1.0,84,0.0,0.0,0.0,3.0517578125e-05,0.0,0.0,0.0,0.0,0.0,0.0,7.443781041296289e-14,0.0,0.0,0.0,5.684341886080802e-14,0.0,0.0,0.0,5.684341886080802e-14,5.684341886080802e-14,5.551115123125783e-17,0.0,0.0,2.7755575615628914e-17,2.9103830456733704e-11,0.0,0.0,5.551115123125783e-17,0.9514772248882003,0.24167245558509376,0.021977545439940915,0.2828579829461928,0.05219363118130336,0.0,0.0,0.0,411,0.836731981096436,0.4730858685128428,539,0,0,0.0,0.0,701,0,0,0.31003576800814625,0.42170484383274975,571,119.11199211946153,0.8461085373133572,555.5,535.7460045644392,0.5642041394577122,554,db,413.2962962962963,398.0,188.41229481502944,243,0.9143723369387087,0.671803462110104,0.15839832550987273,5,416.75
sym16,1,constant,2.2912716603291843e-19,246.4942572762876,9365190.284470547,0.6014492753623188,258.44502814295333,108,raw,3.7698805394265284e-10,5.047879888806572e-10,"[2, 5, 11, 17, 22, 25, 29, 38, 44, 52, 55, 60, 65, 74, 78, 84, 89, 95, 98, 101, 105]","[37.99999999978138, 367.99999999891213, 460.99999999934084, 192.99999999934982, 950.9999999992272, 153.99999999915997, 880.9999999977679, 242.99999999938652, 490.9999999992331, 185.99999999959812, 320.9999999991128, 942.999999999389, 809.9999999979304, 204.99999999947318, 477.9999999989831, 275.9999999995231, 346.99999999930424, 79.00000000020475, 1007.9999999988859, 113.99999999937131, 892.9999999976121]",21,5.629477014769808,135058.36000757493,0.9043967236514334,4.365923718265831e-06,0.9999999999999998,0.4907407407407407,67630.99999999939,0.12910941990463803,0.15147910127184494,188156.1212643204,82872438.2505789,8,12069.57955741601,0.027777777777777776,"[0.0, 0.009259259259259259, 0.018518518518518517, 0.027777777777777776, 0.037037037037037035, 0.046296296296296294, 0.05555555555555555, 0.06481481481481481, 0.07407407407407407, 0.08333333333333333, 0.09259259259259259, 0.10185185185185185, 0.1111111111111111, 0.12037037037037036, 0.12962962962962962, 0.1388888888888889, 0.14814814814814814, 0.15740740740740738, 0.16666666666666666, 0.17592592592592593, 0.18518518518518517, 0.19444444444444442, 0.2037037037037037, 0.21296296296296297, 0.2222222222222222, 0.23148148148148145, 0.24074074074074073]","[67630.99999999939, 1786.6346316366016, 1155.9831840867619, 12069.57955741601, 1906.5778542061353, 950.5914327625744, 9083.87719737881, 2481.2296367723598, 778.6316126022433, 8965.162396374208, 2042.64231147447, 1606.7171021516103, 6927.939836285663, 1790.941198914432, 2115.0643759851873, 4469.146453386708, 811.3124818641148, 852.4454942229263, 2613.5185095890524, 1125.8336361516738, 622.5282936152593, 1595.9028958421984, 1672.08363223085, 807.7671822515218, 3024.6344394028906, 842.7313814718452, 842.8235732243534]",3.0,0.3,145.15000000047132,15,0.5,1721880.1384869216,0.14445541615552754,0.12412575453779778,16430975.452658126,84089526828.514,"[0.046875, 0.03125]",2,1721880.1384869216,0.046875,"[0.0, 0.015625, 0.03125, 0.046875, 0.0625, 0.078125, 0.09375, 0.109375, 0.125, 0.140625, 0.15625, 0.171875, 0.1875, 0.203125, 0.21875, 0.234375]","[154749.38571151628, 876106.9067077163, 1710291.3768901085, 1721880.1384869216, 1236443.397557347, 1200279.6938525024, 1385236.610138496, 1437054.04741736, 1048940.293642085, 664501.8455314607, 393060.297149039, 165807.08106818053, 58528.06662822928, 51528.95639360478, 141871.9518104255, 339557.7347225173]",3.0,0.3,flattop,64,32,145.15000000047132,15,21,449.5238095229308,37.99999999978138,1007.9999999988859,"[2, 5, 11, 17, 22, 25, 29, 38, 44, 52, 55, 60, 65, 74, 78, 84, 89, 95, 98, 101, 105]","[37.99999999978138, 367.99999999891213, 460.99999999934084, 192.99999999934982, 950.9999999992272, 153.99999999915997, 880.9999999977679, 242.99999999938652, 490.9999999992331, 185.99999999959812, 320.9999999991128, 942.999999999389, 809.9999999979304, 204.99999999947318, 477.9999999989831, 275.9999999995231, 346.99999999930424, 79.00000000020475, 1007.9999999988859, 113.99999999937131, 892.9999999976121]","[1, 1, 1, 15, 1, 24, 27, 35, 35, 49, 35, 35, 63, 73, 73, 73, 35, 92, 35, 99, 99]","[3, 8, 18, 18, 35, 27, 35, 39, 49, 53, 56, 73, 73, 75, 81, 85, 92, 97, 106, 102, 106]",0.05,30,52684908.999973916,1015.9999999996597,-1015.9999999996597,DWT,uc1.l0082987033,1.5872064977884293e-06,0.0,8.787424121692311e-10,1.6689300537109375e-06,0.0,1.114131009671837e-09,4.727393388748169e-05,3.402647053007968e-10,1.0,84,0.0,2.1209416445344687e-09,1.0,84,,0.0,0.0,1.0,84,0.0,0.0,2.6084482669830322e-05,0.3096466064453125,6.111804395914078e-10,0.0,0.0,0.0,8.787424121692311e-10,1.8453647498972714e-08,8.982194036174665e-10,0.0,3.402647053007968e-10,0.0,4.713172074843897e-10,0.0,0.0,0.0,4.713172074843897e-10,2.1861978893866763e-10,9.942047185518277e-14,1.5872064977884293e-06,5.023759186428833e-15,1.7708057242771247e-14,1.9514118321239948e-07,0.0,0.0,1.153799278341694e-13,0.18974210063686325,0.23729246850103825,0.02295030212229259,0.9256740344911343,0.12706706089536463,0.10978707391263445,0.054893536956317227,0.10978707391263445,40,0.665063083848383,0.37602476509378163,663,0,0,0.10978707391263445,0.10978707391263445,40,0,0,0.30054519332933866,0.4087959419388739,593,340.68264802696757,0.5598415400168377,334.0,75.19555129470999,0.5641584961066101,555,sym,445.72514619883043,505.0,280.45746329325993,171,0.986117580085908,1.0,0.009717693939864401,6,417.75
db3,1,antisymmetric,5.800874058007429e-27,322.46008874520845,9422099.494122595,0.5714285714285714,383.34920160826687,108,raw,3.848773152033874e-14,-1.0801926020320771e-10,"[2, 5, 11, 17, 22, 25, 29, 38, 44, 52, 55, 60, 65, 74, 78, 84, 89, 95, 98, 101, 105]","[37.99999999999997, 367.99999999999983, 460.9999999999998, 192.99999999999994, 951.0, 153.99999999999977, 881.0, 243.0, 490.99999999999994, 186.0, 321.0, 943.0, 810.0, 205.0, 477.99999999999983, 276.0000000000001, 347.0, 78.99999999999989, 1008.0, 114.0, 893.0]",21,5.620014566512663,110926.87514567698,0.8370238136246925,4.365923718251291e-06,1.0,0.4907407407407407,67631.0,0.12910941990473743,0.15147910127183992,188156.12126451553,82872438.25058056,8,12069.57955741813,0.027777777777777776,"[0.0, 0.009259259259259259, 0.018518518518518517, 0.027777777777777776, 0.037037037037037035, 0.046296296296296294, 0.05555555555555555, 0.06481481481481481, 0.07407407407407407, 0.08333333333333333, 0.09259259259259259, 0.10185185185185185, 0.1111111111111111, 0.12037037037037036, 0.12962962962962962, 0.1388888888888889, 0.14814814814814814, 0.15740740740740738, 0.16666666666666666, 0.17592592592592593, 0.18518518518518517, 0.19444444444444442, 0.2037037037037037, 0.21296296296296297, 0.2222222222222222, 0.23148148148148145, 0.24074074074074073]","[67631.0, 1786.634631637002, 1155.9831840869392, 12069.57955741813, 1906.5778542068429, 950.591432763601, 9083.877197385176, 2481.229636774485, 778.6316126029452, 8965.162396385991, 2042.6423114779163, 1606.71710215415, 6927.939836298324, 1790.9411989177936, 2115.064375989648, 4469.146453396725, 811.3124818658852, 852.4454942250585, 2613.5185095958273, 1125.8336361545928, 622.5282936168372, 1595.9028958466977, 1672.0836322356424, 807.7671822537574, 3024.6344394117596, 842.7313814743655, 842.8235732269205]",3.0,0.3,145.15,15,0.5,1721880.1384885085,0.14445541615564295,0.12412575453778009,16430975.452705398,84089526828.82368,"[0.046875, 0.03125]",2,1721880.1384885085,0.046875,"[0.0, 0.015625, 0.03125, 0.046875, 0.0625, 0.078125, 0.09375, 0.109375, 0.125, 0.140625, 0.15625, 0.171875, 0.1875, 0.203125, 0.21875, 0.234375]","[154749.38571156553, 876106.9067082779, 1710291.3768915324, 1721880.1384885085, 1236443.3975593026, 1200279.6938555269, 1385236.6101427814, 1437054.0474222805, 1048940.293646122, 664501.8455342904, 393060.2971508249, 165807.08106897434, 58528.066628532586, 51528.9563939076, 141871.95181127626, 339557.7347245398]",3.0,0.3,flattop,64,32,145.15,15,21,449.5238095238095,37.99999999999997,1008.0,"[2, 5, 11, 17, 22, 25, 29, 38, 44, 52, 55, 60, 65, 74, 78, 84, 89, 95, 98, 101, 105]","[37.99999999999997, 367.99999999999983, 460.9999999999998, 192.99999999999994, 951.0, 153.99999999999977, 881.0, 243.0, 490.99999999999994, 186.0, 321.0, 943.0, 810.0, 205.0, 477.99999999999983, 276.0000000000001, 347.0, 78.99999999999989, 1008.0, 114.0, 893.0]","[1, 1, 1, 15, 1, 24, 27, 35, 35, 49, 35, 35, 63, 73, 73, 73, 35, 92, 35, 99, 99]","[3, 8, 18, 18, 35, 27, 35, 39, 49, 53, 56, 73, 73, 75, 81, 85, 92, 97, 106, 102, 106]",0.05,30,52684909.0,1016.0,-1016.0,DWT,uc1.l0082987033,2.3283064365386963e-10,0.0,0.0,0.0,0.0,0.0,1.862645149230957e-09,0.0,1.0,84,0.0,0.0,1.0,84,,0.0,0.0,1.0,84,0.0,0.0,0.0,3.0517578125e-05,0.0,0.0,0.0,0.0,0.0,0.0,5.549000412602687e-14,0.0,0.0,0.0,0.0,0.0,0.0,0.0,0.0,2.842170943040401e-14,2.7755575615628914e-17,2.3283064365386963e-10,0.0,1.3877787807814457e-17,0.0,0.0,0.0,2.7755575615628914e-17,0.9696583740092385,0.22516782218593284,0.028470698413424575,0.5905826017557858,0.06174548188093498,0.0,0.0,0.0,672,0.9695455181599101,0.5481782624352101,328,0,0,0.0,0.0,628,0,0,0.3751249956490633,0.510237991971922,343,182.56574158368267,0.7641269488582911,492.75,442.24871354433725,0.5637495209407735,556,db,413.2962962962963,398.0,188.41229481502944,243,0.9143723369387087,0.671803462110104,0.15839832550987273,5,418.25
db24,1,antireflect,2.4499098009108252e-26,316.203522160778,11383089.694158703,0.5584415584415584,429.388005587807,108,raw,1.0993675106065989e-13,-1.1065781624353186e-10,"[2, 5, 11, 17, 22, 25, 29, 38, 44, 52, 55, 60, 65, 74, 78, 84, 89, 95, 98, 101, 105]","[38.00000000000006, 367.99999999999966, 461.00000000000017, 193.0, 951.0000000000001, 154.0, 880.9999999999995, 243.00000000000014, 490.99999999999983, 185.99999999999966, 321.00000000000045, 943.0000000000001, 810.0, 205.0, 477.9999999999999, 275.99999999999966, 346.99999999999966, 79.00000000000034, 1008.0, 114.0, 892.9999999999998]",21,6.077833956912606,364965.58723306906,0.9464925064254237,4.365923718251292e-06,1.0,0.4907407407407407,67631.0,0.1291094199047374,0.15147910127183992,188156.12126451553,82872438.25058056,8,12069.57955741813,0.027777777777777776,"[0.0, 0.009259259259259259, 0.018518518518518517, 0.027777777777777776, 0.037037037037037035, 0.046296296296296294, 0.05555555555555555, 0.06481481481481481, 0.07407407407407407, 0.08333333333333333, 0.09259259259259259, 0.10185185185185185, 0.1111111111111111, 0.12037037037037036, 0.12962962962962962, 0.1388888888888889, 0.14814814814814814, 0.15740740740740738, 0.16666666666666666, 0.17592592592592593, 0.18518518518518517, 0.19444444444444442, 0.2037037037037037, 0.21296296296296297, 0.2222222222222222, 0.23148148148148145, 0.24074074074074073]","[67631.0, 1786.6346316370016, 1155.9831840869413, 12069.57955741813, 1906.5778542068433, 950.5914327635986, 9083.877197385178, 2481.2296367744843, 778.6316126029444, 8965.162396385991, 2042.6423114779186, 1606.7171021541496, 6927.939836298322, 1790.9411989177927, 2115.064375989646, 4469.1464533967255, 811.3124818658858, 852.4454942250562, 2613.5185095958273, 1125.8336361545923, 622.5282936168378, 1595.9028958466965, 1672.08363223564, 807.7671822537576, 3024.6344394117614, 842.7313814743652, 842.8235732269211]",3.0,0.3,145.14999999999995,15,0.5,1721880.1384885083,0.14445541615564297,0.12412575453778009,16430975.452705402,84089526828.82372,"[0.046875, 0.03125]",2,1721880.1384885083,0.046875,"[0.0, 0.015625, 0.03125, 0.046875, 0.0625, 0.078125, 0.09375, 0.109375, 0.125, 0.140625, 0.15625, 0.171875, 0.1875, 0.203125, 0.21875, 0.234375]","[154749.38571156538, 876106.9067082776, 1710291.3768915322, 1721880.1384885083, 1236443.3975593026, 1200279.693855527, 1385236.6101427819, 1437054.0474222815, 1048940.2936461228, 664501.845534291, 393060.2971508254, 165807.0810689747, 58528.066628532644, 51528.95639390758, 141871.95181127638, 339557.7347245399]",3.0,0.3,flattop,64,32,145.14999999999995,15,21,449.5238095238095,38.00000000000006,1008.0,"[2, 5, 11, 17, 22, 25, 29, 38, 44, 52, 55, 60, 65, 74, 78, 84, 89, 95, 98, 101, 105]","[38.00000000000006, 367.99999999999966, 461.00000000000017, 193.0, 951.0000000000001, 154.0, 880.9999999999995, 243.00000000000014, 490.99999999999983, 185.99999999999966, 321.00000000000045, 943.0000000000001, 810.0, 205.0, 477.9999999999999, 275.99999999999966, 346.99999999999966, 79.00000000000034, 1008.0, 114.0, 892.9999999999998]","[1, 1, 1, 15, 1, 24, 27, 35, 35, 49, 35, 35, 63, 73, 73, 73, 35, 92, 35, 99, 99]","[3, 8, 18, 18, 35, 27, 35, 39, 49, 53, 56, 73, 73, 75, 81, 85, 92, 97, 106, 102, 106]",0.05,30,52684909.0,1016.0000000000001,-1016.0000000000001,DWT,uc1.l0082987033,4.656612873077393e-10,0.0,0.0,0.0,0.0,0.0,1.862645149230957e-09,1.1368683772161603e-13,1.0,84,0.0,0.0,1.0,84,,0.0,0.0,1.0,84,0.0,0.0,0.0,6.103515625e-05,0.0,0.0,0.0,0.0,0.0,0.0,1.7729733025632979e-13,0.0,1.1368683772161603e-13,0.0,5.684341886080802e-14,0.0,0.0,0.0,5.684341886080802e-14,5.684341886080802e-14,5.551115123125783e-17,4.656612873077393e-10,0.0,1.3877787807814457e-17,0.0,0.0,0.0,5.551115123125783e-17,0.9054242571664383,0.8117917099947662,0.21869374128142552,0.44562141768845653,0.7494035310771413,0.0,0.0,0.0,741,1.536507259444198,0.868736809077062,22,0,0,0.0,0.0,489,0,0,0.6261869314416456,0.8517277339651003,21,357.7684306922566,0.5377668854105212,318.25,41.464479595265836,0.5632955874081029,557,db,413.2962962962963,398.0,188.41229481502944,243,0.9143723369387087,0.671803462110104,0.15839832550987273,5,419.0
db4,1,zero,8.223465897941156e-27,320.94447415405,9356906.030502206,0.543859649122807,346.944011628808,108,raw,5.4294017841298374e-14,-1.1467560234734783e-10,"[2, 5, 11, 17, 22, 25, 29, 38, 44, 52, 55, 60, 65, 74, 78, 84, 89, 95, 98, 101, 105]","[37.99999999999997, 367.9999999999998, 460.99999999999994, 193.00000000000023, 951.0, 153.9999999999999, 881.0000000000002, 243.00000000000003, 491.00000000000017, 185.9999999999999, 321.0, 943.0, 810.0, 205.00000000000006, 477.99999999999994, 276.0, 347.0000000000001, 79.0, 1008.0, 114.0, 893.0000000000001]",21,5.630590798737806,110006.1969836873,0.8306193807247595,4.365923718251291e-06,1.0,0.4907407407407407,67631.0,0.1291094199047374,0.15147910127183992,188156.12126451553,82872438.25058056,8,12069.57955741813,0.027777777777777776,"[0.0, 0.009259259259259259, 0.018518518518518517, 0.027777777777777776, 0.037037037037037035, 0.046296296296296294, 0.05555555555555555, 0.06481481481481481, 0.07407407407407407, 0.08333333333333333, 0.09259259259259259, 0.10185185185185185, 0.1111111111111111, 0.12037037037037036, 0.12962962962962962, 0.1388888888888889, 0.14814814814814814, 0.15740740740740738, 0.16666666666666666, 0.17592592592592593, 0.18518518518518517, 0.19444444444444442, 0.2037037037037037, 0.21296296296296297, 0.2222222222222222, 0.23148148148148145, 0.24074074074074073]","[67631.0, 1786.6346316370016, 1155.9831840869394, 12069.57955741813, 1906.5778542068435, 950.591432763601, 9083.877197385176, 2481.229636774484, 778.6316126029446, 8965.162396385991, 2042.6423114779175, 1606.717102154149, 6927.939836298323, 1790.9411989177931, 2115.0643759896475, 4469.146453396725, 811.3124818658857, 852.4454942250563, 2613.518509595828, 1125.8336361545937, 622.5282936168373, 1595.902895846697, 1672.0836322356422, 807.7671822537568, 3024.634439411759, 842.7313814743652, 842.8235732269201]",3.0,0.3,145.15000000000003,15,0.5,1721880.1384885088,0.14445541615564297,0.1241257545377801,16430975.452705402,84089526828.82368,"[0.046875, 0.03125]",2,1721880.1384885088,0.046875,"[0.0, 0.015625, 0.03125, 0.046875, 0.0625, 0.078125, 0.09375, 0.109375, 0.125, 0.140625, 0.15625, 0.171875, 0.1875, 0.203125, 0.21875, 0.234375]","[154749.3857115654, 876106.906708278, 1710291.376891533, 1721880.1384885088, 1236443.3975593026, 1200279.6938555269, 1385236.6101427814, 1437054.0474222808, 1048940.2936461223, 664501.8455342908, 393060.29715082515, 165807.08106897445, 58528.06662853262, 51528.95639390757, 141871.95181127632, 339557.73472453986]",3.0,0.3,flattop,64,32,145.15000000000003,15,21,449.5238095238095,37.99999999999997,1008.0,"[2, 5, 11, 17, 22, 25, 29, 38, 44, 52, 55, 60, 65, 74, 78, 84, 89, 95, 98, 101, 105]","[37.99999999999997, 367.9999999999998, 460.99999999999994, 193.00000000000023, 951.0, 153.9999999999999, 881.0000000000002, 243.00000000000003, 491.00000000000017, 185.9999999999999, 321.0, 943.0, 810.0, 205.00000000000006, 477.99999999999994, 276.0, 347.0000000000001, 79.0, 1008.0, 114.0, 893.0000000000001]","[1, 1, 1, 15, 1, 24, 27, 35, 35, 49, 35, 35, 63, 73, 73, 73, 35, 92, 35, 99, 99]","[3, 8, 18, 18, 35, 27, 35, 39, 49, 53, 56, 73, 73, 75, 81, 85, 92, 97, 106, 102, 106]",0.05,30,52684909.0,1016.0,-1016.0,DWT,uc1.l0082987033,0.0,0.0,0.0,0.0,0.0,0.0,1.862645149230957e-09,0.0,1.0,84,0.0,0.0,1.0,84,,0.0,0.0,1.0,84,0.0,0.0,0.0,3.0517578125e-05,0.0,0.0,0.0,0.0,0.0,0.0,7.308439567818175e-14,0.0,0.0,0.0,2.842170943040401e-14,0.0,0.0,0.0,2.842170943040401e-14,2.842170943040401e-14,5.551115123125783e-17,0.0,0.0,2.7755575615628914e-17,0.0,0.0,0.0,5.551115123125783e-17,0.9540980561538525,0.2387196083190252,0.022146699943291305,0.2828579829461928,0.059253295774301065,0.0,0.0,0.0,410,0.8397364993116673,0.4747846145168533,534,0,0,0.0,0.0,705,0,0,0.3114151286273326,0.4235810243077966,570,121.36824131542815,0.8431934866725734,554.75,534.4371778733594,0.5632311102613513,558,db,413.2962962962963,398.0,188.41229481502944,243,0.9143723369387087,0.671803462110104,0.15839832550987273,5,419.75
rbio5.5,1,periodic,1.0847570748477688e-19,249.7416981987803,10184908.545966199,0.5932203389830508,360.56755903325586,108,raw,2.5827159341226306e-10,-1.2987300146770804e-10,"[2, 5, 11, 17, 22, 25, 29, 38, 44, 52, 55, 60, 65, 74, 78, 84, 89, 95, 98, 101, 105]","[38.00000000009888, 368.0000000005565, 461.00000000052887, 193.00000000008436, 951.0000000010815, 153.99999999999602, 881.0000000009719, 243.00000000019332, 491.0000000007321, 186.00000000020498, 321.00000000050125, 943.0000000008065, 810.0000000008617, 205.00000000002757, 478.0000000005249, 276.00000000014666, 347.0000000003847, 79.00000000032708, 1008.0000000006867, 113.99999999986369, 893.0000000013463]",21,5.624560131609108,120209.11652006707,0.9011277550155714,4.365923718242625e-06,1.0,0.4907407407407407,67631.00000000003,0.12910941990478586,0.1514791012718421,188156.1212646335,82872438.25058407,8,12069.579557420953,0.027777777777777776,"[0.0, 0.009259259259259259, 0.018518518518518517, 0.027777777777777776, 0.037037037037037035, 0.046296296296296294, 0.05555555555555555, 0.06481481481481481, 0.07407407407407407, 0.08333333333333333, 0.09259259259259259, 0.10185185185185185, 0.1111111111111111, 0.12037037037037036, 0.12962962962962962, 0.1388888888888889, 0.14814814814814814, 0.15740740740740738, 0.16666666666666666, 0.17592592592592593, 0.18518518518518517, 0.19444444444444442, 0.2037037037037037, 0.21296296296296297, 0.2222222222222222, 0.23148148148148145, 0.24074074074074073]","[67631.00000000003, 1786.634631637051, 1155.9831840870613, 12069.579557420953, 1906.5778542076082, 950.5914327641715, 9083.877197392592, 2481.2296367770605, 778.6316126039172, 8965.162396398899, 2042.642311481172, 1606.7171021568834, 6927.939836310517, 1790.941198920955, 2115.0643759932846, 4469.1464534040115, 811.3124818671093, 852.4454942262196, 2613.518509598986, 1125.8336361557833, 622.528293617408, 1595.9028958479644, 1672.0836322368027, 807.7671822542549, 3024.63443941346, 842.7313814748087, 842.8235732273463]",3.0,0.3,145.1499999997018,15,0.5,1721880.1384902298,0.14445541615566485,0.12412575453777021,16430975.452738296,84089526829.15695,"[0.046875, 0.03125]",2,1721880.1384902298,0.046875,"[0.0, 0.015625, 0.03125, 0.046875, 0.0625, 0.078125, 0.09375, 0.109375, 0.125, 0.140625, 0.15625, 0.171875, 0.1875, 0.203125, 0.21875, 0.234375]","[154749.3857116056, 876106.9067088657, 1710291.3768930645, 1721880.1384902298, 1236443.3975614035, 1200279.6938586733, 1385236.6101470394, 1437054.0474268566, 1048940.2936495477, 664501.8455364408, 393060.29715202993, 165807.08106944006, 58528.06662866127, 51528.95639396374, 141871.95181141142, 339557.73472488776]",3.0,0.3,flattop,64,32,145.1499999997018,15,21,449.5238095242822,38.00000000009888,1008.0000000006867,"[2, 5, 11, 17, 22, 25, 29, 38, 44, 52, 55, 60, 65, 74, 78, 84, 89, 95, 98, 101, 105]","[38.00000000009888, 368.0000000005565, 461.00000000052887, 193.00000000008436, 951.0000000010815, 153.99999999999602, 881.0000000009719, 243.00000000019332, 491.0000000007321, 186.00000000020498, 321.00000000050125, 943.0000000008065, 810.0000000008617, 205.00000000002757, 478.0000000005249, 276.00000000014666, 347.0000000003847, 79.00000000032708, 1008.0000000006867, 113.99999999986369, 893.0000000013463]","[1, 1, 1, 15, 1, 24, 27, 35, 35, 49, 35, 35, 63, 73, 73, 73, 35, 92, 35, 99, 99]","[3, 8, 18, 18, 35, 27, 35, 39, 49, 53, 56, 73, 73, 75, 81, 85, 92, 97, 106, 102, 106]",0.05,30,52684909.000018656,1016.0000000001885,-1016.0000000001885,DWT,uc1.l0082987033,1.7210841178894043e-06,0.0,4.727098712464795e-10,3.5017728805541992e-06,0.0,6.866684998385608e-10,3.289617598056793e-05,1.8849277694243938e-10,1.0,84,0.0,2.8230715543031693e-09,1.0,84,,0.0,0.0,1.0,84,0.0,0.0,1.8656253814697266e-05,0.3332977294921875,2.9103830456733704e-11,0.0,0.0,0.0,4.727098712464795e-10,9.926225175149739e-09,4.86001757356765e-10,0.0,1.8849277694243938e-10,0.0,2.9820057534379885e-10,0.0,0.0,0.0,2.9820057534379885e-10,9.887912710837554e-11,4.8405723873656825e-14,1.7210841178894043e-06,2.192690473634684e-15,9.867107131356079e-15,1.179578248411417e-07,0.0,0.0,2.1926904736346842e-14,0.22308251136222546,0.23099225235442247,0.10246589684239846,0.8338225546823215,0.08687160515259436,0.07852237448650005,0.03926118724325003,0.07852237448650005,56,0.6688562453497121,0.3781694077557178,661,0,0,0.07852237448650005,0.07852237448650005,56,0,0,0.2954469640787925,0.4018614260159607,604,333.6548865719388,0.5689213351783737,344.25,102.8733182412162,0.5620769466589544,559,rbio,366.5925925925926,360.0,210.3588723315502,135,0.8110455588331695,0.7500562468954116,0.20725123474815782,3,420.0
db25,1,reflect,3.8110980579908504e-26,314.2845218804708,12374180.15400383,0.5576923076923077,414.7052378618064,108,raw,1.4112168224124212e-13,-1.1719891723771592e-10,"[2, 5, 11, 17, 22, 25, 29, 38, 44, 52, 55, 60, 65, 74, 78, 84, 89, 95, 98, 101, 105]","[38.0, 368.0, 460.99999999999994, 192.99999999999983, 951.0000000000001, 153.99999999999966, 881.0000000000002, 243.0, 491.00000000000006, 185.99999999999966, 321.0000000000002, 943.0000000000002, 810.0, 204.99999999999997, 477.9999999999997, 276.00000000000034, 346.9999999999998, 78.99999999999989, 1008.0, 114.0, 892.9999999999995]",21,6.07676222641569,99850.31783499787,0.8339212722313943,4.365923718251291e-06,1.0,0.4907407407407407,67631.0,0.12910941990473743,0.15147910127183992,188156.12126451553,82872438.25058056,8,12069.579557418128,0.027777777777777776,"[0.0, 0.009259259259259259, 0.018518518518518517, 0.027777777777777776, 0.037037037037037035, 0.046296296296296294, 0.05555555555555555, 0.06481481481481481, 0.07407407407407407, 0.08333333333333333, 0.09259259259259259, 0.10185185185185185, 0.1111111111111111, 0.12037037037037036, 0.12962962962962962, 0.1388888888888889, 0.14814814814814814, 0.15740740740740738, 0.16666666666666666, 0.17592592592592593, 0.18518518518518517, 0.19444444444444442, 0.2037037037037037, 0.21296296296296297, 0.2222222222222222, 0.23148148148148145, 0.24074074074074073]","[67631.0, 1786.6346316369984, 1155.9831840869365, 12069.579557418128, 1906.5778542068435, 950.5914327635998, 9083.877197385178, 2481.229636774483, 778.6316126029467, 8965.162396385995, 2042.6423114779182, 1606.7171021541492, 6927.939836298322, 1790.9411989177938, 2115.064375989649, 4469.1464533967255, 811.3124818658863, 852.4454942250562, 2613.518509595828, 1125.8336361545928, 622.5282936168359, 1595.902895846699, 1672.0836322356408, 807.7671822537576, 3024.634439411762, 842.7313814743661, 842.8235732269213]",3.0,0.3,145.15000000000003,15,0.5,1721880.1384885088,0.144455416155643,0.12412575453778012,16430975.452705406,84089526828.82378,"[0.046875, 0.03125]",2,1721880.1384885088,0.046875,"[0.0, 0.015625, 0.03125, 0.046875, 0.0625, 0.078125, 0.09375, 0.109375, 0.125, 0.140625, 0.15625, 0.171875, 0.1875, 0.203125, 0.21875, 0.234375]","[154749.3857115653, 876106.9067082779, 1710291.3768915331, 1721880.1384885088, 1236443.3975593029, 1200279.693855528, 1385236.6101427828, 1437054.047422282, 1048940.2936461223, 664501.8455342909, 393060.2971508254, 165807.08106897466, 58528.066628532666, 51528.95639390755, 141871.9518112762, 339557.7347245399]",3.0,0.3,flattop,64,32,145.15000000000003,15,21,449.5238095238095,38.0,1008.0,"[2, 5, 11, 17, 22, 25, 29, 38, 44, 52, 55, 60, 65, 74, 78, 84, 89, 95, 98, 101, 105]","[38.0, 368.0, 460.99999999999994, 192.99999999999983, 951.0000000000001, 153.99999999999966, 881.0000000000002, 243.0, 491.00000000000006, 185.99999999999966, 321.0000000000002, 943.0000000000002, 810.0, 204.99999999999997, 477.9999999999997, 276.00000000000034, 346.9999999999998, 78.99999999999989, 1008.0, 114.0, 892.9999999999995]","[1, 1, 1, 15, 1, 24, 27, 35, 35, 49, 35, 35, 63, 73, 73, 73, 35, 92, 35, 99, 99]","[3, 8, 18, 18, 35, 27, 35, 39, 49, 53, 56, 73, 73, 75, 81, 85, 92, 97, 106, 102, 106]",0.05,30,52684909.0,1016.0,-1016.0,DWT,uc1.l0082987033,0.0,0.0,0.0,0.0,0.0,0.0,5.587935447692871e-09,0.0,1.0,84,0.0,1.8189894035458565e-12,1.0,84,,0.0,0.0,1.0,84,0.0,0.0,0.0,0.0001220703125,0.0,0.0,0.0,0.0,0.0,0.0,1.5293586503026917e-13,0.0,0.0,0.0,2.842170943040401e-14,0.0,0.0,0.0,2.842170943040401e-14,0.0,2.7755575615628914e-17,0.0,0.0,4.163336342344337e-17,0.0,0.0,0.0,8.326672684688674e-17,0.8857225107591727,0.8104184551174773,0.3148330504048036,0.43725827245380355,0.0317623201435566,0.0,0.0,0.0,725,1.2816674962555883,0.7246511359781206,81,0,0,0.0,0.0,527,0,0,0.49599892177576277,0.6746484419925525,87,323.20478544312016,0.5824227578254262,355.0,147.51016429698336,0.561883213538036,560,db,413.2962962962963,398.0,188.41229481502944,243,0.9143723369387087,0.671803462110104,0.15839832550987273,5,421.25
db6,1,zero,9.970909671287952e-27,320.10767529279696,9352387.332664708,0.559322033898305,340.3253633989642,108,raw,6.740287340613177e-14,-1.0981049403113792e-10,"[2, 5, 11, 17, 22, 25, 29, 38, 44, 52, 55, 60, 65, 74, 78, 84, 89, 95, 98, 101, 105]","[37.99999999999997, 368.00000000000017, 460.99999999999994, 193.0, 950.9999999999999, 153.9999999999999, 880.9999999999998, 242.99999999999986, 491.0, 186.0, 320.9999999999999, 942.9999999999999, 810.0000000000003, 205.00000000000003, 477.99999999999966, 276.0, 347.0, 79.0, 1008.0000000000001, 114.0, 892.9999999999999]",21,5.633311274009101,117809.54984199941,0.8315282305760548,4.365923718251291e-06,1.0,0.4907407407407407,67631.0,0.1291094199047374,0.15147910127183992,188156.12126451553,82872438.25058056,8,12069.57955741813,0.027777777777777776,"[0.0, 0.009259259259259259, 0.018518518518518517, 0.027777777777777776, 0.037037037037037035, 0.046296296296296294, 0.05555555555555555, 0.06481481481481481, 0.07407407407407407, 0.08333333333333333, 0.09259259259259259, 0.10185185185185185, 0.1111111111111111, 0.12037037037037036, 0.12962962962962962, 0.1388888888888889, 0.14814814814814814, 0.15740740740740738, 0.16666666666666666, 0.17592592592592593, 0.18518518518518517, 0.19444444444444442, 0.2037037037037037, 0.21296296296296297, 0.2222222222222222, 0.23148148148148145, 0.24074074074074073]","[67631.0, 1786.634631637003, 1155.9831840869388, 12069.57955741813, 1906.5778542068442, 950.5914327636018, 9083.877197385176, 2481.2296367744834, 778.6316126029452, 8965.162396385991, 2042.6423114779175, 1606.7171021541496, 6927.939836298323, 1790.9411989177936, 2115.0643759896484, 4469.146453396726, 811.3124818658857, 852.4454942250564, 2613.518509595828, 1125.8336361545937, 622.5282936168367, 1595.9028958466977, 1672.0836322356424, 807.7671822537563, 3024.634439411758, 842.7313814743663, 842.823573226918]",3.0,0.3,145.15000000000003,15,0.5,1721880.1384885085,0.14445541615564295,0.1241257545377801,16430975.452705404,84089526828.82368,"[0.046875, 0.03125]",2,1721880.1384885085,0.046875,"[0.0, 0.015625, 0.03125, 0.046875, 0.0625, 0.078125, 0.09375, 0.109375, 0.125, 0.140625, 0.15625, 0.171875, 0.1875, 0.203125, 0.21875, 0.234375]","[154749.3857115656, 876106.9067082779, 1710291.3768915324, 1721880.1384885085, 1236443.3975593029, 1200279.693855527, 1385236.6101427816, 1437054.047422281, 1048940.2936461223, 664501.8455342909, 393060.29715082515, 165807.0810689745, 58528.06662853264, 51528.95639390756, 141871.95181127626, 339557.73472453986]",3.0,0.3,flattop,64,32,145.15000000000003,15,21,449.5238095238095,37.99999999999997,1008.0000000000001,"[2, 5, 11, 17, 22, 25, 29, 38, 44, 52, 55, 60, 65, 74, 78, 84, 89, 95, 98, 101, 105]","[37.99999999999997, 368.00000000000017, 460.99999999999994, 193.0, 950.9999999999999, 153.9999999999999, 880.9999999999998, 242.99999999999986, 491.0, 186.0, 320.9999999999999, 942.9999999999999, 810.0000000000003, 205.00000000000003, 477.99999999999966, 276.0, 347.0, 79.0, 1008.0000000000001, 114.0, 892.9999999999999]","[1, 1, 1, 15, 1, 24, 27, 35, 35, 49, 35, 35, 63, 73, 73, 73, 35, 92, 35, 99, 99]","[3, 8, 18, 18, 35, 27, 35, 39, 49, 53, 56, 73, 73, 75, 81, 85, 92, 97, 106, 102, 106]",0.05,30,52684909.0,1016.0,-1016.0,DWT,uc1.l0082987033,2.3283064365386963e-10,0.0,0.0,0.0,0.0,1.1368683772161603e-13,3.725290298461914e-09,0.0,1.0,84,0.0,0.0,1.0,84,,0.0,0.0,1.0,84,0.0,0.0,0.0,3.0517578125e-05,0.0,0.0,0.0,0.0,0.0,0.0,9.609244616946113e-14,0.0,0.0,0.0,2.842170943040401e-14,0.0,0.0,0.0,2.842170943040401e-14,2.842170943040401e-14,5.551115123125783e-17,2.3283064365386963e-10,0.0,2.7755575615628914e-17,0.0,0.0,0.0,2.7755575615628914e-17,0.945506916732207,0.24220547155199212,0.021708370138056116,0.45544929457437705,0.08037621188281358,0.0,0.0,0.0,716,0.9135912734672246,0.5165418925515921,427,0,0,0.0,0.0,585,0,0,0.34904925297588923,0.4747702552573474,447,134.6139542048545,0.8260801625260278,543.75,520.487250372987,0.5617803913405333,561,db,413.2962962962963,398.0,188.41229481502944,243,0.9143723369387087,0.671803462110104,0.15839832550987273,5,422.0
db3,1,zero,5.9158724477463136e-27,322.3748350958891,9409356.827417899,0.5803571428571429,378.94739218306347,108,raw,3.954038742516851e-14,-1.0808642869619754e-10,"[2, 5, 11, 17, 22, 25, 29, 38, 44, 52, 55, 60, 65, 74, 78, 84, 89, 95, 98, 101, 105]","[38.00000000000003, 367.99999999999983, 460.9999999999998, 192.99999999999994, 951.0, 153.99999999999977, 881.0, 243.0, 490.99999999999994, 186.0, 321.0, 943.0, 810.0, 205.0, 477.99999999999983, 276.0000000000001, 347.0, 78.99999999999989, 1008.0, 114.0, 893.0000000000001]",21,5.599204065306737,105570.05086096938,0.8488563128796159,4.365923718251291e-06,1.0,0.4907407407407407,67631.0,0.12910941990473743,0.15147910127183992,188156.12126451553,82872438.25058056,8,12069.57955741813,0.027777777777777776,"[0.0, 0.009259259259259259, 0.018518518518518517, 0.027777777777777776, 0.037037037037037035, 0.046296296296296294, 0.05555555555555555, 0.06481481481481481, 0.07407407407407407, 0.08333333333333333, 0.09259259259259259, 0.10185185185185185, 0.1111111111111111, 0.12037037037037036, 0.12962962962962962, 0.1388888888888889, 0.14814814814814814, 0.15740740740740738, 0.16666666666666666, 0.17592592592592593, 0.18518518518518517, 0.19444444444444442, 0.2037037037037037, 0.21296296296296297, 0.2222222222222222, 0.23148148148148145, 0.24074074074074073]","[67631.0, 1786.634631637002, 1155.9831840869392, 12069.57955741813, 1906.5778542068429, 950.591432763601, 9083.877197385176, 2481.2296367744843, 778.6316126029453, 8965.162396385991, 2042.6423114779166, 1606.7171021541499, 6927.939836298324, 1790.9411989177936, 2115.064375989648, 4469.146453396725, 811.3124818658852, 852.4454942250587, 2613.5185095958273, 1125.8336361545928, 622.528293616837, 1595.9028958466977, 1672.0836322356424, 807.7671822537574, 3024.6344394117596, 842.7313814743653, 842.8235732269205]",3.0,0.3,145.14999999999998,15,0.5,1721880.1384885085,0.14445541615564295,0.12412575453778009,16430975.452705398,84089526828.82368,"[0.046875, 0.03125]",2,1721880.1384885085,0.046875,"[0.0, 0.015625, 0.03125, 0.046875, 0.0625, 0.078125, 0.09375, 0.109375, 0.125, 0.140625, 0.15625, 0.171875, 0.1875, 0.203125, 0.21875, 0.234375]","[154749.38571156553, 876106.9067082779, 1710291.3768915324, 1721880.1384885085, 1236443.3975593026, 1200279.6938555269, 1385236.6101427814, 1437054.0474222805, 1048940.293646122, 664501.8455342904, 393060.2971508249, 165807.08106897434, 58528.066628532586, 51528.9563939076, 141871.95181127626, 339557.7347245398]",3.0,0.3,flattop,64,32,145.14999999999998,15,21,449.5238095238095,38.00000000000003,1008.0,"[2, 5, 11, 17, 22, 25, 29, 38, 44, 52, 55, 60, 65, 74, 78, 84, 89, 95, 98, 101, 105]","[38.00000000000003, 367.99999999999983, 460.9999999999998, 192.99999999999994, 951.0, 153.99999999999977, 881.0, 243.0, 490.99999999999994, 186.0, 321.0, 943.0, 810.0, 205.0, 477.99999999999983, 276.0000000000001, 347.0, 78.99999999999989, 1008.0, 114.0, 893.0000000000001]","[1, 1, 1, 15, 1, 24, 27, 35, 35, 49, 35, 35, 63, 73, 73, 73, 35, 92, 35, 99, 99]","[3, 8, 18, 18, 35, 27, 35, 39, 49, 53, 56, 73, 73, 75, 81, 85, 92, 97, 106, 102, 106]",0.05,30,52684909.0,1016.0,-1016.0,DWT,uc1.l0082987033,2.3283064365386963e-10,0.0,0.0,0.0,0.0,0.0,1.862645149230957e-09,0.0,1.0,84,0.0,0.0,1.0,84,,0.0,0.0,1.0,84,0.0,0.0,0.0,3.0517578125e-05,0.0,0.0,0.0,0.0,0.0,0.0,6.090366306515143e-14,0.0,0.0,0.0,2.842170943040401e-14,0.0,0.0,0.0,2.842170943040401e-14,2.842170943040401e-14,2.7755575615628914e-17,2.3283064365386963e-10,0.0,1.3877787807814457e-17,0.0,0.0,0.0,2.7755575615628914e-17,0.9687831027565869,0.1985024222909964,0.027234614298993338,0.6902434158020756,0.04724508031913808,0.0,0.0,0.0,710,0.9891337783974326,0.5592534087383079,301,0,0,0.0,0.0,579,0,0,0.3864017270935581,0.5255763908389184,293,207.66058043515784,0.7317046764403645,470.75,405.23585634675925,0.5617502710367197,562,db,413.2962962962963,398.0,188.41229481502944,243,0.9143723369387087,0.671803462110104,0.15839832550987273,5,422.75
db3,1,constant,5.915404974617294e-27,322.3751782896005,9408160.818577677,0.5803571428571429,378.94739218306347,108,raw,3.9474596431116644e-14,-1.080820988264015e-10,"[2, 5, 11, 17, 22, 25, 29, 38, 44, 52, 55, 60, 65, 74, 78, 84, 89, 95, 98, 101, 105]","[38.00000000000003, 367.99999999999983, 460.9999999999998, 192.99999999999994, 951.0, 153.99999999999977, 881.0, 243.0, 490.99999999999994, 186.0, 321.0, 943.0, 810.0, 205.0, 477.99999999999983, 276.0000000000001, 347.0, 78.99999999999989, 1008.0, 114.0, 893.0]",21,5.6007517101900195,103763.74933350272,0.846056956283637,4.365923718251291e-06,1.0,0.4907407407407407,67631.0,0.12910941990473745,0.15147910127183992,188156.12126451553,82872438.25058056,8,12069.57955741813,0.027777777777777776,"[0.0, 0.009259259259259259, 0.018518518518518517, 0.027777777777777776, 0.037037037037037035, 0.046296296296296294, 0.05555555555555555, 0.06481481481481481, 0.07407407407407407, 0.08333333333333333, 0.09259259259259259, 0.10185185185185185, 0.1111111111111111, 0.12037037037037036, 0.12962962962962962, 0.1388888888888889, 0.14814814814814814, 0.15740740740740738, 0.16666666666666666, 0.17592592592592593, 0.18518518518518517, 0.19444444444444442, 0.2037037037037037, 0.21296296296296297, 0.2222222222222222, 0.23148148148148145, 0.24074074074074073]","[67631.0, 1786.6346316370025, 1155.9831840869392, 12069.57955741813, 1906.5778542068429, 950.5914327636009, 9083.877197385176, 2481.2296367744843, 778.6316126029452, 8965.162396385991, 2042.6423114779166, 1606.7171021541506, 6927.939836298324, 1790.9411989177936, 2115.064375989648, 4469.146453396725, 811.3124818658852, 852.4454942250587, 2613.5185095958273, 1125.8336361545926, 622.5282936168371, 1595.9028958466977, 1672.0836322356424, 807.7671822537574, 3024.6344394117596, 842.7313814743655, 842.8235732269205]",3.0,0.3,145.14999999999998,15,0.5,1721880.1384885085,0.14445541615564295,0.12412575453778009,16430975.452705398,84089526828.82368,"[0.046875, 0.03125]",2,1721880.1384885085,0.046875,"[0.0, 0.015625, 0.03125, 0.046875, 0.0625, 0.078125, 0.09375, 0.109375, 0.125, 0.140625, 0.15625, 0.171875, 0.1875, 0.203125, 0.21875, 0.234375]","[154749.38571156553, 876106.9067082779, 1710291.3768915324, 1721880.1384885085, 1236443.3975593026, 1200279.6938555269, 1385236.6101427814, 1437054.0474222805, 1048940.293646122, 664501.8455342904, 393060.2971508249, 165807.08106897434, 58528.066628532586, 51528.9563939076, 141871.95181127626, 339557.7347245398]",3.0,0.3,flattop,64,32,145.14999999999998,15,21,449.5238095238095,38.00000000000003,1008.0,"[2, 5, 11, 17, 22, 25, 29, 38, 44, 52, 55, 60, 65, 74, 78, 84, 89, 95, 98, 101, 105]","[38.00000000000003, 367.99999999999983, 460.9999999999998, 192.99999999999994, 951.0, 153.99999999999977, 881.0, 243.0, 490.99999999999994, 186.0, 321.0, 943.0, 810.0, 205.0, 477.99999999999983, 276.0000000000001, 347.0, 78.99999999999989, 1008.0, 114.0, 893.0]","[1, 1, 1, 15, 1, 24, 27, 35, 35, 49, 35, 35, 63, 73, 73, 73, 35, 92, 35, 99, 99]","[3, 8, 18, 18, 35, 27, 35, 39, 49, 53, 56, 73, 73, 75, 81, 85, 92, 97, 106, 102, 106]",0.05,30,52684909.0,1016.0,-1016.0,DWT,uc1.l0082987033,2.3283064365386963e-10,0.0,0.0,0.0,0.0,0.0,1.862645149230957e-09,0.0,1.0,84,0.0,0.0,1.0,84,,0.0,0.0,1.0,84,0.0,0.0,0.0,3.0517578125e-05,0.0,0.0,0.0,0.0,0.0,0.0,5.549000412602687e-14,0.0,0.0,0.0,2.842170943040401e-14,0.0,0.0,0.0,2.842170943040401e-14,2.842170943040401e-14,0.0,2.3283064365386963e-10,0.0,1.3877787807814457e-17,0.0,0.0,0.0,2.7755575615628914e-17,0.9687866262138473,0.20048548696107382,0.02711859717617454,0.6902434158020756,0.042355598025547544,0.0,0.0,0.0,711,0.9881136233279818,0.5586766159803491,302,0,0,0.0,0.0,578,0,0,0.38579794483574376,0.5247551375223208,297,206.46387900389098,0.7332508023205543,472.0,407.54632283548875,0.5617158404367629,563,db,413.2962962962963,398.0,188.41229481502944,243,0.9143723369387087,0.671803462110104,0.15839832550987273,5,423.5
db27,1,symmetric,3.948231300388826e-26,314.13099724038494,12352865.821505684,0.575,449.1298348573619,108,raw,1.4743761767022074e-13,-1.0697365215861569e-10,"[2, 5, 11, 17, 22, 25, 29, 38, 44, 52, 55, 60, 65, 74, 78, 84, 89, 95, 98, 101, 105]","[38.00000000000017, 367.9999999999999, 460.99999999999955, 193.00000000000028, 950.9999999999999, 153.9999999999999, 881.0000000000001, 242.99999999999997, 491.00000000000034, 186.00000000000057, 320.9999999999998, 942.9999999999998, 809.9999999999999, 205.00000000000006, 478.00000000000034, 276.00000000000034, 347.0000000000001, 78.99999999999989, 1008.0000000000001, 114.00000000000023, 893.0000000000002]",21,6.153258395107868,102005.99980448937,0.7971401109156298,4.36592371825129e-06,1.0,0.4907407407407407,67631.0,0.1291094199047374,0.15147910127183992,188156.12126451553,82872438.25058056,8,12069.57955741813,0.027777777777777776,"[0.0, 0.009259259259259259, 0.018518518518518517, 0.027777777777777776, 0.037037037037037035, 0.046296296296296294, 0.05555555555555555, 0.06481481481481481, 0.07407407407407407, 0.08333333333333333, 0.09259259259259259, 0.10185185185185185, 0.1111111111111111, 0.12037037037037036, 0.12962962962962962, 0.1388888888888889, 0.14814814814814814, 0.15740740740740738, 0.16666666666666666, 0.17592592592592593, 0.18518518518518517, 0.19444444444444442, 0.2037037037037037, 0.21296296296296297, 0.2222222222222222, 0.23148148148148145, 0.24074074074074073]","[67631.0, 1786.6346316370013, 1155.9831840869415, 12069.57955741813, 1906.5778542068442, 950.5914327636015, 9083.877197385174, 2481.2296367744825, 778.6316126029468, 8965.162396385991, 2042.6423114779168, 1606.7171021541494, 6927.939836298323, 1790.9411989177947, 2115.06437598965, 4469.146453396724, 811.3124818658863, 852.4454942250596, 2613.518509595828, 1125.833636154594, 622.5282936168365, 1595.9028958466986, 1672.0836322356408, 807.7671822537575, 3024.634439411761, 842.7313814743657, 842.823573226921]",3.0,0.3,145.14999999999995,15,0.5,1721880.1384885078,0.14445541615564297,0.12412575453778012,16430975.4527054,84089526828.82362,"[0.046875, 0.03125]",2,1721880.1384885078,0.046875,"[0.0, 0.015625, 0.03125, 0.046875, 0.0625, 0.078125, 0.09375, 0.109375, 0.125, 0.140625, 0.15625, 0.171875, 0.1875, 0.203125, 0.21875, 0.234375]","[154749.38571156553, 876106.9067082775, 1710291.376891532, 1721880.1384885078, 1236443.397559302, 1200279.6938555269, 1385236.6101427814, 1437054.0474222805, 1048940.2936461219, 664501.8455342903, 393060.2971508249, 165807.08106897428, 58528.0666285325, 51528.9563939074, 141871.95181127609, 339557.7347245399]",3.0,0.3,flattop,64,32,145.14999999999995,15,21,449.5238095238095,38.00000000000017,1008.0000000000001,"[2, 5, 11, 17, 22, 25, 29, 38, 44, 52, 55, 60, 65, 74, 78, 84, 89, 95, 98, 101, 105]","[38.00000000000017, 367.9999999999999, 460.99999999999955, 193.00000000000028, 950.9999999999999, 153.9999999999999, 881.0000000000001, 242.99999999999997, 491.00000000000034, 186.00000000000057, 320.9999999999998, 942.9999999999998, 809.9999999999999, 205.00000000000006, 478.00000000000034, 276.00000000000034, 347.0000000000001, 78.99999999999989, 1008.0000000000001, 114.00000000000023, 893.0000000000002]","[1, 1, 1, 15, 1, 24, 27, 35, 35, 49, 35, 35, 63, 73, 73, 73, 35, 92, 35, 99, 99]","[3, 8, 18, 18, 35, 27, 35, 39, 49, 53, 56, 73, 73, 75, 81, 85, 92, 97, 106, 102, 106]",0.05,30,52684909.0,1016.0,-1016.0,DWT,uc1.l0082987033,9.313225746154785e-10,0.0,0.0,0.0,0.0,1.1368683772161603e-13,0.0,0.0,1.0,84,0.0,0.0,1.0,84,,0.0,0.0,1.0,84,0.0,0.0,0.0,3.0517578125e-05,0.0,0.0,0.0,0.0,0.0,0.0,2.0977928389107718e-13,0.0,0.0,0.0,5.684341886080802e-14,0.0,0.0,0.0,5.684341886080802e-14,1.7053025658242404e-13,5.551115123125783e-17,9.313225746154785e-10,0.0,4.163336342344337e-17,0.0,0.0,0.0,5.551115123125783e-17,0.884146323638578,0.9084363215985898,0.31276548413934085,0.6304469273743012,0.03759754126260405,0.0,0.0,0.0,770,1.4083064845068742,0.7962524576653126,40,0,0,0.0,0.0,450,0,0,0.5546785196026829,0.7544633317284997,46,352.47080257330066,0.5446113661843661,326.5,79.58606657138041,0.5613883704306843,564,db,413.2962962962963,398.0,188.41229481502944,243,0.9143723369387087,0.671803462110104,0.15839832550987273,5,424.25
rbio5.5,1,antireflect,1.01183080952377e-19,250.04394411952063,10293093.742175883,0.5677966101694916,360.56755903325586,108,raw,2.416065043504474e-10,-2.8480231508078995e-09,"[2, 5, 11, 17, 22, 25, 29, 38, 44, 52, 55, 60, 65, 74, 78, 84, 89, 95, 98, 101, 105]","[38.00000000019418, 368.0000000005341, 461.00000000052887, 193.00000000008436, 951.0000000006045, 153.99999999999602, 881.0000000009719, 243.00000000019332, 491.0000000007321, 186.00000000020498, 321.00000000050125, 943.0000000008065, 810.0000000008617, 205.00000000002757, 478.0000000005249, 276.00000000014666, 347.0000000003847, 79.00000000032708, 1008.0000000002163, 113.99999999986335, 893.000000001748]",21,5.64581914487688,207484.33753439647,0.9415449219731931,4.365923718242537e-06,1.0,0.4907407407407407,67631.00000000274,0.12910941990478614,0.15147910127184477,188156.12126463067,82872438.25058883,8,12069.579557418561,0.027777777777777776,"[0.0, 0.009259259259259259, 0.018518518518518517, 0.027777777777777776, 0.037037037037037035, 0.046296296296296294, 0.05555555555555555, 0.06481481481481481, 0.07407407407407407, 0.08333333333333333, 0.09259259259259259, 0.10185185185185185, 0.1111111111111111, 0.12037037037037036, 0.12962962962962962, 0.1388888888888889, 0.14814814814814814, 0.15740740740740738, 0.16666666666666666, 0.17592592592592593, 0.18518518518518517, 0.19444444444444442, 0.2037037037037037, 0.21296296296296297, 0.2222222222222222, 0.23148148148148145, 0.24074074074074073]","[67631.00000000274, 1786.6346316387949, 1155.9831840876527, 12069.579557418561, 1906.5778542069424, 950.5914327664451, 9083.877197390484, 2481.2296367766653, 778.6316126021168, 8965.162396397829, 2042.6423114822637, 1606.7171021552958, 6927.939836309404, 1790.9411989199994, 2115.064375993814, 4469.146453403173, 811.3124818670968, 852.4454942258468, 2613.5185095993434, 1125.8336361559825, 622.5282936173616, 1595.9028958480985, 1672.0836322369325, 807.7671822540935, 3024.634439413534, 842.7313814748557, 842.8235732274793]",3.0,0.3,145.14999999972835,15,0.5,1721880.138490236,0.14445541615566326,0.12412575453777029,16430975.452738501,84089526829.15874,"[0.046875, 0.03125]",2,1721880.138490236,0.046875,"[0.0, 0.015625, 0.03125, 0.046875, 0.0625, 0.078125, 0.09375, 0.109375, 0.125, 0.140625, 0.15625, 0.171875, 0.1875, 0.203125, 0.21875, 0.234375]","[154749.38571166212, 876106.9067089602, 1710291.3768931155, 1721880.138490236, 1236443.397561402, 1200279.6938586736, 1385236.6101470392, 1437054.0474268568, 1048940.2936495477, 664501.8455364408, 393060.29715203005, 165807.08106943994, 58528.06662866137, 51528.95639396374, 141871.95181141142, 339557.7347248878]",3.0,0.3,flattop,64,32,145.14999999972835,15,21,449.5238095242596,38.00000000019418,1008.0000000002163,"[2, 5, 11, 17, 22, 25, 29, 38, 44, 52, 55, 60, 65, 74, 78, 84, 89, 95, 98, 101, 105]","[38.00000000019418, 368.0000000005341, 461.00000000052887, 193.00000000008436, 951.0000000006045, 153.99999999999602, 881.0000000009719, 243.00000000019332, 491.0000000007321, 186.00000000020498, 321.00000000050125, 943.0000000008065, 810.0000000008617, 205.00000000002757, 478.0000000005249, 276.00000000014666, 347.0000000003847, 79.00000000032708, 1008.0000000002163, 113.99999999986335, 893.000000001748]","[1, 1, 1, 15, 1, 24, 27, 35, 35, 49, 35, 35, 63, 73, 73, 73, 35, 92, 35, 99, 99]","[3, 8, 18, 18, 35, 27, 35, 39, 49, 53, 56, 73, 73, 75, 81, 85, 92, 97, 106, 102, 106]",0.05,30,52684909.000019684,1016.0000000001885,-1016.0000000001885,DWT,uc1.l0082987033,1.727137714624405e-06,0.0,4.5008619053987786e-10,8.27014446258545e-06,0.0,2.163460521842353e-10,3.310106694698334e-05,1.8849277694243938e-10,1.0,84,0.0,4.31100488640368e-10,1.0,84,,0.0,0.0,1.0,84,0.0,0.0,1.9684433937072754e-05,0.3350830078125,2.735760062932968e-09,0.0,0.0,0.0,4.5008619053987786e-10,9.45146894082427e-09,4.6350935787943717e-10,0.0,1.8849277694243938e-10,0.0,2.716546987358015e-10,0.0,0.0,0.0,2.716546987358015e-10,1.9417711882852018e-10,4.8683279629813114e-14,1.727137714624405e-06,4.85722573273506e-15,9.783840404509192e-15,1.1513475328683853e-07,0.0,0.0,2.0344836926255994e-14,0.2261855710877314,0.2582323502524717,0.11296024669478369,0.5500426096013641,0.323117127469821,0.0828498855404685,0.04142494277023425,0.0828498855404685,46,0.6705715359547406,0.3791392281569512,659,0,0,0.0828498855404685,0.0828498855404685,46,0,0,0.2941075810212344,0.40003962227135237,608,339.8316985411063,0.5609409579572271,339.75,85.7624687945688,0.5609937347925671,565,rbio,366.5925925925926,360.0,210.3588723315502,135,0.8110455588331695,0.7500562468954116,0.20725123474815782,3,424.5
coif9,1,periodization,4.8753378879695277e-26,313.2149759108683,9355545.720418807,0.5555555555555556,435.84694463679983,108,raw,1.6882791461133212e-13,-1.1081480177921387e-10,"[2, 5, 11, 17, 22, 25, 29, 38, 44, 52, 55, 60, 65, 74, 78, 84, 89, 95, 98, 101, 105]","[38.000000000000085, 367.99999999999903, 461.00000000000034, 193.00000000000023, 951.0000000000003, 153.99999999999977, 881.0000000000005, 243.00000000000006, 491.00000000000017, 185.99999999999977, 321.0000000000002, 942.9999999999998, 810.0000000000005, 204.99999999999974, 477.99999999999966, 276.0, 347.0000000000002, 79.00000000000011, 1008.0000000000001, 113.99999999999966, 892.9999999999998]",21,5.631409494906677,95467.34242112483,0.772039352297701,4.36592371825129e-06,0.9999999999999998,0.4907407407407407,67631.0,0.1291094199047374,0.15147910127183992,188156.12126451553,82872438.25058056,8,12069.579557418132,0.027777777777777776,"[0.0, 0.009259259259259259, 0.018518518518518517, 0.027777777777777776, 0.037037037037037035, 0.046296296296296294, 0.05555555555555555, 0.06481481481481481, 0.07407407407407407, 0.08333333333333333, 0.09259259259259259, 0.10185185185185185, 0.1111111111111111, 0.12037037037037036, 0.12962962962962962, 0.1388888888888889, 0.14814814814814814, 0.15740740740740738, 0.16666666666666666, 0.17592592592592593, 0.18518518518518517, 0.19444444444444442, 0.2037037037037037, 0.21296296296296297, 0.2222222222222222, 0.23148148148148145, 0.24074074074074073]","[67631.0, 1786.6346316370027, 1155.9831840869388, 12069.579557418132, 1906.5778542068456, 950.5914327636006, 9083.87719738518, 2481.229636774485, 778.6316126029434, 8965.162396385991, 2042.642311477919, 1606.7171021541487, 6927.939836298324, 1790.9411989177913, 2115.064375989648, 4469.146453396726, 811.3124818658847, 852.445494225057, 2613.5185095958286, 1125.833636154591, 622.5282936168369, 1595.9028958466977, 1672.0836322356402, 807.7671822537555, 3024.634439411757, 842.7313814743626, 842.8235732269198]",3.0,0.3,145.15,15,0.5,1721880.1384885088,0.14445541615564297,0.1241257545377801,16430975.452705408,84089526828.82373,"[0.046875, 0.03125]",2,1721880.1384885088,0.046875,"[0.0, 0.015625, 0.03125, 0.046875, 0.0625, 0.078125, 0.09375, 0.109375, 0.125, 0.140625, 0.15625, 0.171875, 0.1875, 0.203125, 0.21875, 0.234375]","[154749.38571156532, 876106.9067082778, 1710291.3768915324, 1721880.1384885088, 1236443.3975593029, 1200279.6938555273, 1385236.6101427819, 1437054.0474222815, 1048940.2936461228, 664501.845534291, 393060.29715082527, 165807.0810689745, 58528.066628532666, 51528.95639390751, 141871.95181127603, 339557.7347245398]",3.0,0.3,flattop,64,32,145.15,15,21,449.5238095238095,38.000000000000085,1008.0000000000001,"[2, 5, 11, 17, 22, 25, 29, 38, 44, 52, 55, 60, 65, 74, 78, 84, 89, 95, 98, 101, 105]","[38.000000000000085, 367.99999999999903, 461.00000000000034, 193.00000000000023, 951.0000000000003, 153.99999999999977, 881.0000000000005, 243.00000000000006, 491.00000000000017, 185.99999999999977, 321.0000000000002, 942.9999999999998, 810.0000000000005, 204.99999999999974, 477.99999999999966, 276.0, 347.0000000000002, 79.00000000000011, 1008.0000000000001, 113.99999999999966, 892.9999999999998]","[1, 1, 1, 15, 1, 24, 27, 35, 35, 49, 35, 35, 63, 73, 73, 73, 35, 92, 35, 99, 99]","[3, 8, 18, 18, 35, 27, 35, 39, 49, 53, 56, 73, 73, 75, 81, 85, 92, 97, 106, 102, 106]",0.05,30,52684909.0,1016.0000000000001,-1016.0000000000001,DWT,uc1.l0082987033,0.0,0.0,0.0,0.0,0.0,1.1368683772161603e-13,7.450580596923828e-09,1.1368683772161603e-13,1.0,84,0.0,1.8189894035458565e-12,1.0,84,,0.0,0.0,1.0,84,0.0,0.0,0.0,7.62939453125e-05,0.0,0.0,0.0,0.0,0.0,0.0,2.679761174866663e-13,0.0,1.1368683772161603e-13,0.0,0.0,0.0,0.0,0.0,0.0,8.526512829121202e-14,5.551115123125783e-17,0.0,0.0,2.7755575615628914e-17,0.0,0.0,0.0,5.551115123125783e-17,0.8747418331218316,0.23976863931156922,0.02201474501393809,0.41340782122905073,0.01989803261818912,0.0,0.0,0.0,356,0.8290591335747485,0.4687476624734279,545,0,0,0.0,0.0,696,0,0,0.31396621425891574,0.4270509631951138,563,139.93569951945787,0.8192045225846798,540.0,509.111071278792,0.5607650519900143,566,coif,217.80246913580248,181.0,166.32516494453617,81,0.48186386976947454,0.5930495234160287,0.4847804341365592,1,424.75
rbio4.4,1,antireflect,5.3481191777469005e-20,252.81301234644945,9763300.19939405,0.5689655172413793,431.93662789930585,108,raw,1.8244720960351685e-10,1.2190246589220557e-09,"[2, 5, 11, 17, 22, 25, 29, 38, 44, 52, 55, 60, 65, 74, 78, 84, 89, 95, 98, 101, 105]","[37.99999999987449, 367.9999999994864, 460.99999999961915, 192.99999999978422, 950.9999999995671, 153.99999999974784, 880.9999999990472, 242.99999999975205, 490.9999999995465, 185.99999999980207, 320.999999999558, 942.9999999995623, 809.9999999991213, 204.9999999998259, 477.9999999995224, 275.99999999979605, 346.99999999966917, 78.99999999993724, 1007.9999999996465, 113.99999999986403, 892.9999999987014]",21,5.71493722830174,170724.74046599527,0.8561251176295964,4.365923718258415e-06,1.0,0.4907407407407407,67630.99999999868,0.12910941990469113,0.15147910127183903,188156.12126442132,82872438.25057732,8,12069.579557417816,0.027777777777777776,"[0.0, 0.009259259259259259, 0.018518518518518517, 0.027777777777777776, 0.037037037037037035, 0.046296296296296294, 0.05555555555555555, 0.06481481481481481, 0.07407407407407407, 0.08333333333333333, 0.09259259259259259, 0.10185185185185185, 0.1111111111111111, 0.12037037037037036, 0.12962962962962962, 0.1388888888888889, 0.14814814814814814, 0.15740740740740738, 0.16666666666666666, 0.17592592592592593, 0.18518518518518517, 0.19444444444444442, 0.2037037037037037, 0.21296296296296297, 0.2222222222222222, 0.23148148148148145, 0.24074074074074073]","[67630.99999999868, 1786.634631636114, 1155.9831840865763, 12069.579557417816, 1906.577854206778, 950.5914327621676, 9083.877197382208, 2481.2296367732447, 778.6316126033458, 8965.162396379143, 2042.642311475439, 1606.717102153381, 6927.9398362911425, 1790.941198916211, 2115.0643759866066, 4469.1464533917, 811.3124818647566, 852.4454942244018, 2613.5185095923084, 1125.8336361528764, 622.528293615944, 1595.9028958449685, 1672.0836322339503, 807.7671822528378, 3024.634439408885, 842.7313814734345, 842.8235732260559]",3.0,0.3,145.15000000022962,15,0.5,1721880.1384875858,0.144455416155602,0.12412575453778943,16430975.452681275,84089526828.63202,"[0.046875, 0.03125]",2,1721880.1384875858,0.046875,"[0.0, 0.015625, 0.03125, 0.046875, 0.0625, 0.078125, 0.09375, 0.109375, 0.125, 0.140625, 0.15625, 0.171875, 0.1875, 0.203125, 0.21875, 0.234375]","[154749.38571152472, 876106.9067079313, 1710291.3768906945, 1721880.1384875858, 1236443.3975581387, 1200279.6938536982, 1385236.610140195, 1437054.0474193553, 1048940.2936437747, 664501.8455326965, 393060.2971498562, 165807.08106856328, 58528.06662839384, 51528.95639380593, 141871.9518110064, 339557.73472388333]",3.0,0.3,flattop,64,32,145.15000000022962,15,21,449.52380952340144,37.99999999987449,1007.9999999996465,"[2, 5, 11, 17, 22, 25, 29, 38, 44, 52, 55, 60, 65, 74, 78, 84, 89, 95, 98, 101, 105]","[37.99999999987449, 367.9999999994864, 460.99999999961915, 192.99999999978422, 950.9999999995671, 153.99999999974784, 880.9999999990472, 242.99999999975205, 490.9999999995465, 185.99999999980207, 320.999999999558, 942.9999999995623, 809.9999999991213, 204.9999999998259, 477.9999999995224, 275.99999999979605, 346.99999999966917, 78.99999999993724, 1007.9999999996465, 113.99999999986403, 892.9999999987014]","[1, 1, 1, 15, 1, 24, 27, 35, 35, 49, 35, 35, 63, 73, 73, 73, 35, 92, 35, 99, 99]","[3, 8, 18, 18, 35, 27, 35, 39, 49, 53, 56, 73, 73, 75, 81, 85, 92, 97, 106, 102, 106]",0.05,30,52684908.99998623,1015.9999999998413,-1015.9999999998413,DWT,uc1.l0082987033,9.229406714439392e-07,0.0,4.0807890400174074e-10,3.248453140258789e-06,0.0,3.5345237847650424e-10,2.4124979972839355e-05,1.5870682545937598e-10,1.0,84,0.0,3.1468516681343317e-10,1.0,84,,0.0,0.0,1.0,84,0.0,0.0,1.3768672943115234e-05,0.1916351318359375,1.3242242857813835e-09,0.0,0.0,0.0,4.0807890400174074e-10,8.56925908010453e-09,4.080328879007581e-10,0.0,1.5870682545937598e-10,0.0,2.2961899048823398e-10,0.0,0.0,0.0,2.2961899048823398e-10,1.255102688446641e-10,4.6324055702484657e-14,9.229406714439392e-07,8.881784197001252e-16,9.353628982466944e-15,9.4209099188447e-08,0.0,0.0,4.091171845743702e-14,0.25461468626359485,0.3467963553313442,0.06156838364624672,0.5630899633981896,0.2236124787429001,0.0579510175922732,0.0289755087961366,0.0579510175922732,73,0.6716321581033882,0.3797389008857256,657,0,0,0.0579510175922732,0.0579510175922732,73,0,0,0.2899363734764551,0.39436602390698905,617,326.03476297270305,0.5787664561076188,355.0,130.97544426494346,0.5600550626791323,567,rbio,366.5925925925926,360.0,210.3588723315502,135,0.8110455588331695,0.7500562468954116,0.20725123474815782,3,426.0
db3,1,antireflect,5.79713427297527e-27,322.4628895158458,9406287.25275144,0.5714285714285714,390.2050480360817,108,raw,3.848773152033874e-14,-1.0798895111463545e-10,"[2, 5, 11, 17, 22, 25, 29, 38, 44, 52, 55, 60, 65, 74, 78, 84, 89, 95, 98, 101, 105]","[37.99999999999997, 367.99999999999983, 460.9999999999998, 192.99999999999994, 951.0, 153.99999999999977, 881.0, 243.0, 490.99999999999994, 186.0, 321.0, 943.0, 810.0, 205.0, 477.99999999999983, 276.0000000000001, 347.0, 78.99999999999989, 1008.0, 114.0, 893.0]",21,5.623691477618642,108621.63448723141,0.8398831178524286,4.365923718251291e-06,1.0,0.4907407407407407,67631.0,0.12910941990473743,0.15147910127183992,188156.12126451553,82872438.25058056,8,12069.57955741813,0.027777777777777776,"[0.0, 0.009259259259259259, 0.018518518518518517, 0.027777777777777776, 0.037037037037037035, 0.046296296296296294, 0.05555555555555555, 0.06481481481481481, 0.07407407407407407, 0.08333333333333333, 0.09259259259259259, 0.10185185185185185, 0.1111111111111111, 0.12037037037037036, 0.12962962962962962, 0.1388888888888889, 0.14814814814814814, 0.15740740740740738, 0.16666666666666666, 0.17592592592592593, 0.18518518518518517, 0.19444444444444442, 0.2037037037037037, 0.21296296296296297, 0.2222222222222222, 0.23148148148148145, 0.24074074074074073]","[67631.0, 1786.634631637002, 1155.9831840869392, 12069.57955741813, 1906.5778542068429, 950.591432763601, 9083.877197385176, 2481.229636774485, 778.6316126029453, 8965.162396385991, 2042.6423114779163, 1606.71710215415, 6927.939836298324, 1790.9411989177936, 2115.064375989648, 4469.146453396725, 811.3124818658852, 852.4454942250585, 2613.5185095958273, 1125.8336361545928, 622.5282936168372, 1595.9028958466977, 1672.0836322356424, 807.7671822537574, 3024.6344394117596, 842.7313814743655, 842.8235732269205]",3.0,0.3,145.15,15,0.5,1721880.1384885085,0.14445541615564295,0.12412575453778009,16430975.452705398,84089526828.82368,"[0.046875, 0.03125]",2,1721880.1384885085,0.046875,"[0.0, 0.015625, 0.03125, 0.046875, 0.0625, 0.078125, 0.09375, 0.109375, 0.125, 0.140625, 0.15625, 0.171875, 0.1875, 0.203125, 0.21875, 0.234375]","[154749.38571156553, 876106.9067082779, 1710291.3768915324, 1721880.1384885085, 1236443.3975593026, 1200279.6938555269, 1385236.6101427814, 1437054.0474222805, 1048940.293646122, 664501.8455342904, 393060.2971508249, 165807.08106897434, 58528.066628532586, 51528.9563939076, 141871.95181127626, 339557.7347245398]",3.0,0.3,flattop,64,32,145.15,15,21,449.5238095238095,37.99999999999997,1008.0,"[2, 5, 11, 17, 22, 25, 29, 38, 44, 52, 55, 60, 65, 74, 78, 84, 89, 95, 98, 101, 105]","[37.99999999999997, 367.99999999999983, 460.9999999999998, 192.99999999999994, 951.0, 153.99999999999977, 881.0, 243.0, 490.99999999999994, 186.0, 321.0, 943.0, 810.0, 205.0, 477.99999999999983, 276.0000000000001, 347.0, 78.99999999999989, 1008.0, 114.0, 893.0]","[1, 1, 1, 15, 1, 24, 27, 35, 35, 49, 35, 35, 63, 73, 73, 73, 35, 92, 35, 99, 99]","[3, 8, 18, 18, 35, 27, 35, 39, 49, 53, 56, 73, 73, 75, 81, 85, 92, 97, 106, 102, 106]",0.05,30,52684909.0,1016.0,-1016.0,DWT,uc1.l0082987033,2.3283064365386963e-10,0.0,0.0,0.0,0.0,0.0,1.862645149230957e-09,0.0,1.0,84,0.0,0.0,1.0,84,,0.0,0.0,1.0,84,0.0,0.0,0.0,3.0517578125e-05,0.0,0.0,0.0,0.0,0.0,0.0,5.549000412602687e-14,0.0,0.0,0.0,0.0,0.0,0.0,0.0,0.0,2.842170943040401e-14,2.7755575615628914e-17,2.3283064365386963e-10,0.0,1.3877787807814457e-17,0.0,0.0,0.0,2.7755575615628914e-17,0.9696871286026632,0.22987920823324054,0.026936854609345917,0.5905826017557858,0.05550541995852557,0.0,0.0,0.0,685,0.9686555172686157,0.5476750584772551,331,0,0,0.0,0.0,625,0,0,0.37451824263191225,0.5094126978841249,347,184.19554826325202,0.7620212554738346,497.0,446.2867941205554,0.5599511962123696,568,db,413.2962962962963,398.0,188.41229481502944,243,0.9143723369387087,0.671803462110104,0.15839832550987273,5,427.25
db22,1,periodization,4.269903212601211e-26,313.7908428035127,9428051.239546632,0.5740740740740741,492.3000409646337,108,raw,1.5575195454352477e-13,-1.0903289382469048e-10,"[2, 5, 11, 17, 22, 25, 29, 38, 44, 52, 55, 60, 65, 74, 78, 84, 89, 95, 98, 101, 105]","[38.00000000000014, 367.99999999999966, 460.9999999999995, 193.00000000000028, 951.0000000000003, 154.00000000000034, 881.0000000000005, 242.99999999999994, 491.00000000000006, 186.0, 320.9999999999999, 943.0000000000001, 810.0000000000001, 205.00000000000009, 477.9999999999998, 276.0000000000002, 347.0000000000001, 79.00000000000023, 1008.0, 113.99999999999966, 893.0000000000003]",21,5.588101683093256,95467.3424211248,0.8140101331083367,4.365923718251292e-06,0.9999999999999998,0.4907407407407407,67631.0,0.12910941990473745,0.15147910127183994,188156.1212645155,82872438.25058056,8,12069.579557418134,0.027777777777777776,"[0.0, 0.009259259259259259, 0.018518518518518517, 0.027777777777777776, 0.037037037037037035, 0.046296296296296294, 0.05555555555555555, 0.06481481481481481, 0.07407407407407407, 0.08333333333333333, 0.09259259259259259, 0.10185185185185185, 0.1111111111111111, 0.12037037037037036, 0.12962962962962962, 0.1388888888888889, 0.14814814814814814, 0.15740740740740738, 0.16666666666666666, 0.17592592592592593, 0.18518518518518517, 0.19444444444444442, 0.2037037037037037, 0.21296296296296297, 0.2222222222222222, 0.23148148148148145, 0.24074074074074073]","[67631.0, 1786.634631636999, 1155.9831840869379, 12069.579557418134, 1906.5778542068404, 950.5914327635993, 9083.877197385176, 2481.2296367744834, 778.6316126029449, 8965.162396385991, 2042.6423114779152, 1606.717102154152, 6927.939836298322, 1790.9411989177947, 2115.0643759896475, 4469.146453396727, 811.3124818658833, 852.4454942250586, 2613.518509595831, 1125.8336361545946, 622.5282936168355, 1595.902895846697, 1672.0836322356438, 807.7671822537574, 3024.634439411761, 842.7313814743663, 842.8235732269204]",3.0,0.3,145.14999999999992,15,0.5,1721880.1384885088,0.14445541615564297,0.12412575453778009,16430975.452705402,84089526828.82368,"[0.046875, 0.03125]",2,1721880.1384885088,0.046875,"[0.0, 0.015625, 0.03125, 0.046875, 0.0625, 0.078125, 0.09375, 0.109375, 0.125, 0.140625, 0.15625, 0.171875, 0.1875, 0.203125, 0.21875, 0.234375]","[154749.38571156553, 876106.9067082782, 1710291.376891533, 1721880.1384885088, 1236443.397559302, 1200279.6938555264, 1385236.6101427814, 1437054.0474222805, 1048940.293646122, 664501.8455342905, 393060.2971508251, 165807.0810689745, 58528.06662853263, 51528.95639390769, 141871.9518112765, 339557.7347245404]",3.0,0.3,flattop,64,32,145.14999999999992,15,21,449.52380952380963,38.00000000000014,1008.0,"[2, 5, 11, 17, 22, 25, 29, 38, 44, 52, 55, 60, 65, 74, 78, 84, 89, 95, 98, 101, 105]","[38.00000000000014, 367.99999999999966, 460.9999999999995, 193.00000000000028, 951.0000000000003, 154.00000000000034, 881.0000000000005, 242.99999999999994, 491.00000000000006, 186.0, 320.9999999999999, 943.0000000000001, 810.0000000000001, 205.00000000000009, 477.9999999999998, 276.0000000000002, 347.0000000000001, 79.00000000000023, 1008.0, 113.99999999999966, 893.0000000000003]","[1, 1, 1, 15, 1, 24, 27, 35, 35, 49, 35, 35, 63, 73, 73, 73, 35, 92, 35, 99, 99]","[3, 8, 18, 18, 35, 27, 35, 39, 49, 53, 56, 73, 73, 75, 81, 85, 92, 97, 106, 102, 106]",0.05,30,52684909.0,1015.9999999999999,-1015.9999999999999,DWT,uc1.l0082987033,0.0,0.0,1.1368683772161603e-13,0.0,0.0,0.0,1.862645149230957e-09,1.1368683772161603e-13,1.0,84,0.0,3.637978807091713e-12,1.0,84,,0.0,0.0,1.0,84,0.0,0.0,0.0,3.0517578125e-05,0.0,0.0,0.0,0.0,1.1368683772161603e-13,1.8189894035458565e-12,2.1113269862585832e-13,0.0,1.1368683772161603e-13,0.0,8.526512829121202e-14,0.0,0.0,0.0,8.526512829121202e-14,1.4210854715202004e-13,0.0,0.0,2.7755575615628914e-17,1.3877787807814457e-17,2.9103830456733704e-11,0.0,0.0,5.551115123125783e-17,0.8806540696127005,0.18427645730440514,0.029048038945220872,0.6201117318435755,0.019898032618189045,0.0,0.0,0.0,574,0.8910585956771392,0.5038019809872294,454,0,0,0.0,0.0,727,0,0,0.34679766606481827,0.47170768891924636,457,128.7555824032496,0.8336491183420548,553.0,532.7293548776543,0.5595894170521644,569,db,413.2962962962963,398.0,188.41229481502944,243,0.9143723369387087,0.671803462110104,0.15839832550987273,5,428.0
bior3.5,1,constant,8.168274851646248e-27,320.97371968422317,9983457.959985057,0.5677966101694916,291.87105323787677,108,raw,6.207380288793092e-14,-1.0871414879432064e-10,"[2, 5, 11, 17, 22, 25, 29, 38, 44, 52, 55, 60, 65, 74, 78, 84, 89, 95, 98, 101, 105]","[38.0, 367.9999999999999, 461.0000000000002, 192.9999999999999, 951.0, 154.0000000000001, 881.0, 242.99999999999994, 491.0000000000001, 186.0, 321.0, 943.0, 809.9999999999999, 204.99999999999997, 477.9999999999998, 276.0, 346.99999999999966, 79.00000000000011, 1008.0, 114.0, 893.0]",21,5.481832463237652,132154.81231822053,0.9192931513091085,4.365923718251291e-06,0.9999999999999998,0.4907407407407407,67631.0,0.1291094199047374,0.15147910127183992,188156.12126451553,82872438.25058056,8,12069.57955741813,0.027777777777777776,"[0.0, 0.009259259259259259, 0.018518518518518517, 0.027777777777777776, 0.037037037037037035, 0.046296296296296294, 0.05555555555555555, 0.06481481481481481, 0.07407407407407407, 0.08333333333333333, 0.09259259259259259, 0.10185185185185185, 0.1111111111111111, 0.12037037037037036, 0.12962962962962962, 0.1388888888888889, 0.14814814814814814, 0.15740740740740738, 0.16666666666666666, 0.17592592592592593, 0.18518518518518517, 0.19444444444444442, 0.2037037037037037, 0.21296296296296297, 0.2222222222222222, 0.23148148148148145, 0.24074074074074073]","[67631.0, 1786.6346316370007, 1155.9831840869401, 12069.57955741813, 1906.5778542068438, 950.5914327636015, 9083.877197385176, 2481.2296367744834, 778.6316126029429, 8965.162396385991, 2042.6423114779163, 1606.717102154152, 6927.939836298323, 1790.9411989177927, 2115.064375989649, 4469.146453396725, 811.3124818658854, 852.4454942250576, 2613.518509595828, 1125.8336361545933, 622.5282936168378, 1595.9028958466974, 1672.0836322356424, 807.767182253757, 3024.6344394117596, 842.7313814743655, 842.8235732269197]",3.0,0.3,145.15000000000003,15,0.5,1721880.1384885085,0.14445541615564295,0.12412575453778009,16430975.452705398,84089526828.82368,"[0.046875, 0.03125]",2,1721880.1384885085,0.046875,"[0.0, 0.015625, 0.03125, 0.046875, 0.0625, 0.078125, 0.09375, 0.109375, 0.125, 0.140625, 0.15625, 0.171875, 0.1875, 0.203125, 0.21875, 0.234375]","[154749.38571156544, 876106.9067082775, 1710291.376891532, 1721880.1384885085, 1236443.3975593029, 1200279.693855527, 1385236.6101427814, 1437054.0474222805, 1048940.2936461219, 664501.8455342904, 393060.2971508251, 165807.08106897442, 58528.0666285326, 51528.956393907545, 141871.9518112763, 339557.73472454]",3.0,0.3,flattop,64,32,145.15000000000003,15,21,449.5238095238095,38.0,1008.0,"[2, 5, 11, 17, 22, 25, 29, 38, 44, 52, 55, 60, 65, 74, 78, 84, 89, 95, 98, 101, 105]","[38.0, 367.9999999999999, 461.0000000000002, 192.9999999999999, 951.0, 154.0000000000001, 881.0, 242.99999999999994, 491.0000000000001, 186.0, 321.0, 943.0, 809.9999999999999, 204.99999999999997, 477.9999999999998, 276.0, 346.99999999999966, 79.00000000000011, 1008.0, 114.0, 893.0]","[1, 1, 1, 15, 1, 24, 27, 35, 35, 49, 35, 35, 63, 73, 73, 73, 35, 92, 35, 99, 99]","[3, 8, 18, 18, 35, 27, 35, 39, 49, 53, 56, 73, 73, 75, 81, 85, 92, 97, 106, 102, 106]",0.05,30,52684909.0,1016.0,-1016.0,DWT,uc1.l0082987033,2.3283064365386963e-10,0.0,0.0,0.0,0.0,0.0,1.862645149230957e-09,0.0,1.0,84,0.0,0.0,1.0,84,,0.0,0.0,1.0,84,0.0,0.0,0.0,3.0517578125e-05,0.0,0.0,0.0,0.0,0.0,0.0,7.443781041296289e-14,0.0,0.0,0.0,2.842170943040401e-14,0.0,0.0,0.0,2.842170943040401e-14,0.0,5.551115123125783e-17,2.3283064365386963e-10,0.0,1.3877787807814457e-17,0.0,0.0,0.0,2.7755575615628914e-17,0.9543983104190189,0.048109086036781656,0.08292447157052865,0.5500426096013641,0.11920744011787177,0.0,0.0,0.0,529,0.9058557849427608,0.5121682694684015,435,0,0,0.0,0.0,745,0,0,0.35093638354911305,0.47733709491196574,435,146.2098947860005,0.8110983271498702,536.0,510.83335816448147,0.5592959336007749,570,bior,385.74074074074076,410.0,199.97417605530825,135,0.8534087184529663,0.7130285416801533,0.18870533457887761,4,428.5
rbio5.5,1,antisymmetric,9.543177423366329e-20,250.2980931303111,10167312.250380395,0.576271186440678,360.56755903325586,108,raw,2.3948977780331985e-10,-2.3794496374824594e-09,"[2, 5, 11, 17, 22, 25, 29, 38, 44, 52, 55, 60, 65, 74, 78, 84, 89, 95, 98, 101, 105]","[38.00000000006938, 368.0000000005426, 461.00000000052887, 193.00000000008436, 951.0000000005602, 153.99999999999602, 881.0000000009719, 243.00000000019332, 491.0000000007321, 186.00000000020498, 321.00000000050125, 943.0000000008065, 810.0000000008617, 205.00000000002757, 478.0000000005249, 276.00000000014666, 347.0000000003847, 79.00000000032708, 1008.0000000001655, 113.99999999987745, 893.0000000014062]",21,5.614205444296695,188861.6639739172,0.9335215132501755,4.365923718243097e-06,0.9999999999999998,0.4907407407407407,67631.00000000227,0.1291094199047825,0.15147910127184283,188156.12126462717,82872438.25058796,8,12069.579557418909,0.027777777777777776,"[0.0, 0.009259259259259259, 0.018518518518518517, 0.027777777777777776, 0.037037037037037035, 0.046296296296296294, 0.05555555555555555, 0.06481481481481481, 0.07407407407407407, 0.08333333333333333, 0.09259259259259259, 0.10185185185185185, 0.1111111111111111, 0.12037037037037036, 0.12962962962962962, 0.1388888888888889, 0.14814814814814814, 0.15740740740740738, 0.16666666666666666, 0.17592592592592593, 0.18518518518518517, 0.19444444444444442, 0.2037037037037037, 0.21296296296296297, 0.2222222222222222, 0.23148148148148145, 0.24074074074074073]","[67631.00000000227, 1786.6346316384556, 1155.9831840874538, 12069.579557418909, 1906.5778542072374, 950.5914327661587, 9083.877197390708, 2481.2296367764516, 778.6316126025382, 8965.162396397725, 2042.6423114823617, 1606.7171021555027, 6927.939836309333, 1790.9411989199014, 2115.064375993642, 4469.146453403168, 811.3124818669928, 852.4454942258019, 2613.518509599455, 1125.833636156128, 622.5282936174812, 1595.9028958479892, 1672.0836322367586, 807.7671822542824, 3024.6344394133603, 842.7313814748649, 842.8235732273597]",3.0,0.3,145.14999999978684,15,0.5,1721880.1384902354,0.14445541615566332,0.12412575453777028,16430975.45273849,84089526829.15865,"[0.046875, 0.03125]",2,1721880.1384902354,0.046875,"[0.0, 0.015625, 0.03125, 0.046875, 0.0625, 0.078125, 0.09375, 0.109375, 0.125, 0.140625, 0.15625, 0.171875, 0.1875, 0.203125, 0.21875, 0.234375]","[154749.38571165878, 876106.9067089544, 1710291.3768931124, 1721880.1384902354, 1236443.3975614025, 1200279.6938586736, 1385236.6101470392, 1437054.0474268568, 1048940.2936495477, 664501.8455364406, 393060.29715203005, 165807.08106943997, 58528.06662866131, 51528.95639396374, 141871.95181141142, 339557.73472488776]",3.0,0.3,flattop,64,32,145.14999999978684,15,21,449.52380952423397,38.00000000006938,1008.0000000001655,"[2, 5, 11, 17, 22, 25, 29, 38, 44, 52, 55, 60, 65, 74, 78, 84, 89, 95, 98, 101, 105]","[38.00000000006938, 368.0000000005426, 461.00000000052887, 193.00000000008436, 951.0000000005602, 153.99999999999602, 881.0000000009719, 243.00000000019332, 491.0000000007321, 186.00000000020498, 321.00000000050125, 943.0000000008065, 810.0000000008617, 205.00000000002757, 478.0000000005249, 276.00000000014666, 347.0000000003847, 79.00000000032708, 1008.0000000001655, 113.99999999987745, 893.0000000014062]","[1, 1, 1, 15, 1, 24, 27, 35, 35, 49, 35, 35, 63, 73, 73, 73, 35, 92, 35, 99, 99]","[3, 8, 18, 18, 35, 27, 35, 39, 49, 53, 56, 73, 73, 75, 81, 85, 92, 97, 106, 102, 106]",0.05,30,52684909.000018954,1016.0000000001885,-1016.0000000001885,DWT,uc1.l0082987033,1.7266720533370972e-06,0.0,4.2444980863365345e-10,7.3909759521484375e-06,0.0,1.6552803572267294e-10,3.308989107608795e-05,1.8849277694243938e-10,1.0,84,0.0,7.785274647176266e-10,1.0,84,,0.0,0.0,1.0,84,0.0,0.0,1.895427703857422e-05,0.334991455078125,2.270098775625229e-09,0.0,0.0,0.0,4.2444980863365345e-10,8.913048077374697e-09,4.364965531879403e-10,0.0,1.8849277694243938e-10,0.0,2.1316282072803006e-10,0.0,0.0,0.0,2.1316282072803006e-10,6.937739271961618e-11,4.5047299224165727e-14,1.7266720533370972e-06,2.914335439641036e-15,9.797718192317006e-15,1.1164229363203049e-07,0.0,0.0,2.040034807748725e-14,0.22879483561553515,0.2177243413492847,0.10075899341703982,0.6446359246283498,0.27270736406725926,0.07977672551663582,0.03988836275831791,0.07977672551663582,49,0.663455884230727,0.37511605902759787,665,0,0,0.07977672551663582,0.07977672551663582,49,0,0,0.2929242918154938,0.39843013445992437,610,340.51174722761033,0.5600623420831907,343.25,90.99299018626077,0.5582934449434042,571,rbio,366.5925925925926,360.0,210.3588723315502,135,0.8110455588331695,0.7500562468954116,0.20725123474815782,3,429.0
db25,1,smooth,4.5683928401747964e-26,313.497388689686,17263047.731188517,0.532051282051282,287.91828289253726,108,raw,1.5786549022744085e-13,-1.2069445443074825e-10,"[2, 5, 11, 17, 22, 25, 29, 38, 44, 52, 55, 60, 65, 74, 78, 84, 89, 95, 98, 101, 105]","[38.000000000000085, 367.99999999999966, 460.9999999999997, 192.9999999999999, 951.0, 153.99999999999977, 881.0000000000002, 242.99999999999991, 491.00000000000006, 185.99999999999966, 321.0000000000002, 943.0000000000001, 810.0, 205.0, 477.99999999999943, 276.0000000000001, 346.99999999999966, 79.00000000000045, 1007.9999999999995, 114.00000000000011, 892.9999999999998]",21,5.776151800570177,162554.0419564755,0.9277195991332361,4.365923718251293e-06,0.9999999999999998,0.4907407407407407,67631.0,0.12910941990473743,0.15147910127183992,188156.1212645155,82872438.25058056,8,12069.579557418134,0.027777777777777776,"[0.0, 0.009259259259259259, 0.018518518518518517, 0.027777777777777776, 0.037037037037037035, 0.046296296296296294, 0.05555555555555555, 0.06481481481481481, 0.07407407407407407, 0.08333333333333333, 0.09259259259259259, 0.10185185185185185, 0.1111111111111111, 0.12037037037037036, 0.12962962962962962, 0.1388888888888889, 0.14814814814814814, 0.15740740740740738, 0.16666666666666666, 0.17592592592592593, 0.18518518518518517, 0.19444444444444442, 0.2037037037037037, 0.21296296296296297, 0.2222222222222222, 0.23148148148148145, 0.24074074074074073]","[67631.0, 1786.6346316369993, 1155.9831840869374, 12069.579557418134, 1906.5778542068422, 950.5914327635984, 9083.87719738518, 2481.229636774485, 778.6316126029462, 8965.162396385995, 2042.642311477916, 1606.7171021541496, 6927.939836298325, 1790.941198917794, 2115.064375989647, 4469.146453396727, 811.3124818658833, 852.4454942250571, 2613.5185095958273, 1125.8336361545933, 622.5282936168379, 1595.902895846697, 1672.083632235641, 807.7671822537586, 3024.634439411761, 842.7313814743666, 842.8235732269225]",3.0,0.3,145.14999999999998,15,0.5,1721880.1384885097,0.14445541615564292,0.12412575453778009,16430975.45270541,84089526828.8238,"[0.046875, 0.03125]",2,1721880.1384885097,0.046875,"[0.0, 0.015625, 0.03125, 0.046875, 0.0625, 0.078125, 0.09375, 0.109375, 0.125, 0.140625, 0.15625, 0.171875, 0.1875, 0.203125, 0.21875, 0.234375]","[154749.3857115659, 876106.906708279, 1710291.376891534, 1721880.1384885097, 1236443.3975593033, 1200279.6938555273, 1385236.6101427826, 1437054.0474222815, 1048940.2936461226, 664501.8455342909, 393060.2971508254, 165807.0810689748, 58528.06662853279, 51528.956393907545, 141871.95181127626, 339557.7347245399]",3.0,0.3,flattop,64,32,145.14999999999998,15,21,449.5238095238095,38.000000000000085,1007.9999999999995,"[2, 5, 11, 17, 22, 25, 29, 38, 44, 52, 55, 60, 65, 74, 78, 84, 89, 95, 98, 101, 105]","[38.000000000000085, 367.99999999999966, 460.9999999999997, 192.9999999999999, 951.0, 153.99999999999977, 881.0000000000002, 242.99999999999991, 491.00000000000006, 185.99999999999966, 321.0000000000002, 943.0000000000001, 810.0, 205.0, 477.99999999999943, 276.0000000000001, 346.99999999999966, 79.00000000000045, 1007.9999999999995, 114.00000000000011, 892.9999999999998]","[1, 1, 1, 15, 1, 24, 27, 35, 35, 49, 35, 35, 63, 73, 73, 73, 35, 92, 35, 99, 99]","[3, 8, 18, 18, 35, 27, 35, 39, 49, 53, 56, 73, 73, 75, 81, 85, 92, 97, 106, 102, 106]",0.05,30,52684909.0,1015.9999999999997,-1015.9999999999997,DWT,uc1.l0082987033,9.313225746154785e-10,0.0,0.0,0.0,0.0,4.547473508864641e-13,9.313225746154785e-09,3.410605131648481e-13,1.0,84,0.0,3.637978807091713e-12,1.0,84,,0.0,0.0,1.0,84,0.0,0.0,0.0,0.000152587890625,0.0,0.0,0.0,0.0,0.0,0.0,2.0842586915629607e-13,0.0,3.410605131648481e-13,0.0,2.842170943040401e-14,0.0,0.0,0.0,2.842170943040401e-14,8.526512829121202e-14,2.7755575615628914e-17,9.313225746154785e-10,0.0,1.3877787807814457e-17,2.9103830456733704e-11,0.0,0.0,0.0,0.8776412724848869,0.42523324797430284,0.7890706405231318,0.15105285775676863,0.2014951937375587,0.0,0.0,0.0,727,1.2747559283373804,0.720743355248757,83,0,0,0.0,0.0,538,0,0,0.48889864249532977,0.6649907751228213,95,323.17423061459175,0.5824622343480726,360.75,154.98613385700472,0.5581884815151217,572,db,413.2962962962963,398.0,188.41229481502944,243,0.9143723369387087,0.671803462110104,0.15839832550987273,5,430.25
bior1.3,1,periodic,1.0499388043644902e-26,319.8833832420856,9478452.790224336,0.5625,298.781606429345,108,raw,6.983714018605065e-14,-1.1765632912386146e-10,"[2, 5, 11, 17, 22, 25, 29, 38, 44, 52, 55, 60, 65, 74, 78, 84, 89, 95, 98, 101, 105]","[38.0, 368.00000000000006, 460.99999999999994, 193.0000000000001, 951.0, 154.0, 881.0000000000001, 243.0, 490.99999999999994, 186.0, 321.0, 943.0000000000001, 810.0, 205.00000000000003, 478.0000000000001, 276.0, 347.0000000000001, 79.0, 1008.0000000000002, 114.00000000000011, 893.0]",21,5.565089422778994,105081.08961331117,0.8579938957124179,4.36592371825129e-06,1.0,0.4907407407407407,67631.0,0.12910941990473745,0.15147910127183992,188156.12126451553,82872438.25058056,8,12069.57955741813,0.027777777777777776,"[0.0, 0.009259259259259259, 0.018518518518518517, 0.027777777777777776, 0.037037037037037035, 0.046296296296296294, 0.05555555555555555, 0.06481481481481481, 0.07407407407407407, 0.08333333333333333, 0.09259259259259259, 0.10185185185185185, 0.1111111111111111, 0.12037037037037036, 0.12962962962962962, 0.1388888888888889, 0.14814814814814814, 0.15740740740740738, 0.16666666666666666, 0.17592592592592593, 0.18518518518518517, 0.19444444444444442, 0.2037037037037037, 0.21296296296296297, 0.2222222222222222, 0.23148148148148145, 0.24074074074074073]","[67631.0, 1786.6346316369998, 1155.9831840869374, 12069.57955741813, 1906.5778542068424, 950.5914327636025, 9083.87719738518, 2481.2296367744834, 778.6316126029454, 8965.162396385991, 2042.6423114779172, 1606.7171021541485, 6927.939836298324, 1790.9411989177925, 2115.064375989648, 4469.146453396725, 811.3124818658853, 852.4454942250569, 2613.518509595828, 1125.8336361545937, 622.528293616838, 1595.9028958466986, 1672.0836322356429, 807.7671822537571, 3024.6344394117605, 842.7313814743662, 842.8235732269206]",3.0,0.3,145.15000000000003,15,0.5,1721880.1384885092,0.14445541615564295,0.1241257545377801,16430975.452705404,84089526828.82372,"[0.046875, 0.03125]",2,1721880.1384885092,0.046875,"[0.0, 0.015625, 0.03125, 0.046875, 0.0625, 0.078125, 0.09375, 0.109375, 0.125, 0.140625, 0.15625, 0.171875, 0.1875, 0.203125, 0.21875, 0.234375]","[154749.3857115654, 876106.9067082782, 1710291.3768915331, 1721880.1384885092, 1236443.3975593029, 1200279.6938555273, 1385236.6101427819, 1437054.047422281, 1048940.293646122, 664501.8455342908, 393060.29715082515, 165807.08106897463, 58528.06662853263, 51528.95639390754, 141871.95181127626, 339557.73472454]",3.0,0.3,flattop,64,32,145.15000000000003,15,21,449.5238095238095,38.0,1008.0000000000002,"[2, 5, 11, 17, 22, 25, 29, 38, 44, 52, 55, 60, 65, 74, 78, 84, 89, 95, 98, 101, 105]","[38.0, 368.00000000000006, 460.99999999999994, 193.0000000000001, 951.0, 154.0, 881.0000000000001, 243.0, 490.99999999999994, 186.0, 321.0, 943.0000000000001, 810.0, 205.00000000000003, 478.0000000000001, 276.0, 347.0000000000001, 79.0, 1008.0000000000002, 114.00000000000011, 893.0]","[1, 1, 1, 15, 1, 24, 27, 35, 35, 49, 35, 35, 63, 73, 73, 73, 35, 92, 35, 99, 99]","[3, 8, 18, 18, 35, 27, 35, 39, 49, 53, 56, 73, 73, 75, 81, 85, 92, 97, 106, 102, 106]",0.05,30,52684909.0,1016.0000000000002,-1016.0000000000002,DWT,uc1.l0082987033,4.656612873077393e-10,0.0,0.0,0.0,0.0,2.2737367544323206e-13,3.725290298461914e-09,2.2737367544323206e-13,1.0,84,0.0,0.0,1.0,84,,0.0,0.0,1.0,84,0.0,0.0,0.0,6.103515625e-05,0.0,0.0,0.0,0.0,0.0,0.0,5.278317465646461e-14,0.0,2.2737367544323206e-13,0.0,2.842170943040401e-14,0.0,0.0,0.0,2.842170943040401e-14,0.0,0.0,4.656612873077393e-10,0.0,2.7755575615628914e-17,0.0,0.0,0.0,2.7755575615628914e-17,0.9432041838198525,0.1547898477463698,0.033937169107626584,0.49092178770949735,0.045921509848581135,0.0,0.0,0.0,468,0.875023337742141,0.4947356920220754,489,0,0,0.0,0.0,750,0,0,0.3337548996463855,0.45396716236333073,502,132.57545021609394,0.8287138886096977,552.25,532.8284167675474,0.5576062983100168,573,bior,385.74074074074076,410.0,199.97417605530825,135,0.8534087184529663,0.7130285416801533,0.18870533457887761,4,430.75
bior5.5,1,reflect,1.0790889488432073e-19,249.764450663141,9652901.72025987,0.5847457627118644,464.1893166401253,108,raw,2.552970180936933e-10,5.740791173419324e-10,"[2, 5, 11, 17, 22, 25, 29, 38, 44, 52, 55, 60, 65, 74, 78, 84, 89, 95, 98, 101, 105]","[37.99999999998704, 368.000000000544, 461.00000000052864, 193.00000000008453, 951.0000000007734, 153.9999999999959, 881.0000000009718, 243.00000000019332, 491.00000000073214, 186.00000000020498, 321.0000000005009, 943.0000000008064, 810.0000000008622, 205.00000000002774, 478.00000000052455, 276.0000000001469, 347.00000000038426, 79.00000000032674, 1008.0000000009591, 113.99999999986505, 893.0000000009329]",21,5.775582227705055,91101.02089452579,0.7813505130962612,4.3659237182430415e-06,1.0,0.4907407407407407,67630.99999999932,0.1291094199047842,0.15147910127184044,188156.1212646309,82872438.25058253,8,12069.579557421423,0.027777777777777776,"[0.0, 0.009259259259259259, 0.018518518518518517, 0.027777777777777776, 0.037037037037037035, 0.046296296296296294, 0.05555555555555555, 0.06481481481481481, 0.07407407407407407, 0.08333333333333333, 0.09259259259259259, 0.10185185185185185, 0.1111111111111111, 0.12037037037037036, 0.12962962962962962, 0.1388888888888889, 0.14814814814814814, 0.15740740740740738, 0.16666666666666666, 0.17592592592592593, 0.18518518518518517, 0.19444444444444442, 0.2037037037037037, 0.21296296296296297, 0.2222222222222222, 0.23148148148148145, 0.24074074074074073]","[67630.99999999932, 1786.6346316365048, 1155.9831840866755, 12069.579557421423, 1906.5778542082346, 950.5914327638236, 9083.877197392814, 2481.229636776391, 778.6316126048173, 8965.162396398373, 2042.642311481707, 1606.7171021573884, 6927.939836310086, 1790.9411989204523, 2115.0643759922705, 4469.146453404351, 811.3124818660876, 852.4454942268708, 2613.518509599616, 1125.8336361553777, 622.5282936166973, 1595.9028958486708, 1672.0836322373884, 807.7671822537158, 3024.6344394135263, 842.731381475111, 842.8235732277617]",3.0,0.3,145.14999999976519,15,0.5,1721880.1384902322,0.14445541615566432,0.12412575453777025,16430975.452738369,84089526829.15758,"[0.046875, 0.03125]",2,1721880.1384902322,0.046875,"[0.0, 0.015625, 0.03125, 0.046875, 0.0625, 0.078125, 0.09375, 0.109375, 0.125, 0.140625, 0.15625, 0.171875, 0.1875, 0.203125, 0.21875, 0.234375]","[154749.38571162464, 876106.9067088973, 1710291.3768930822, 1721880.1384902322, 1236443.3975614032, 1200279.6938586743, 1385236.6101470399, 1437054.0474268564, 1048940.2936495475, 664501.8455364404, 393060.2971520299, 165807.08106943988, 58528.06662866142, 51528.956393963934, 141871.9518114117, 339557.734724888]",3.0,0.3,flattop,64,32,145.14999999976519,15,21,449.52380952425494,37.99999999998704,1008.0000000009591,"[2, 5, 11, 17, 22, 25, 29, 38, 44, 52, 55, 60, 65, 74, 78, 84, 89, 95, 98, 101, 105]","[37.99999999998704, 368.000000000544, 461.00000000052864, 193.00000000008453, 951.0000000007734, 153.9999999999959, 881.0000000009718, 243.00000000019332, 491.00000000073214, 186.00000000020498, 321.0000000005009, 943.0000000008064, 810.0000000008622, 205.00000000002774, 478.00000000052455, 276.0000000001469, 347.00000000038426, 79.00000000032674, 1008.0000000009591, 113.99999999986505, 893.0000000009329]","[1, 1, 1, 15, 1, 24, 27, 35, 35, 49, 35, 35, 63, 73, 73, 73, 35, 92, 35, 99, 99]","[3, 8, 18, 18, 35, 27, 35, 39, 49, 53, 56, 73, 73, 75, 81, 85, 92, 97, 106, 102, 106]",0.05,30,52684909.0000177,1016.0000000001887,-1016.0000000001887,DWT,uc1.l0082987033,1.723412424325943e-06,0.0,4.454250301932916e-10,1.9669532775878906e-06,0.0,9.590621630195528e-10,3.296881914138794e-05,1.887201506178826e-10,1.0,84,0.0,3.2923708204180002e-09,1.0,84,,0.0,0.0,1.0,84,0.0,0.0,1.7702579498291016e-05,0.33392333984375,6.83940015733242e-10,0.0,0.0,0.0,4.454250301932916e-10,9.353243513032794e-09,4.5983077663030215e-10,0.0,1.887201506178826e-10,0.0,2.348201633139979e-10,0.0,0.0,0.0,2.348201633139979e-10,1.2960299500264227e-11,4.674038933671909e-14,1.723412424325943e-06,5.273559366969494e-16,9.825473767932635e-15,1.153675839304924e-07,0.0,0.0,2.1399548799649892e-14,0.22331610345055097,0.4245034295010477,0.050859337456971285,0.7392292396553357,0.008078825543514634,0.07450845119006554,0.03725422559503277,0.07450845119006554,63,0.6705942716288802,0.3791520828420709,658,0,0,0.07450845119006554,0.07450845119006554,63,0,0,0.28919738712148413,0.3933608685101789,622,333.45514440975916,0.5691793999873913,351.5,114.70025534035001,0.5575225165311634,574,bior,385.74074074074076,410.0,199.97417605530825,135,0.8534087184529663,0.7130285416801533,0.18870533457887761,4,431.5
db25,1,symmetric,3.718479944303791e-26,314.3913686772819,11973110.216034092,0.5576923076923077,435.5633559570336,108,raw,1.363518351724822e-13,-1.1761913665253654e-10,"[2, 5, 11, 17, 22, 25, 29, 38, 44, 52, 55, 60, 65, 74, 78, 84, 89, 95, 98, 101, 105]","[37.99999999999994, 368.0000000000001, 461.0000000000001, 193.0, 950.9999999999999, 153.99999999999955, 881.0000000000002, 242.99999999999997, 491.00000000000017, 185.99999999999966, 321.0000000000002, 943.0, 810.0, 204.99999999999991, 477.99999999999955, 276.00000000000034, 346.9999999999999, 78.99999999999977, 1008.0, 114.00000000000011, 892.9999999999995]",21,6.104334313802777,101310.1248272941,0.8149567749084166,4.365923718251291e-06,1.0,0.4907407407407407,67631.0,0.12910941990473745,0.15147910127183992,188156.12126451553,82872438.25058056,8,12069.57955741813,0.027777777777777776,"[0.0, 0.009259259259259259, 0.018518518518518517, 0.027777777777777776, 0.037037037037037035, 0.046296296296296294, 0.05555555555555555, 0.06481481481481481, 0.07407407407407407, 0.08333333333333333, 0.09259259259259259, 0.10185185185185185, 0.1111111111111111, 0.12037037037037036, 0.12962962962962962, 0.1388888888888889, 0.14814814814814814, 0.15740740740740738, 0.16666666666666666, 0.17592592592592593, 0.18518518518518517, 0.19444444444444442, 0.2037037037037037, 0.21296296296296297, 0.2222222222222222, 0.23148148148148145, 0.24074074074074073]","[67631.0, 1786.6346316369988, 1155.9831840869376, 12069.57955741813, 1906.5778542068429, 950.5914327635991, 9083.87719738518, 2481.229636774485, 778.6316126029467, 8965.162396385991, 2042.642311477919, 1606.7171021541496, 6927.939836298323, 1790.9411989177945, 2115.0643759896475, 4469.146453396726, 811.3124818658865, 852.4454942250564, 2613.518509595827, 1125.8336361545933, 622.5282936168365, 1595.9028958466993, 1672.0836322356415, 807.7671822537584, 3024.63443941176, 842.7313814743673, 842.823573226922]",3.0,0.3,145.15000000000006,15,0.5,1721880.1384885097,0.14445541615564295,0.1241257545377801,16430975.452705408,84089526828.82379,"[0.046875, 0.03125]",2,1721880.1384885097,0.046875,"[0.0, 0.015625, 0.03125, 0.046875, 0.0625, 0.078125, 0.09375, 0.109375, 0.125, 0.140625, 0.15625, 0.171875, 0.1875, 0.203125, 0.21875, 0.234375]","[154749.38571156526, 876106.9067082779, 1710291.376891533, 1721880.1384885097, 1236443.397559303, 1200279.6938555278, 1385236.6101427828, 1437054.0474222815, 1048940.2936461226, 664501.8455342909, 393060.2971508254, 165807.08106897474, 58528.06662853276, 51528.95639390751, 141871.95181127614, 339557.7347245397]",3.0,0.3,flattop,64,32,145.15000000000006,15,21,449.5238095238095,37.99999999999994,1008.0,"[2, 5, 11, 17, 22, 25, 29, 38, 44, 52, 55, 60, 65, 74, 78, 84, 89, 95, 98, 101, 105]","[37.99999999999994, 368.0000000000001, 461.0000000000001, 193.0, 950.9999999999999, 153.99999999999955, 881.0000000000002, 242.99999999999997, 491.00000000000017, 185.99999999999966, 321.0000000000002, 943.0, 810.0, 204.99999999999991, 477.99999999999955, 276.00000000000034, 346.9999999999999, 78.99999999999977, 1008.0, 114.00000000000011, 892.9999999999995]","[1, 1, 1, 15, 1, 24, 27, 35, 35, 49, 35, 35, 63, 73, 73, 73, 35, 92, 35, 99, 99]","[3, 8, 18, 18, 35, 27, 35, 39, 49, 53, 56, 73, 73, 75, 81, 85, 92, 97, 106, 102, 106]",0.05,30,52684909.0,1015.9999999999999,-1015.9999999999999,DWT,uc1.l0082987033,9.313225746154785e-10,0.0,0.0,0.0,0.0,0.0,7.450580596923828e-09,1.1368683772161603e-13,1.0,84,0.0,0.0,1.0,84,,0.0,0.0,1.0,84,0.0,0.0,0.0,0.0001373291015625,0.0,0.0,0.0,0.0,0.0,0.0,1.732370860519863e-13,0.0,1.1368683772161603e-13,0.0,5.684341886080802e-14,0.0,0.0,0.0,5.684341886080802e-14,5.684341886080802e-14,0.0,9.313225746154785e-10,0.0,2.7755575615628914e-17,0.0,0.0,0.0,2.7755575615628914e-17,0.8868194717741363,0.8457477693343527,0.27592783608905674,0.43725827245380355,0.03571387548044586,0.0,0.0,0.0,729,1.2821183449498863,0.7249060445401555,80,0,0,0.0,0.0,537,0,0,0.4962934450263591,0.6750490470007932,86,327.0830679404443,0.5774120569244905,358.0,146.1889643525839,0.5574398785914442,575,db,413.2962962962963,398.0,188.41229481502944,243,0.9143723369387087,0.671803462110104,0.15839832550987273,5,432.5
bior1.3,1,symmetric,1.0498569965669117e-26,319.8837216433251,9478443.663196666,0.5625,298.781606429345,108,raw,6.980424468902472e-14,-1.176549968562319e-10,"[2, 5, 11, 17, 22, 25, 29, 38, 44, 52, 55, 60, 65, 74, 78, 84, 89, 95, 98, 101, 105]","[38.0, 368.00000000000006, 460.99999999999994, 193.0000000000001, 951.0, 154.0, 881.0000000000001, 243.0, 490.99999999999994, 186.0, 321.0, 943.0000000000001, 810.0, 205.00000000000003, 478.0000000000001, 276.0, 347.0000000000001, 79.0, 1008.0000000000002, 114.00000000000011, 893.0]",21,5.565115143533773,105098.90466433157,0.8578648554452057,4.36592371825129e-06,1.0,0.4907407407407407,67631.0,0.12910941990473745,0.15147910127183992,188156.12126451553,82872438.25058056,8,12069.57955741813,0.027777777777777776,"[0.0, 0.009259259259259259, 0.018518518518518517, 0.027777777777777776, 0.037037037037037035, 0.046296296296296294, 0.05555555555555555, 0.06481481481481481, 0.07407407407407407, 0.08333333333333333, 0.09259259259259259, 0.10185185185185185, 0.1111111111111111, 0.12037037037037036, 0.12962962962962962, 0.1388888888888889, 0.14814814814814814, 0.15740740740740738, 0.16666666666666666, 0.17592592592592593, 0.18518518518518517, 0.19444444444444442, 0.2037037037037037, 0.21296296296296297, 0.2222222222222222, 0.23148148148148145, 0.24074074074074073]","[67631.0, 1786.6346316369998, 1155.9831840869374, 12069.57955741813, 1906.5778542068424, 950.5914327636025, 9083.87719738518, 2481.2296367744834, 778.6316126029454, 8965.162396385991, 2042.6423114779172, 1606.7171021541485, 6927.939836298324, 1790.9411989177925, 2115.064375989648, 4469.146453396725, 811.3124818658853, 852.4454942250569, 2613.518509595828, 1125.8336361545937, 622.528293616838, 1595.9028958466986, 1672.0836322356429, 807.7671822537571, 3024.6344394117605, 842.7313814743662, 842.8235732269206]",3.0,0.3,145.15000000000003,15,0.5,1721880.1384885092,0.14445541615564295,0.1241257545377801,16430975.452705404,84089526828.82372,"[0.046875, 0.03125]",2,1721880.1384885092,0.046875,"[0.0, 0.015625, 0.03125, 0.046875, 0.0625, 0.078125, 0.09375, 0.109375, 0.125, 0.140625, 0.15625, 0.171875, 0.1875, 0.203125, 0.21875, 0.234375]","[154749.3857115654, 876106.9067082782, 1710291.3768915331, 1721880.1384885092, 1236443.3975593029, 1200279.6938555273, 1385236.6101427819, 1437054.047422281, 1048940.293646122, 664501.8455342908, 393060.29715082515, 165807.08106897463, 58528.06662853263, 51528.95639390754, 141871.95181127626, 339557.73472454]",3.0,0.3,flattop,64,32,145.15000000000003,15,21,449.5238095238095,38.0,1008.0000000000002,"[2, 5, 11, 17, 22, 25, 29, 38, 44, 52, 55, 60, 65, 74, 78, 84, 89, 95, 98, 101, 105]","[38.0, 368.00000000000006, 460.99999999999994, 193.0000000000001, 951.0, 154.0, 881.0000000000001, 243.0, 490.99999999999994, 186.0, 321.0, 943.0000000000001, 810.0, 205.00000000000003, 478.0000000000001, 276.0, 347.0000000000001, 79.0, 1008.0000000000002, 114.00000000000011, 893.0]","[1, 1, 1, 15, 1, 24, 27, 35, 35, 49, 35, 35, 63, 73, 73, 73, 35, 92, 35, 99, 99]","[3, 8, 18, 18, 35, 27, 35, 39, 49, 53, 56, 73, 73, 75, 81, 85, 92, 97, 106, 102, 106]",0.05,30,52684909.0,1016.0000000000002,-1016.0000000000002,DWT,uc1.l0082987033,4.656612873077393e-10,0.0,0.0,0.0,0.0,2.2737367544323206e-13,3.725290298461914e-09,2.2737367544323206e-13,1.0,84,0.0,0.0,1.0,84,,0.0,0.0,1.0,84,0.0,0.0,0.0,6.103515625e-05,0.0,0.0,0.0,0.0,0.0,0.0,5.278317465646461e-14,0.0,2.2737367544323206e-13,0.0,2.842170943040401e-14,0.0,0.0,0.0,2.842170943040401e-14,0.0,0.0,4.656612873077393e-10,0.0,2.7755575615628914e-17,0.0,0.0,0.0,2.7755575615628914e-17,0.943207658074376,0.15482280486763184,0.03393628375339296,0.49092178770949735,0.04596973345643349,0.0,0.0,0.0,467,0.8750607476215103,0.49475684346085413,488,0,0,0.0,0.0,751,0,0,0.33377165357226635,0.4539899507394673,501,133.56989431255334,0.8274290771155641,551.75,532.0511710392045,0.5572868899789707,576,bior,385.74074074074076,410.0,199.97417605530825,135,0.8534087184529663,0.7130285416801533,0.18870533457887761,4,433.0
rbio6.8,1,periodic,2.4658449123960026e-21,266.1753655271331,10222133.218896806,0.5564516129032258,423.8226439517846,108,raw,3.943634719194978e-11,-1.1180045778396905e-10,"[2, 5, 11, 17, 22, 25, 29, 38, 44, 52, 55, 60, 65, 74, 78, 84, 89, 95, 98, 101, 105]","[37.99999999997982, 367.9999999998781, 460.9999999999313, 192.99999999994043, 950.9999999998946, 153.9999999999245, 880.9999999997785, 242.9999999999402, 490.99999999991843, 185.9999999999559, 320.99999999990723, 942.9999999999285, 809.9999999997983, 204.9999999999527, 477.9999999998962, 275.999999999956, 346.99999999993213, 79.00000000000693, 1007.9999999998895, 113.99999999995123, 892.9999999997515]",21,5.814063513658021,103697.40337225026,0.767764993460422,4.365923718252749e-06,1.0,0.4907407407407407,67631.0,0.12910941990472735,0.15147910127184053,188156.12126449565,82872438.25058053,8,12069.579557417965,0.027777777777777776,"[0.0, 0.009259259259259259, 0.018518518518518517, 0.027777777777777776, 0.037037037037037035, 0.046296296296296294, 0.05555555555555555, 0.06481481481481481, 0.07407407407407407, 0.08333333333333333, 0.09259259259259259, 0.10185185185185185, 0.1111111111111111, 0.12037037037037036, 0.12962962962962962, 0.1388888888888889, 0.14814814814814814, 0.15740740740740738, 0.16666666666666666, 0.17592592592592593, 0.18518518518518517, 0.19444444444444442, 0.2037037037037037, 0.21296296296296297, 0.2222222222222222, 0.23148148148148145, 0.24074074074074073]","[67631.0, 1786.634631636998, 1155.9831840869315, 12069.579557417965, 1906.577854206797, 950.5914327635625, 9083.877197384618, 2481.229636774272, 778.6316126028559, 8965.162396384718, 2042.6423114775666, 1606.7171021538281, 6927.939836296764, 1790.9411989173514, 2115.0643759890972, 4469.146453395516, 811.3124818656617, 852.445494224822, 2613.5185095951197, 1125.8336361542922, 622.5282936166757, 1595.9028958462836, 1672.0836322352088, 807.7671822535451, 3024.6344394109638, 842.7313814741395, 842.8235732266918]",3.0,0.3,145.1500000000425,15,0.5,1721880.1384883914,0.14445541615563157,0.1241257545377825,16430975.45270061,84089526828.79175,"[0.046875, 0.03125]",2,1721880.1384883914,0.046875,"[0.0, 0.015625, 0.03125, 0.046875, 0.0625, 0.078125, 0.09375, 0.109375, 0.125, 0.140625, 0.15625, 0.171875, 0.1875, 0.203125, 0.21875, 0.234375]","[154749.3857115655, 876106.9067082428, 1710291.37689143, 1721880.1384883914, 1236443.3975591268, 1200279.6938552111, 1385236.6101423027, 1437054.0474217162, 1048940.2936456483, 664501.8455339575, 393060.29715061863, 165807.0810688855, 58528.06662850134, 51528.9563938802, 141871.95181120036, 339557.7347243581]",3.0,0.3,flattop,64,32,145.1500000000425,15,21,449.5238095237196,37.99999999997982,1007.9999999998895,"[2, 5, 11, 17, 22, 25, 29, 38, 44, 52, 55, 60, 65, 74, 78, 84, 89, 95, 98, 101, 105]","[37.99999999997982, 367.9999999998781, 460.9999999999313, 192.99999999994043, 950.9999999998946, 153.9999999999245, 880.9999999997785, 242.9999999999402, 490.99999999991843, 185.9999999999559, 320.99999999990723, 942.9999999999285, 809.9999999997983, 204.9999999999527, 477.9999999998962, 275.999999999956, 346.99999999993213, 79.00000000000693, 1007.9999999998895, 113.99999999995123, 892.9999999997515]","[1, 1, 1, 15, 1, 24, 27, 35, 35, 49, 35, 35, 63, 73, 73, 73, 35, 92, 35, 99, 99]","[3, 8, 18, 18, 35, 27, 35, 39, 49, 53, 56, 73, 73, 75, 81, 85, 92, 97, 106, 102, 106]",0.05,30,52684908.99999741,1015.9999999999701,-1015.9999999999701,DWT,uc1.l0082987033,1.1734664440155029e-07,0.0,8.992628863779828e-11,2.9802322387695312e-08,0.0,1.1050360626541078e-10,4.7907233238220215e-06,2.9899638320785016e-11,1.0,84,0.0,1.6552803572267294e-10,1.0,84,,0.0,0.0,1.0,84,0.0,0.0,2.592802047729492e-06,0.0319061279296875,0.0,0.0,0.0,0.0,8.992628863779828e-11,1.888111000880599e-09,9.05623935631454e-11,0.0,2.9899638320785016e-11,0.0,4.249045559845399e-11,0.0,0.0,0.0,4.249045559845399e-11,2.0179413695586845e-11,1.0103029524088925e-14,1.1734664440155029e-07,6.106226635438361e-16,2.42861286636753e-15,1.987791620194912e-08,0.0,0.0,1.1352030426792226e-14,0.3918015832493531,0.47381117409852347,0.10607682287073655,0.42340962335555915,0.04217600597080898,0.010912853962181317,0.005456426981090659,0.010912853962181317,149,0.7112592001647892,0.40214391710806147,638,0,0,0.010912853962181317,0.010912853962181317,150,0,0,0.2874550419089963,0.3909909631910106,657,287.62533499908056,0.6283910400528675,398.5,242.90203518827593,0.5567665794579584,577,rbio,366.5925925925926,360.0,210.3588723315502,135,0.8110455588331695,0.7500562468954116,0.20725123474815782,3,433.5
bior1.3,1,zero,1.0497868755975588e-26,319.8840117225187,9479093.05561391,0.5625,298.781606429345,108,raw,6.973845369497286e-14,-1.1764811347347923e-10,"[2, 5, 11, 17, 22, 25, 29, 38, 44, 52, 55, 60, 65, 74, 78, 84, 89, 95, 98, 101, 105]","[38.0, 368.00000000000006, 460.99999999999994, 193.0000000000001, 951.0, 154.0, 881.0000000000001, 243.0, 490.99999999999994, 186.0, 321.0, 943.0000000000001, 810.0, 205.00000000000003, 478.0000000000001, 276.0, 347.0000000000001, 79.0, 1008.0000000000002, 114.00000000000011, 893.0]",21,5.564348617984317,106106.3842873087,0.8593555430904023,4.36592371825129e-06,1.0,0.4907407407407407,67631.0,0.12910941990473745,0.15147910127183992,188156.12126451553,82872438.25058056,8,12069.57955741813,0.027777777777777776,"[0.0, 0.009259259259259259, 0.018518518518518517, 0.027777777777777776, 0.037037037037037035, 0.046296296296296294, 0.05555555555555555, 0.06481481481481481, 0.07407407407407407, 0.08333333333333333, 0.09259259259259259, 0.10185185185185185, 0.1111111111111111, 0.12037037037037036, 0.12962962962962962, 0.1388888888888889, 0.14814814814814814, 0.15740740740740738, 0.16666666666666666, 0.17592592592592593, 0.18518518518518517, 0.19444444444444442, 0.2037037037037037, 0.21296296296296297, 0.2222222222222222, 0.23148148148148145, 0.24074074074074073]","[67631.0, 1786.6346316369998, 1155.9831840869374, 12069.57955741813, 1906.5778542068424, 950.5914327636025, 9083.87719738518, 2481.2296367744834, 778.6316126029454, 8965.162396385991, 2042.6423114779172, 1606.7171021541485, 6927.939836298324, 1790.9411989177925, 2115.064375989648, 4469.146453396725, 811.3124818658853, 852.4454942250569, 2613.518509595828, 1125.8336361545937, 622.528293616838, 1595.9028958466986, 1672.0836322356429, 807.7671822537571, 3024.6344394117605, 842.7313814743662, 842.8235732269206]",3.0,0.3,145.15000000000003,15,0.5,1721880.1384885092,0.14445541615564295,0.1241257545377801,16430975.452705404,84089526828.82372,"[0.046875, 0.03125]",2,1721880.1384885092,0.046875,"[0.0, 0.015625, 0.03125, 0.046875, 0.0625, 0.078125, 0.09375, 0.109375, 0.125, 0.140625, 0.15625, 0.171875, 0.1875, 0.203125, 0.21875, 0.234375]","[154749.3857115654, 876106.9067082782, 1710291.3768915331, 1721880.1384885092, 1236443.3975593029, 1200279.6938555273, 1385236.6101427819, 1437054.047422281, 1048940.293646122, 664501.8455342908, 393060.29715082515, 165807.08106897463, 58528.06662853263, 51528.95639390754, 141871.95181127626, 339557.73472454]",3.0,0.3,flattop,64,32,145.15000000000003,15,21,449.5238095238095,38.0,1008.0000000000002,"[2, 5, 11, 17, 22, 25, 29, 38, 44, 52, 55, 60, 65, 74, 78, 84, 89, 95, 98, 101, 105]","[38.0, 368.00000000000006, 460.99999999999994, 193.0000000000001, 951.0, 154.0, 881.0000000000001, 243.0, 490.99999999999994, 186.0, 321.0, 943.0000000000001, 810.0, 205.00000000000003, 478.0000000000001, 276.0, 347.0000000000001, 79.0, 1008.0000000000002, 114.00000000000011, 893.0]","[1, 1, 1, 15, 1, 24, 27, 35, 35, 49, 35, 35, 63, 73, 73, 73, 35, 92, 35, 99, 99]","[3, 8, 18, 18, 35, 27, 35, 39, 49, 53, 56, 73, 73, 75, 81, 85, 92, 97, 106, 102, 106]",0.05,30,52684909.0,1016.0000000000002,-1016.0000000000002,DWT,uc1.l0082987033,4.656612873077393e-10,0.0,0.0,0.0,0.0,2.2737367544323206e-13,3.725290298461914e-09,2.2737367544323206e-13,1.0,84,0.0,0.0,1.0,84,,0.0,0.0,1.0,84,0.0,0.0,0.0,6.103515625e-05,0.0,0.0,0.0,0.0,0.0,0.0,5.278317465646461e-14,0.0,2.2737367544323206e-13,0.0,2.842170943040401e-14,0.0,0.0,0.0,2.842170943040401e-14,0.0,0.0,4.656612873077393e-10,0.0,2.7755575615628914e-17,0.0,0.0,0.0,2.7755575615628914e-17,0.9432106362223053,0.15384062235776946,0.03399927713378894,0.49092178770949735,0.04869688266313806,0.0,0.0,0.0,465,0.8756937996282166,0.4951147692545043,486,0,0,0.0,0.0,753,0,0,0.33413384121729983,0.4544825915894836,500,135.43264008354853,0.8250224288326247,551.0,530.77344475147,0.556568061961532,578,bior,385.74074074074076,410.0,199.97417605530825,135,0.8534087184529663,0.7130285416801533,0.18870533457887761,4,434.5
bior1.3,1,smooth,1.0499738648491667e-26,319.88323822105446,9477643.78237072,0.5625,298.781606429345,108,raw,6.987003568307659e-14,-1.1766188023898459e-10,"[2, 5, 11, 17, 22, 25, 29, 38, 44, 52, 55, 60, 65, 74, 78, 84, 89, 95, 98, 101, 105]","[38.0, 368.00000000000006, 460.99999999999994, 193.0000000000001, 951.0, 154.0, 881.0000000000001, 243.0, 490.99999999999994, 186.0, 321.0, 943.0000000000001, 810.0, 205.00000000000003, 478.0000000000001, 276.0, 347.0000000000001, 79.0, 1008.0000000000002, 114.00000000000011, 893.0]",21,5.567691147960149,103624.60606664543,0.8559979455006705,4.36592371825129e-06,1.0,0.4907407407407407,67631.0,0.12910941990473745,0.15147910127183992,188156.12126451553,82872438.25058056,8,12069.57955741813,0.027777777777777776,"[0.0, 0.009259259259259259, 0.018518518518518517, 0.027777777777777776, 0.037037037037037035, 0.046296296296296294, 0.05555555555555555, 0.06481481481481481, 0.07407407407407407, 0.08333333333333333, 0.09259259259259259, 0.10185185185185185, 0.1111111111111111, 0.12037037037037036, 0.12962962962962962, 0.1388888888888889, 0.14814814814814814, 0.15740740740740738, 0.16666666666666666, 0.17592592592592593, 0.18518518518518517, 0.19444444444444442, 0.2037037037037037, 0.21296296296296297, 0.2222222222222222, 0.23148148148148145, 0.24074074074074073]","[67631.0, 1786.6346316369998, 1155.9831840869374, 12069.57955741813, 1906.5778542068424, 950.5914327636025, 9083.87719738518, 2481.2296367744834, 778.6316126029454, 8965.162396385991, 2042.6423114779172, 1606.7171021541485, 6927.939836298324, 1790.9411989177925, 2115.064375989648, 4469.146453396725, 811.3124818658853, 852.4454942250569, 2613.518509595828, 1125.8336361545937, 622.528293616838, 1595.9028958466986, 1672.0836322356429, 807.7671822537571, 3024.6344394117605, 842.7313814743662, 842.8235732269206]",3.0,0.3,145.15000000000003,15,0.5,1721880.1384885092,0.14445541615564295,0.1241257545377801,16430975.452705404,84089526828.82372,"[0.046875, 0.03125]",2,1721880.1384885092,0.046875,"[0.0, 0.015625, 0.03125, 0.046875, 0.0625, 0.078125, 0.09375, 0.109375, 0.125, 0.140625, 0.15625, 0.171875, 0.1875, 0.203125, 0.21875, 0.234375]","[154749.3857115654, 876106.9067082782, 1710291.3768915331, 1721880.1384885092, 1236443.3975593029, 1200279.6938555273, 1385236.6101427819, 1437054.047422281, 1048940.293646122, 664501.8455342908, 393060.29715082515, 165807.08106897463, 58528.06662853263, 51528.95639390754, 141871.95181127626, 339557.73472454]",3.0,0.3,flattop,64,32,145.15000000000003,15,21,449.5238095238095,38.0,1008.0000000000002,"[2, 5, 11, 17, 22, 25, 29, 38, 44, 52, 55, 60, 65, 74, 78, 84, 89, 95, 98, 101, 105]","[38.0, 368.00000000000006, 460.99999999999994, 193.0000000000001, 951.0, 154.0, 881.0000000000001, 243.0, 490.99999999999994, 186.0, 321.0, 943.0000000000001, 810.0, 205.00000000000003, 478.0000000000001, 276.0, 347.0000000000001, 79.0, 1008.0000000000002, 114.00000000000011, 893.0]","[1, 1, 1, 15, 1, 24, 27, 35, 35, 49, 35, 35, 63, 73, 73, 73, 35, 92, 35, 99, 99]","[3, 8, 18, 18, 35, 27, 35, 39, 49, 53, 56, 73, 73, 75, 81, 85, 92, 97, 106, 102, 106]",0.05,30,52684909.0,1016.0000000000002,-1016.0000000000002,DWT,uc1.l0082987033,4.656612873077393e-10,0.0,0.0,0.0,0.0,2.2737367544323206e-13,3.725290298461914e-09,2.2737367544323206e-13,1.0,84,0.0,0.0,1.0,84,,0.0,0.0,1.0,84,0.0,0.0,0.0,6.103515625e-05,0.0,0.0,0.0,0.0,0.0,0.0,5.278317465646461e-14,0.0,2.2737367544323206e-13,0.0,2.842170943040401e-14,0.0,0.0,0.0,2.842170943040401e-14,0.0,0.0,4.656612873077393e-10,0.0,2.7755575615628914e-17,0.0,0.0,0.0,2.7755575615628914e-17,0.9432026949364957,0.15812355132639014,0.03385869246066725,0.49092178770949735,0.04197895075529623,0.0,0.0,0.0,469,0.8750730342413434,0.49476379028056006,487,0,0,0.0,0.0,752,0,0,0.33361713543766935,0.4537797780673328,504,133.43412856786927,0.8276044850544325,553.0,533.3690000337274,0.5565671004083532,579,bior,385.74074074074076,410.0,199.97417605530825,135,0.8534087184529663,0.7130285416801533,0.18870533457887761,4,435.25
sym17,1,constant,9.979661668709945e-20,250.10386493131406,9352237.924625954,0.5928571428571429,210.15348979751786,108,raw,2.4877430157040967e-10,-1.783534432479485e-10,"[2, 5, 11, 17, 22, 25, 29, 38, 44, 52, 55, 60, 65, 74, 78, 84, 89, 95, 98, 101, 105]","[38.00000000013631, 368.0000000007636, 461.0000000004313, 193.00000000043696, 951.0000000004933, 154.0000000005897, 881.0000000014718, 243.00000000041854, 491.0000000004672, 186.00000000029308, 321.0000000006096, 943.0000000003655, 810.0000000013679, 205.00000000037133, 478.0000000006853, 276.00000000033003, 347.0000000004469, 78.99999999986812, 1008.0000000007155, 114.00000000042996, 893.000000001558]",21,5.63730272309326,136419.1561605642,0.8940976822289088,4.365923718241964e-06,1.0,0.4907407407407407,67631.00000000006,0.12910941990480385,0.1514791012718352,188156.12126464228,82872438.25058025,8,12069.579557419085,0.027777777777777776,"[0.0, 0.009259259259259259, 0.018518518518518517, 0.027777777777777776, 0.037037037037037035, 0.046296296296296294, 0.05555555555555555, 0.06481481481481481, 0.07407407407407407, 0.08333333333333333, 0.09259259259259259, 0.10185185185185185, 0.1111111111111111, 0.12037037037037036, 0.12962962962962962, 0.1388888888888889, 0.14814814814814814, 0.15740740740740738, 0.16666666666666666, 0.17592592592592593, 0.18518518518518517, 0.19444444444444442, 0.2037037037037037, 0.21296296296296297, 0.2222222222222222, 0.23148148148148145, 0.24074074074074073]","[67631.00000000006, 1786.6346316370543, 1155.9831840869986, 12069.579557419085, 1906.5778542071077, 950.5914327639119, 9083.877197388241, 2481.229636775631, 778.6316126033361, 8965.162396392863, 2042.6423114799686, 1606.717102155792, 6927.939836306891, 1790.9411989201421, 2115.064375992855, 4469.146453403922, 811.3124818671664, 852.4454942265826, 2613.518509600746, 1125.8336361566828, 622.5282936179137, 1595.9028958498563, 1672.0836322389534, 807.7671822552034, 3024.6344394176235, 842.7313814760363, 842.8235732286287]",3.0,0.3,145.14999999968964,15,0.5,1721880.138489188,0.1444554161557245,0.12412575453776559,16430975.452735115,84089526828.99962,"[0.046875, 0.03125]",2,1721880.138489188,0.046875,"[0.0, 0.015625, 0.03125, 0.046875, 0.0625, 0.078125, 0.09375, 0.109375, 0.125, 0.140625, 0.15625, 0.171875, 0.1875, 0.203125, 0.21875, 0.234375]","[154749.3857115688, 876106.9067084875, 1710291.3768921283, 1721880.138489188, 1236443.3975602882, 1200279.6938572794, 1385236.6101454538, 1437054.047425487, 1048940.2936488772, 664501.8455362824, 393060.2971520996, 165807.08106954358, 58528.066628746135, 51528.95639410612, 141871.95181182591, 339557.73472585296]",3.0,0.3,flattop,64,32,145.14999999968964,15,21,449.5238095243928,38.00000000013631,1008.0000000007155,"[2, 5, 11, 17, 22, 25, 29, 38, 44, 52, 55, 60, 65, 74, 78, 84, 89, 95, 98, 101, 105]","[38.00000000013631, 368.0000000007636, 461.0000000004313, 193.00000000043696, 951.0000000004933, 154.0000000005897, 881.0000000014718, 243.00000000041854, 491.0000000004672, 186.00000000029308, 321.0000000006096, 943.0000000003655, 810.0000000013679, 205.00000000037133, 478.0000000006853, 276.00000000033003, 347.0000000004469, 78.99999999986812, 1008.0000000007155, 114.00000000042996, 893.000000001558]","[1, 1, 1, 15, 1, 24, 27, 35, 35, 49, 35, 35, 63, 73, 73, 73, 35, 92, 35, 99, 99]","[3, 8, 18, 18, 35, 27, 35, 39, 49, 53, 56, 73, 73, 75, 81, 85, 92, 97, 106, 102, 106]",0.05,30,52684909.000016,1016.0000000002044,-1016.0000000002044,DWT,uc1.l0082987033,6.791669875383377e-07,0.0,5.83270320930751e-10,3.129243850708008e-07,0.0,7.155449566198513e-10,2.9714778065681458e-05,2.0440893422346562e-10,1.0,84,0.0,9.549694368615746e-10,1.0,84,,0.0,0.0,1.0,84,0.0,0.0,1.599639654159546e-05,0.17596435546875,5.820766091346741e-11,0.0,0.0,0.0,5.83270320930751e-10,1.2249074643477798e-08,5.958882065031157e-10,0.0,2.0440893422346562e-10,0.0,3.1036506698001176e-10,0.0,0.0,0.0,3.1036506698001176e-10,1.3631051842821762e-10,6.639133687258436e-14,6.791669875383377e-07,4.718447854656915e-15,1.4488410471358293e-14,1.2674718163907528e-07,0.0,0.0,8.157363673433338e-14,0.2268007584071844,0.24731988878472455,0.021693877025464225,0.8297685554668796,0.1307506035343164,0.06732729154253818,0.03366364577126909,0.06732729154253818,70,0.6547950015498835,0.37021922073562097,668,0,0,0.06732729154253818,0.06732729154253818,68,0,0,0.2912667366437139,0.39617555896577933,615,331.2414778777964,0.5720394342664129,355.25,124.55386794700145,0.5565300530505191,580,sym,445.72514619883043,505.0,280.45746329325993,171,0.986117580085908,1.0,0.009717693939864401,6,436.5
bior2.8,1,smooth,1.377456321969916e-26,318.7042447456794,9623839.48133034,0.5564516129032258,271.202676414457,108,raw,7.934393882654448e-14,-1.1668432886580216e-10,"[2, 5, 11, 17, 22, 25, 29, 38, 44, 52, 55, 60, 65, 74, 78, 84, 89, 95, 98, 101, 105]","[38.0, 368.0, 461.0000000000001, 193.0, 951.0, 154.0, 881.0, 243.00000000000003, 491.0, 186.0, 321.0, 943.0000000000002, 810.0, 205.00000000000006, 478.00000000000006, 276.0, 346.9999999999999, 79.0, 1008.0000000000001, 114.0, 893.0]",21,5.595100470079277,116180.46318541255,0.8769480430813827,4.365923718251291e-06,1.0,0.4907407407407407,67631.0,0.1291094199047374,0.15147910127183992,188156.12126451556,82872438.25058056,8,12069.579557418134,0.027777777777777776,"[0.0, 0.009259259259259259, 0.018518518518518517, 0.027777777777777776, 0.037037037037037035, 0.046296296296296294, 0.05555555555555555, 0.06481481481481481, 0.07407407407407407, 0.08333333333333333, 0.09259259259259259, 0.10185185185185185, 0.1111111111111111, 0.12037037037037036, 0.12962962962962962, 0.1388888888888889, 0.14814814814814814, 0.15740740740740738, 0.16666666666666666, 0.17592592592592593, 0.18518518518518517, 0.19444444444444442, 0.2037037037037037, 0.21296296296296297, 0.2222222222222222, 0.23148148148148145, 0.24074074074074073]","[67631.0, 1786.6346316370007, 1155.9831840869372, 12069.579557418134, 1906.5778542068438, 950.5914327635988, 9083.877197385178, 2481.229636774484, 778.6316126029456, 8965.16239638599, 2042.642311477917, 1606.7171021541506, 6927.939836298325, 1790.9411989177922, 2115.064375989648, 4469.146453396725, 811.3124818658873, 852.4454942250577, 2613.518509595829, 1125.833636154596, 622.5282936168387, 1595.9028958466965, 1672.0836322356424, 807.7671822537567, 3024.6344394117596, 842.7313814743644, 842.8235732269194]",3.0,0.3,145.15000000000003,15,0.5,1721880.1384885092,0.14445541615564295,0.12412575453778009,16430975.452705404,84089526828.82372,"[0.046875, 0.03125]",2,1721880.1384885092,0.046875,"[0.0, 0.015625, 0.03125, 0.046875, 0.0625, 0.078125, 0.09375, 0.109375, 0.125, 0.140625, 0.15625, 0.171875, 0.1875, 0.203125, 0.21875, 0.234375]","[154749.3857115655, 876106.9067082782, 1710291.3768915334, 1721880.1384885092, 1236443.3975593026, 1200279.6938555264, 1385236.6101427814, 1437054.047422281, 1048940.293646123, 664501.8455342911, 393060.29715082527, 165807.08106897463, 58528.0666285326, 51528.95639390746, 141871.9518112761, 339557.7347245399]",3.0,0.3,flattop,64,32,145.15000000000003,15,21,449.5238095238095,38.0,1008.0000000000001,"[2, 5, 11, 17, 22, 25, 29, 38, 44, 52, 55, 60, 65, 74, 78, 84, 89, 95, 98, 101, 105]","[38.0, 368.0, 461.0000000000001, 193.0, 951.0, 154.0, 881.0, 243.00000000000003, 491.0, 186.0, 321.0, 943.0000000000002, 810.0, 205.00000000000006, 478.00000000000006, 276.0, 346.9999999999999, 79.0, 1008.0000000000001, 114.0, 893.0]","[1, 1, 1, 15, 1, 24, 27, 35, 35, 49, 35, 35, 63, 73, 73, 73, 35, 92, 35, 99, 99]","[3, 8, 18, 18, 35, 27, 35, 39, 49, 53, 56, 73, 73, 75, 81, 85, 92, 97, 106, 102, 106]",0.05,30,52684909.0,1016.0000000000001,-1016.0000000000001,DWT,uc1.l0082987033,4.656612873077393e-10,0.0,0.0,0.0,0.0,1.1368683772161603e-13,3.725290298461914e-09,1.1368683772161603e-13,1.0,84,0.0,3.637978807091713e-12,1.0,84,,0.0,0.0,1.0,84,0.0,0.0,0.0,6.103515625e-05,0.0,0.0,0.0,0.0,0.0,0.0,3.3835368369528605e-14,0.0,1.1368683772161603e-13,0.0,2.842170943040401e-14,0.0,0.0,0.0,2.842170943040401e-14,0.0,5.551115123125783e-17,4.656612873077393e-10,0.0,1.3877787807814457e-17,2.9103830456733704e-11,0.0,0.0,2.7755575615628914e-17,0.9310983556583681,0.19324430732949732,0.04804019663636441,0.42340962335555915,0.07596643298323108,0.0,0.0,0.0,513,0.8790516879134678,0.49701330968523527,477,0,0,0.0,0.0,749,0,0,0.334351783192604,0.4547790321816473,499,127.19931865645611,0.8356597950174985,559.5,541.6476024979424,0.5563957889816176,581,bior,385.74074074074076,410.0,199.97417605530825,135,0.8534087184529663,0.7130285416801533,0.18870533457887761,4,436.75
db27,1,antireflect,3.6782188210669554e-26,314.43864748880526,11679973.166958079,0.56875,446.94549897207025,108,raw,1.3743738657433784e-13,-1.0474732192733485e-10,"[2, 5, 11, 17, 22, 25, 29, 38, 44, 52, 55, 60, 65, 74, 78, 84, 89, 95, 98, 101, 105]","[38.000000000000114, 367.9999999999999, 460.99999999999943, 193.00000000000023, 950.9999999999998, 154.0, 880.9999999999998, 243.00000000000003, 491.0000000000004, 186.00000000000057, 320.9999999999998, 942.9999999999998, 809.9999999999998, 204.99999999999997, 478.00000000000057, 276.0000000000001, 346.9999999999999, 78.99999999999977, 1008.0, 114.00000000000011, 892.9999999999998]",21,6.197773950974618,388711.5994451756,0.9448813669834815,4.365923718251291e-06,0.9999999999999998,0.4907407407407407,67631.0,0.1291094199047374,0.15147910127183992,188156.12126451556,82872438.25058056,8,12069.579557418134,0.027777777777777776,"[0.0, 0.009259259259259259, 0.018518518518518517, 0.027777777777777776, 0.037037037037037035, 0.046296296296296294, 0.05555555555555555, 0.06481481481481481, 0.07407407407407407, 0.08333333333333333, 0.09259259259259259, 0.10185185185185185, 0.1111111111111111, 0.12037037037037036, 0.12962962962962962, 0.1388888888888889, 0.14814814814814814, 0.15740740740740738, 0.16666666666666666, 0.17592592592592593, 0.18518518518518517, 0.19444444444444442, 0.2037037037037037, 0.21296296296296297, 0.2222222222222222, 0.23148148148148145, 0.24074074074074073]","[67631.0, 1786.6346316369998, 1155.98318408694, 12069.579557418134, 1906.5778542068429, 950.5914327636019, 9083.877197385174, 2481.229636774482, 778.631612602946, 8965.162396385991, 2042.642311477916, 1606.71710215415, 6927.939836298322, 1790.9411989177927, 2115.064375989649, 4469.146453396725, 811.312481865887, 852.445494225058, 2613.518509595828, 1125.833636154595, 622.5282936168371, 1595.9028958467018, 1672.0836322356402, 807.7671822537594, 3024.634439411759, 842.731381474365, 842.8235732269202]",3.0,0.3,145.14999999999995,15,0.5,1721880.1384885083,0.14445541615564297,0.1241257545377801,16430975.452705398,84089526828.82362,"[0.046875, 0.03125]",2,1721880.1384885083,0.046875,"[0.0, 0.015625, 0.03125, 0.046875, 0.0625, 0.078125, 0.09375, 0.109375, 0.125, 0.140625, 0.15625, 0.171875, 0.1875, 0.203125, 0.21875, 0.234375]","[154749.38571156556, 876106.9067082778, 1710291.376891532, 1721880.1384885083, 1236443.3975593017, 1200279.6938555266, 1385236.610142781, 1437054.04742228, 1048940.2936461219, 664501.8455342904, 393060.297150825, 165807.0810689744, 58528.06662853251, 51528.95639390739, 141871.951811276, 339557.73472453974]",3.0,0.3,flattop,64,32,145.14999999999995,15,21,449.5238095238095,38.000000000000114,1008.0,"[2, 5, 11, 17, 22, 25, 29, 38, 44, 52, 55, 60, 65, 74, 78, 84, 89, 95, 98, 101, 105]","[38.000000000000114, 367.9999999999999, 460.99999999999943, 193.00000000000023, 950.9999999999998, 154.0, 880.9999999999998, 243.00000000000003, 491.0000000000004, 186.00000000000057, 320.9999999999998, 942.9999999999998, 809.9999999999998, 204.99999999999997, 478.00000000000057, 276.0000000000001, 346.9999999999999, 78.99999999999977, 1008.0, 114.00000000000011, 892.9999999999998]","[1, 1, 1, 15, 1, 24, 27, 35, 35, 49, 35, 35, 63, 73, 73, 73, 35, 92, 35, 99, 99]","[3, 8, 18, 18, 35, 27, 35, 39, 49, 53, 56, 73, 73, 75, 81, 85, 92, 97, 106, 102, 106]",0.05,30,52684909.0,1015.9999999999998,-1015.9999999999998,DWT,uc1.l0082987033,4.656612873077393e-10,0.0,0.0,0.0,0.0,0.0,1.862645149230957e-09,2.2737367544323206e-13,1.0,84,0.0,3.637978807091713e-12,1.0,84,,0.0,0.0,1.0,84,0.0,0.0,0.0,3.0517578125e-05,0.0,0.0,0.0,0.0,0.0,0.0,2.165463575649829e-13,0.0,2.2737367544323206e-13,0.0,5.684341886080802e-14,0.0,0.0,0.0,5.684341886080802e-14,1.1368683772161603e-13,5.551115123125783e-17,4.656612873077393e-10,0.0,2.7755575615628914e-17,2.9103830456733704e-11,0.0,0.0,5.551115123125783e-17,0.8873048678236466,0.965476038565823,0.24749249691624547,0.5606843575418993,0.8136816731752208,0.0,0.0,0.0,764,1.68861360072207,0.9547372993122493,6,0,0,0.0,0.0,477,0,0,0.6949278868045671,0.9452278937449653,6,373.62849195424053,0.5172758501883197,313.25,11.87864762013413,0.5562800439572089,582,db,413.2962962962963,398.0,188.41229481502944,243,0.9143723369387087,0.671803462110104,0.15839832550987273,5,437.75
bior6.8,1,reflect,2.6718887794179396e-21,265.82683935032077,10360899.90911537,0.5564516129032258,404.55152556360053,108,raw,4.014355103476175e-11,-2.232477536211808e-10,"[2, 5, 11, 17, 22, 25, 29, 38, 44, 52, 55, 60, 65, 74, 78, 84, 89, 95, 98, 101, 105]","[37.99999999998579, 367.9999999998831, 460.99999999993116, 192.99999999994037, 950.9999999999184, 153.99999999992428, 880.9999999997787, 242.9999999999401, 490.99999999991866, 185.99999999995555, 320.99999999990723, 942.9999999999283, 809.9999999997983, 204.99999999995268, 477.9999999998963, 275.9999999999559, 346.9999999999319, 79.00000000000682, 1007.9999999998718, 113.99999999994986, 892.9999999997791]",21,5.812450198837689,99325.25789430182,0.7700919175197103,4.365923718252695e-06,0.9999999999999997,0.4907407407407407,67631.00000000012,0.12910941990472777,0.151479101271841,188156.12126449574,82872438.2505807,8,12069.579557417863,0.027777777777777776,"[0.0, 0.009259259259259259, 0.018518518518518517, 0.027777777777777776, 0.037037037037037035, 0.046296296296296294, 0.05555555555555555, 0.06481481481481481, 0.07407407407407407, 0.08333333333333333, 0.09259259259259259, 0.10185185185185185, 0.1111111111111111, 0.12037037037037036, 0.12962962962962962, 0.1388888888888889, 0.14814814814814814, 0.15740740740740738, 0.16666666666666666, 0.17592592592592593, 0.18518518518518517, 0.19444444444444442, 0.2037037037037037, 0.21296296296296297, 0.2222222222222222, 0.23148148148148145, 0.24074074074074073]","[67631.00000000012, 1786.6346316370718, 1155.9831840869608, 12069.579557417863, 1906.5778542067549, 950.5914327636614, 9083.877197384527, 2481.2296367742774, 778.6316126027394, 8965.162396384698, 2042.6423114775907, 1606.7171021537154, 6927.939836296732, 1790.9411989173311, 2115.06437598922, 4469.146453395411, 811.3124818657625, 852.4454942247056, 2613.5185095951056, 1125.8336361543954, 622.5282936167745, 1595.9028958462004, 1672.0836322351197, 807.7671822536295, 3024.6344394108896, 842.7313814741563, 842.8235732266668]",3.0,0.3,145.1500000000419,15,0.5,1721880.1384883912,0.14445541615563154,0.1241257545377825,16430975.452700602,84089526828.79173,"[0.046875, 0.03125]",2,1721880.1384883912,0.046875,"[0.0, 0.015625, 0.03125, 0.046875, 0.0625, 0.078125, 0.09375, 0.109375, 0.125, 0.140625, 0.15625, 0.171875, 0.1875, 0.203125, 0.21875, 0.234375]","[154749.38571156524, 876106.9067082421, 1710291.3768914293, 1721880.1384883912, 1236443.3975591266, 1200279.6938552111, 1385236.6101423027, 1437054.0474217162, 1048940.2936456478, 664501.8455339571, 393060.2971506184, 165807.08106888557, 58528.06662850136, 51528.956393880304, 141871.95181120027, 339557.73472435796]",3.0,0.3,flattop,64,32,145.1500000000419,15,21,449.5238095237216,37.99999999998579,1007.9999999998718,"[2, 5, 11, 17, 22, 25, 29, 38, 44, 52, 55, 60, 65, 74, 78, 84, 89, 95, 98, 101, 105]","[37.99999999998579, 367.9999999998831, 460.99999999993116, 192.99999999994037, 950.9999999999184, 153.99999999992428, 880.9999999997787, 242.9999999999401, 490.99999999991866, 185.99999999995555, 320.99999999990723, 942.9999999999283, 809.9999999997983, 204.99999999995268, 477.9999999998963, 275.9999999999559, 346.9999999999319, 79.00000000000682, 1007.9999999998718, 113.99999999994986, 892.9999999997791]","[1, 1, 1, 15, 1, 24, 27, 35, 35, 49, 35, 35, 63, 73, 73, 73, 35, 92, 35, 99, 99]","[3, 8, 18, 18, 35, 27, 35, 39, 49, 53, 56, 73, 73, 75, 81, 85, 92, 97, 106, 102, 106]",0.05,30,52684908.99999744,1015.9999999999702,-1015.9999999999702,DWT,uc1.l0082987033,1.1757947504520416e-07,0.0,8.793676897767e-11,1.341104507446289e-07,0.0,1.2823875294998288e-10,4.798173904418945e-06,2.97859514830634e-11,1.0,84,0.0,2.673914423212409e-10,1.0,84,,0.0,0.0,1.0,84,0.0,0.0,2.562999725341797e-06,0.03192138671875,1.1641532182693481e-10,0.0,0.0,0.0,8.793676897767e-11,1.8462742445990443e-09,8.854715902305628e-11,0.0,2.97859514830634e-11,0.0,4.189359970041551e-11,0.0,0.0,0.0,4.189359970041551e-11,1.4210854715202004e-11,9.686695889854491e-15,1.1757947504520416e-07,1.0824674490095276e-15,2.42861286636753e-15,1.979060471057892e-08,0.0,0.0,1.1379786002407855e-14,0.38822337931560924,0.4717439636832193,0.1195376867045336,0.42340962335555915,0.03034103402710867,0.010787418859167739,0.005393709429583869,0.010787418859167739,159,0.7100751157363092,0.40147443915945247,639,0,0,0.010787418859167739,0.010787418859167739,160,0,0,0.2866511374172061,0.389897507360592,659,282.73117385011983,0.6347142456716799,404.25,256.05401165023454,0.5562137119831267,583,bior,385.74074074074076,410.0,199.97417605530825,135,0.8534087184529663,0.7130285416801533,0.18870533457887761,4,438.25
db5,1,antisymmetric,6.606563995873156e-27,321.89526664951023,9586670.170702156,0.5431034482758621,435.91735970247396,108,raw,4.8553753610273504e-14,-1.1075795836035308e-10,"[2, 5, 11, 17, 22, 25, 29, 38, 44, 52, 55, 60, 65, 74, 78, 84, 89, 95, 98, 101, 105]","[38.00000000000003, 367.9999999999999, 461.00000000000006, 192.9999999999999, 951.0000000000001, 154.0, 880.9999999999998, 242.99999999999997, 491.0, 186.0000000000001, 321.0, 943.0, 810.0, 204.99999999999997, 478.0000000000001, 275.9999999999999, 346.9999999999999, 79.0, 1008.0, 114.00000000000011, 892.9999999999999]",21,5.714790866213664,158071.91215299116,0.8570537789859043,4.365923718251291e-06,0.9999999999999998,0.4907407407407407,67631.0,0.1291094199047374,0.15147910127183992,188156.12126451553,82872438.25058056,8,12069.57955741813,0.027777777777777776,"[0.0, 0.009259259259259259, 0.018518518518518517, 0.027777777777777776, 0.037037037037037035, 0.046296296296296294, 0.05555555555555555, 0.06481481481481481, 0.07407407407407407, 0.08333333333333333, 0.09259259259259259, 0.10185185185185185, 0.1111111111111111, 0.12037037037037036, 0.12962962962962962, 0.1388888888888889, 0.14814814814814814, 0.15740740740740738, 0.16666666666666666, 0.17592592592592593, 0.18518518518518517, 0.19444444444444442, 0.2037037037037037, 0.21296296296296297, 0.2222222222222222, 0.23148148148148145, 0.24074074074074073]","[67631.0, 1786.6346316370013, 1155.9831840869385, 12069.57955741813, 1906.5778542068429, 950.5914327636016, 9083.877197385176, 2481.229636774484, 778.6316126029438, 8965.16239638599, 2042.642311477918, 1606.717102154149, 6927.939836298322, 1790.9411989177936, 2115.0643759896484, 4469.1464533967255, 811.3124818658864, 852.4454942250571, 2613.5185095958273, 1125.8336361545937, 622.5282936168362, 1595.9028958466977, 1672.0836322356429, 807.7671822537571, 3024.634439411761, 842.7313814743658, 842.8235732269198]",3.0,0.3,145.14999999999998,15,0.5,1721880.1384885088,0.14445541615564297,0.12412575453778012,16430975.452705398,84089526828.82368,"[0.046875, 0.03125]",2,1721880.1384885088,0.046875,"[0.0, 0.015625, 0.03125, 0.046875, 0.0625, 0.078125, 0.09375, 0.109375, 0.125, 0.140625, 0.15625, 0.171875, 0.1875, 0.203125, 0.21875, 0.234375]","[154749.3857115654, 876106.9067082776, 1710291.3768915324, 1721880.1384885088, 1236443.3975593029, 1200279.6938555269, 1385236.6101427812, 1437054.0474222805, 1048940.2936461219, 664501.8455342905, 393060.29715082515, 165807.0810689745, 58528.06662853263, 51528.95639390755, 141871.95181127623, 339557.7347245398]",3.0,0.3,flattop,64,32,145.14999999999998,15,21,449.5238095238095,38.00000000000003,1008.0,"[2, 5, 11, 17, 22, 25, 29, 38, 44, 52, 55, 60, 65, 74, 78, 84, 89, 95, 98, 101, 105]","[38.00000000000003, 367.9999999999999, 461.00000000000006, 192.9999999999999, 951.0000000000001, 154.0, 880.9999999999998, 242.99999999999997, 491.0, 186.0000000000001, 321.0, 943.0, 810.0, 204.99999999999997, 478.0000000000001, 275.9999999999999, 346.9999999999999, 79.0, 1008.0, 114.00000000000011, 892.9999999999999]","[1, 1, 1, 15, 1, 24, 27, 35, 35, 49, 35, 35, 63, 73, 73, 73, 35, 92, 35, 99, 99]","[3, 8, 18, 18, 35, 27, 35, 39, 49, 53, 56, 73, 73, 75, 81, 85, 92, 97, 106, 102, 106]",0.05,30,52684909.0,1016.0,-1016.0,DWT,uc1.l0082987033,0.0,0.0,0.0,0.0,0.0,0.0,1.862645149230957e-09,0.0,1.0,84,0.0,0.0,1.0,84,,0.0,0.0,1.0,84,0.0,0.0,0.0,3.0517578125e-05,0.0,0.0,0.0,0.0,0.0,0.0,6.631732200427601e-14,0.0,0.0,0.0,2.842170943040401e-14,0.0,0.0,0.0,2.842170943040401e-14,2.842170943040401e-14,5.551115123125783e-17,0.0,0.0,4.163336342344337e-17,0.0,0.0,0.0,5.551115123125783e-17,0.9638595308257007,0.34660881522505915,0.044434640948799474,0.27441726064342187,0.1893625049375623,0.0,0.0,0.0,675,0.9593493528147434,0.5424133797167344,359,0,0,0.0,0.0,653,0,0,0.36373655051610876,0.49474764223858325,383,169.6850022836432,0.7807687308996858,517.5,475.6606566187384,0.5560820398684476,584,db,413.2962962962963,398.0,188.41229481502944,243,0.9143723369387087,0.671803462110104,0.15839832550987273,5,439.25
sym13,1,constant,5.918305576430575e-22,272.37304926104014,9403361.777376449,0.5757575757575758,230.80597415653017,108,raw,1.945008763102494e-11,-4.962907862546837e-11,"[2, 5, 11, 17, 22, 25, 29, 38, 44, 52, 55, 60, 65, 74, 78, 84, 89, 95, 98, 101, 105]","[37.99999999998977, 367.9999999999494, 460.9999999999622, 192.99999999997556, 950.999999999954, 153.99999999997215, 880.999999999897, 242.9999999999739, 490.99999999995237, 185.99999999998147, 320.9999999999559, 942.9999999999561, 809.9999999999056, 204.99999999998138, 477.9999999999512, 275.9999999999791, 346.99999999996476, 78.99999999999818, 1007.9999999999442, 113.99999999998192, 892.9999999998809]",21,5.60583673238314,130893.05330042534,0.8872282459930506,4.365923718252034e-06,1.0,0.4907407407407407,67630.99999999994,0.12910941990473274,0.15147910127184,188156.12126450558,82872438.25058034,8,12069.579557417988,0.027777777777777776,"[0.0, 0.009259259259259259, 0.018518518518518517, 0.027777777777777776, 0.037037037037037035, 0.046296296296296294, 0.05555555555555555, 0.06481481481481481, 0.07407407407407407, 0.08333333333333333, 0.09259259259259259, 0.10185185185185185, 0.1111111111111111, 0.12037037037037036, 0.12962962962962962, 0.1388888888888889, 0.14814814814814814, 0.15740740740740738, 0.16666666666666666, 0.17592592592592593, 0.18518518518518517, 0.19444444444444442, 0.2037037037037037, 0.21296296296296297, 0.2222222222222222, 0.23148148148148145, 0.24074074074074073]","[67630.99999999994, 1786.6346316369602, 1155.9831840869217, 12069.579557417988, 1906.5778542067903, 950.5914327635106, 9083.87719738474, 2481.2296367743447, 778.6316126029013, 8965.162396385229, 2042.6423114776842, 1606.7171021540032, 6927.93983629759, 1790.9411989176153, 2115.064375989412, 4469.146453396206, 811.3124818658092, 852.4454942249524, 2613.518509595504, 1125.833636154467, 622.5282936167747, 1595.902895846501, 1672.0836322354387, 807.767182253674, 3024.6344394114044, 842.7313814742629, 842.8235732268129]",3.0,0.3,145.15000000002337,15,0.5,1721880.1384883933,0.14445541615563856,0.12412575453778084,16430975.45270283,84089526828.80298,"[0.046875, 0.03125]",2,1721880.1384883933,0.046875,"[0.0, 0.015625, 0.03125, 0.046875, 0.0625, 0.078125, 0.09375, 0.109375, 0.125, 0.140625, 0.15625, 0.171875, 0.1875, 0.203125, 0.21875, 0.234375]","[154749.38571156067, 876106.9067082353, 1710291.3768914281, 1721880.1384883933, 1236443.3975591678, 1200279.6938553299, 1385236.6101425146, 1437054.0474219872, 1048940.2936458942, 664501.8455341395, 393060.2971507341, 165807.08106893592, 58528.066628519155, 51528.95639389562, 141871.9518112431, 339557.73472446087]",3.0,0.3,flattop,64,32,145.15000000002337,15,21,449.52380952376706,37.99999999998977,1007.9999999999442,"[2, 5, 11, 17, 22, 25, 29, 38, 44, 52, 55, 60, 65, 74, 78, 84, 89, 95, 98, 101, 105]","[37.99999999998977, 367.9999999999494, 460.9999999999622, 192.99999999997556, 950.999999999954, 153.99999999997215, 880.999999999897, 242.9999999999739, 490.99999999995237, 185.99999999998147, 320.9999999999559, 942.9999999999561, 809.9999999999056, 204.99999999998138, 477.9999999999512, 275.9999999999791, 346.99999999996476, 78.99999999999818, 1007.9999999999442, 113.99999999998192, 892.9999999998809]","[1, 1, 1, 15, 1, 24, 27, 35, 35, 49, 35, 35, 63, 73, 73, 73, 35, 92, 35, 99, 99]","[3, 8, 18, 18, 35, 27, 35, 39, 49, 53, 56, 73, 73, 75, 81, 85, 92, 97, 106, 102, 106]",0.05,30,52684908.99999854,1015.9999999999819,-1015.9999999999819,DWT,uc1.l0082987033,1.1548399925231934e-07,0.0,4.246203388902359e-11,2.2351741790771484e-07,0.0,5.582023732131347e-11,2.5704503059387207e-06,1.807620719773695e-11,1.0,84,0.0,1.418811734765768e-10,1.0,84,,0.0,0.0,1.0,84,0.0,0.0,1.4603137969970703e-06,0.0206756591796875,5.820766091346741e-11,0.0,0.0,0.0,4.246203388902359e-11,8.913048077374697e-10,4.252293755208874e-11,0.0,1.807620719773695e-11,0.0,2.3362645151792094e-11,0.0,0.0,0.0,2.3362645151792094e-11,1.0231815394945443e-11,4.718447854656915e-15,1.1548399925231934e-07,8.326672684688674e-17,7.632783294297951e-16,9.953510016202927e-09,0.0,0.0,4.3576253716537394e-15,0.4554311691805871,0.20700114695947763,0.02665307306487111,0.6389029964448965,0.11579198135726254,0.006146320047665339,0.0030731600238326695,0.006146320047665339,183,0.6919638026413902,0.39123435454575073,647,0,0,0.006146320047665339,0.006146320047665339,182,0,0,0.28875607340141896,0.3927606018551507,655,270.50862586369897,0.6505056513388903,416.75,285.0769558579735,0.5560344794162151,585,sym,445.72514619883043,505.0,280.45746329325993,171,0.986117580085908,1.0,0.009717693939864401,6,440.25
db27,1,smooth,3.689999143918256e-26,314.4247604577948,19437497.26473455,0.56875,416.60361304810465,108,raw,1.3598998470519693e-13,-1.0551115536827702e-10,"[2, 5, 11, 17, 22, 25, 29, 38, 44, 52, 55, 60, 65, 74, 78, 84, 89, 95, 98, 101, 105]","[37.99999999999994, 368.0000000000003, 460.9999999999997, 193.0000000000001, 950.9999999999997, 154.0, 880.9999999999998, 242.99999999999997, 491.0000000000004, 186.00000000000057, 320.9999999999998, 942.9999999999997, 809.9999999999998, 205.00000000000009, 478.00000000000034, 275.9999999999999, 347.0, 78.99999999999977, 1007.9999999999998, 114.00000000000034, 893.0]",21,5.760479555835095,188680.14160358775,0.9280934085595197,4.365923718251291e-06,0.9999999999999998,0.4907407407407407,67631.0,0.1291094199047374,0.15147910127183992,188156.12126451553,82872438.25058056,8,12069.579557418134,0.027777777777777776,"[0.0, 0.009259259259259259, 0.018518518518518517, 0.027777777777777776, 0.037037037037037035, 0.046296296296296294, 0.05555555555555555, 0.06481481481481481, 0.07407407407407407, 0.08333333333333333, 0.09259259259259259, 0.10185185185185185, 0.1111111111111111, 0.12037037037037036, 0.12962962962962962, 0.1388888888888889, 0.14814814814814814, 0.15740740740740738, 0.16666666666666666, 0.17592592592592593, 0.18518518518518517, 0.19444444444444442, 0.2037037037037037, 0.21296296296296297, 0.2222222222222222, 0.23148148148148145, 0.24074074074074073]","[67631.0, 1786.634631637001, 1155.9831840869397, 12069.579557418134, 1906.5778542068433, 950.5914327636018, 9083.877197385173, 2481.229636774482, 778.6316126029465, 8965.16239638599, 2042.6423114779166, 1606.717102154149, 6927.939836298321, 1790.9411989177936, 2115.064375989651, 4469.146453396725, 811.3124818658885, 852.4454942250584, 2613.5185095958277, 1125.8336361545962, 622.5282936168372, 1595.9028958466997, 1672.0836322356417, 807.7671822537562, 3024.6344394117605, 842.7313814743635, 842.8235732269193]",3.0,0.3,145.15,15,0.5,1721880.1384885074,0.14445541615564295,0.1241257545377801,16430975.452705396,84089526828.8236,"[0.046875, 0.03125]",2,1721880.1384885074,0.046875,"[0.0, 0.015625, 0.03125, 0.046875, 0.0625, 0.078125, 0.09375, 0.109375, 0.125, 0.140625, 0.15625, 0.171875, 0.1875, 0.203125, 0.21875, 0.234375]","[154749.38571156567, 876106.9067082778, 1710291.376891532, 1721880.1384885074, 1236443.397559302, 1200279.6938555264, 1385236.610142781, 1437054.04742228, 1048940.2936461216, 664501.8455342904, 393060.2971508249, 165807.0810689744, 58528.066628532484, 51528.956393907334, 141871.95181127603, 339557.7347245398]",3.0,0.3,flattop,64,32,145.15,15,21,449.5238095238095,37.99999999999994,1007.9999999999998,"[2, 5, 11, 17, 22, 25, 29, 38, 44, 52, 55, 60, 65, 74, 78, 84, 89, 95, 98, 101, 105]","[37.99999999999994, 368.0000000000003, 460.9999999999997, 193.0000000000001, 950.9999999999997, 154.0, 880.9999999999998, 242.99999999999997, 491.0000000000004, 186.00000000000057, 320.9999999999998, 942.9999999999997, 809.9999999999998, 205.00000000000009, 478.00000000000034, 275.9999999999999, 347.0, 78.99999999999977, 1007.9999999999998, 114.00000000000034, 893.0]","[1, 1, 1, 15, 1, 24, 27, 35, 35, 49, 35, 35, 63, 73, 73, 73, 35, 92, 35, 99, 99]","[3, 8, 18, 18, 35, 27, 35, 39, 49, 53, 56, 73, 73, 75, 81, 85, 92, 97, 106, 102, 106]",0.05,30,52684909.0,1015.9999999999999,-1015.9999999999999,DWT,uc1.l0082987033,1.3969838619232178e-09,0.0,0.0,0.0,0.0,2.2737367544323206e-13,3.725290298461914e-09,1.1368683772161603e-13,1.0,84,0.0,3.637978807091713e-12,1.0,84,,0.0,0.0,1.0,84,0.0,0.0,0.0,6.103515625e-05,0.0,0.0,0.0,0.0,0.0,0.0,2.1113269862585832e-13,0.0,1.1368683772161603e-13,0.0,0.0,0.0,0.0,0.0,0.0,5.684341886080802e-14,5.551115123125783e-17,1.3969838619232178e-09,0.0,2.7755575615628914e-17,0.0,0.0,0.0,2.7755575615628914e-17,0.8871622942314872,0.40515171947208384,1.0,0.5606843575418993,0.2722160006918093,0.0,0.0,0.0,768,1.5680333795684178,0.8865615872100348,18,0,0,0.0,0.0,474,0,0,0.625042874387456,0.8501716089912872,22,367.16345134013545,0.5256286158396183,320.5,38.30614480248337,0.5557729642505584,586,db,413.2962962962963,398.0,188.41229481502944,243,0.9143723369387087,0.671803462110104,0.15839832550987273,5,440.75
bior1.3,1,antisymmetric,1.0499738648491667e-26,319.88323822105446,9478602.853848413,0.5625,298.781606429345,108,raw,6.987003568307659e-14,-1.1766188023898459e-10,"[2, 5, 11, 17, 22, 25, 29, 38, 44, 52, 55, 60, 65, 74, 78, 84, 89, 95, 98, 101, 105]","[38.0, 368.00000000000006, 460.99999999999994, 193.0000000000001, 951.0, 154.0, 881.0000000000001, 243.0, 490.99999999999994, 186.0, 321.0, 943.0000000000001, 810.0, 205.00000000000003, 478.0000000000001, 276.0, 347.0000000000001, 79.0, 1008.0000000000002, 114.00000000000011, 893.0]",21,5.564890455693215,107166.30585215044,0.8607570163809917,4.36592371825129e-06,1.0,0.4907407407407407,67631.0,0.12910941990473745,0.15147910127183992,188156.12126451553,82872438.25058056,8,12069.57955741813,0.027777777777777776,"[0.0, 0.009259259259259259, 0.018518518518518517, 0.027777777777777776, 0.037037037037037035, 0.046296296296296294, 0.05555555555555555, 0.06481481481481481, 0.07407407407407407, 0.08333333333333333, 0.09259259259259259, 0.10185185185185185, 0.1111111111111111, 0.12037037037037036, 0.12962962962962962, 0.1388888888888889, 0.14814814814814814, 0.15740740740740738, 0.16666666666666666, 0.17592592592592593, 0.18518518518518517, 0.19444444444444442, 0.2037037037037037, 0.21296296296296297, 0.2222222222222222, 0.23148148148148145, 0.24074074074074073]","[67631.0, 1786.6346316369998, 1155.9831840869374, 12069.57955741813, 1906.5778542068424, 950.5914327636025, 9083.87719738518, 2481.2296367744834, 778.6316126029454, 8965.162396385991, 2042.6423114779172, 1606.7171021541485, 6927.939836298324, 1790.9411989177925, 2115.064375989648, 4469.146453396725, 811.3124818658853, 852.4454942250569, 2613.518509595828, 1125.8336361545937, 622.528293616838, 1595.9028958466986, 1672.0836322356429, 807.7671822537571, 3024.6344394117605, 842.7313814743662, 842.8235732269206]",3.0,0.3,145.15000000000003,15,0.5,1721880.1384885092,0.14445541615564295,0.1241257545377801,16430975.452705404,84089526828.82372,"[0.046875, 0.03125]",2,1721880.1384885092,0.046875,"[0.0, 0.015625, 0.03125, 0.046875, 0.0625, 0.078125, 0.09375, 0.109375, 0.125, 0.140625, 0.15625, 0.171875, 0.1875, 0.203125, 0.21875, 0.234375]","[154749.3857115654, 876106.9067082782, 1710291.3768915331, 1721880.1384885092, 1236443.3975593029, 1200279.6938555273, 1385236.6101427819, 1437054.047422281, 1048940.293646122, 664501.8455342908, 393060.29715082515, 165807.08106897463, 58528.06662853263, 51528.95639390754, 141871.95181127626, 339557.73472454]",3.0,0.3,flattop,64,32,145.15000000000003,15,21,449.5238095238095,38.0,1008.0000000000002,"[2, 5, 11, 17, 22, 25, 29, 38, 44, 52, 55, 60, 65, 74, 78, 84, 89, 95, 98, 101, 105]","[38.0, 368.00000000000006, 460.99999999999994, 193.0000000000001, 951.0, 154.0, 881.0000000000001, 243.0, 490.99999999999994, 186.0, 321.0, 943.0000000000001, 810.0, 205.00000000000003, 478.0000000000001, 276.0, 347.0000000000001, 79.0, 1008.0000000000002, 114.00000000000011, 893.0]","[1, 1, 1, 15, 1, 24, 27, 35, 35, 49, 35, 35, 63, 73, 73, 73, 35, 92, 35, 99, 99]","[3, 8, 18, 18, 35, 27, 35, 39, 49, 53, 56, 73, 73, 75, 81, 85, 92, 97, 106, 102, 106]",0.05,30,52684909.0,1016.0000000000002,-1016.0000000000002,DWT,uc1.l0082987033,4.656612873077393e-10,0.0,0.0,0.0,0.0,2.2737367544323206e-13,3.725290298461914e-09,2.2737367544323206e-13,1.0,84,0.0,0.0,1.0,84,,0.0,0.0,1.0,84,0.0,0.0,0.0,6.103515625e-05,0.0,0.0,0.0,0.0,0.0,0.0,5.278317465646461e-14,0.0,2.2737367544323206e-13,0.0,2.842170943040401e-14,0.0,0.0,0.0,2.842170943040401e-14,0.0,0.0,4.656612873077393e-10,0.0,2.7755575615628914e-17,0.0,0.0,0.0,2.7755575615628914e-17,0.9432026949364957,0.15453490256961777,0.03395172581433278,0.49092178770949735,0.05156598709840747,0.0,0.0,0.0,472,0.8771600410770346,0.4959437779752594,482,0,0,0.0,0.0,756,0,0,0.33483541962567026,0.45543686539808015,496,136.68820968418112,0.823400245886071,551.5,531.0524122779278,0.5554339730722344,587,bior,385.74074074074076,410.0,199.97417605530825,135,0.8534087184529663,0.7130285416801533,0.18870533457887761,4,441.25
bior3.3,1,smooth,4.428606687769633e-27,323.63235199629736,9989855.713545423,0.5614035087719298,307.5615922323125,108,raw,3.855352251439065e-14,-1.0911094250332166e-10,"[2, 5, 11, 17, 22, 25, 29, 38, 44, 52, 55, 60, 65, 74, 78, 84, 89, 95, 98, 101, 105]","[38.00000000000003, 367.9999999999999, 461.0, 193.0, 951.0, 153.9999999999999, 881.0, 242.99999999999997, 490.9999999999999, 186.0000000000001, 320.9999999999999, 943.0, 810.0, 205.0, 478.0, 275.9999999999999, 347.0, 78.99999999999989, 1008.0, 113.99999999999989, 893.0]",21,5.472135057937398,122835.93964038216,0.9101633916990494,4.365923718251291e-06,1.0,0.4907407407407407,67631.0,0.1291094199047374,0.15147910127183992,188156.12126451553,82872438.25058056,8,12069.57955741813,0.027777777777777776,"[0.0, 0.009259259259259259, 0.018518518518518517, 0.027777777777777776, 0.037037037037037035, 0.046296296296296294, 0.05555555555555555, 0.06481481481481481, 0.07407407407407407, 0.08333333333333333, 0.09259259259259259, 0.10185185185185185, 0.1111111111111111, 0.12037037037037036, 0.12962962962962962, 0.1388888888888889, 0.14814814814814814, 0.15740740740740738, 0.16666666666666666, 0.17592592592592593, 0.18518518518518517, 0.19444444444444442, 0.2037037037037037, 0.21296296296296297, 0.2222222222222222, 0.23148148148148145, 0.24074074074074073]","[67631.0, 1786.634631637001, 1155.9831840869392, 12069.57955741813, 1906.577854206843, 950.5914327636011, 9083.877197385176, 2481.2296367744843, 778.6316126029446, 8965.162396385991, 2042.6423114779172, 1606.717102154149, 6927.939836298324, 1790.9411989177925, 2115.064375989647, 4469.146453396725, 811.3124818658858, 852.4454942250578, 2613.518509595828, 1125.833636154593, 622.5282936168377, 1595.9028958466977, 1672.0836322356427, 807.7671822537562, 3024.6344394117596, 842.7313814743649, 842.8235732269194]",3.0,0.3,145.14999999999998,15,0.5,1721880.1384885083,0.14445541615564295,0.12412575453778009,16430975.452705398,84089526828.82367,"[0.046875, 0.03125]",2,1721880.1384885083,0.046875,"[0.0, 0.015625, 0.03125, 0.046875, 0.0625, 0.078125, 0.09375, 0.109375, 0.125, 0.140625, 0.15625, 0.171875, 0.1875, 0.203125, 0.21875, 0.234375]","[154749.38571156544, 876106.9067082776, 1710291.3768915322, 1721880.1384885083, 1236443.3975593017, 1200279.693855527, 1385236.610142782, 1437054.0474222808, 1048940.293646122, 664501.8455342907, 393060.2971508249, 165807.0810689744, 58528.06662853257, 51528.95639390755, 141871.9518112762, 339557.7347245398]",3.0,0.3,flattop,64,32,145.14999999999998,15,21,449.5238095238095,38.00000000000003,1008.0,"[2, 5, 11, 17, 22, 25, 29, 38, 44, 52, 55, 60, 65, 74, 78, 84, 89, 95, 98, 101, 105]","[38.00000000000003, 367.9999999999999, 461.0, 193.0, 951.0, 153.9999999999999, 881.0, 242.99999999999997, 490.9999999999999, 186.0000000000001, 320.9999999999999, 943.0, 810.0, 205.0, 478.0, 275.9999999999999, 347.0, 78.99999999999989, 1008.0, 113.99999999999989, 893.0]","[1, 1, 1, 15, 1, 24, 27, 35, 35, 49, 35, 35, 63, 73, 73, 73, 35, 92, 35, 99, 99]","[3, 8, 18, 18, 35, 27, 35, 39, 49, 53, 56, 73, 73, 75, 81, 85, 92, 97, 106, 102, 106]",0.05,30,52684909.0,1016.0,-1016.0,DWT,uc1.l0082987033,4.656612873077393e-10,0.0,0.0,0.0,0.0,0.0,1.862645149230957e-09,0.0,1.0,84,0.0,0.0,1.0,84,,0.0,0.0,1.0,84,0.0,0.0,0.0,1.52587890625e-05,0.0,0.0,0.0,0.0,0.0,0.0,4.601610098255887e-14,0.0,0.0,0.0,2.842170943040401e-14,0.0,0.0,0.0,2.842170943040401e-14,2.842170943040401e-14,5.551115123125783e-17,4.656612873077393e-10,0.0,1.3877787807814457e-17,0.0,0.0,0.0,2.7755575615628914e-17,0.9816936162822687,0.03568337904799873,0.08354507648214424,0.4786827403704791,0.09398215947581878,0.0,0.0,0.0,455,0.8776963574729518,0.4962470097312964,481,0,0,0.0,0.0,757,0,0,0.33471739433174197,0.4552763296042132,497,140.73497551544654,0.818171866259113,547.5,525.6324206821894,0.5554037625869208,588,bior,385.74074074074076,410.0,199.97417605530825,135,0.8534087184529663,0.7130285416801533,0.18870533457887761,4,442.0
bior3.3,1,constant,4.260316361322483e-27,323.80060461169603,9990944.838334434,0.5614035087719298,307.5615922323125,108,raw,3.671137468093855e-14,-1.0893097535102992e-10,"[2, 5, 11, 17, 22, 25, 29, 38, 44, 52, 55, 60, 65, 74, 78, 84, 89, 95, 98, 101, 105]","[38.00000000000003, 367.9999999999999, 461.0, 193.0, 951.0, 153.9999999999999, 881.0, 242.99999999999997, 490.9999999999999, 186.0000000000001, 320.9999999999999, 943.0, 810.0, 205.0, 478.0, 275.9999999999999, 347.0, 78.99999999999989, 1008.0, 113.99999999999989, 893.0]",21,5.467648112411175,125138.33333438536,0.9118281604007388,4.365923718251291e-06,1.0,0.4907407407407407,67631.0,0.12910941990473743,0.15147910127183992,188156.12126451553,82872438.25058056,8,12069.57955741813,0.027777777777777776,"[0.0, 0.009259259259259259, 0.018518518518518517, 0.027777777777777776, 0.037037037037037035, 0.046296296296296294, 0.05555555555555555, 0.06481481481481481, 0.07407407407407407, 0.08333333333333333, 0.09259259259259259, 0.10185185185185185, 0.1111111111111111, 0.12037037037037036, 0.12962962962962962, 0.1388888888888889, 0.14814814814814814, 0.15740740740740738, 0.16666666666666666, 0.17592592592592593, 0.18518518518518517, 0.19444444444444442, 0.2037037037037037, 0.21296296296296297, 0.2222222222222222, 0.23148148148148145, 0.24074074074074073]","[67631.0, 1786.634631637001, 1155.9831840869392, 12069.57955741813, 1906.5778542068433, 950.5914327636009, 9083.877197385176, 2481.2296367744843, 778.6316126029446, 8965.162396385991, 2042.6423114779172, 1606.717102154149, 6927.939836298324, 1790.9411989177922, 2115.064375989647, 4469.146453396725, 811.3124818658857, 852.4454942250578, 2613.518509595828, 1125.8336361545933, 622.5282936168377, 1595.9028958466977, 1672.0836322356424, 807.7671822537566, 3024.6344394117596, 842.731381474365, 842.8235732269193]",3.0,0.3,145.14999999999998,15,0.5,1721880.1384885083,0.14445541615564295,0.12412575453778009,16430975.452705398,84089526828.82367,"[0.046875, 0.03125]",2,1721880.1384885083,0.046875,"[0.0, 0.015625, 0.03125, 0.046875, 0.0625, 0.078125, 0.09375, 0.109375, 0.125, 0.140625, 0.15625, 0.171875, 0.1875, 0.203125, 0.21875, 0.234375]","[154749.38571156544, 876106.9067082776, 1710291.3768915322, 1721880.1384885083, 1236443.3975593017, 1200279.693855527, 1385236.610142782, 1437054.0474222808, 1048940.293646122, 664501.8455342907, 393060.2971508249, 165807.0810689744, 58528.06662853257, 51528.95639390755, 141871.9518112762, 339557.7347245398]",3.0,0.3,flattop,64,32,145.14999999999998,15,21,449.5238095238095,38.00000000000003,1008.0,"[2, 5, 11, 17, 22, 25, 29, 38, 44, 52, 55, 60, 65, 74, 78, 84, 89, 95, 98, 101, 105]","[38.00000000000003, 367.9999999999999, 461.0, 193.0, 951.0, 153.9999999999999, 881.0, 242.99999999999997, 490.9999999999999, 186.0000000000001, 320.9999999999999, 943.0, 810.0, 205.0, 478.0, 275.9999999999999, 347.0, 78.99999999999989, 1008.0, 113.99999999999989, 893.0]","[1, 1, 1, 15, 1, 24, 27, 35, 35, 49, 35, 35, 63, 73, 73, 73, 35, 92, 35, 99, 99]","[3, 8, 18, 18, 35, 27, 35, 39, 49, 53, 56, 73, 73, 75, 81, 85, 92, 97, 106, 102, 106]",0.05,30,52684909.0,1016.0,-1016.0,DWT,uc1.l0082987033,4.656612873077393e-10,0.0,0.0,0.0,0.0,0.0,1.862645149230957e-09,0.0,1.0,84,0.0,0.0,1.0,84,,0.0,0.0,1.0,84,0.0,0.0,0.0,1.52587890625e-05,0.0,0.0,0.0,0.0,0.0,0.0,4.601610098255887e-14,0.0,0.0,0.0,2.842170943040401e-14,0.0,0.0,0.0,2.842170943040401e-14,2.842170943040401e-14,2.7755575615628914e-17,4.656612873077393e-10,0.0,1.3877787807814457e-17,0.0,0.0,0.0,2.7755575615628914e-17,0.9834210106943284,0.0299340606832178,0.08365072547081576,0.4786827403704791,0.10021451494278882,0.0,0.0,0.0,452,0.878403901618921,0.4966470531673897,480,0,0,0.0,0.0,758,0,0,0.335180610432326,0.455906387466932,493,142.5304061127543,0.8158521884848136,545.75,523.3285821723916,0.5553744146558435,589,bior,385.74074074074076,410.0,199.97417605530825,135,0.8534087184529663,0.7130285416801533,0.18870533457887761,4,442.75
bior2.4,1,periodization,9.9562865274708e-27,320.11404924700963,9565920.209084054,0.5648148148148148,367.63733464347604,108,raw,6.804433559813734e-14,-1.1664558208224272e-10,"[2, 5, 11, 17, 22, 25, 29, 38, 44, 52, 55, 60, 65, 74, 78, 84, 89, 95, 98, 101, 105]","[38.00000000000006, 368.0, 461.0, 193.0000000000001, 951.0, 154.0000000000001, 881.0000000000001, 243.00000000000003, 491.0, 186.0, 321.0, 943.0000000000001, 810.0, 205.00000000000003, 477.99999999999994, 276.0000000000001, 347.0000000000001, 79.00000000000011, 1008.0000000000001, 114.0, 893.0000000000001]",21,5.555086914354918,99676.68665488495,0.8356232118307597,4.36592371825129e-06,1.0,0.4907407407407407,67631.0,0.12910941990473743,0.15147910127183992,188156.12126451553,82872438.25058056,8,12069.579557418134,0.027777777777777776,"[0.0, 0.009259259259259259, 0.018518518518518517, 0.027777777777777776, 0.037037037037037035, 0.046296296296296294, 0.05555555555555555, 0.06481481481481481, 0.07407407407407407, 0.08333333333333333, 0.09259259259259259, 0.10185185185185185, 0.1111111111111111, 0.12037037037037036, 0.12962962962962962, 0.1388888888888889, 0.14814814814814814, 0.15740740740740738, 0.16666666666666666, 0.17592592592592593, 0.18518518518518517, 0.19444444444444442, 0.2037037037037037, 0.21296296296296297, 0.2222222222222222, 0.23148148148148145, 0.24074074074074073]","[67631.0, 1786.6346316370025, 1155.983184086941, 12069.579557418134, 1906.5778542068433, 950.5914327636, 9083.877197385176, 2481.229636774484, 778.6316126029458, 8965.162396385991, 2042.6423114779166, 1606.7171021541496, 6927.939836298322, 1790.9411989177927, 2115.064375989648, 4469.1464533967255, 811.3124818658855, 852.4454942250569, 2613.518509595828, 1125.8336361545946, 622.5282936168373, 1595.9028958466977, 1672.083632235643, 807.7671822537568, 3024.63443941176, 842.7313814743653, 842.8235732269202]",3.0,0.3,145.14999999999998,15,0.5,1721880.1384885088,0.14445541615564295,0.12412575453778009,16430975.452705404,84089526828.82368,"[0.046875, 0.03125]",2,1721880.1384885088,0.046875,"[0.0, 0.015625, 0.03125, 0.046875, 0.0625, 0.078125, 0.09375, 0.109375, 0.125, 0.140625, 0.15625, 0.171875, 0.1875, 0.203125, 0.21875, 0.234375]","[154749.38571156544, 876106.9067082778, 1710291.3768915324, 1721880.1384885088, 1236443.3975593022, 1200279.693855527, 1385236.6101427816, 1437054.047422281, 1048940.2936461223, 664501.8455342909, 393060.29715082527, 165807.08106897457, 58528.066628532644, 51528.95639390756, 141871.95181127623, 339557.73472454]",3.0,0.3,flattop,64,32,145.14999999999998,15,21,449.5238095238095,38.00000000000006,1008.0000000000001,"[2, 5, 11, 17, 22, 25, 29, 38, 44, 52, 55, 60, 65, 74, 78, 84, 89, 95, 98, 101, 105]","[38.00000000000006, 368.0, 461.0, 193.0000000000001, 951.0, 154.0000000000001, 881.0000000000001, 243.00000000000003, 491.0, 186.0, 321.0, 943.0000000000001, 810.0, 205.00000000000003, 477.99999999999994, 276.0000000000001, 347.0000000000001, 79.00000000000011, 1008.0000000000001, 114.0, 893.0000000000001]","[1, 1, 1, 15, 1, 24, 27, 35, 35, 49, 35, 35, 63, 73, 73, 73, 35, 92, 35, 99, 99]","[3, 8, 18, 18, 35, 27, 35, 39, 49, 53, 56, 73, 73, 75, 81, 85, 92, 97, 106, 102, 106]",0.05,30,52684909.0,1016.0000000000001,-1016.0000000000001,DWT,uc1.l0082987033,0.0,0.0,0.0,0.0,0.0,1.1368683772161603e-13,3.725290298461914e-09,1.1368683772161603e-13,1.0,84,0.0,3.637978807091713e-12,1.0,84,,0.0,0.0,1.0,84,0.0,0.0,0.0,3.0517578125e-05,0.0,0.0,0.0,0.0,0.0,0.0,5.684341886080803e-14,0.0,1.1368683772161603e-13,0.0,2.842170943040401e-14,0.0,0.0,0.0,2.842170943040401e-14,5.684341886080802e-14,2.7755575615628914e-17,0.0,0.0,1.3877787807814457e-17,0.0,0.0,0.0,2.7755575615628914e-17,0.9455723560293234,0.14197319886121385,0.042421820671412695,0.5167597765363124,0.031292317451388135,0.0,0.0,0.0,439,0.8787617609789875,0.4968493858258602,479,0,0,0.0,0.0,759,0,0,0.3356038939099302,0.4564821297239201,491,146.36484095118837,0.8108981383059581,542.0,518.1501565243688,0.5553198701865708,590,bior,385.74074074074076,410.0,199.97417605530825,135,0.8534087184529663,0.7130285416801533,0.18870533457887761,4,443.5
db8,1,reflect,9.410935296863288e-27,320.3586952366533,10192353.228355585,0.5327868852459017,326.842843556872,108,raw,6.335672727194222e-14,-1.0745238032683416e-10,"[2, 5, 11, 17, 22, 25, 29, 38, 44, 52, 55, 60, 65, 74, 78, 84, 89, 95, 98, 101, 105]","[37.99999999999997, 367.99999999999966, 461.0000000000001, 193.0000000000001, 951.0000000000001, 154.0000000000001, 880.9999999999999, 243.00000000000009, 491.00000000000006, 185.9999999999999, 320.9999999999999, 942.9999999999998, 810.0, 205.0, 478.0, 275.9999999999999, 346.9999999999999, 79.0, 1007.9999999999999, 114.0, 892.9999999999998]",21,5.757841672411951,99126.9421855472,0.7943995907793475,4.365923718251292e-06,1.0,0.4907407407407407,67631.0,0.1291094199047374,0.15147910127183992,188156.12126451553,82872438.25058056,8,12069.579557418134,0.027777777777777776,"[0.0, 0.009259259259259259, 0.018518518518518517, 0.027777777777777776, 0.037037037037037035, 0.046296296296296294, 0.05555555555555555, 0.06481481481481481, 0.07407407407407407, 0.08333333333333333, 0.09259259259259259, 0.10185185185185185, 0.1111111111111111, 0.12037037037037036, 0.12962962962962962, 0.1388888888888889, 0.14814814814814814, 0.15740740740740738, 0.16666666666666666, 0.17592592592592593, 0.18518518518518517, 0.19444444444444442, 0.2037037037037037, 0.21296296296296297, 0.2222222222222222, 0.23148148148148145, 0.24074074074074073]","[67631.0, 1786.6346316370004, 1155.9831840869385, 12069.579557418134, 1906.5778542068426, 950.5914327636013, 9083.877197385176, 2481.229636774484, 778.6316126029437, 8965.16239638599, 2042.6423114779182, 1606.7171021541494, 6927.939836298322, 1790.941198917794, 2115.0643759896475, 4469.146453396725, 811.312481865886, 852.4454942250567, 2613.518509595829, 1125.8336361545926, 622.528293616837, 1595.9028958466977, 1672.0836322356427, 807.7671822537566, 3024.634439411759, 842.7313814743663, 842.8235732269197]",3.0,0.3,145.15,15,0.5,1721880.1384885083,0.14445541615564295,0.12412575453778009,16430975.452705396,84089526828.82364,"[0.046875, 0.03125]",2,1721880.1384885083,0.046875,"[0.0, 0.015625, 0.03125, 0.046875, 0.0625, 0.078125, 0.09375, 0.109375, 0.125, 0.140625, 0.15625, 0.171875, 0.1875, 0.203125, 0.21875, 0.234375]","[154749.3857115654, 876106.9067082775, 1710291.3768915324, 1721880.1384885083, 1236443.3975593017, 1200279.6938555266, 1385236.610142781, 1437054.0474222803, 1048940.293646122, 664501.8455342904, 393060.29715082503, 165807.08106897454, 58528.06662853264, 51528.95639390751, 141871.95181127609, 339557.7347245399]",3.0,0.3,flattop,64,32,145.15,15,21,449.5238095238095,37.99999999999997,1007.9999999999999,"[2, 5, 11, 17, 22, 25, 29, 38, 44, 52, 55, 60, 65, 74, 78, 84, 89, 95, 98, 101, 105]","[37.99999999999997, 367.99999999999966, 461.0000000000001, 193.0000000000001, 951.0000000000001, 154.0000000000001, 880.9999999999999, 243.00000000000009, 491.00000000000006, 185.9999999999999, 320.9999999999999, 942.9999999999998, 810.0, 205.0, 478.0, 275.9999999999999, 346.9999999999999, 79.0, 1007.9999999999999, 114.0, 892.9999999999998]","[1, 1, 1, 15, 1, 24, 27, 35, 35, 49, 35, 35, 63, 73, 73, 73, 35, 92, 35, 99, 99]","[3, 8, 18, 18, 35, 27, 35, 39, 49, 53, 56, 73, 73, 75, 81, 85, 92, 97, 106, 102, 106]",0.05,30,52684909.0,1015.9999999999999,-1015.9999999999999,DWT,uc1.l0082987033,4.656612873077393e-10,0.0,0.0,0.0,0.0,1.1368683772161603e-13,3.725290298461914e-09,1.1368683772161603e-13,1.0,84,0.0,3.637978807091713e-12,1.0,84,,0.0,0.0,1.0,84,0.0,0.0,0.0,1.52587890625e-05,0.0,0.0,0.0,0.0,0.0,0.0,1.001526903738046e-13,0.0,1.1368683772161603e-13,0.0,0.0,0.0,0.0,0.0,0.0,2.842170943040401e-14,5.551115123125783e-17,4.656612873077393e-10,0.0,1.3877787807814457e-17,0.0,0.0,0.0,2.7755575615628914e-17,0.9480840561561952,0.40177168476468617,0.10318805758408334,0.159263668834143,0.029804212720282622,0.0,0.0,0.0,561,0.8969574574898722,0.5071371805815573,446,0,0,0.0,0.0,735,0,0,0.3284223360118781,0.4467139092010728,522,122.36829654775782,0.8419014256488917,566.0,547.8749055780575,0.5553176378890453,591,db,413.2962962962963,398.0,188.41229481502944,243,0.9143723369387087,0.671803462110104,0.15839832550987273,5,444.5
bior3.3,1,zero,4.4169198595441365e-27,323.6438279167763,9992017.565685201,0.5614035087719298,307.5615922323125,108,raw,3.835614953223507e-14,-1.0910461423208129e-10,"[2, 5, 11, 17, 22, 25, 29, 38, 44, 52, 55, 60, 65, 74, 78, 84, 89, 95, 98, 101, 105]","[38.00000000000003, 367.9999999999999, 461.0, 193.0, 951.0, 153.9999999999999, 881.0, 242.99999999999997, 490.9999999999999, 186.0000000000001, 320.9999999999999, 943.0, 810.0, 205.0, 478.0, 275.9999999999999, 347.0, 78.99999999999989, 1008.0, 113.99999999999989, 893.0]",21,5.4670966176166225,127044.93765494553,0.9131442529586955,4.365923718251291e-06,1.0,0.4907407407407407,67631.0,0.12910941990473743,0.15147910127183992,188156.12126451553,82872438.25058056,8,12069.57955741813,0.027777777777777776,"[0.0, 0.009259259259259259, 0.018518518518518517, 0.027777777777777776, 0.037037037037037035, 0.046296296296296294, 0.05555555555555555, 0.06481481481481481, 0.07407407407407407, 0.08333333333333333, 0.09259259259259259, 0.10185185185185185, 0.1111111111111111, 0.12037037037037036, 0.12962962962962962, 0.1388888888888889, 0.14814814814814814, 0.15740740740740738, 0.16666666666666666, 0.17592592592592593, 0.18518518518518517, 0.19444444444444442, 0.2037037037037037, 0.21296296296296297, 0.2222222222222222, 0.23148148148148145, 0.24074074074074073]","[67631.0, 1786.634631637001, 1155.9831840869394, 12069.57955741813, 1906.577854206843, 950.5914327636011, 9083.877197385176, 2481.2296367744843, 778.6316126029446, 8965.162396385991, 2042.6423114779172, 1606.717102154149, 6927.939836298324, 1790.9411989177925, 2115.064375989647, 4469.146453396725, 811.3124818658858, 852.4454942250578, 2613.518509595828, 1125.833636154593, 622.5282936168376, 1595.9028958466977, 1672.0836322356427, 807.7671822537562, 3024.6344394117596, 842.7313814743649, 842.8235732269194]",3.0,0.3,145.14999999999998,15,0.5,1721880.1384885083,0.14445541615564295,0.12412575453778009,16430975.452705398,84089526828.82367,"[0.046875, 0.03125]",2,1721880.1384885083,0.046875,"[0.0, 0.015625, 0.03125, 0.046875, 0.0625, 0.078125, 0.09375, 0.109375, 0.125, 0.140625, 0.15625, 0.171875, 0.1875, 0.203125, 0.21875, 0.234375]","[154749.38571156544, 876106.9067082776, 1710291.3768915322, 1721880.1384885083, 1236443.3975593017, 1200279.693855527, 1385236.610142782, 1437054.0474222808, 1048940.293646122, 664501.8455342907, 393060.2971508249, 165807.0810689744, 58528.06662853257, 51528.95639390755, 141871.9518112762, 339557.7347245398]",3.0,0.3,flattop,64,32,145.14999999999998,15,21,449.5238095238095,38.00000000000003,1008.0,"[2, 5, 11, 17, 22, 25, 29, 38, 44, 52, 55, 60, 65, 74, 78, 84, 89, 95, 98, 101, 105]","[38.00000000000003, 367.9999999999999, 461.0, 193.0, 951.0, 153.9999999999999, 881.0, 242.99999999999997, 490.9999999999999, 186.0000000000001, 320.9999999999999, 943.0, 810.0, 205.0, 478.0, 275.9999999999999, 347.0, 78.99999999999989, 1008.0, 113.99999999999989, 893.0]","[1, 1, 1, 15, 1, 24, 27, 35, 35, 49, 35, 35, 63, 73, 73, 73, 35, 92, 35, 99, 99]","[3, 8, 18, 18, 35, 27, 35, 39, 49, 53, 56, 73, 73, 75, 81, 85, 92, 97, 106, 102, 106]",0.05,30,52684909.0,1016.0,-1016.0,DWT,uc1.l0082987033,4.656612873077393e-10,0.0,0.0,0.0,0.0,0.0,1.862645149230957e-09,0.0,1.0,84,0.0,0.0,1.0,84,,0.0,0.0,1.0,84,0.0,0.0,0.0,1.52587890625e-05,0.0,0.0,0.0,0.0,0.0,0.0,4.601610098255887e-14,0.0,0.0,0.0,2.842170943040401e-14,0.0,0.0,0.0,2.842170943040401e-14,2.842170943040401e-14,2.7755575615628914e-17,4.656612873077393e-10,0.0,1.3877787807814457e-17,0.0,0.0,0.0,2.7755575615628914e-17,0.9818114357934933,0.029227406427695446,0.08375478384949966,0.4786827403704791,0.1053755071273754,0.0,0.0,0.0,451,0.8792012556138352,0.4970978748351618,476,0,0,0.0,0.0,761,0,0,0.3357703747137086,0.4567085737945819,488,145.48539445593843,0.8120343740879348,544.0,520.740033331131,0.5545959984134765,592,bior,385.74074074074076,410.0,199.97417605530825,135,0.8534087184529663,0.7130285416801533,0.18870533457887761,4,445.0
db3,1,smooth,5.79573185358821e-27,322.4639402706763,9408034.157812363,0.5803571428571429,378.94739218306347,108,raw,3.8421940526286874e-14,-1.0801726180176339e-10,"[2, 5, 11, 17, 22, 25, 29, 38, 44, 52, 55, 60, 65, 74, 78, 84, 89, 95, 98, 101, 105]","[38.0, 367.99999999999983, 460.9999999999998, 192.99999999999994, 951.0, 153.99999999999977, 881.0, 243.0, 490.99999999999994, 186.0, 321.0, 943.0, 810.0, 205.0, 477.99999999999983, 276.0000000000001, 347.0, 78.99999999999989, 1008.0, 114.0, 893.0]",21,5.6077685085784665,100751.13341180197,0.8413231210966289,4.365923718251291e-06,1.0,0.4907407407407407,67631.0,0.12910941990473745,0.15147910127183992,188156.12126451553,82872438.25058056,8,12069.57955741813,0.027777777777777776,"[0.0, 0.009259259259259259, 0.018518518518518517, 0.027777777777777776, 0.037037037037037035, 0.046296296296296294, 0.05555555555555555, 0.06481481481481481, 0.07407407407407407, 0.08333333333333333, 0.09259259259259259, 0.10185185185185185, 0.1111111111111111, 0.12037037037037036, 0.12962962962962962, 0.1388888888888889, 0.14814814814814814, 0.15740740740740738, 0.16666666666666666, 0.17592592592592593, 0.18518518518518517, 0.19444444444444442, 0.2037037037037037, 0.21296296296296297, 0.2222222222222222, 0.23148148148148145, 0.24074074074074073]","[67631.0, 1786.634631637002, 1155.9831840869392, 12069.57955741813, 1906.5778542068429, 950.591432763601, 9083.877197385176, 2481.229636774485, 778.6316126029452, 8965.162396385991, 2042.6423114779166, 1606.71710215415, 6927.939836298324, 1790.9411989177936, 2115.064375989648, 4469.146453396725, 811.3124818658852, 852.4454942250587, 2613.5185095958273, 1125.8336361545928, 622.5282936168372, 1595.9028958466977, 1672.0836322356424, 807.7671822537574, 3024.6344394117596, 842.7313814743655, 842.8235732269205]",3.0,0.3,145.15,15,0.5,1721880.1384885085,0.14445541615564295,0.12412575453778009,16430975.452705398,84089526828.82368,"[0.046875, 0.03125]",2,1721880.1384885085,0.046875,"[0.0, 0.015625, 0.03125, 0.046875, 0.0625, 0.078125, 0.09375, 0.109375, 0.125, 0.140625, 0.15625, 0.171875, 0.1875, 0.203125, 0.21875, 0.234375]","[154749.38571156553, 876106.9067082779, 1710291.3768915324, 1721880.1384885085, 1236443.3975593026, 1200279.6938555269, 1385236.6101427814, 1437054.0474222805, 1048940.293646122, 664501.8455342904, 393060.2971508249, 165807.08106897434, 58528.066628532586, 51528.9563939076, 141871.95181127626, 339557.7347245398]",3.0,0.3,flattop,64,32,145.15,15,21,449.5238095238095,38.0,1008.0,"[2, 5, 11, 17, 22, 25, 29, 38, 44, 52, 55, 60, 65, 74, 78, 84, 89, 95, 98, 101, 105]","[38.0, 367.99999999999983, 460.9999999999998, 192.99999999999994, 951.0, 153.99999999999977, 881.0, 243.0, 490.99999999999994, 186.0, 321.0, 943.0, 810.0, 205.0, 477.99999999999983, 276.0000000000001, 347.0, 78.99999999999989, 1008.0, 114.0, 893.0]","[1, 1, 1, 15, 1, 24, 27, 35, 35, 49, 35, 35, 63, 73, 73, 73, 35, 92, 35, 99, 99]","[3, 8, 18, 18, 35, 27, 35, 39, 49, 53, 56, 73, 73, 75, 81, 85, 92, 97, 106, 102, 106]",0.05,30,52684909.0,1016.0,-1016.0,DWT,uc1.l0082987033,2.3283064365386963e-10,0.0,0.0,0.0,0.0,0.0,1.862645149230957e-09,0.0,1.0,84,0.0,0.0,1.0,84,,0.0,0.0,1.0,84,0.0,0.0,0.0,3.0517578125e-05,0.0,0.0,0.0,0.0,0.0,0.0,5.413658939124572e-14,0.0,0.0,0.0,0.0,0.0,0.0,0.0,0.0,0.0,0.0,2.3283064365386963e-10,0.0,1.3877787807814457e-17,0.0,0.0,0.0,2.7755575615628914e-17,0.9696979163578391,0.20947641577910772,0.02710631063022971,0.6902434158020756,0.03420074016679135,0.0,0.0,0.0,714,0.9898877754069189,0.5596797164905483,298,0,0,0.0,0.0,601,0,0,0.38614495974720864,0.5252271407043636,294,213.75589660482663,0.7238295909498365,476.75,407.2689783853913,0.5539367592992077,593,db,413.2962962962963,398.0,188.41229481502944,243,0.9143723369387087,0.671803462110104,0.15839832550987273,5,446.0
db6,1,symmetric,9.86663394644596e-27,320.15333295069235,9687048.801821556,0.559322033898305,462.0352056306855,108,raw,6.56429643152445e-14,-1.10596642954875e-10,"[2, 5, 11, 17, 22, 25, 29, 38, 44, 52, 55, 60, 65, 74, 78, 84, 89, 95, 98, 101, 105]","[37.99999999999997, 368.0000000000002, 460.99999999999994, 193.0, 950.9999999999999, 153.9999999999999, 880.9999999999998, 242.99999999999986, 491.0, 186.0, 320.9999999999999, 942.9999999999999, 810.0000000000003, 205.00000000000003, 477.99999999999966, 276.0, 347.0, 79.0, 1008.0, 114.00000000000011, 893.0]",21,5.740706231628919,105721.59371345247,0.7888953673541942,4.365923718251291e-06,1.0,0.4907407407407407,67631.0,0.12910941990473737,0.15147910127183992,188156.12126451556,82872438.25058056,8,12069.579557418134,0.027777777777777776,"[0.0, 0.009259259259259259, 0.018518518518518517, 0.027777777777777776, 0.037037037037037035, 0.046296296296296294, 0.05555555555555555, 0.06481481481481481, 0.07407407407407407, 0.08333333333333333, 0.09259259259259259, 0.10185185185185185, 0.1111111111111111, 0.12037037037037036, 0.12962962962962962, 0.1388888888888889, 0.14814814814814814, 0.15740740740740738, 0.16666666666666666, 0.17592592592592593, 0.18518518518518517, 0.19444444444444442, 0.2037037037037037, 0.21296296296296297, 0.2222222222222222, 0.23148148148148145, 0.24074074074074073]","[67631.0, 1786.634631637003, 1155.9831840869383, 12069.579557418134, 1906.5778542068447, 950.5914327636017, 9083.877197385176, 2481.229636774483, 778.6316126029456, 8965.162396385991, 2042.6423114779175, 1606.7171021541496, 6927.939836298323, 1790.9411989177936, 2115.0643759896484, 4469.146453396725, 811.3124818658858, 852.445494225056, 2613.518509595828, 1125.8336361545944, 622.5282936168372, 1595.9028958466965, 1672.0836322356422, 807.767182253757, 3024.6344394117596, 842.731381474366, 842.8235732269179]",3.0,0.3,145.15000000000003,15,0.5,1721880.1384885085,0.14445541615564295,0.1241257545377801,16430975.452705404,84089526828.82368,"[0.046875, 0.03125]",2,1721880.1384885085,0.046875,"[0.0, 0.015625, 0.03125, 0.046875, 0.0625, 0.078125, 0.09375, 0.109375, 0.125, 0.140625, 0.15625, 0.171875, 0.1875, 0.203125, 0.21875, 0.234375]","[154749.3857115656, 876106.9067082779, 1710291.3768915324, 1721880.1384885085, 1236443.3975593029, 1200279.693855527, 1385236.6101427816, 1437054.047422281, 1048940.2936461223, 664501.8455342909, 393060.29715082515, 165807.0810689745, 58528.06662853264, 51528.95639390756, 141871.95181127626, 339557.73472453986]",3.0,0.3,flattop,64,32,145.15000000000003,15,21,449.5238095238095,37.99999999999997,1008.0,"[2, 5, 11, 17, 22, 25, 29, 38, 44, 52, 55, 60, 65, 74, 78, 84, 89, 95, 98, 101, 105]","[37.99999999999997, 368.0000000000002, 460.99999999999994, 193.0, 950.9999999999999, 153.9999999999999, 880.9999999999998, 242.99999999999986, 491.0, 186.0, 320.9999999999999, 942.9999999999999, 810.0000000000003, 205.00000000000003, 477.99999999999966, 276.0, 347.0, 79.0, 1008.0, 114.00000000000011, 893.0]","[1, 1, 1, 15, 1, 24, 27, 35, 35, 49, 35, 35, 63, 73, 73, 73, 35, 92, 35, 99, 99]","[3, 8, 18, 18, 35, 27, 35, 39, 49, 53, 56, 73, 73, 75, 81, 85, 92, 97, 106, 102, 106]",0.05,30,52684909.0,1016.0,-1016.0,DWT,uc1.l0082987033,2.3283064365386963e-10,0.0,0.0,0.0,0.0,0.0,3.725290298461914e-09,0.0,1.0,84,0.0,3.637978807091713e-12,1.0,84,,0.0,0.0,1.0,84,0.0,0.0,0.0,3.0517578125e-05,0.0,0.0,0.0,0.0,0.0,0.0,9.338561669989885e-14,0.0,0.0,0.0,2.842170943040401e-14,0.0,0.0,0.0,2.842170943040401e-14,2.842170943040401e-14,8.326672684688674e-17,2.3283064365386963e-10,0.0,2.7755575615628914e-17,2.9103830456733704e-11,0.0,0.0,2.7755575615628914e-17,0.9459756689291898,0.3798152995563643,0.054171726146933226,0.45544929457437705,0.047655292059907345,0.0,0.0,0.0,732,0.9858207488628765,0.5573802313168946,307,0,0,0.0,0.0,580,0,0,0.3766134562533544,0.5122625682029692,332,204.2031259963144,0.7361716718393871,487.75,427.36707765337366,0.5530018565915282,594,db,413.2962962962963,398.0,188.41229481502944,243,0.9143723369387087,0.671803462110104,0.15839832550987273,5,446.75
db7,1,reflect,1.3302649095953612e-26,318.85564175989896,9993632.709822,0.5416666666666666,396.1453367234945,108,raw,8.151504163025591e-14,-1.074607069995188e-10,"[2, 5, 11, 17, 22, 25, 29, 38, 44, 52, 55, 60, 65, 74, 78, 84, 89, 95, 98, 101, 105]","[38.0, 368.0, 460.9999999999998, 193.0000000000001, 951.0, 153.9999999999999, 881.0000000000002, 242.99999999999991, 491.0000000000001, 186.0000000000001, 320.9999999999999, 943.0000000000002, 810.0, 205.00000000000006, 478.0, 276.0000000000001, 347.00000000000057, 78.99999999999989, 1008.0, 113.99999999999966, 893.0]",21,5.760197660490206,100832.75337420293,0.7647318670696182,4.365923718251291e-06,1.0,0.4907407407407407,67631.0,0.12910941990473743,0.15147910127183992,188156.12126451553,82872438.25058056,8,12069.57955741813,0.027777777777777776,"[0.0, 0.009259259259259259, 0.018518518518518517, 0.027777777777777776, 0.037037037037037035, 0.046296296296296294, 0.05555555555555555, 0.06481481481481481, 0.07407407407407407, 0.08333333333333333, 0.09259259259259259, 0.10185185185185185, 0.1111111111111111, 0.12037037037037036, 0.12962962962962962, 0.1388888888888889, 0.14814814814814814, 0.15740740740740738, 0.16666666666666666, 0.17592592592592593, 0.18518518518518517, 0.19444444444444442, 0.2037037037037037, 0.21296296296296297, 0.2222222222222222, 0.23148148148148145, 0.24074074074074073]","[67631.0, 1786.6346316370007, 1155.9831840869374, 12069.57955741813, 1906.5778542068433, 950.591432763603, 9083.877197385176, 2481.229636774484, 778.631612602948, 8965.162396385991, 2042.6423114779177, 1606.7171021541494, 6927.939836298322, 1790.941198917793, 2115.0643759896484, 4469.146453396725, 811.3124818658852, 852.4454942250577, 2613.518509595828, 1125.8336361545944, 622.5282936168376, 1595.9028958466968, 1672.0836322356433, 807.7671822537567, 3024.6344394117596, 842.7313814743646, 842.8235732269189]",3.0,0.3,145.15,15,0.5,1721880.138488508,0.14445541615564297,0.1241257545377801,16430975.4527054,84089526828.82364,"[0.046875, 0.03125]",2,1721880.138488508,0.046875,"[0.0, 0.015625, 0.03125, 0.046875, 0.0625, 0.078125, 0.09375, 0.109375, 0.125, 0.140625, 0.15625, 0.171875, 0.1875, 0.203125, 0.21875, 0.234375]","[154749.38571156558, 876106.9067082785, 1710291.376891533, 1721880.138488508, 1236443.397559302, 1200279.6938555264, 1385236.6101427812, 1437054.0474222805, 1048940.2936461219, 664501.8455342908, 393060.29715082503, 165807.0810689744, 58528.066628532615, 51528.956393907574, 141871.9518112763, 339557.73472454]",3.0,0.3,flattop,64,32,145.15,15,21,449.5238095238095,38.0,1008.0,"[2, 5, 11, 17, 22, 25, 29, 38, 44, 52, 55, 60, 65, 74, 78, 84, 89, 95, 98, 101, 105]","[38.0, 368.0, 460.9999999999998, 193.0000000000001, 951.0, 153.9999999999999, 881.0000000000002, 242.99999999999991, 491.0000000000001, 186.0000000000001, 320.9999999999999, 943.0000000000002, 810.0, 205.00000000000006, 478.0, 276.0000000000001, 347.00000000000057, 78.99999999999989, 1008.0, 113.99999999999966, 893.0]","[1, 1, 1, 15, 1, 24, 27, 35, 35, 49, 35, 35, 63, 73, 73, 73, 35, 92, 35, 99, 99]","[3, 8, 18, 18, 35, 27, 35, 39, 49, 53, 56, 73, 73, 75, 81, 85, 92, 97, 106, 102, 106]",0.05,30,52684909.0,1016.0,-1016.0,DWT,uc1.l0082987033,6.984919309616089e-10,0.0,0.0,0.0,0.0,0.0,0.0,0.0,1.0,84,0.0,0.0,1.0,84,,0.0,0.0,1.0,84,0.0,0.0,0.0,1.52587890625e-05,0.0,0.0,0.0,0.0,0.0,0.0,1.2045391139552182e-13,0.0,0.0,0.0,0.0,0.0,0.0,0.0,0.0,0.0,2.7755575615628914e-17,6.984919309616089e-10,0.0,2.7755575615628914e-17,0.0,0.0,0.0,5.551115123125783e-17,0.932652699142098,0.40479051471177524,0.08391145859084534,0.2583798882681563,0.03442167745488784,0.0,0.0,0.0,737,0.9210632324257867,0.5207665167720882,419,0,0,0.0,0.0,581,0,0,0.34283124763355255,0.46631264087082797,469,141.0,0.8178294573643411,551.5,526.5337809779411,0.5526485788113695,595,db,413.2962962962963,398.0,188.41229481502944,243,0.9143723369387087,0.671803462110104,0.15839832550987273,5,447.5
db27,1,reflect,3.5891184426757703e-26,314.5451452068054,12504696.123276228,0.5875,468.28039212378815,108,raw,1.320425250620853e-13,-1.0670275774060716e-10,"[2, 5, 11, 17, 22, 25, 29, 38, 44, 52, 55, 60, 65, 74, 78, 84, 89, 95, 98, 101, 105]","[38.00000000000006, 367.9999999999996, 460.99999999999966, 192.99999999999977, 951.0, 153.9999999999999, 880.9999999999998, 242.99999999999991, 491.00000000000034, 186.00000000000057, 320.9999999999998, 942.9999999999998, 810.0, 205.00000000000014, 478.00000000000045, 276.0000000000002, 346.9999999999998, 79.0, 1008.0, 113.99999999999955, 893.0000000000002]",21,6.188401400224519,97506.19960925108,0.7968842272063918,4.36592371825129e-06,0.9999999999999998,0.4907407407407407,67631.0,0.12910941990473743,0.15147910127183992,188156.12126451553,82872438.25058056,8,12069.57955741813,0.027777777777777776,"[0.0, 0.009259259259259259, 0.018518518518518517, 0.027777777777777776, 0.037037037037037035, 0.046296296296296294, 0.05555555555555555, 0.06481481481481481, 0.07407407407407407, 0.08333333333333333, 0.09259259259259259, 0.10185185185185185, 0.1111111111111111, 0.12037037037037036, 0.12962962962962962, 0.1388888888888889, 0.14814814814814814, 0.15740740740740738, 0.16666666666666666, 0.17592592592592593, 0.18518518518518517, 0.19444444444444442, 0.2037037037037037, 0.21296296296296297, 0.2222222222222222, 0.23148148148148145, 0.24074074074074073]","[67631.0, 1786.6346316370018, 1155.9831840869406, 12069.57955741813, 1906.577854206842, 950.5914327636024, 9083.877197385176, 2481.2296367744852, 778.6316126029462, 8965.16239638599, 2042.6423114779163, 1606.7171021541496, 6927.939836298325, 1790.9411989177945, 2115.0643759896484, 4469.146453396724, 811.3124818658869, 852.4454942250603, 2613.5185095958263, 1125.8336361545958, 622.5282936168387, 1595.902895846698, 1672.0836322356422, 807.7671822537576, 3024.634439411759, 842.7313814743661, 842.8235732269209]",3.0,0.3,145.15,15,0.5,1721880.1384885078,0.14445541615564297,0.12412575453778013,16430975.452705396,84089526828.82356,"[0.046875, 0.03125]",2,1721880.1384885078,0.046875,"[0.0, 0.015625, 0.03125, 0.046875, 0.0625, 0.078125, 0.09375, 0.109375, 0.125, 0.140625, 0.15625, 0.171875, 0.1875, 0.203125, 0.21875, 0.234375]","[154749.3857115655, 876106.9067082778, 1710291.376891532, 1721880.1384885078, 1236443.3975593015, 1200279.6938555255, 1385236.6101427805, 1437054.0474222796, 1048940.2936461216, 664501.8455342902, 393060.2971508247, 165807.08106897416, 58528.066628532506, 51528.95639390744, 141871.95181127617, 339557.7347245399]",3.0,0.3,flattop,64,32,145.15,15,21,449.5238095238095,38.00000000000006,1008.0,"[2, 5, 11, 17, 22, 25, 29, 38, 44, 52, 55, 60, 65, 74, 78, 84, 89, 95, 98, 101, 105]","[38.00000000000006, 367.9999999999996, 460.99999999999966, 192.99999999999977, 951.0, 153.9999999999999, 880.9999999999998, 242.99999999999991, 491.00000000000034, 186.00000000000057, 320.9999999999998, 942.9999999999998, 810.0, 205.00000000000014, 478.00000000000045, 276.0000000000002, 346.9999999999998, 79.0, 1008.0, 113.99999999999955, 893.0000000000002]","[1, 1, 1, 15, 1, 24, 27, 35, 35, 49, 35, 35, 63, 73, 73, 73, 35, 92, 35, 99, 99]","[3, 8, 18, 18, 35, 27, 35, 39, 49, 53, 56, 73, 73, 75, 81, 85, 92, 97, 106, 102, 106]",0.05,30,52684909.0,1016.0,-1016.0,DWT,uc1.l0082987033,9.313225746154785e-10,0.0,0.0,0.0,0.0,0.0,3.725290298461914e-09,0.0,1.0,84,0.0,0.0,1.0,84,,0.0,0.0,1.0,84,0.0,0.0,0.0,9.1552734375e-05,0.0,0.0,0.0,0.0,0.0,0.0,2.165463575649829e-13,0.0,0.0,0.0,0.0,0.0,0.0,0.0,0.0,5.684341886080802e-14,2.7755575615628914e-17,9.313225746154785e-10,0.0,5.551115123125783e-17,0.0,0.0,0.0,5.551115123125783e-17,0.8883982449609626,0.9534665818346315,0.3274935648823389,0.7699720670391064,0.025417020433299138,0.0,0.0,0.0,766,1.491674655324025,0.8433885829579983,26,0,0,0.0,0.0,491,0,0,0.5929494958300677,0.8065187966736674,31,364.1542713374832,0.5295164453004093,328.5,54.0089887464287,0.5525489203246232,596,db,413.2962962962963,398.0,188.41229481502944,243,0.9143723369387087,0.671803462110104,0.15839832550987273,5,448.25
bior2.4,1,periodic,1.0099055742780521e-26,320.05221541842,9913881.846572267,0.5517241379310345,336.7108174867544,108,raw,6.625153101022415e-14,-1.1645673314575398e-10,"[2, 5, 11, 17, 22, 25, 29, 38, 44, 52, 55, 60, 65, 74, 78, 84, 89, 95, 98, 101, 105]","[38.000000000000085, 368.0, 460.9999999999999, 193.0000000000001, 951.0, 154.0000000000001, 881.0000000000001, 242.99999999999997, 491.0, 186.0, 321.0, 943.0000000000001, 810.0, 205.00000000000006, 477.99999999999994, 276.0000000000001, 347.0000000000001, 79.00000000000011, 1008.0000000000001, 114.00000000000011, 893.0]",21,5.599055390073231,112559.98780937059,0.8510908877224653,4.36592371825129e-06,1.0,0.4907407407407407,67631.0,0.12910941990473743,0.15147910127183992,188156.12126451553,82872438.25058056,8,12069.579557418134,0.027777777777777776,"[0.0, 0.009259259259259259, 0.018518518518518517, 0.027777777777777776, 0.037037037037037035, 0.046296296296296294, 0.05555555555555555, 0.06481481481481481, 0.07407407407407407, 0.08333333333333333, 0.09259259259259259, 0.10185185185185185, 0.1111111111111111, 0.12037037037037036, 0.12962962962962962, 0.1388888888888889, 0.14814814814814814, 0.15740740740740738, 0.16666666666666666, 0.17592592592592593, 0.18518518518518517, 0.19444444444444442, 0.2037037037037037, 0.21296296296296297, 0.2222222222222222, 0.23148148148148145, 0.24074074074074073]","[67631.0, 1786.6346316370025, 1155.983184086941, 12069.579557418134, 1906.5778542068433, 950.5914327636004, 9083.877197385176, 2481.229636774484, 778.631612602946, 8965.162396385991, 2042.6423114779166, 1606.7171021541506, 6927.939836298322, 1790.941198917793, 2115.0643759896475, 4469.146453396725, 811.3124818658852, 852.4454942250568, 2613.518509595828, 1125.8336361545946, 622.5282936168377, 1595.9028958466972, 1672.083632235643, 807.767182253757, 3024.63443941176, 842.731381474365, 842.82357322692]",3.0,0.3,145.14999999999998,15,0.5,1721880.1384885088,0.14445541615564295,0.12412575453778009,16430975.452705404,84089526828.82368,"[0.046875, 0.03125]",2,1721880.1384885088,0.046875,"[0.0, 0.015625, 0.03125, 0.046875, 0.0625, 0.078125, 0.09375, 0.109375, 0.125, 0.140625, 0.15625, 0.171875, 0.1875, 0.203125, 0.21875, 0.234375]","[154749.38571156544, 876106.9067082778, 1710291.3768915324, 1721880.1384885088, 1236443.3975593022, 1200279.693855527, 1385236.6101427816, 1437054.047422281, 1048940.2936461223, 664501.8455342909, 393060.29715082527, 165807.08106897457, 58528.066628532644, 51528.95639390756, 141871.95181127623, 339557.73472454]",3.0,0.3,flattop,64,32,145.14999999999998,15,21,449.5238095238095,38.000000000000085,1008.0000000000001,"[2, 5, 11, 17, 22, 25, 29, 38, 44, 52, 55, 60, 65, 74, 78, 84, 89, 95, 98, 101, 105]","[38.000000000000085, 368.0, 460.9999999999999, 193.0000000000001, 951.0, 154.0000000000001, 881.0000000000001, 242.99999999999997, 491.0, 186.0, 321.0, 943.0000000000001, 810.0, 205.00000000000006, 477.99999999999994, 276.0000000000001, 347.0000000000001, 79.00000000000011, 1008.0000000000001, 114.00000000000011, 893.0]","[1, 1, 1, 15, 1, 24, 27, 35, 35, 49, 35, 35, 63, 73, 73, 73, 35, 92, 35, 99, 99]","[3, 8, 18, 18, 35, 27, 35, 39, 49, 53, 56, 73, 73, 75, 81, 85, 92, 97, 106, 102, 106]",0.05,30,52684909.0,1016.0000000000001,-1016.0000000000001,DWT,uc1.l0082987033,0.0,0.0,0.0,0.0,0.0,1.1368683772161603e-13,3.725290298461914e-09,1.1368683772161603e-13,1.0,84,0.0,3.637978807091713e-12,1.0,84,,0.0,0.0,1.0,84,0.0,0.0,0.0,3.0517578125e-05,0.0,0.0,0.0,0.0,0.0,0.0,6.49639072694949e-14,0.0,1.1368683772161603e-13,0.0,2.842170943040401e-14,0.0,0.0,0.0,2.842170943040401e-14,8.526512829121202e-14,2.7755575615628914e-17,0.0,0.0,1.3877787807814457e-17,0.0,0.0,0.0,2.7755575615628914e-17,0.9449375283939321,0.1983119182509122,0.07617534044072172,0.3706414948950107,0.06616615878960563,0.0,0.0,0.0,464,0.8789292078560227,0.4969440598111286,478,0,0,0.0,0.0,760,0,0,0.3312464881540365,0.4505552680407972,514,138.93883546366726,0.8204924606412568,554.0,532.7269204413141,0.552365093369724,597,bior,385.74074074074076,410.0,199.97417605530825,135,0.8534087184529663,0.7130285416801533,0.18870533457887761,4,448.75
db7,1,symmetric,1.4035997567103517e-26,318.62259026916036,9829309.737629015,0.5583333333333333,423.23701635394144,108,raw,8.39822039072007e-14,-1.0755618617963656e-10,"[2, 5, 11, 17, 22, 25, 29, 38, 44, 52, 55, 60, 65, 74, 78, 84, 89, 95, 98, 101, 105]","[37.99999999999994, 367.9999999999999, 460.9999999999998, 193.0000000000001, 951.0, 153.9999999999999, 881.0000000000002, 242.99999999999991, 491.0000000000001, 186.0000000000001, 320.9999999999999, 943.0000000000002, 810.0, 205.00000000000006, 478.0, 276.0000000000001, 347.00000000000057, 78.99999999999977, 1008.0, 113.99999999999966, 893.0000000000001]",21,5.754170466236336,105826.68910902899,0.7915951365811581,4.365923718251291e-06,1.0,0.4907407407407407,67631.0,0.12910941990473745,0.15147910127183992,188156.12126451553,82872438.25058056,8,12069.579557418134,0.027777777777777776,"[0.0, 0.009259259259259259, 0.018518518518518517, 0.027777777777777776, 0.037037037037037035, 0.046296296296296294, 0.05555555555555555, 0.06481481481481481, 0.07407407407407407, 0.08333333333333333, 0.09259259259259259, 0.10185185185185185, 0.1111111111111111, 0.12037037037037036, 0.12962962962962962, 0.1388888888888889, 0.14814814814814814, 0.15740740740740738, 0.16666666666666666, 0.17592592592592593, 0.18518518518518517, 0.19444444444444442, 0.2037037037037037, 0.21296296296296297, 0.2222222222222222, 0.23148148148148145, 0.24074074074074073]","[67631.0, 1786.6346316370007, 1155.9831840869379, 12069.579557418134, 1906.5778542068438, 950.5914327636029, 9083.877197385176, 2481.2296367744834, 778.6316126029478, 8965.162396385991, 2042.6423114779168, 1606.7171021541483, 6927.939836298321, 1790.941198917794, 2115.0643759896493, 4469.146453396727, 811.312481865885, 852.4454942250587, 2613.518509595828, 1125.833636154594, 622.5282936168372, 1595.9028958466968, 1672.0836322356433, 807.7671822537566, 3024.6344394117586, 842.7313814743653, 842.8235732269195]",3.0,0.3,145.15000000000006,15,0.5,1721880.138488508,0.14445541615564297,0.1241257545377801,16430975.4527054,84089526828.82364,"[0.046875, 0.03125]",2,1721880.138488508,0.046875,"[0.0, 0.015625, 0.03125, 0.046875, 0.0625, 0.078125, 0.09375, 0.109375, 0.125, 0.140625, 0.15625, 0.171875, 0.1875, 0.203125, 0.21875, 0.234375]","[154749.38571156558, 876106.9067082785, 1710291.376891533, 1721880.138488508, 1236443.397559302, 1200279.6938555264, 1385236.6101427812, 1437054.0474222805, 1048940.2936461219, 664501.8455342908, 393060.29715082503, 165807.0810689744, 58528.066628532615, 51528.956393907574, 141871.9518112763, 339557.73472454]",3.0,0.3,flattop,64,32,145.15000000000006,15,21,449.5238095238095,37.99999999999994,1008.0,"[2, 5, 11, 17, 22, 25, 29, 38, 44, 52, 55, 60, 65, 74, 78, 84, 89, 95, 98, 101, 105]","[37.99999999999994, 367.9999999999999, 460.9999999999998, 193.0000000000001, 951.0, 153.9999999999999, 881.0000000000002, 242.99999999999991, 491.0000000000001, 186.0000000000001, 320.9999999999999, 943.0000000000002, 810.0, 205.00000000000006, 478.0, 276.0000000000001, 347.00000000000057, 78.99999999999977, 1008.0, 113.99999999999966, 893.0000000000001]","[1, 1, 1, 15, 1, 24, 27, 35, 35, 49, 35, 35, 63, 73, 73, 73, 35, 92, 35, 99, 99]","[3, 8, 18, 18, 35, 27, 35, 39, 49, 53, 56, 73, 73, 75, 81, 85, 92, 97, 106, 102, 106]",0.05,30,52684909.0,1016.0,-1016.0,DWT,uc1.l0082987033,6.984919309616089e-10,0.0,0.0,0.0,0.0,0.0,0.0,0.0,1.0,84,0.0,3.637978807091713e-12,1.0,84,,0.0,0.0,1.0,84,0.0,0.0,0.0,1.52587890625e-05,0.0,0.0,0.0,0.0,0.0,0.0,1.394017176824578e-13,0.0,0.0,0.0,5.684341886080802e-14,0.0,0.0,0.0,5.684341886080802e-14,5.684341886080802e-14,0.0,6.984919309616089e-10,0.0,2.7755575615628914e-17,0.0,0.0,0.0,5.551115123125783e-17,0.9302600359322563,0.3970676086926664,0.06797154426435467,0.4444134078212294,0.047939775059005485,0.0,0.0,0.0,747,0.9876168711899582,0.5583957537425456,303,0,0,0.0,0.0,557,0,0,0.3775304743539025,0.5135098790450953,327,209.68786326347075,0.729085447980012,483.5,421.38733596211296,0.5522042226980164,598,db,413.2962962962963,398.0,188.41229481502944,243,0.9143723369387087,0.671803462110104,0.15839832550987273,5,449.75
db26,1,antireflect,2.835785495260268e-26,315.5682893437057,11630557.241460083,0.5569620253164557,442.3713655293368,108,raw,1.234239048412915e-13,-1.1470724370354968e-10,"[2, 5, 11, 17, 22, 25, 29, 38, 44, 52, 55, 60, 65, 74, 78, 84, 89, 95, 98, 101, 105]","[38.0, 367.9999999999999, 461.0000000000002, 193.0000000000001, 951.0000000000001, 153.9999999999999, 881.0, 243.0000000000001, 490.9999999999998, 186.00000000000045, 320.9999999999999, 942.9999999999999, 809.9999999999995, 205.0, 477.99999999999966, 275.9999999999998, 347.0000000000001, 78.99999999999989, 1008.0, 113.99999999999977, 892.9999999999997]",21,6.151165580013132,382861.402421138,0.94613029131697,4.3659237182512925e-06,0.9999999999999998,0.4907407407407407,67631.0,0.1291094199047374,0.15147910127183992,188156.1212645155,82872438.25058056,8,12069.579557418134,0.027777777777777776,"[0.0, 0.009259259259259259, 0.018518518518518517, 0.027777777777777776, 0.037037037037037035, 0.046296296296296294, 0.05555555555555555, 0.06481481481481481, 0.07407407407407407, 0.08333333333333333, 0.09259259259259259, 0.10185185185185185, 0.1111111111111111, 0.12037037037037036, 0.12962962962962962, 0.1388888888888889, 0.14814814814814814, 0.15740740740740738, 0.16666666666666666, 0.17592592592592593, 0.18518518518518517, 0.19444444444444442, 0.2037037037037037, 0.21296296296296297, 0.2222222222222222, 0.23148148148148145, 0.24074074074074073]","[67631.0, 1786.6346316370013, 1155.9831840869376, 12069.579557418134, 1906.5778542068435, 950.5914327636001, 9083.877197385174, 2481.2296367744843, 778.6316126029432, 8965.162396385993, 2042.642311477918, 1606.7171021541485, 6927.939836298324, 1790.9411989177938, 2115.0643759896475, 4469.146453396726, 811.3124818658852, 852.445494225056, 2613.5185095958286, 1125.833636154595, 622.5282936168379, 1595.9028958466984, 1672.0836322356413, 807.7671822537574, 3024.6344394117586, 842.7313814743648, 842.8235732269197]",3.0,0.3,145.14999999999995,15,0.5,1721880.1384885088,0.14445541615564295,0.12412575453778009,16430975.452705402,84089526828.82372,"[0.046875, 0.03125]",2,1721880.1384885088,0.046875,"[0.0, 0.015625, 0.03125, 0.046875, 0.0625, 0.078125, 0.09375, 0.109375, 0.125, 0.140625, 0.15625, 0.171875, 0.1875, 0.203125, 0.21875, 0.234375]","[154749.38571156538, 876106.9067082778, 1710291.3768915324, 1721880.1384885088, 1236443.3975593029, 1200279.6938555273, 1385236.6101427819, 1437054.0474222812, 1048940.2936461226, 664501.845534291, 393060.29715082556, 165807.08106897474, 58528.06662853269, 51528.956393907385, 141871.95181127597, 339557.73472453956]",3.0,0.3,flattop,64,32,145.14999999999995,15,21,449.5238095238095,38.0,1008.0,"[2, 5, 11, 17, 22, 25, 29, 38, 44, 52, 55, 60, 65, 74, 78, 84, 89, 95, 98, 101, 105]","[38.0, 367.9999999999999, 461.0000000000002, 193.0000000000001, 951.0000000000001, 153.9999999999999, 881.0, 243.0000000000001, 490.9999999999998, 186.00000000000045, 320.9999999999999, 942.9999999999999, 809.9999999999995, 205.0, 477.99999999999966, 275.9999999999998, 347.0000000000001, 78.99999999999989, 1008.0, 113.99999999999977, 892.9999999999997]","[1, 1, 1, 15, 1, 24, 27, 35, 35, 49, 35, 35, 63, 73, 73, 73, 35, 92, 35, 99, 99]","[3, 8, 18, 18, 35, 27, 35, 39, 49, 53, 56, 73, 73, 75, 81, 85, 92, 97, 106, 102, 106]",0.05,30,52684909.0,1015.9999999999999,-1015.9999999999999,DWT,uc1.l0082987033,0.0,0.0,0.0,0.0,0.0,0.0,1.862645149230957e-09,1.1368683772161603e-13,1.0,84,0.0,3.637978807091713e-12,1.0,84,,0.0,0.0,1.0,84,0.0,0.0,0.0,6.103515625e-05,0.0,0.0,0.0,0.0,0.0,0.0,1.6782342711286172e-13,0.0,1.1368683772161603e-13,0.0,5.684341886080802e-14,0.0,0.0,0.0,5.684341886080802e-14,0.0,5.551115123125783e-17,0.0,0.0,1.3877787807814457e-17,2.9103830456733704e-11,0.0,0.0,2.7755575615628914e-17,0.8989025302026843,0.9057547066362648,0.24269897591129908,0.42910685241496344,0.7978457596646089,0.0,0.0,0.0,773,1.6043494042272213,0.9070945636646107,15,0,0,0.0,0.0,483,0,0,0.6548617649659642,0.8907307053673713,16,372.9194506413773,0.5181919242359466,321.75,30.181681399855453,0.551247124908671,599,db,413.2962962962963,398.0,188.41229481502944,243,0.9143723369387087,0.671803462110104,0.15839832550987273,5,450.5
db27,1,periodic,3.441256691966789e-26,314.7278524223825,12558287.475652108,0.5875,470.05528094463705,108,raw,1.3974007136615307e-13,-1.0541545414355433e-10,"[2, 5, 11, 17, 22, 25, 29, 38, 44, 52, 55, 60, 65, 74, 78, 84, 89, 95, 98, 101, 105]","[37.9999999999998, 368.00000000000017, 460.9999999999998, 193.0000000000001, 950.9999999999998, 154.00000000000034, 880.9999999999998, 242.99999999999991, 491.00000000000017, 186.00000000000057, 320.9999999999998, 942.9999999999999, 810.0, 204.99999999999997, 478.00000000000034, 276.00000000000034, 347.0000000000001, 78.99999999999955, 1008.0000000000001, 113.99999999999989, 893.0000000000002]",21,6.164357739750562,101209.01679820586,0.8038743052471575,4.365923718251291e-06,0.9999999999999998,0.4907407407407407,67631.0,0.1291094199047374,0.15147910127183992,188156.12126451556,82872438.25058056,8,12069.579557418134,0.027777777777777776,"[0.0, 0.009259259259259259, 0.018518518518518517, 0.027777777777777776, 0.037037037037037035, 0.046296296296296294, 0.05555555555555555, 0.06481481481481481, 0.07407407407407407, 0.08333333333333333, 0.09259259259259259, 0.10185185185185185, 0.1111111111111111, 0.12037037037037036, 0.12962962962962962, 0.1388888888888889, 0.14814814814814814, 0.15740740740740738, 0.16666666666666666, 0.17592592592592593, 0.18518518518518517, 0.19444444444444442, 0.2037037037037037, 0.21296296296296297, 0.2222222222222222, 0.23148148148148145, 0.24074074074074073]","[67631.0, 1786.6346316370011, 1155.9831840869408, 12069.579557418134, 1906.5778542068442, 950.5914327636021, 9083.877197385176, 2481.2296367744816, 778.6316126029454, 8965.16239638599, 2042.6423114779166, 1606.7171021541496, 6927.939836298322, 1790.941198917793, 2115.064375989651, 4469.1464533967255, 811.3124818658864, 852.44549422506, 2613.5185095958286, 1125.8336361545967, 622.5282936168385, 1595.9028958466997, 1672.0836322356417, 807.7671822537577, 3024.63443941176, 842.731381474365, 842.8235732269217]",3.0,0.3,145.15,15,0.5,1721880.1384885076,0.14445541615564297,0.12412575453778012,16430975.452705396,84089526828.8236,"[0.046875, 0.03125]",2,1721880.1384885076,0.046875,"[0.0, 0.015625, 0.03125, 0.046875, 0.0625, 0.078125, 0.09375, 0.109375, 0.125, 0.140625, 0.15625, 0.171875, 0.1875, 0.203125, 0.21875, 0.234375]","[154749.3857115655, 876106.9067082779, 1710291.376891532, 1721880.1384885076, 1236443.397559302, 1200279.6938555266, 1385236.6101427812, 1437054.04742228, 1048940.293646122, 664501.8455342904, 393060.2971508249, 165807.0810689744, 58528.06662853251, 51528.956393907385, 141871.95181127603, 339557.7347245398]",3.0,0.3,flattop,64,32,145.15,15,21,449.5238095238095,37.9999999999998,1008.0000000000001,"[2, 5, 11, 17, 22, 25, 29, 38, 44, 52, 55, 60, 65, 74, 78, 84, 89, 95, 98, 101, 105]","[37.9999999999998, 368.00000000000017, 460.9999999999998, 193.0000000000001, 950.9999999999998, 154.00000000000034, 880.9999999999998, 242.99999999999991, 491.00000000000017, 186.00000000000057, 320.9999999999998, 942.9999999999999, 810.0, 204.99999999999997, 478.00000000000034, 276.00000000000034, 347.0000000000001, 78.99999999999955, 1008.0000000000001, 113.99999999999989, 893.0000000000002]","[1, 1, 1, 15, 1, 24, 27, 35, 35, 49, 35, 35, 63, 73, 73, 73, 35, 92, 35, 99, 99]","[3, 8, 18, 18, 35, 27, 35, 39, 49, 53, 56, 73, 73, 75, 81, 85, 92, 97, 106, 102, 106]",0.05,30,52684909.0,1016.0,-1016.0,DWT,uc1.l0082987033,1.1641532182693481e-09,0.0,0.0,0.0,0.0,1.1368683772161603e-13,3.725290298461914e-09,0.0,1.0,84,0.0,3.637978807091713e-12,1.0,84,,0.0,0.0,1.0,84,0.0,0.0,0.0,6.103515625e-05,0.0,0.0,0.0,0.0,0.0,0.0,2.0977928389107718e-13,0.0,0.0,0.0,0.0,0.0,0.0,0.0,0.0,1.9895196601282805e-13,5.551115123125783e-17,1.1641532182693481e-09,0.0,4.163336342344337e-17,2.9103830456733704e-11,0.0,0.0,5.551115123125783e-17,0.8902740400116553,0.9226583944136775,0.33269211718523334,0.7699720670391064,0.03544018589404545,0.0,0.0,0.0,769,1.4840045809797093,0.8390519448651363,27,0,0,0.0,0.0,492,0,0,0.5902073609087437,0.8027889961213166,32,364.9557050748305,0.5284810011953094,330.0,55.85036209580406,0.5510622060240113,600,db,413.2962962962963,398.0,188.41229481502944,243,0.9143723369387087,0.671803462110104,0.15839832550987273,5,451.25
db24,1,reflect,2.827090495060498e-26,315.58162600719936,12117405.54042834,0.5584415584415584,419.75475562167867,108,raw,1.211870110435283e-13,-1.0991274557170593e-10,"[2, 5, 11, 17, 22, 25, 29, 38, 44, 52, 55, 60, 65, 74, 78, 84, 89, 95, 98, 101, 105]","[38.00000000000003, 367.9999999999991, 461.0000000000002, 193.00000000000017, 951.0000000000001, 154.00000000000034, 880.9999999999995, 243.00000000000017, 490.99999999999983, 185.99999999999966, 321.00000000000045, 943.0000000000001, 810.0, 204.99999999999994, 478.0, 275.99999999999966, 346.9999999999998, 79.00000000000011, 1007.9999999999998, 114.0, 892.9999999999998]",21,6.056829619798185,99510.65222801271,0.8252549858961139,4.3659237182512925e-06,1.0,0.4907407407407407,67631.0,0.1291094199047374,0.15147910127183992,188156.12126451553,82872438.25058056,8,12069.57955741813,0.027777777777777776,"[0.0, 0.009259259259259259, 0.018518518518518517, 0.027777777777777776, 0.037037037037037035, 0.046296296296296294, 0.05555555555555555, 0.06481481481481481, 0.07407407407407407, 0.08333333333333333, 0.09259259259259259, 0.10185185185185185, 0.1111111111111111, 0.12037037037037036, 0.12962962962962962, 0.1388888888888889, 0.14814814814814814, 0.15740740740740738, 0.16666666666666666, 0.17592592592592593, 0.18518518518518517, 0.19444444444444442, 0.2037037037037037, 0.21296296296296297, 0.2222222222222222, 0.23148148148148145, 0.24074074074074073]","[67631.0, 1786.6346316370007, 1155.9831840869394, 12069.57955741813, 1906.577854206845, 950.5914327636002, 9083.877197385176, 2481.2296367744843, 778.6316126029459, 8965.162396385993, 2042.642311477919, 1606.7171021541478, 6927.939836298323, 1790.9411989177938, 2115.064375989647, 4469.146453396726, 811.3124818658847, 852.4454942250583, 2613.518509595828, 1125.8336361545923, 622.5282936168379, 1595.9028958466986, 1672.08363223564, 807.767182253759, 3024.6344394117596, 842.7313814743655, 842.823573226921]",3.0,0.3,145.14999999999998,15,0.5,1721880.1384885083,0.14445541615564295,0.12412575453778009,16430975.4527054,84089526828.82368,"[0.046875, 0.03125]",2,1721880.1384885083,0.046875,"[0.0, 0.015625, 0.03125, 0.046875, 0.0625, 0.078125, 0.09375, 0.109375, 0.125, 0.140625, 0.15625, 0.171875, 0.1875, 0.203125, 0.21875, 0.234375]","[154749.38571156535, 876106.9067082775, 1710291.376891532, 1721880.1384885083, 1236443.3975593024, 1200279.693855527, 1385236.6101427819, 1437054.0474222812, 1048940.2936461228, 664501.8455342911, 393060.29715082544, 165807.0810689747, 58528.06662853266, 51528.95639390754, 141871.95181127623, 339557.7347245398]",3.0,0.3,flattop,64,32,145.14999999999998,15,21,449.5238095238095,38.00000000000003,1007.9999999999998,"[2, 5, 11, 17, 22, 25, 29, 38, 44, 52, 55, 60, 65, 74, 78, 84, 89, 95, 98, 101, 105]","[38.00000000000003, 367.9999999999991, 461.0000000000002, 193.00000000000017, 951.0000000000001, 154.00000000000034, 880.9999999999995, 243.00000000000017, 490.99999999999983, 185.99999999999966, 321.00000000000045, 943.0000000000001, 810.0, 204.99999999999994, 478.0, 275.99999999999966, 346.9999999999998, 79.00000000000011, 1007.9999999999998, 114.0, 892.9999999999998]","[1, 1, 1, 15, 1, 24, 27, 35, 35, 49, 35, 35, 63, 73, 73, 73, 35, 92, 35, 99, 99]","[3, 8, 18, 18, 35, 27, 35, 39, 49, 53, 56, 73, 73, 75, 81, 85, 92, 97, 106, 102, 106]",0.05,30,52684909.0,1016.0,-1016.0,DWT,uc1.l0082987033,4.656612873077393e-10,0.0,0.0,0.0,0.0,2.2737367544323206e-13,0.0,0.0,1.0,84,0.0,0.0,1.0,84,,0.0,0.0,1.0,84,0.0,0.0,0.0,3.0517578125e-05,0.0,0.0,0.0,0.0,0.0,0.0,2.2331343123888864e-13,0.0,0.0,0.0,2.842170943040401e-14,0.0,0.0,0.0,2.842170943040401e-14,2.842170943040401e-14,5.551115123125783e-17,4.656612873077393e-10,0.0,1.3877787807814457e-17,0.0,0.0,0.0,2.7755575615628914e-17,0.89903945335208,0.7848779397236005,0.2899249971546214,0.44562141768845653,0.0308428784302869,0.0,0.0,0.0,743,1.267410858897856,0.7165904739993382,85,0,0,0.0,0.0,541,0,0,0.49006133726980916,0.6665722507746374,93,329.7691111469761,0.5739417168643719,365.5,155.57109073729936,0.5508597473210748,601,db,413.2962962962963,398.0,188.41229481502944,243,0.9143723369387087,0.671803462110104,0.15839832550987273,5,452.0
db18,1,constant,2.4170698135971802e-26,316.26213116619556,9418531.807386784,0.5563380281690141,201.66188584647443,108,raw,1.128315547989419e-13,-1.076179145798057e-10,"[2, 5, 11, 17, 22, 25, 29, 38, 44, 52, 55, 60, 65, 74, 78, 84, 89, 95, 98, 101, 105]","[38.0, 368.0, 461.0, 193.00000000000023, 951.0, 154.0, 881.0000000000002, 243.0000000000001, 490.9999999999999, 186.0, 320.9999999999998, 942.9999999999997, 810.0, 205.00000000000017, 478.0000000000001, 275.9999999999998, 347.0, 79.00000000000034, 1008.0000000000001, 113.99999999999966, 893.0000000000005]",21,5.600762823722284,134576.67693492607,0.9011893131119969,4.36592371825129e-06,1.0,0.4907407407407407,67631.0,0.12910941990473737,0.15147910127183992,188156.12126451556,82872438.25058056,8,12069.579557418134,0.027777777777777776,"[0.0, 0.009259259259259259, 0.018518518518518517, 0.027777777777777776, 0.037037037037037035, 0.046296296296296294, 0.05555555555555555, 0.06481481481481481, 0.07407407407407407, 0.08333333333333333, 0.09259259259259259, 0.10185185185185185, 0.1111111111111111, 0.12037037037037036, 0.12962962962962962, 0.1388888888888889, 0.14814814814814814, 0.15740740740740738, 0.16666666666666666, 0.17592592592592593, 0.18518518518518517, 0.19444444444444442, 0.2037037037037037, 0.21296296296296297, 0.2222222222222222, 0.23148148148148145, 0.24074074074074073]","[67631.0, 1786.6346316369995, 1155.983184086938, 12069.579557418134, 1906.5778542068429, 950.591432763604, 9083.877197385176, 2481.2296367744834, 778.6316126029462, 8965.162396385991, 2042.6423114779159, 1606.7171021541474, 6927.939836298325, 1790.9411989177925, 2115.0643759896484, 4469.146453396725, 811.3124818658869, 852.445494225056, 2613.518509595828, 1125.8336361545937, 622.5282936168387, 1595.9028958466963, 1672.0836322356415, 807.7671822537552, 3024.63443941176, 842.7313814743643, 842.8235732269211]",3.0,0.3,145.15,15,0.5,1721880.1384885083,0.14445541615564295,0.12412575453778008,16430975.452705404,84089526828.82368,"[0.046875, 0.03125]",2,1721880.1384885083,0.046875,"[0.0, 0.015625, 0.03125, 0.046875, 0.0625, 0.078125, 0.09375, 0.109375, 0.125, 0.140625, 0.15625, 0.171875, 0.1875, 0.203125, 0.21875, 0.234375]","[154749.38571156553, 876106.9067082778, 1710291.3768915322, 1721880.1384885083, 1236443.3975593024, 1200279.6938555266, 1385236.610142782, 1437054.0474222815, 1048940.2936461228, 664501.845534291, 393060.29715082503, 165807.08106897445, 58528.06662853242, 51528.95639390735, 141871.95181127614, 339557.73472453986]",3.0,0.3,flattop,64,32,145.15,15,21,449.5238095238095,38.0,1008.0000000000001,"[2, 5, 11, 17, 22, 25, 29, 38, 44, 52, 55, 60, 65, 74, 78, 84, 89, 95, 98, 101, 105]","[38.0, 368.0, 461.0, 193.00000000000023, 951.0, 154.0, 881.0000000000002, 243.0000000000001, 490.9999999999999, 186.0, 320.9999999999998, 942.9999999999997, 810.0, 205.00000000000017, 478.0000000000001, 275.9999999999998, 347.0, 79.00000000000034, 1008.0000000000001, 113.99999999999966, 893.0000000000005]","[1, 1, 1, 15, 1, 24, 27, 35, 35, 49, 35, 35, 63, 73, 73, 73, 35, 92, 35, 99, 99]","[3, 8, 18, 18, 35, 27, 35, 39, 49, 53, 56, 73, 73, 75, 81, 85, 92, 97, 106, 102, 106]",0.05,30,52684909.0,1016.0000000000001,-1016.0000000000001,DWT,uc1.l0082987033,4.656612873077393e-10,0.0,0.0,0.0,0.0,1.1368683772161603e-13,3.725290298461914e-09,1.1368683772161603e-13,1.0,84,0.0,3.637978807091713e-12,1.0,84,,0.0,0.0,1.0,84,0.0,0.0,0.0,3.0517578125e-05,0.0,0.0,0.0,0.0,0.0,0.0,1.434619618868012e-13,0.0,1.1368683772161603e-13,0.0,0.0,0.0,0.0,0.0,0.0,0.0,8.326672684688674e-17,4.656612873077393e-10,0.0,0.0,2.9103830456733704e-11,0.0,0.0,2.7755575615628914e-17,0.9060259766001291,0.20049972721310516,0.028124620076636752,0.4221417892831857,0.12576319173563358,0.0,0.0,0.0,545,0.8770897520124762,0.4959040367392306,483,0,0,0.0,0.0,755,0,0,0.3365110609817381,0.45771604138129035,486,128.38061899419762,0.8341335671909591,567.25,548.8947000702926,0.5506262151200274,602,db,413.2962962962963,398.0,188.41229481502944,243,0.9143723369387087,0.671803462110104,0.15839832550987273,5,452.75
db3,1,reflect,5.9429858892294655e-27,322.3549761209274,9427435.967968907,0.5714285714285714,383.34920160826687,108,raw,3.980355140137595e-14,-1.0782796877606479e-10,"[2, 5, 11, 17, 22, 25, 29, 38, 44, 52, 55, 60, 65, 74, 78, 84, 89, 95, 98, 101, 105]","[37.99999999999997, 367.99999999999983, 460.9999999999998, 192.99999999999994, 951.0, 153.99999999999977, 881.0, 243.0, 490.99999999999994, 186.0, 321.0, 943.0, 810.0, 205.0, 477.99999999999983, 276.0000000000001, 347.0, 78.99999999999989, 1008.0, 114.0, 892.9999999999999]",21,5.61936523143411,103222.49053943422,0.841423714322978,4.365923718251291e-06,1.0,0.4907407407407407,67631.0,0.12910941990473743,0.15147910127183992,188156.12126451553,82872438.25058056,8,12069.57955741813,0.027777777777777776,"[0.0, 0.009259259259259259, 0.018518518518518517, 0.027777777777777776, 0.037037037037037035, 0.046296296296296294, 0.05555555555555555, 0.06481481481481481, 0.07407407407407407, 0.08333333333333333, 0.09259259259259259, 0.10185185185185185, 0.1111111111111111, 0.12037037037037036, 0.12962962962962962, 0.1388888888888889, 0.14814814814814814, 0.15740740740740738, 0.16666666666666666, 0.17592592592592593, 0.18518518518518517, 0.19444444444444442, 0.2037037037037037, 0.21296296296296297, 0.2222222222222222, 0.23148148148148145, 0.24074074074074073]","[67631.0, 1786.634631637002, 1155.983184086939, 12069.57955741813, 1906.5778542068429, 950.591432763601, 9083.877197385176, 2481.229636774485, 778.6316126029452, 8965.162396385991, 2042.642311477916, 1606.7171021541499, 6927.939836298324, 1790.9411989177936, 2115.064375989648, 4469.146453396725, 811.312481865885, 852.4454942250586, 2613.5185095958273, 1125.8336361545926, 622.5282936168371, 1595.9028958466977, 1672.0836322356424, 807.7671822537573, 3024.6344394117596, 842.7313814743657, 842.8235732269203]",3.0,0.3,145.15,15,0.5,1721880.1384885085,0.14445541615564295,0.12412575453778009,16430975.452705398,84089526828.82368,"[0.046875, 0.03125]",2,1721880.1384885085,0.046875,"[0.0, 0.015625, 0.03125, 0.046875, 0.0625, 0.078125, 0.09375, 0.109375, 0.125, 0.140625, 0.15625, 0.171875, 0.1875, 0.203125, 0.21875, 0.234375]","[154749.38571156553, 876106.9067082779, 1710291.3768915324, 1721880.1384885085, 1236443.3975593026, 1200279.6938555269, 1385236.6101427814, 1437054.0474222805, 1048940.293646122, 664501.8455342904, 393060.2971508249, 165807.08106897434, 58528.066628532586, 51528.9563939076, 141871.95181127626, 339557.7347245398]",3.0,0.3,flattop,64,32,145.15,15,21,449.5238095238095,37.99999999999997,1008.0,"[2, 5, 11, 17, 22, 25, 29, 38, 44, 52, 55, 60, 65, 74, 78, 84, 89, 95, 98, 101, 105]","[37.99999999999997, 367.99999999999983, 460.9999999999998, 192.99999999999994, 951.0, 153.99999999999977, 881.0, 243.0, 490.99999999999994, 186.0, 321.0, 943.0, 810.0, 205.0, 477.99999999999983, 276.0000000000001, 347.0, 78.99999999999989, 1008.0, 114.0, 892.9999999999999]","[1, 1, 1, 15, 1, 24, 27, 35, 35, 49, 35, 35, 63, 73, 73, 73, 35, 92, 35, 99, 99]","[3, 8, 18, 18, 35, 27, 35, 39, 49, 53, 56, 73, 73, 75, 81, 85, 92, 97, 106, 102, 106]",0.05,30,52684909.0,1016.0,-1016.0,DWT,uc1.l0082987033,2.3283064365386963e-10,0.0,0.0,0.0,0.0,0.0,1.862645149230957e-09,0.0,1.0,84,0.0,0.0,1.0,84,,0.0,0.0,1.0,84,0.0,0.0,0.0,3.0517578125e-05,0.0,0.0,0.0,0.0,0.0,0.0,6.090366306515143e-14,0.0,0.0,0.0,0.0,0.0,0.0,0.0,0.0,2.842170943040401e-14,2.7755575615628914e-17,2.3283064365386963e-10,0.0,1.3877787807814457e-17,0.0,0.0,0.0,2.7755575615628914e-17,0.9685792171747977,0.22433580092108776,0.028988355407943162,0.5905826017557858,0.0408904631908559,0.0,0.0,0.0,686,0.9603988344480507,0.5430067536300045,355,0,0,0.0,0.0,657,0,0,0.3706752876900941,0.5041855825612467,365,180.2801061311721,0.7670799662387957,515.75,468.5803190901297,0.5503681484940748,603,db,413.2962962962963,398.0,188.41229481502944,243,0.9143723369387087,0.671803462110104,0.15839832550987273,5,453.5
coif3,1,constant,2.045940705188022e-26,316.9860926820997,9357087.196352882,0.5564516129032258,276.2505352340757,108,raw,1.0173754842694667e-13,-1.1573197955527865e-10,"[2, 5, 11, 17, 22, 25, 29, 38, 44, 52, 55, 60, 65, 74, 78, 84, 89, 95, 98, 101, 105]","[38.000000000000085, 367.9999999999999, 461.0000000000002, 193.0, 951.0000000000003, 154.0, 881.0000000000001, 243.0000000000001, 491.0, 186.0000000000001, 321.0, 943.0000000000001, 810.0000000000002, 205.0, 478.0, 276.00000000000034, 347.0000000000001, 78.99999999999989, 1008.0000000000002, 114.00000000000011, 893.0000000000002]",21,5.632988492459937,122439.9260861082,0.8446100545917667,4.36592371825129e-06,1.0,0.4907407407407407,67631.0,0.12910941990473743,0.15147910127183994,188156.12126451556,82872438.25058056,8,12069.579557418134,0.027777777777777776,"[0.0, 0.009259259259259259, 0.018518518518518517, 0.027777777777777776, 0.037037037037037035, 0.046296296296296294, 0.05555555555555555, 0.06481481481481481, 0.07407407407407407, 0.08333333333333333, 0.09259259259259259, 0.10185185185185185, 0.1111111111111111, 0.12037037037037036, 0.12962962962962962, 0.1388888888888889, 0.14814814814814814, 0.15740740740740738, 0.16666666666666666, 0.17592592592592593, 0.18518518518518517, 0.19444444444444442, 0.2037037037037037, 0.21296296296296297, 0.2222222222222222, 0.23148148148148145, 0.24074074074074073]","[67631.0, 1786.6346316370018, 1155.9831840869367, 12069.579557418134, 1906.5778542068447, 950.5914327635993, 9083.877197385174, 2481.2296367744843, 778.6316126029446, 8965.162396385993, 2042.6423114779186, 1606.71710215415, 6927.939836298324, 1790.9411989177936, 2115.0643759896498, 4469.1464533967255, 811.3124818658856, 852.4454942250567, 2613.518509595826, 1125.8336361545942, 622.5282936168355, 1595.9028958466986, 1672.083632235643, 807.7671822537575, 3024.6344394117605, 842.7313814743658, 842.82357322692]",3.0,0.3,145.14999999999995,15,0.5,1721880.1384885085,0.14445541615564297,0.1241257545377801,16430975.452705408,84089526828.82372,"[0.046875, 0.03125]",2,1721880.1384885085,0.046875,"[0.0, 0.015625, 0.03125, 0.046875, 0.0625, 0.078125, 0.09375, 0.109375, 0.125, 0.140625, 0.15625, 0.171875, 0.1875, 0.203125, 0.21875, 0.234375]","[154749.38571156547, 876106.9067082779, 1710291.3768915324, 1721880.1384885085, 1236443.3975593022, 1200279.6938555273, 1385236.6101427823, 1437054.0474222817, 1048940.293646123, 664501.8455342911, 393060.2971508255, 165807.08106897457, 58528.06662853267, 51528.956393907625, 141871.95181127635, 339557.73472454003]",3.0,0.3,flattop,64,32,145.14999999999995,15,21,449.52380952380963,38.000000000000085,1008.0000000000002,"[2, 5, 11, 17, 22, 25, 29, 38, 44, 52, 55, 60, 65, 74, 78, 84, 89, 95, 98, 101, 105]","[38.000000000000085, 367.9999999999999, 461.0000000000002, 193.0, 951.0000000000003, 154.0, 881.0000000000001, 243.0000000000001, 491.0, 186.0000000000001, 321.0, 943.0000000000001, 810.0000000000002, 205.0, 478.0, 276.00000000000034, 347.0000000000001, 78.99999999999989, 1008.0000000000002, 114.00000000000011, 893.0000000000002]","[1, 1, 1, 15, 1, 24, 27, 35, 35, 49, 35, 35, 63, 73, 73, 73, 35, 92, 35, 99, 99]","[3, 8, 18, 18, 35, 27, 35, 39, 49, 53, 56, 73, 73, 75, 81, 85, 92, 97, 106, 102, 106]",0.05,30,52684909.0,1016.0000000000002,-1016.0000000000002,DWT,uc1.l0082987033,2.3283064365386963e-10,0.0,1.1368683772161603e-13,0.0,0.0,2.2737367544323206e-13,7.450580596923828e-09,2.2737367544323206e-13,1.0,84,0.0,3.637978807091713e-12,1.0,84,,0.0,0.0,1.0,84,0.0,0.0,0.0,6.103515625e-05,0.0,0.0,0.0,0.0,1.1368683772161603e-13,1.8189894035458565e-12,1.23160740865084e-13,0.0,2.2737367544323206e-13,0.0,5.684341886080802e-14,0.0,0.0,0.0,5.684341886080802e-14,8.526512829121202e-14,2.7755575615628914e-17,2.3283064365386963e-10,2.7755575615628914e-17,2.7755575615628914e-17,2.9103830456733704e-11,0.0,0.0,5.551115123125783e-17,0.9134586520099937,0.24179187752069084,0.022164273676897335,0.42340962335555915,0.0929101893577621,0.0,0.0,0.0,488,0.8865811918901189,0.5012704696943425,467,0,0,0.0,0.0,770,0,0,0.33874692318418065,0.46075721926528146,480,146.08986960087273,0.8112533984484849,551.25,528.2241672650423,0.5495220480614518,604,coif,217.80246913580248,181.0,166.32516494453617,81,0.48186386976947454,0.5930495234160287,0.4847804341365592,1,453.25
coif1,1,periodization,8.601352184344943e-27,320.7493558086427,9334340.04855327,0.5555555555555556,417.8737928603881,108,raw,6.84144099396791e-14,-1.1471712468846886e-10,"[2, 5, 11, 17, 22, 25, 29, 38, 44, 52, 55, 60, 65, 74, 78, 84, 89, 95, 98, 101, 105]","[37.99999999999997, 368.0, 461.0000000000001, 193.0000000000001, 951.0000000000001, 154.0000000000001, 881.0000000000001, 243.0000000000001, 491.0000000000002, 186.0000000000001, 320.9999999999999, 943.0, 810.0000000000001, 205.00000000000003, 477.9999999999999, 275.9999999999998, 347.0000000000001, 79.0, 1008.0, 114.00000000000023, 893.0000000000001]",21,5.644202881613001,95467.34242112483,0.7506075481216877,4.365923718251291e-06,1.0,0.4907407407407407,67631.0,0.12910941990473743,0.15147910127183992,188156.12126451553,82872438.25058056,8,12069.57955741813,0.027777777777777776,"[0.0, 0.009259259259259259, 0.018518518518518517, 0.027777777777777776, 0.037037037037037035, 0.046296296296296294, 0.05555555555555555, 0.06481481481481481, 0.07407407407407407, 0.08333333333333333, 0.09259259259259259, 0.10185185185185185, 0.1111111111111111, 0.12037037037037036, 0.12962962962962962, 0.1388888888888889, 0.14814814814814814, 0.15740740740740738, 0.16666666666666666, 0.17592592592592593, 0.18518518518518517, 0.19444444444444442, 0.2037037037037037, 0.21296296296296297, 0.2222222222222222, 0.23148148148148145, 0.24074074074074073]","[67631.0, 1786.6346316370007, 1155.983184086938, 12069.57955741813, 1906.5778542068433, 950.5914327636018, 9083.877197385178, 2481.2296367744825, 778.6316126029461, 8965.162396385991, 2042.6423114779182, 1606.7171021541494, 6927.939836298322, 1790.9411989177945, 2115.0643759896493, 4469.146453396724, 811.312481865887, 852.4454942250563, 2613.518509595828, 1125.8336361545946, 622.528293616837, 1595.902895846697, 1672.0836322356427, 807.7671822537562, 3024.63443941176, 842.7313814743653, 842.8235732269206]",3.0,0.3,145.15000000000003,15,0.5,1721880.1384885088,0.14445541615564295,0.12412575453778009,16430975.452705404,84089526828.82372,"[0.046875, 0.03125]",2,1721880.1384885088,0.046875,"[0.0, 0.015625, 0.03125, 0.046875, 0.0625, 0.078125, 0.09375, 0.109375, 0.125, 0.140625, 0.15625, 0.171875, 0.1875, 0.203125, 0.21875, 0.234375]","[154749.38571156544, 876106.906708278, 1710291.376891533, 1721880.1384885088, 1236443.3975593026, 1200279.693855527, 1385236.6101427819, 1437054.0474222808, 1048940.2936461223, 664501.8455342908, 393060.29715082515, 165807.08106897454, 58528.06662853263, 51528.95639390753, 141871.95181127626, 339557.73472454003]",3.0,0.3,flattop,64,32,145.15000000000003,15,21,449.5238095238095,37.99999999999997,1008.0,"[2, 5, 11, 17, 22, 25, 29, 38, 44, 52, 55, 60, 65, 74, 78, 84, 89, 95, 98, 101, 105]","[37.99999999999997, 368.0, 461.0000000000001, 193.0000000000001, 951.0000000000001, 154.0000000000001, 881.0000000000001, 243.0000000000001, 491.0000000000002, 186.0000000000001, 320.9999999999999, 943.0, 810.0000000000001, 205.00000000000003, 477.9999999999999, 275.9999999999998, 347.0000000000001, 79.0, 1008.0, 114.00000000000023, 893.0000000000001]","[1, 1, 1, 15, 1, 24, 27, 35, 35, 49, 35, 35, 63, 73, 73, 73, 35, 92, 35, 99, 99]","[3, 8, 18, 18, 35, 27, 35, 39, 49, 53, 56, 73, 73, 75, 81, 85, 92, 97, 106, 102, 106]",0.05,30,52684909.0,1016.0,-1016.0,DWT,uc1.l0082987033,0.0,0.0,0.0,0.0,0.0,0.0,3.725290298461914e-09,0.0,1.0,84,0.0,0.0,1.0,84,,0.0,0.0,1.0,84,0.0,0.0,0.0,6.103515625e-05,0.0,0.0,0.0,0.0,0.0,0.0,1.001526903738046e-13,0.0,0.0,0.0,2.842170943040401e-14,0.0,0.0,0.0,2.842170943040401e-14,2.842170943040401e-14,2.7755575615628914e-17,0.0,0.0,1.3877787807814457e-17,0.0,0.0,0.0,2.7755575615628914e-17,0.9520948401042932,0.25616136186827343,0.019957719217353957,0.41340782122905073,0.01989803261818912,0.0,0.0,0.0,375,0.8826387861442855,0.49904144476349954,472,0,0,0.0,0.0,766,0,0,0.3323039550074321,0.45199361464555987,509,166.8582232515577,0.7844209001917859,530.5,496.5594447892951,0.5495101916979601,605,coif,217.80246913580248,181.0,166.32516494453617,81,0.48186386976947454,0.5930495234160287,0.4847804341365592,1,454.0
db5,1,periodization,1.1025156532707065e-26,319.67117546982416,9338133.655831678,0.5462962962962963,473.7061848141555,108,raw,7.407243542813911e-14,-1.1136191968574919e-10,"[2, 5, 11, 17, 22, 25, 29, 38, 44, 52, 55, 60, 65, 74, 78, 84, 89, 95, 98, 101, 105]","[38.00000000000006, 367.99999999999983, 461.00000000000006, 193.0000000000001, 951.0000000000002, 153.9999999999999, 880.9999999999999, 243.0, 490.99999999999994, 186.0, 321.0, 943.0, 810.0, 205.0, 478.00000000000017, 275.9999999999998, 346.9999999999998, 79.00000000000011, 1007.9999999999999, 113.99999999999977, 893.0000000000001]",21,5.641909929946033,95467.34242112483,0.7736083127798761,4.365923718251291e-06,1.0,0.4907407407407407,67631.0,0.12910941990473743,0.15147910127183992,188156.12126451553,82872438.25058056,8,12069.579557418134,0.027777777777777776,"[0.0, 0.009259259259259259, 0.018518518518518517, 0.027777777777777776, 0.037037037037037035, 0.046296296296296294, 0.05555555555555555, 0.06481481481481481, 0.07407407407407407, 0.08333333333333333, 0.09259259259259259, 0.10185185185185185, 0.1111111111111111, 0.12037037037037036, 0.12962962962962962, 0.1388888888888889, 0.14814814814814814, 0.15740740740740738, 0.16666666666666666, 0.17592592592592593, 0.18518518518518517, 0.19444444444444442, 0.2037037037037037, 0.21296296296296297, 0.2222222222222222, 0.23148148148148145, 0.24074074074074073]","[67631.0, 1786.634631637002, 1155.9831840869397, 12069.579557418134, 1906.5778542068429, 950.5914327636015, 9083.877197385176, 2481.229636774484, 778.6316126029449, 8965.162396385991, 2042.6423114779182, 1606.717102154149, 6927.939836298323, 1790.9411989177943, 2115.064375989648, 4469.146453396724, 811.3124818658864, 852.4454942250562, 2613.5185095958273, 1125.833636154594, 622.5282936168369, 1595.9028958466968, 1672.083632235642, 807.767182253758, 3024.63443941176, 842.7313814743644, 842.8235732269197]",3.0,0.3,145.15,15,0.5,1721880.1384885088,0.14445541615564292,0.12412575453778009,16430975.4527054,84089526828.82372,"[0.046875, 0.03125]",2,1721880.1384885088,0.046875,"[0.0, 0.015625, 0.03125, 0.046875, 0.0625, 0.078125, 0.09375, 0.109375, 0.125, 0.140625, 0.15625, 0.171875, 0.1875, 0.203125, 0.21875, 0.234375]","[154749.38571156538, 876106.9067082775, 1710291.3768915324, 1721880.1384885088, 1236443.3975593029, 1200279.6938555273, 1385236.6101427814, 1437054.0474222805, 1048940.293646122, 664501.8455342905, 393060.29715082515, 165807.08106897454, 58528.06662853269, 51528.956393907545, 141871.95181127614, 339557.7347245397]",3.0,0.3,flattop,64,32,145.15,15,21,449.5238095238095,38.00000000000006,1007.9999999999999,"[2, 5, 11, 17, 22, 25, 29, 38, 44, 52, 55, 60, 65, 74, 78, 84, 89, 95, 98, 101, 105]","[38.00000000000006, 367.99999999999983, 461.00000000000006, 193.0000000000001, 951.0000000000002, 153.9999999999999, 880.9999999999999, 243.0, 490.99999999999994, 186.0, 321.0, 943.0, 810.0, 205.0, 478.00000000000017, 275.9999999999998, 346.9999999999998, 79.00000000000011, 1007.9999999999999, 113.99999999999977, 893.0000000000001]","[1, 1, 1, 15, 1, 24, 27, 35, 35, 49, 35, 35, 63, 73, 73, 73, 35, 92, 35, 99, 99]","[3, 8, 18, 18, 35, 27, 35, 39, 49, 53, 56, 73, 73, 75, 81, 85, 92, 97, 106, 102, 106]",0.05,30,52684909.0,1016.0,-1016.0,DWT,uc1.l0082987033,0.0,0.0,0.0,0.0,0.0,1.1368683772161603e-13,0.0,0.0,1.0,84,0.0,3.637978807091713e-12,1.0,84,,0.0,0.0,1.0,84,0.0,0.0,0.0,6.103515625e-05,0.0,0.0,0.0,0.0,0.0,0.0,1.0015269037380458e-13,0.0,0.0,0.0,0.0,0.0,0.0,0.0,0.0,5.684341886080802e-14,2.7755575615628914e-17,0.0,0.0,1.3877787807814457e-17,0.0,0.0,0.0,0.0,0.9410255162304575,0.25322330321536335,0.02032571265247249,0.31005586592178774,0.01989803261818912,0.0,0.0,0.0,673,0.8333713770881831,0.47118579262009547,541,0,0,0.0,0.0,699,0,0,0.30890568612765407,0.420167727628407,574,76.14624087898233,0.9016198438256042,621.75,614.7142572121007,0.5491626350910968,606,db,413.2962962962963,398.0,188.41229481502944,243,0.9143723369387087,0.671803462110104,0.15839832550987273,5,455.75
rbio2.2,1,periodic,4.824790164613963e-27,323.2602388103212,9310009.110762663,0.5625,442.66853794663484,108,raw,4.269835513965785e-14,-1.1330825167021951e-10,"[2, 5, 11, 17, 22, 25, 29, 38, 44, 52, 55, 60, 65, 74, 78, 84, 89, 95, 98, 101, 105]","[37.99999999999997, 368.00000000000006, 460.99999999999983, 193.0000000000001, 951.0000000000001, 153.9999999999999, 881.0, 243.0, 491.0000000000001, 186.0, 320.9999999999999, 943.0000000000001, 810.0, 204.99999999999997, 477.99999999999994, 276.0000000000001, 347.0000000000001, 79.0, 1008.0, 113.99999999999989, 893.0]",21,5.765942514674137,108393.36584721779,0.653705857503496,4.365923718251291e-06,1.0,0.4907407407407407,67631.0,0.1291094199047374,0.15147910127183992,188156.12126451556,82872438.25058056,8,12069.57955741813,0.027777777777777776,"[0.0, 0.009259259259259259, 0.018518518518518517, 0.027777777777777776, 0.037037037037037035, 0.046296296296296294, 0.05555555555555555, 0.06481481481481481, 0.07407407407407407, 0.08333333333333333, 0.09259259259259259, 0.10185185185185185, 0.1111111111111111, 0.12037037037037036, 0.12962962962962962, 0.1388888888888889, 0.14814814814814814, 0.15740740740740738, 0.16666666666666666, 0.17592592592592593, 0.18518518518518517, 0.19444444444444442, 0.2037037037037037, 0.21296296296296297, 0.2222222222222222, 0.23148148148148145, 0.24074074074074073]","[67631.0, 1786.6346316370013, 1155.9831840869383, 12069.57955741813, 1906.577854206843, 950.5914327636025, 9083.877197385176, 2481.2296367744843, 778.6316126029448, 8965.162396385991, 2042.642311477917, 1606.7171021541496, 6927.939836298323, 1790.941198917794, 2115.0643759896484, 4469.146453396725, 811.312481865885, 852.4454942250574, 2613.518509595828, 1125.833636154595, 622.5282936168371, 1595.9028958466968, 1672.0836322356438, 807.7671822537571, 3024.63443941176, 842.7313814743658, 842.8235732269201]",3.0,0.3,145.15000000000003,15,0.5,1721880.1384885088,0.14445541615564295,0.1241257545377801,16430975.4527054,84089526828.82368,"[0.046875, 0.03125]",2,1721880.1384885088,0.046875,"[0.0, 0.015625, 0.03125, 0.046875, 0.0625, 0.078125, 0.09375, 0.109375, 0.125, 0.140625, 0.15625, 0.171875, 0.1875, 0.203125, 0.21875, 0.234375]","[154749.38571156553, 876106.9067082782, 1710291.3768915331, 1721880.1384885088, 1236443.3975593029, 1200279.6938555266, 1385236.610142781, 1437054.0474222803, 1048940.2936461219, 664501.8455342908, 393060.29715082515, 165807.0810689745, 58528.066628532644, 51528.95639390756, 141871.9518112763, 339557.7347245399]",3.0,0.3,flattop,64,32,145.15000000000003,15,21,449.5238095238095,37.99999999999997,1008.0,"[2, 5, 11, 17, 22, 25, 29, 38, 44, 52, 55, 60, 65, 74, 78, 84, 89, 95, 98, 101, 105]","[37.99999999999997, 368.00000000000006, 460.99999999999983, 193.0000000000001, 951.0000000000001, 153.9999999999999, 881.0, 243.0, 491.0000000000001, 186.0, 320.9999999999999, 943.0000000000001, 810.0, 204.99999999999997, 477.99999999999994, 276.0000000000001, 347.0000000000001, 79.0, 1008.0, 113.99999999999989, 893.0]","[1, 1, 1, 15, 1, 24, 27, 35, 35, 49, 35, 35, 63, 73, 73, 73, 35, 92, 35, 99, 99]","[3, 8, 18, 18, 35, 27, 35, 39, 49, 53, 56, 73, 73, 75, 81, 85, 92, 97, 106, 102, 106]",0.05,30,52684909.0,1016.0,-1016.0,DWT,uc1.l0082987033,0.0,0.0,0.0,0.0,0.0,0.0,0.0,0.0,1.0,84,0.0,0.0,1.0,84,,0.0,0.0,1.0,84,0.0,0.0,0.0,3.0517578125e-05,0.0,0.0,0.0,0.0,0.0,0.0,6.49639072694949e-14,0.0,0.0,0.0,2.842170943040401e-14,0.0,0.0,0.0,2.842170943040401e-14,2.842170943040401e-14,5.551115123125783e-17,0.0,0.0,2.7755575615628914e-17,2.9103830456733704e-11,0.0,0.0,2.7755575615628914e-17,0.977873252262453,0.4121516461250345,0.017597531480425994,0.49092178770949735,0.05488751898432116,0.0,0.0,0.0,664,1.0199222628377294,0.5766611297657096,262,0,0,0.0,0.0,671,0,0,0.39068634731234647,0.5314042509979414,277,229.88475373543153,0.7029912742436285,468.5,383.7578607574383,0.5488470583104448,607,rbio,366.5925925925926,360.0,210.3588723315502,135,0.8110455588331695,0.7500562468954116,0.20725123474815782,3,456.0
db8,1,zero,8.425501940889426e-27,320.83906528206563,9439914.987754008,0.5655737704918032,261.7412807007896,108,raw,5.6777627866756127e-14,-1.0772249758872545e-10,"[2, 5, 11, 17, 22, 25, 29, 38, 44, 52, 55, 60, 65, 74, 78, 84, 89, 95, 98, 101, 105]","[37.99999999999994, 367.9999999999999, 461.0000000000002, 193.0000000000001, 951.0000000000001, 154.0000000000001, 880.9999999999999, 243.00000000000009, 491.00000000000006, 185.9999999999999, 320.9999999999999, 942.9999999999998, 810.0, 205.0, 478.0, 275.9999999999999, 346.9999999999999, 79.0, 1007.9999999999999, 113.99999999999977, 893.0]",21,5.581078756360182,124369.78016662189,0.8738327128873724,4.365923718251292e-06,1.0,0.4907407407407407,67631.0,0.12910941990473737,0.15147910127183992,188156.12126451556,82872438.25058056,8,12069.579557418134,0.027777777777777776,"[0.0, 0.009259259259259259, 0.018518518518518517, 0.027777777777777776, 0.037037037037037035, 0.046296296296296294, 0.05555555555555555, 0.06481481481481481, 0.07407407407407407, 0.08333333333333333, 0.09259259259259259, 0.10185185185185185, 0.1111111111111111, 0.12037037037037036, 0.12962962962962962, 0.1388888888888889, 0.14814814814814814, 0.15740740740740738, 0.16666666666666666, 0.17592592592592593, 0.18518518518518517, 0.19444444444444442, 0.2037037037037037, 0.21296296296296297, 0.2222222222222222, 0.23148148148148145, 0.24074074074074073]","[67631.0, 1786.6346316370007, 1155.9831840869385, 12069.579557418134, 1906.5778542068424, 950.5914327636016, 9083.877197385176, 2481.229636774484, 778.6316126029435, 8965.162396385991, 2042.6423114779182, 1606.7171021541494, 6927.939836298322, 1790.9411989177947, 2115.064375989647, 4469.146453396725, 811.3124818658868, 852.4454942250564, 2613.518509595828, 1125.8336361545926, 622.5282936168368, 1595.9028958466981, 1672.0836322356436, 807.7671822537561, 3024.634439411759, 842.731381474366, 842.8235732269197]",3.0,0.3,145.15000000000006,15,0.5,1721880.1384885083,0.14445541615564295,0.12412575453778009,16430975.452705396,84089526828.82364,"[0.046875, 0.03125]",2,1721880.1384885083,0.046875,"[0.0, 0.015625, 0.03125, 0.046875, 0.0625, 0.078125, 0.09375, 0.109375, 0.125, 0.140625, 0.15625, 0.171875, 0.1875, 0.203125, 0.21875, 0.234375]","[154749.38571156538, 876106.9067082775, 1710291.3768915324, 1721880.1384885083, 1236443.3975593017, 1200279.6938555266, 1385236.610142781, 1437054.0474222803, 1048940.293646122, 664501.8455342904, 393060.29715082503, 165807.08106897457, 58528.066628532644, 51528.956393907516, 141871.95181127609, 339557.7347245399]",3.0,0.3,flattop,64,32,145.15000000000006,15,21,449.5238095238095,37.99999999999994,1007.9999999999999,"[2, 5, 11, 17, 22, 25, 29, 38, 44, 52, 55, 60, 65, 74, 78, 84, 89, 95, 98, 101, 105]","[37.99999999999994, 367.9999999999999, 461.0000000000002, 193.0000000000001, 951.0000000000001, 154.0000000000001, 880.9999999999999, 243.00000000000009, 491.00000000000006, 185.9999999999999, 320.9999999999999, 942.9999999999998, 810.0, 205.0, 478.0, 275.9999999999999, 346.9999999999999, 79.0, 1007.9999999999999, 113.99999999999977, 893.0]","[1, 1, 1, 15, 1, 24, 27, 35, 35, 49, 35, 35, 63, 73, 73, 73, 35, 92, 35, 99, 99]","[3, 8, 18, 18, 35, 27, 35, 39, 49, 53, 56, 73, 73, 75, 81, 85, 92, 97, 106, 102, 106]",0.05,30,52684909.0,1015.9999999999999,-1015.9999999999999,DWT,uc1.l0082987033,4.656612873077393e-10,0.0,0.0,0.0,0.0,1.1368683772161603e-13,3.725290298461914e-09,1.1368683772161603e-13,1.0,84,0.0,3.637978807091713e-12,1.0,84,,0.0,0.0,1.0,84,0.0,0.0,0.0,1.52587890625e-05,0.0,0.0,0.0,0.0,0.0,0.0,9.60924461694612e-14,0.0,1.1368683772161603e-13,0.0,5.684341886080802e-14,0.0,0.0,0.0,5.684341886080802e-14,5.684341886080802e-14,8.326672684688674e-17,4.656612873077393e-10,0.0,1.3877787807814457e-17,2.9103830456733704e-11,0.0,0.0,2.7755575615628914e-17,0.9530158578414168,0.17527767597198246,0.030198864830931666,0.5252312482828094,0.09813411637791977,0.0,0.0,0.0,740,0.9238939309705989,0.5223669856316813,414,0,0,0.0,0.0,598,0,0,0.35637155266101206,0.48472991012249245,409,159.58357267170913,0.7938196735507634,540.25,507.3541706021863,0.5479111287650458,608,db,413.2962962962963,398.0,188.41229481502944,243,0.9143723369387087,0.671803462110104,0.15839832550987273,5,457.25
db3,1,symmetric,5.963554706906339e-27,322.3399710355619,9421515.961061371,0.5714285714285714,383.34920160826687,108,raw,4.0461461341894564e-14,-1.0782841286527464e-10,"[2, 5, 11, 17, 22, 25, 29, 38, 44, 52, 55, 60, 65, 74, 78, 84, 89, 95, 98, 101, 105]","[38.00000000000003, 367.99999999999983, 460.9999999999998, 192.99999999999994, 951.0, 153.99999999999977, 881.0, 243.0, 490.99999999999994, 186.0, 321.0, 943.0, 810.0, 205.0, 477.99999999999983, 276.0000000000001, 347.0, 78.99999999999989, 1008.0, 114.0, 892.9999999999999]",21,5.620362648956898,104901.66547746226,0.8302718140792382,4.365923718251291e-06,1.0,0.4907407407407407,67631.0,0.12910941990473743,0.15147910127183992,188156.12126451553,82872438.25058056,8,12069.57955741813,0.027777777777777776,"[0.0, 0.009259259259259259, 0.018518518518518517, 0.027777777777777776, 0.037037037037037035, 0.046296296296296294, 0.05555555555555555, 0.06481481481481481, 0.07407407407407407, 0.08333333333333333, 0.09259259259259259, 0.10185185185185185, 0.1111111111111111, 0.12037037037037036, 0.12962962962962962, 0.1388888888888889, 0.14814814814814814, 0.15740740740740738, 0.16666666666666666, 0.17592592592592593, 0.18518518518518517, 0.19444444444444442, 0.2037037037037037, 0.21296296296296297, 0.2222222222222222, 0.23148148148148145, 0.24074074074074073]","[67631.0, 1786.634631637002, 1155.983184086939, 12069.57955741813, 1906.5778542068429, 950.591432763601, 9083.877197385176, 2481.229636774485, 778.6316126029453, 8965.162396385991, 2042.642311477916, 1606.7171021541499, 6927.939836298324, 1790.9411989177936, 2115.064375989648, 4469.146453396725, 811.312481865885, 852.4454942250584, 2613.5185095958273, 1125.8336361545926, 622.5282936168371, 1595.9028958466977, 1672.0836322356424, 807.7671822537574, 3024.6344394117596, 842.7313814743657, 842.8235732269205]",3.0,0.3,145.14999999999998,15,0.5,1721880.1384885085,0.14445541615564295,0.12412575453778009,16430975.452705398,84089526828.82368,"[0.046875, 0.03125]",2,1721880.1384885085,0.046875,"[0.0, 0.015625, 0.03125, 0.046875, 0.0625, 0.078125, 0.09375, 0.109375, 0.125, 0.140625, 0.15625, 0.171875, 0.1875, 0.203125, 0.21875, 0.234375]","[154749.38571156553, 876106.9067082779, 1710291.3768915324, 1721880.1384885085, 1236443.3975593026, 1200279.6938555269, 1385236.6101427814, 1437054.0474222805, 1048940.293646122, 664501.8455342904, 393060.2971508249, 165807.08106897434, 58528.066628532586, 51528.9563939076, 141871.95181127626, 339557.7347245398]",3.0,0.3,flattop,64,32,145.14999999999998,15,21,449.5238095238095,38.00000000000003,1008.0,"[2, 5, 11, 17, 22, 25, 29, 38, 44, 52, 55, 60, 65, 74, 78, 84, 89, 95, 98, 101, 105]","[38.00000000000003, 367.99999999999983, 460.9999999999998, 192.99999999999994, 951.0, 153.99999999999977, 881.0, 243.0, 490.99999999999994, 186.0, 321.0, 943.0, 810.0, 205.0, 477.99999999999983, 276.0000000000001, 347.0, 78.99999999999989, 1008.0, 114.0, 892.9999999999999]","[1, 1, 1, 15, 1, 24, 27, 35, 35, 49, 35, 35, 63, 73, 73, 73, 35, 92, 35, 99, 99]","[3, 8, 18, 18, 35, 27, 35, 39, 49, 53, 56, 73, 73, 75, 81, 85, 92, 97, 106, 102, 106]",0.05,30,52684909.0,1016.0,-1016.0,DWT,uc1.l0082987033,2.3283064365386963e-10,0.0,0.0,0.0,0.0,0.0,1.862645149230957e-09,0.0,1.0,84,0.0,0.0,1.0,84,,0.0,0.0,1.0,84,0.0,0.0,0.0,3.0517578125e-05,0.0,0.0,0.0,0.0,0.0,0.0,6.090366306515143e-14,0.0,0.0,0.0,2.842170943040401e-14,0.0,0.0,0.0,2.842170943040401e-14,2.842170943040401e-14,2.7755575615628914e-17,2.3283064365386963e-10,0.0,1.3877787807814457e-17,0.0,0.0,0.0,2.7755575615628914e-17,0.9684251648853197,0.22561383535400092,0.0284140936254364,0.5905826017557858,0.04543582618949326,0.0,0.0,0.0,712,0.9624764345990221,0.5441814228120725,347,0,0,0.0,0.0,634,0,0,0.37169430436200723,0.5055716299494332,363,186.45285373698806,0.7591048401330903,514.0,464.1207527207613,0.5475110763972946,609,db,413.2962962962963,398.0,188.41229481502944,243,0.9143723369387087,0.671803462110104,0.15839832550987273,5,458.0
db3,1,periodic,5.952335351809863e-27,322.3481492000544,9556179.153911533,0.5714285714285714,383.34920160826687,108,raw,4.019829736568712e-14,-1.0784229065308245e-10,"[2, 5, 11, 17, 22, 25, 29, 38, 44, 52, 55, 60, 65, 74, 78, 84, 89, 95, 98, 101, 105]","[37.99999999999997, 367.99999999999983, 460.9999999999998, 192.99999999999994, 951.0, 153.99999999999977, 881.0, 243.0, 490.99999999999994, 186.0, 321.0, 943.0, 810.0, 205.0, 477.99999999999983, 276.0000000000001, 347.0, 78.99999999999989, 1008.0, 114.0, 892.9999999999999]",21,5.633525851160008,99037.10807758835,0.8366181986277541,4.365923718251291e-06,1.0,0.4907407407407407,67631.0,0.12910941990473743,0.15147910127183992,188156.12126451553,82872438.25058056,8,12069.57955741813,0.027777777777777776,"[0.0, 0.009259259259259259, 0.018518518518518517, 0.027777777777777776, 0.037037037037037035, 0.046296296296296294, 0.05555555555555555, 0.06481481481481481, 0.07407407407407407, 0.08333333333333333, 0.09259259259259259, 0.10185185185185185, 0.1111111111111111, 0.12037037037037036, 0.12962962962962962, 0.1388888888888889, 0.14814814814814814, 0.15740740740740738, 0.16666666666666666, 0.17592592592592593, 0.18518518518518517, 0.19444444444444442, 0.2037037037037037, 0.21296296296296297, 0.2222222222222222, 0.23148148148148145, 0.24074074074074073]","[67631.0, 1786.634631637002, 1155.983184086939, 12069.57955741813, 1906.5778542068429, 950.591432763601, 9083.877197385176, 2481.229636774485, 778.6316126029452, 8965.162396385991, 2042.642311477916, 1606.7171021541499, 6927.939836298324, 1790.9411989177936, 2115.064375989648, 4469.146453396725, 811.312481865885, 852.4454942250585, 2613.5185095958273, 1125.8336361545926, 622.5282936168371, 1595.9028958466977, 1672.0836322356424, 807.7671822537574, 3024.6344394117596, 842.7313814743657, 842.8235732269205]",3.0,0.3,145.15,15,0.5,1721880.1384885085,0.14445541615564295,0.12412575453778009,16430975.452705398,84089526828.82368,"[0.046875, 0.03125]",2,1721880.1384885085,0.046875,"[0.0, 0.015625, 0.03125, 0.046875, 0.0625, 0.078125, 0.09375, 0.109375, 0.125, 0.140625, 0.15625, 0.171875, 0.1875, 0.203125, 0.21875, 0.234375]","[154749.38571156553, 876106.9067082779, 1710291.3768915324, 1721880.1384885085, 1236443.3975593026, 1200279.6938555269, 1385236.6101427814, 1437054.0474222805, 1048940.293646122, 664501.8455342904, 393060.2971508249, 165807.08106897434, 58528.066628532586, 51528.9563939076, 141871.95181127626, 339557.7347245398]",3.0,0.3,flattop,64,32,145.15,15,21,449.5238095238095,37.99999999999997,1008.0,"[2, 5, 11, 17, 22, 25, 29, 38, 44, 52, 55, 60, 65, 74, 78, 84, 89, 95, 98, 101, 105]","[37.99999999999997, 367.99999999999983, 460.9999999999998, 192.99999999999994, 951.0, 153.99999999999977, 881.0, 243.0, 490.99999999999994, 186.0, 321.0, 943.0, 810.0, 205.0, 477.99999999999983, 276.0000000000001, 347.0, 78.99999999999989, 1008.0, 114.0, 892.9999999999999]","[1, 1, 1, 15, 1, 24, 27, 35, 35, 49, 35, 35, 63, 73, 73, 73, 35, 92, 35, 99, 99]","[3, 8, 18, 18, 35, 27, 35, 39, 49, 53, 56, 73, 73, 75, 81, 85, 92, 97, 106, 102, 106]",0.05,30,52684909.0,1016.0,-1016.0,DWT,uc1.l0082987033,2.3283064365386963e-10,0.0,0.0,0.0,0.0,0.0,1.862645149230957e-09,0.0,1.0,84,0.0,0.0,1.0,84,,0.0,0.0,1.0,84,0.0,0.0,0.0,3.0517578125e-05,0.0,0.0,0.0,0.0,0.0,0.0,6.090366306515143e-14,0.0,0.0,0.0,0.0,0.0,0.0,0.0,0.0,2.842170943040401e-14,2.7755575615628914e-17,2.3283064365386963e-10,0.0,1.3877787807814457e-17,0.0,0.0,0.0,2.7755575615628914e-17,0.968509127417562,0.2424804185838122,0.04147690358022681,0.5905826017557858,0.02956104054025276,0.0,0.0,0.0,713,0.971141594450972,0.5490806794043575,326,0,0,0.0,0.0,630,0,0,0.37452201837552795,0.509417833579861,346,196.81188141640908,0.7457210834413319,503.75,447.0530384401306,0.547440645079839,610,db,413.2962962962963,398.0,188.41229481502944,243,0.9143723369387087,0.671803462110104,0.15839832550987273,5,458.75
coif3,1,zero,2.0731710149534287e-26,316.9286718285214,9359465.288261572,0.5564516129032258,276.2505352340757,108,raw,1.0453366567415079e-13,-1.1569967206526207e-10,"[2, 5, 11, 17, 22, 25, 29, 38, 44, 52, 55, 60, 65, 74, 78, 84, 89, 95, 98, 101, 105]","[38.000000000000114, 368.0, 461.0000000000002, 193.0, 951.0000000000003, 154.0, 881.0000000000001, 243.0000000000001, 491.0, 186.0000000000001, 321.0, 943.0000000000001, 810.0000000000002, 205.0, 478.0, 276.00000000000034, 347.0000000000001, 78.99999999999989, 1008.0000000000002, 114.00000000000011, 893.0000000000003]",21,5.629051166638356,127243.08181581687,0.8505188248675521,4.365923718251288e-06,1.0,0.4907407407407407,67631.0,0.12910941990473745,0.15147910127183994,188156.12126451553,82872438.25058056,8,12069.57955741813,0.027777777777777776,"[0.0, 0.009259259259259259, 0.018518518518518517, 0.027777777777777776, 0.037037037037037035, 0.046296296296296294, 0.05555555555555555, 0.06481481481481481, 0.07407407407407407, 0.08333333333333333, 0.09259259259259259, 0.10185185185185185, 0.1111111111111111, 0.12037037037037036, 0.12962962962962962, 0.1388888888888889, 0.14814814814814814, 0.15740740740740738, 0.16666666666666666, 0.17592592592592593, 0.18518518518518517, 0.19444444444444442, 0.2037037037037037, 0.21296296296296297, 0.2222222222222222, 0.23148148148148145, 0.24074074074074073]","[67631.0, 1786.6346316370013, 1155.9831840869363, 12069.57955741813, 1906.577854206845, 950.5914327635999, 9083.877197385173, 2481.2296367744843, 778.6316126029443, 8965.162396385993, 2042.6423114779182, 1606.7171021541506, 6927.939836298324, 1790.9411989177936, 2115.06437598965, 4469.146453396727, 811.3124818658856, 852.4454942250572, 2613.518509595828, 1125.8336361545944, 622.5282936168352, 1595.902895846699, 1672.083632235643, 807.7671822537579, 3024.634439411761, 842.7313814743661, 842.8235732269204]",3.0,0.3,145.14999999999995,15,0.5,1721880.1384885085,0.14445541615564297,0.1241257545377801,16430975.452705408,84089526828.82372,"[0.046875, 0.03125]",2,1721880.1384885085,0.046875,"[0.0, 0.015625, 0.03125, 0.046875, 0.0625, 0.078125, 0.09375, 0.109375, 0.125, 0.140625, 0.15625, 0.171875, 0.1875, 0.203125, 0.21875, 0.234375]","[154749.38571156547, 876106.9067082779, 1710291.3768915324, 1721880.1384885085, 1236443.3975593022, 1200279.6938555273, 1385236.6101427823, 1437054.0474222817, 1048940.293646123, 664501.8455342911, 393060.2971508255, 165807.08106897457, 58528.06662853267, 51528.956393907625, 141871.95181127635, 339557.73472454003]",3.0,0.3,flattop,64,32,145.14999999999995,15,21,449.52380952380963,38.000000000000114,1008.0000000000002,"[2, 5, 11, 17, 22, 25, 29, 38, 44, 52, 55, 60, 65, 74, 78, 84, 89, 95, 98, 101, 105]","[38.000000000000114, 368.0, 461.0000000000002, 193.0, 951.0000000000003, 154.0, 881.0000000000001, 243.0000000000001, 491.0, 186.0000000000001, 321.0, 943.0000000000001, 810.0000000000002, 205.0, 478.0, 276.00000000000034, 347.0000000000001, 78.99999999999989, 1008.0000000000002, 114.00000000000011, 893.0000000000003]","[1, 1, 1, 15, 1, 24, 27, 35, 35, 49, 35, 35, 63, 73, 73, 73, 35, 92, 35, 99, 99]","[3, 8, 18, 18, 35, 27, 35, 39, 49, 53, 56, 73, 73, 75, 81, 85, 92, 97, 106, 102, 106]",0.05,30,52684909.0,1016.0000000000002,-1016.0000000000002,DWT,uc1.l0082987033,2.3283064365386963e-10,0.0,1.1368683772161603e-13,0.0,0.0,2.2737367544323206e-13,7.450580596923828e-09,2.2737367544323206e-13,1.0,84,0.0,0.0,1.0,84,,0.0,0.0,1.0,84,0.0,0.0,0.0,6.103515625e-05,0.0,0.0,0.0,0.0,1.1368683772161603e-13,1.8189894035458565e-12,1.2451415559986516e-13,0.0,2.2737367544323206e-13,0.0,5.684341886080802e-14,0.0,0.0,0.0,5.684341886080802e-14,1.1368683772161603e-13,0.0,2.3283064365386963e-10,2.7755575615628914e-17,2.7755575615628914e-17,0.0,0.0,0.0,5.551115123125783e-17,0.9128691309414987,0.23674681077721332,0.02239495707301139,0.42340962335555915,0.10591186407079088,0.0,0.0,0.0,510,0.8890209574605515,0.5026499061685448,465,0,0,0.0,0.0,772,0,0,0.34026647724361475,0.4628240882315494,476,145.43354725326157,0.812101360137905,555.75,532.8005986716972,0.5470390521619757,611,coif,217.80246913580248,181.0,166.32516494453617,81,0.48186386976947454,0.5930495234160287,0.4847804341365592,1,458.5
db9,1,symmetric,1.2854692970070333e-26,319.0044060305389,10206566.42567482,0.5403225806451613,322.9120233318356,108,raw,8.13505641451263e-14,-1.0799183769449947e-10,"[2, 5, 11, 17, 22, 25, 29, 38, 44, 52, 55, 60, 65, 74, 78, 84, 89, 95, 98, 101, 105]","[38.00000000000006, 368.00000000000006, 460.99999999999994, 193.0000000000001, 951.0000000000001, 154.0000000000001, 881.0, 243.00000000000006, 491.0000000000002, 186.0, 320.9999999999999, 943.0000000000001, 810.0, 205.00000000000003, 478.0000000000001, 275.9999999999998, 347.0000000000001, 78.99999999999955, 1008.0, 114.0, 892.9999999999999]",21,5.765788965916063,104154.86216216351,0.8118883945423617,4.365923718251291e-06,1.0,0.4907407407407407,67631.0,0.12910941990473743,0.15147910127183992,188156.12126451553,82872438.25058056,8,12069.579557418134,0.027777777777777776,"[0.0, 0.009259259259259259, 0.018518518518518517, 0.027777777777777776, 0.037037037037037035, 0.046296296296296294, 0.05555555555555555, 0.06481481481481481, 0.07407407407407407, 0.08333333333333333, 0.09259259259259259, 0.10185185185185185, 0.1111111111111111, 0.12037037037037036, 0.12962962962962962, 0.1388888888888889, 0.14814814814814814, 0.15740740740740738, 0.16666666666666666, 0.17592592592592593, 0.18518518518518517, 0.19444444444444442, 0.2037037037037037, 0.21296296296296297, 0.2222222222222222, 0.23148148148148145, 0.24074074074074073]","[67631.0, 1786.634631637001, 1155.983184086939, 12069.579557418134, 1906.5778542068424, 950.5914327636028, 9083.877197385176, 2481.229636774485, 778.6316126029461, 8965.162396385991, 2042.6423114779184, 1606.717102154149, 6927.939836298321, 1790.9411989177936, 2115.064375989649, 4469.146453396723, 811.3124818658857, 852.4454942250564, 2613.518509595828, 1125.8336361545944, 622.5282936168375, 1595.9028958466968, 1672.0836322356417, 807.7671822537574, 3024.634439411761, 842.7313814743661, 842.8235732269202]",3.0,0.3,145.14999999999998,15,0.5,1721880.1384885088,0.14445541615564297,0.12412575453778012,16430975.4527054,84089526828.82365,"[0.046875, 0.03125]",2,1721880.1384885088,0.046875,"[0.0, 0.015625, 0.03125, 0.046875, 0.0625, 0.078125, 0.09375, 0.109375, 0.125, 0.140625, 0.15625, 0.171875, 0.1875, 0.203125, 0.21875, 0.234375]","[154749.38571156544, 876106.906708278, 1710291.376891533, 1721880.1384885088, 1236443.3975593024, 1200279.6938555262, 1385236.610142781, 1437054.0474222805, 1048940.2936461219, 664501.8455342904, 393060.29715082503, 165807.0810689744, 58528.06662853257, 51528.956393907545, 141871.95181127623, 339557.73472454003]",3.0,0.3,flattop,64,32,145.14999999999998,15,21,449.5238095238095,38.00000000000006,1008.0,"[2, 5, 11, 17, 22, 25, 29, 38, 44, 52, 55, 60, 65, 74, 78, 84, 89, 95, 98, 101, 105]","[38.00000000000006, 368.00000000000006, 460.99999999999994, 193.0000000000001, 951.0000000000001, 154.0000000000001, 881.0, 243.00000000000006, 491.0000000000002, 186.0, 320.9999999999999, 943.0000000000001, 810.0, 205.00000000000003, 478.0000000000001, 275.9999999999998, 347.0000000000001, 78.99999999999955, 1008.0, 114.0, 892.9999999999999]","[1, 1, 1, 15, 1, 24, 27, 35, 35, 49, 35, 35, 63, 73, 73, 73, 35, 92, 35, 99, 99]","[3, 8, 18, 18, 35, 27, 35, 39, 49, 53, 56, 73, 73, 75, 81, 85, 92, 97, 106, 102, 106]",0.05,30,52684909.0,1016.0,-1016.0,DWT,uc1.l0082987033,0.0,0.0,0.0,0.0,0.0,0.0,0.0,0.0,1.0,84,0.0,3.637978807091713e-12,1.0,84,,0.0,0.0,1.0,84,0.0,0.0,0.0,0.0,0.0,0.0,0.0,0.0,0.0,0.0,9.879927563902346e-14,0.0,0.0,0.0,2.842170943040401e-14,0.0,0.0,0.0,2.842170943040401e-14,5.684341886080802e-14,2.7755575615628914e-17,0.0,0.0,4.163336342344337e-17,0.0,0.0,0.0,5.551115123125783e-17,0.9341800131110887,0.4119548974260536,0.10456678841246714,0.24337718507839234,0.04341430235672036,0.0,0.0,0.0,757,0.9334854457599587,0.5277900006555987,394,0,0,0.0,0.0,562,0,0,0.34749863727694447,0.47266113683088595,454,159.44983537150486,0.7939924607603297,541.75,510.13396219611707,0.547028530121767,612,db,413.2962962962963,398.0,188.41229481502944,243,0.9143723369387087,0.671803462110104,0.15839832550987273,5,460.25
db9,1,reflect,1.320249297806111e-26,318.8884636600728,10333954.852053534,0.5403225806451613,315.7766708835413,108,raw,8.608751571686032e-14,-1.0763689939352681e-10,"[2, 5, 11, 17, 22, 25, 29, 38, 44, 52, 55, 60, 65, 74, 78, 84, 89, 95, 98, 101, 105]","[37.99999999999994, 368.0000000000001, 460.99999999999983, 193.0000000000001, 951.0000000000001, 154.0000000000001, 881.0, 243.00000000000006, 491.0000000000002, 186.0, 320.9999999999999, 943.0000000000001, 810.0, 205.00000000000003, 478.0000000000001, 275.9999999999998, 347.0000000000001, 78.99999999999966, 1008.0, 114.0, 892.9999999999999]",21,5.772015194714246,97610.74634075139,0.8185409233505871,4.365923718251291e-06,1.0,0.4907407407407407,67631.0,0.12910941990473743,0.15147910127183992,188156.12126451553,82872438.25058056,8,12069.57955741813,0.027777777777777776,"[0.0, 0.009259259259259259, 0.018518518518518517, 0.027777777777777776, 0.037037037037037035, 0.046296296296296294, 0.05555555555555555, 0.06481481481481481, 0.07407407407407407, 0.08333333333333333, 0.09259259259259259, 0.10185185185185185, 0.1111111111111111, 0.12037037037037036, 0.12962962962962962, 0.1388888888888889, 0.14814814814814814, 0.15740740740740738, 0.16666666666666666, 0.17592592592592593, 0.18518518518518517, 0.19444444444444442, 0.2037037037037037, 0.21296296296296297, 0.2222222222222222, 0.23148148148148145, 0.24074074074074073]","[67631.0, 1786.634631637001, 1155.9831840869394, 12069.57955741813, 1906.577854206842, 950.5914327636033, 9083.877197385176, 2481.2296367744843, 778.6316126029466, 8965.162396385991, 2042.6423114779177, 1606.717102154148, 6927.939836298321, 1790.9411989177936, 2115.0643759896493, 4469.146453396725, 811.3124818658857, 852.4454942250566, 2613.518509595828, 1125.8336361545942, 622.528293616837, 1595.9028958466965, 1672.0836322356424, 807.7671822537565, 3024.634439411761, 842.7313814743666, 842.8235732269206]",3.0,0.3,145.15000000000006,15,0.5,1721880.1384885088,0.14445541615564297,0.12412575453778012,16430975.4527054,84089526828.82365,"[0.046875, 0.03125]",2,1721880.1384885088,0.046875,"[0.0, 0.015625, 0.03125, 0.046875, 0.0625, 0.078125, 0.09375, 0.109375, 0.125, 0.140625, 0.15625, 0.171875, 0.1875, 0.203125, 0.21875, 0.234375]","[154749.38571156544, 876106.9067082781, 1710291.376891533, 1721880.1384885088, 1236443.3975593024, 1200279.6938555262, 1385236.610142781, 1437054.0474222805, 1048940.2936461219, 664501.8455342904, 393060.29715082503, 165807.08106897445, 58528.06662853256, 51528.956393907545, 141871.95181127623, 339557.73472454003]",3.0,0.3,flattop,64,32,145.15000000000006,15,21,449.5238095238095,37.99999999999994,1008.0,"[2, 5, 11, 17, 22, 25, 29, 38, 44, 52, 55, 60, 65, 74, 78, 84, 89, 95, 98, 101, 105]","[37.99999999999994, 368.0000000000001, 460.99999999999983, 193.0000000000001, 951.0000000000001, 154.0000000000001, 881.0, 243.00000000000006, 491.0000000000002, 186.0, 320.9999999999999, 943.0000000000001, 810.0, 205.00000000000003, 478.0000000000001, 275.9999999999998, 347.0000000000001, 78.99999999999966, 1008.0, 114.0, 892.9999999999999]","[1, 1, 1, 15, 1, 24, 27, 35, 35, 49, 35, 35, 63, 73, 73, 73, 35, 92, 35, 99, 99]","[3, 8, 18, 18, 35, 27, 35, 39, 49, 53, 56, 73, 73, 75, 81, 85, 92, 97, 106, 102, 106]",0.05,30,52684909.0,1016.0,-1016.0,DWT,uc1.l0082987033,0.0,0.0,0.0,0.0,0.0,0.0,0.0,0.0,1.0,84,0.0,0.0,1.0,84,,0.0,0.0,1.0,84,0.0,0.0,0.0,0.0,0.0,0.0,0.0,0.0,0.0,0.0,1.0150610510858575e-13,0.0,0.0,0.0,5.684341886080802e-14,0.0,0.0,0.0,5.684341886080802e-14,5.684341886080802e-14,2.7755575615628914e-17,0.0,0.0,4.163336342344337e-17,0.0,0.0,0.0,5.551115123125783e-17,0.9329896708249399,0.4199328350594655,0.11692392007558258,0.24337718507839234,0.025700018252185132,0.0,0.0,0.0,761,0.935853061394719,0.5291286437625675,391,0,0,0.0,0.0,553,0,0,0.3477847258581131,0.47305026915977544,452,162.22695008331178,0.7904044572567032,539.25,506.8222809783286,0.546849515450057,613,db,413.2962962962963,398.0,188.41229481502944,243,0.9143723369387087,0.671803462110104,0.15839832550987273,5,461.0
bior2.2,1,reflect,2.94765181503472e-27,325.40026129057304,9494324.565412188,0.5535714285714286,337.8328865679172,108,raw,2.855329141850772e-14,-1.1170186997588936e-10,"[2, 5, 11, 17, 22, 25, 29, 38, 44, 52, 55, 60, 65, 74, 78, 84, 89, 95, 98, 101, 105]","[38.00000000000003, 367.9999999999998, 461.0, 193.0, 951.0, 153.9999999999999, 881.0, 243.00000000000006, 491.0, 186.0000000000001, 321.0, 942.9999999999999, 810.0, 205.00000000000006, 478.00000000000006, 276.0, 347.0, 78.99999999999989, 1008.0000000000001, 114.00000000000011, 893.0000000000001]",21,5.585032890272581,104066.25043347417,0.8352795537977699,4.365923718251291e-06,1.0,0.4907407407407407,67631.0,0.1291094199047374,0.15147910127183992,188156.12126451553,82872438.25058056,8,12069.57955741813,0.027777777777777776,"[0.0, 0.009259259259259259, 0.018518518518518517, 0.027777777777777776, 0.037037037037037035, 0.046296296296296294, 0.05555555555555555, 0.06481481481481481, 0.07407407407407407, 0.08333333333333333, 0.09259259259259259, 0.10185185185185185, 0.1111111111111111, 0.12037037037037036, 0.12962962962962962, 0.1388888888888889, 0.14814814814814814, 0.15740740740740738, 0.16666666666666666, 0.17592592592592593, 0.18518518518518517, 0.19444444444444442, 0.2037037037037037, 0.21296296296296297, 0.2222222222222222, 0.23148148148148145, 0.24074074074074073]","[67631.0, 1786.6346316370018, 1155.9831840869388, 12069.57955741813, 1906.5778542068429, 950.5914327636008, 9083.877197385176, 2481.229636774484, 778.6316126029452, 8965.162396385991, 2042.6423114779177, 1606.717102154149, 6927.939836298323, 1790.9411989177931, 2115.064375989648, 4469.146453396725, 811.312481865886, 852.4454942250585, 2613.518509595828, 1125.833636154594, 622.5282936168378, 1595.902895846698, 1672.0836322356424, 807.7671822537568, 3024.634439411759, 842.7313814743651, 842.8235732269203]",3.0,0.3,145.14999999999998,15,0.5,1721880.1384885088,0.14445541615564292,0.12412575453778008,16430975.4527054,84089526828.82368,"[0.046875, 0.03125]",2,1721880.1384885088,0.046875,"[0.0, 0.015625, 0.03125, 0.046875, 0.0625, 0.078125, 0.09375, 0.109375, 0.125, 0.140625, 0.15625, 0.171875, 0.1875, 0.203125, 0.21875, 0.234375]","[154749.3857115655, 876106.9067082781, 1710291.3768915324, 1721880.1384885088, 1236443.3975593026, 1200279.6938555269, 1385236.6101427814, 1437054.0474222805, 1048940.2936461219, 664501.8455342907, 393060.29715082515, 165807.08106897442, 58528.06662853257, 51528.9563939075, 141871.95181127617, 339557.73472453986]",3.0,0.3,flattop,64,32,145.14999999999998,15,21,449.5238095238095,38.00000000000003,1008.0000000000001,"[2, 5, 11, 17, 22, 25, 29, 38, 44, 52, 55, 60, 65, 74, 78, 84, 89, 95, 98, 101, 105]","[38.00000000000003, 367.9999999999998, 461.0, 193.0, 951.0, 153.9999999999999, 881.0, 243.00000000000006, 491.0, 186.0000000000001, 321.0, 942.9999999999999, 810.0, 205.00000000000006, 478.00000000000006, 276.0, 347.0, 78.99999999999989, 1008.0000000000001, 114.00000000000011, 893.0000000000001]","[1, 1, 1, 15, 1, 24, 27, 35, 35, 49, 35, 35, 63, 73, 73, 73, 35, 92, 35, 99, 99]","[3, 8, 18, 18, 35, 27, 35, 39, 49, 53, 56, 73, 73, 75, 81, 85, 92, 97, 106, 102, 106]",0.05,30,52684909.0,1016.0000000000001,-1016.0000000000001,DWT,uc1.l0082987033,0.0,0.0,0.0,0.0,0.0,1.1368683772161603e-13,0.0,1.1368683772161603e-13,1.0,84,0.0,0.0,1.0,84,,0.0,0.0,1.0,84,0.0,0.0,0.0,3.0517578125e-05,0.0,0.0,0.0,0.0,0.0,0.0,5.819683359558915e-14,0.0,1.1368683772161603e-13,0.0,2.842170943040401e-14,0.0,0.0,0.0,2.842170943040401e-14,2.842170943040401e-14,5.551115123125783e-17,0.0,0.0,0.0,0.0,0.0,0.0,0.0,0.9998441610968276,0.1803442796529269,0.03547678790423986,0.39126097366320883,0.04317443903830827,0.0,0.0,0.0,525,0.8815911955172868,0.49844914001978685,474,0,0,0.0,0.0,764,0,0,0.33002012827110233,0.4488871963010813,519,130.99236618978986,0.8307592168090571,570.5,551.7127731596375,0.546839556724942,614,bior,385.74074074074076,410.0,199.97417605530825,135,0.8534087184529663,0.7130285416801533,0.18870533457887761,4,461.5
db4,1,smooth,8.612987882696953e-27,320.74348474958697,9359250.353088887,0.5526315789473685,368.55659660259664,108,raw,5.590589719556898e-14,-1.1491396723073485e-10,"[2, 5, 11, 17, 22, 25, 29, 38, 44, 52, 55, 60, 65, 74, 78, 84, 89, 95, 98, 101, 105]","[37.99999999999997, 367.9999999999998, 460.99999999999994, 193.00000000000023, 951.0, 153.9999999999999, 881.0000000000002, 243.00000000000003, 491.00000000000017, 185.9999999999999, 321.0, 943.0, 810.0, 205.00000000000006, 477.99999999999994, 276.0, 347.0000000000001, 79.0, 1008.0, 113.99999999999989, 893.0000000000001]",21,5.648557600998886,101612.86384430545,0.8162778676880437,4.365923718251291e-06,1.0,0.4907407407407407,67631.0,0.1291094199047374,0.15147910127183992,188156.12126451556,82872438.25058056,8,12069.579557418134,0.027777777777777776,"[0.0, 0.009259259259259259, 0.018518518518518517, 0.027777777777777776, 0.037037037037037035, 0.046296296296296294, 0.05555555555555555, 0.06481481481481481, 0.07407407407407407, 0.08333333333333333, 0.09259259259259259, 0.10185185185185185, 0.1111111111111111, 0.12037037037037036, 0.12962962962962962, 0.1388888888888889, 0.14814814814814814, 0.15740740740740738, 0.16666666666666666, 0.17592592592592593, 0.18518518518518517, 0.19444444444444442, 0.2037037037037037, 0.21296296296296297, 0.2222222222222222, 0.23148148148148145, 0.24074074074074073]","[67631.0, 1786.6346316370016, 1155.9831840869397, 12069.579557418134, 1906.5778542068433, 950.591432763601, 9083.877197385176, 2481.229636774484, 778.6316126029446, 8965.162396385993, 2042.6423114779175, 1606.717102154149, 6927.939836298324, 1790.9411989177934, 2115.0643759896475, 4469.146453396725, 811.3124818658857, 852.4454942250567, 2613.518509595829, 1125.833636154594, 622.5282936168373, 1595.9028958466963, 1672.0836322356424, 807.767182253757, 3024.6344394117577, 842.7313814743651, 842.82357322692]",3.0,0.3,145.15000000000003,15,0.5,1721880.1384885088,0.14445541615564297,0.1241257545377801,16430975.452705402,84089526828.82368,"[0.046875, 0.03125]",2,1721880.1384885088,0.046875,"[0.0, 0.015625, 0.03125, 0.046875, 0.0625, 0.078125, 0.09375, 0.109375, 0.125, 0.140625, 0.15625, 0.171875, 0.1875, 0.203125, 0.21875, 0.234375]","[154749.3857115654, 876106.906708278, 1710291.376891533, 1721880.1384885088, 1236443.3975593026, 1200279.6938555269, 1385236.6101427814, 1437054.0474222808, 1048940.2936461223, 664501.8455342908, 393060.29715082515, 165807.08106897445, 58528.06662853262, 51528.95639390757, 141871.95181127632, 339557.73472453986]",3.0,0.3,flattop,64,32,145.15000000000003,15,21,449.5238095238095,37.99999999999997,1008.0,"[2, 5, 11, 17, 22, 25, 29, 38, 44, 52, 55, 60, 65, 74, 78, 84, 89, 95, 98, 101, 105]","[37.99999999999997, 367.9999999999998, 460.99999999999994, 193.00000000000023, 951.0, 153.9999999999999, 881.0000000000002, 243.00000000000003, 491.00000000000017, 185.9999999999999, 321.0, 943.0, 810.0, 205.00000000000006, 477.99999999999994, 276.0, 347.0000000000001, 79.0, 1008.0, 113.99999999999989, 893.0000000000001]","[1, 1, 1, 15, 1, 24, 27, 35, 35, 49, 35, 35, 63, 73, 73, 73, 35, 92, 35, 99, 99]","[3, 8, 18, 18, 35, 27, 35, 39, 49, 53, 56, 73, 73, 75, 81, 85, 92, 97, 106, 102, 106]",0.05,30,52684909.0,1016.0,-1016.0,DWT,uc1.l0082987033,0.0,0.0,0.0,0.0,0.0,0.0,1.862645149230957e-09,0.0,1.0,84,0.0,3.637978807091713e-12,1.0,84,,0.0,0.0,1.0,84,0.0,0.0,0.0,3.0517578125e-05,0.0,0.0,0.0,0.0,0.0,0.0,7.84980546173063e-14,0.0,0.0,0.0,2.842170943040401e-14,0.0,0.0,0.0,2.842170943040401e-14,2.842170943040401e-14,5.551115123125783e-17,0.0,0.0,2.7755575615628914e-17,2.9103830456733704e-11,0.0,0.0,5.551115123125783e-17,0.9520345638667935,0.26174125313114094,0.022374107594739314,0.38077036165833655,0.0365333605114595,0.0,0.0,0.0,538,0.8801999075509347,0.49766250978360216,475,0,0,0.0,0.0,763,0,0,0.33069072935249405,0.44979933532981087,516,129.3290377293514,0.8329082199879181,573.0,554.5850545856325,0.5462990712342691,615,db,413.2962962962963,398.0,188.41229481502944,243,0.9143723369387087,0.671803462110104,0.15839832550987273,5,462.5
rbio2.2,1,smooth,4.8243226914849434e-27,323.2606596179199,9305755.126907583,0.5625,429.3019923958483,108,raw,4.2632564145605986e-14,-1.1330003601983728e-10,"[2, 5, 11, 17, 22, 25, 29, 38, 44, 52, 55, 60, 65, 74, 78, 84, 89, 95, 98, 101, 105]","[37.99999999999997, 368.00000000000006, 460.99999999999983, 193.0000000000001, 951.0000000000001, 153.9999999999999, 881.0, 243.0, 491.0000000000001, 186.0, 320.9999999999999, 943.0000000000001, 810.0, 204.99999999999997, 477.99999999999994, 276.0000000000001, 347.0000000000001, 79.0, 1008.0, 113.99999999999989, 893.0]",21,5.754779363111844,109779.66031568879,0.66030230796424,4.365923718251291e-06,1.0,0.4907407407407407,67631.0,0.1291094199047374,0.15147910127183992,188156.12126451556,82872438.25058056,8,12069.57955741813,0.027777777777777776,"[0.0, 0.009259259259259259, 0.018518518518518517, 0.027777777777777776, 0.037037037037037035, 0.046296296296296294, 0.05555555555555555, 0.06481481481481481, 0.07407407407407407, 0.08333333333333333, 0.09259259259259259, 0.10185185185185185, 0.1111111111111111, 0.12037037037037036, 0.12962962962962962, 0.1388888888888889, 0.14814814814814814, 0.15740740740740738, 0.16666666666666666, 0.17592592592592593, 0.18518518518518517, 0.19444444444444442, 0.2037037037037037, 0.21296296296296297, 0.2222222222222222, 0.23148148148148145, 0.24074074074074073]","[67631.0, 1786.6346316370013, 1155.9831840869383, 12069.57955741813, 1906.577854206843, 950.5914327636025, 9083.877197385176, 2481.2296367744843, 778.6316126029448, 8965.162396385991, 2042.642311477917, 1606.7171021541499, 6927.939836298323, 1790.941198917794, 2115.0643759896484, 4469.146453396725, 811.3124818658852, 852.4454942250574, 2613.518509595828, 1125.833636154595, 622.528293616837, 1595.9028958466968, 1672.0836322356438, 807.7671822537571, 3024.63443941176, 842.7313814743658, 842.8235732269201]",3.0,0.3,145.15000000000003,15,0.5,1721880.1384885088,0.14445541615564295,0.1241257545377801,16430975.4527054,84089526828.82368,"[0.046875, 0.03125]",2,1721880.1384885088,0.046875,"[0.0, 0.015625, 0.03125, 0.046875, 0.0625, 0.078125, 0.09375, 0.109375, 0.125, 0.140625, 0.15625, 0.171875, 0.1875, 0.203125, 0.21875, 0.234375]","[154749.38571156553, 876106.9067082782, 1710291.3768915331, 1721880.1384885088, 1236443.3975593029, 1200279.6938555266, 1385236.610142781, 1437054.0474222803, 1048940.2936461219, 664501.8455342908, 393060.29715082515, 165807.0810689745, 58528.066628532644, 51528.95639390756, 141871.9518112763, 339557.7347245399]",3.0,0.3,flattop,64,32,145.15000000000003,15,21,449.5238095238095,37.99999999999997,1008.0,"[2, 5, 11, 17, 22, 25, 29, 38, 44, 52, 55, 60, 65, 74, 78, 84, 89, 95, 98, 101, 105]","[37.99999999999997, 368.00000000000006, 460.99999999999983, 193.0000000000001, 951.0000000000001, 153.9999999999999, 881.0, 243.0, 491.0000000000001, 186.0, 320.9999999999999, 943.0000000000001, 810.0, 204.99999999999997, 477.99999999999994, 276.0000000000001, 347.0000000000001, 79.0, 1008.0, 113.99999999999989, 893.0]","[1, 1, 1, 15, 1, 24, 27, 35, 35, 49, 35, 35, 63, 73, 73, 73, 35, 92, 35, 99, 99]","[3, 8, 18, 18, 35, 27, 35, 39, 49, 53, 56, 73, 73, 75, 81, 85, 92, 97, 106, 102, 106]",0.05,30,52684909.0,1016.0,-1016.0,DWT,uc1.l0082987033,0.0,0.0,0.0,0.0,0.0,0.0,0.0,0.0,1.0,84,0.0,0.0,1.0,84,,0.0,0.0,1.0,84,0.0,0.0,0.0,3.0517578125e-05,0.0,0.0,0.0,0.0,0.0,0.0,6.49639072694949e-14,0.0,0.0,0.0,2.842170943040401e-14,0.0,0.0,0.0,2.842170943040401e-14,2.842170943040401e-14,5.551115123125783e-17,0.0,0.0,2.7755575615628914e-17,2.9103830456733704e-11,0.0,0.0,2.7755575615628914e-17,0.9778775725560354,0.3978478147299708,0.017184879875532844,0.49092178770949735,0.05864008307964027,0.0,0.0,0.0,663,1.014067639152028,0.5733509422818555,265,0,0,0.0,0.0,680,0,0,0.3884944275901353,0.528422842852399,286,228.89662877960143,0.7042679214733831,473.5,390.2830349423517,0.5462554077651154,616,rbio,366.5925925925926,360.0,210.3588723315502,135,0.8110455588331695,0.7500562468954116,0.20725123474815782,3,462.75
db16,1,zero,2.4618069920443805e-26,316.1824831034295,9457561.365414716,0.5869565217391305,211.8581081826633,108,raw,1.1789746134093514e-13,-1.165452179208166e-10,"[2, 5, 11, 17, 22, 25, 29, 38, 44, 52, 55, 60, 65, 74, 78, 84, 89, 95, 98, 101, 105]","[38.0, 367.99999999999983, 460.99999999999983, 192.9999999999999, 951.0, 153.99999999999977, 881.0000000000002, 243.00000000000014, 490.99999999999994, 186.0000000000001, 320.9999999999999, 943.0, 809.9999999999998, 205.00000000000003, 478.00000000000034, 276.0, 347.00000000000034, 79.0, 1007.9999999999998, 114.00000000000023, 892.9999999999998]",21,5.570665308359834,141465.99201848355,0.9045600497020541,4.365923718251291e-06,1.0,0.4907407407407407,67631.0,0.1291094199047374,0.15147910127183992,188156.12126451556,82872438.25058056,8,12069.57955741813,0.027777777777777776,"[0.0, 0.009259259259259259, 0.018518518518518517, 0.027777777777777776, 0.037037037037037035, 0.046296296296296294, 0.05555555555555555, 0.06481481481481481, 0.07407407407407407, 0.08333333333333333, 0.09259259259259259, 0.10185185185185185, 0.1111111111111111, 0.12037037037037036, 0.12962962962962962, 0.1388888888888889, 0.14814814814814814, 0.15740740740740738, 0.16666666666666666, 0.17592592592592593, 0.18518518518518517, 0.19444444444444442, 0.2037037037037037, 0.21296296296296297, 0.2222222222222222, 0.23148148148148145, 0.24074074074074073]","[67631.0, 1786.6346316370011, 1155.9831840869388, 12069.57955741813, 1906.5778542068438, 950.5914327636007, 9083.877197385178, 2481.229636774483, 778.6316126029453, 8965.162396385991, 2042.6423114779172, 1606.7171021541496, 6927.939836298324, 1790.941198917794, 2115.064375989647, 4469.1464533967255, 811.3124818658847, 852.4454942250562, 2613.5185095958295, 1125.8336361545946, 622.5282936168389, 1595.902895846697, 1672.0836322356408, 807.7671822537565, 3024.6344394117573, 842.7313814743652, 842.82357322692]",3.0,0.3,145.15000000000003,15,0.5,1721880.1384885088,0.14445541615564295,0.12412575453778008,16430975.4527054,84089526828.82372,"[0.046875, 0.03125]",2,1721880.1384885088,0.046875,"[0.0, 0.015625, 0.03125, 0.046875, 0.0625, 0.078125, 0.09375, 0.109375, 0.125, 0.140625, 0.15625, 0.171875, 0.1875, 0.203125, 0.21875, 0.234375]","[154749.38571156538, 876106.9067082775, 1710291.3768915324, 1721880.1384885088, 1236443.3975593029, 1200279.6938555273, 1385236.6101427819, 1437054.0474222805, 1048940.293646122, 664501.8455342907, 393060.29715082515, 165807.0810689744, 58528.066628532484, 51528.956393907414, 141871.95181127626, 339557.73472454]",3.0,0.3,flattop,64,32,145.15000000000003,15,21,449.5238095238095,38.0,1007.9999999999998,"[2, 5, 11, 17, 22, 25, 29, 38, 44, 52, 55, 60, 65, 74, 78, 84, 89, 95, 98, 101, 105]","[38.0, 367.99999999999983, 460.99999999999983, 192.9999999999999, 951.0, 153.99999999999977, 881.0000000000002, 243.00000000000014, 490.99999999999994, 186.0000000000001, 320.9999999999999, 943.0, 809.9999999999998, 205.00000000000003, 478.00000000000034, 276.0, 347.00000000000034, 79.0, 1007.9999999999998, 114.00000000000023, 892.9999999999998]","[1, 1, 1, 15, 1, 24, 27, 35, 35, 49, 35, 35, 63, 73, 73, 73, 35, 92, 35, 99, 99]","[3, 8, 18, 18, 35, 27, 35, 39, 49, 53, 56, 73, 73, 75, 81, 85, 92, 97, 106, 102, 106]",0.05,30,52684909.0,1015.9999999999998,-1015.9999999999998,DWT,uc1.l0082987033,0.0,0.0,0.0,0.0,0.0,2.2737367544323206e-13,0.0,2.2737367544323206e-13,1.0,84,0.0,0.0,1.0,84,,0.0,0.0,1.0,84,0.0,0.0,0.0,6.103515625e-05,0.0,0.0,0.0,0.0,0.0,0.0,1.407551324172389e-13,0.0,2.2737367544323206e-13,0.0,2.842170943040401e-14,0.0,0.0,0.0,2.842170943040401e-14,0.0,5.551115123125783e-17,0.0,0.0,0.0,2.9103830456733704e-11,0.0,0.0,2.7755575615628914e-17,0.9052082560658747,0.16193447234287645,0.03191062639616339,0.7639057566188978,0.14441189661895618,0.0,0.0,0.0,610,1.0033745643041865,0.5673051083520527,279,0,0,0.0,0.0,724,0,0,0.40147420160855374,0.5460776883258339,260,234.29664245709256,0.6972911596161595,468.25,382.7405825448717,0.5461584997047206,617,db,413.2962962962963,398.0,188.41229481502944,243,0.9143723369387087,0.671803462110104,0.15839832550987273,5,464.0
db24,1,periodization,4.0300274111390755e-26,314.0419431107912,9331607.339014452,0.5740740740740741,495.2092571893911,108,raw,1.5020083942039893e-13,-1.098702240298628e-10,"[2, 5, 11, 17, 22, 25, 29, 38, 44, 52, 55, 60, 65, 74, 78, 84, 89, 95, 98, 101, 105]","[37.99999999999997, 367.9999999999998, 461.00000000000074, 193.0000000000001, 951.0000000000001, 153.99999999999977, 880.9999999999997, 242.99999999999991, 490.9999999999996, 185.9999999999999, 321.0, 943.0000000000001, 810.0000000000002, 205.00000000000017, 477.99999999999983, 275.9999999999999, 347.0000000000001, 78.99999999999989, 1008.0000000000005, 114.00000000000011, 893.0000000000001]",21,5.645855755174143,95467.34242112483,0.7762946185554254,4.36592371825129e-06,0.9999999999999997,0.4907407407407407,67631.0,0.12910941990473745,0.15147910127183992,188156.12126451553,82872438.25058056,8,12069.579557418134,0.027777777777777776,"[0.0, 0.009259259259259259, 0.018518518518518517, 0.027777777777777776, 0.037037037037037035, 0.046296296296296294, 0.05555555555555555, 0.06481481481481481, 0.07407407407407407, 0.08333333333333333, 0.09259259259259259, 0.10185185185185185, 0.1111111111111111, 0.12037037037037036, 0.12962962962962962, 0.1388888888888889, 0.14814814814814814, 0.15740740740740738, 0.16666666666666666, 0.17592592592592593, 0.18518518518518517, 0.19444444444444442, 0.2037037037037037, 0.21296296296296297, 0.2222222222222222, 0.23148148148148145, 0.24074074074074073]","[67631.0, 1786.6346316369998, 1155.9831840869397, 12069.579557418134, 1906.577854206841, 950.5914327635993, 9083.877197385176, 2481.229636774485, 778.6316126029443, 8965.162396385991, 2042.6423114779202, 1606.7171021541485, 6927.939836298321, 1790.9411989177927, 2115.0643759896493, 4469.146453396727, 811.3124818658862, 852.4454942250578, 2613.518509595828, 1125.833636154596, 622.5282936168384, 1595.902895846697, 1672.0836322356429, 807.767182253757, 3024.634439411759, 842.7313814743674, 842.8235732269179]",3.0,0.3,145.15,15,0.5,1721880.138488508,0.14445541615564295,0.12412575453778008,16430975.452705398,84089526828.82364,"[0.046875, 0.03125]",2,1721880.138488508,0.046875,"[0.0, 0.015625, 0.03125, 0.046875, 0.0625, 0.078125, 0.09375, 0.109375, 0.125, 0.140625, 0.15625, 0.171875, 0.1875, 0.203125, 0.21875, 0.234375]","[154749.3857115655, 876106.9067082775, 1710291.3768915315, 1721880.138488508, 1236443.3975593015, 1200279.693855527, 1385236.6101427814, 1437054.047422281, 1048940.2936461223, 664501.8455342907, 393060.29715082515, 165807.08106897466, 58528.06662853275, 51528.95639390765, 141871.95181127638, 339557.7347245401]",3.0,0.3,flattop,64,32,145.15,15,21,449.5238095238095,37.99999999999997,1008.0000000000005,"[2, 5, 11, 17, 22, 25, 29, 38, 44, 52, 55, 60, 65, 74, 78, 84, 89, 95, 98, 101, 105]","[37.99999999999997, 367.9999999999998, 461.00000000000074, 193.0000000000001, 951.0000000000001, 153.99999999999977, 880.9999999999997, 242.99999999999991, 490.9999999999996, 185.9999999999999, 321.0, 943.0000000000001, 810.0000000000002, 205.00000000000017, 477.99999999999983, 275.9999999999999, 347.0000000000001, 78.99999999999989, 1008.0000000000005, 114.00000000000011, 893.0000000000001]","[1, 1, 1, 15, 1, 24, 27, 35, 35, 49, 35, 35, 63, 73, 73, 73, 35, 92, 35, 99, 99]","[3, 8, 18, 18, 35, 27, 35, 39, 49, 53, 56, 73, 73, 75, 81, 85, 92, 97, 106, 102, 106]",0.05,30,52684909.0,1016.0000000000006,-1016.0000000000006,DWT,uc1.l0082987033,6.984919309616089e-10,0.0,0.0,0.0,0.0,4.547473508864641e-13,1.862645149230957e-09,5.684341886080801e-13,1.0,84,0.0,3.637978807091713e-12,1.0,84,,0.0,0.0,1.0,84,0.0,0.0,0.0,1.52587890625e-05,0.0,0.0,0.0,0.0,0.0,0.0,1.9489172180848469e-13,0.0,5.684341886080801e-13,0.0,0.0,0.0,0.0,0.0,0.0,2.842170943040401e-14,0.0,6.984919309616089e-10,0.0,0.0,0.0,0.0,0.0,2.7755575615628914e-17,0.8832320341015827,0.2582792606179229,0.019692636646447336,0.6201117318435755,0.01989803261818912,0.0,0.0,0.0,744,0.9249290748778406,0.5229522530356492,413,0,0,0.0,0.0,599,0,0,0.36024273916554356,0.4899954254881196,395,165.56041193473757,0.786097658999047,537.75,502.1032994881303,0.545665108569291,618,db,413.2962962962963,398.0,188.41229481502944,243,0.9143723369387087,0.671803462110104,0.15839832550987273,5,464.75
db25,1,periodization,4.7504991888647744e-26,313.32763062909044,9453147.242965922,0.5555555555555556,415.74084065023857,108,raw,1.5198542013405567e-13,-1.1661538401597297e-10,"[2, 5, 11, 17, 22, 25, 29, 38, 44, 52, 55, 60, 65, 74, 78, 84, 89, 95, 98, 101, 105]","[38.0, 367.9999999999997, 461.0000000000001, 192.99999999999937, 951.0000000000005, 153.99999999999977, 881.0000000000001, 242.99999999999986, 491.0000000000001, 185.99999999999966, 321.0000000000001, 943.0, 810.0, 204.99999999999994, 477.99999999999955, 276.0000000000002, 346.99999999999955, 79.00000000000034, 1007.9999999999998, 114.00000000000023, 892.9999999999998]",21,5.573266515995802,95467.34242112483,0.8238729062763643,4.365923718251294e-06,1.0,0.4907407407407407,67631.0,0.12910941990473745,0.15147910127183992,188156.1212645155,82872438.25058056,8,12069.57955741813,0.027777777777777776,"[0.0, 0.009259259259259259, 0.018518518518518517, 0.027777777777777776, 0.037037037037037035, 0.046296296296296294, 0.05555555555555555, 0.06481481481481481, 0.07407407407407407, 0.08333333333333333, 0.09259259259259259, 0.10185185185185185, 0.1111111111111111, 0.12037037037037036, 0.12962962962962962, 0.1388888888888889, 0.14814814814814814, 0.15740740740740738, 0.16666666666666666, 0.17592592592592593, 0.18518518518518517, 0.19444444444444442, 0.2037037037037037, 0.21296296296296297, 0.2222222222222222, 0.23148148148148145, 0.24074074074074073]","[67631.0, 1786.634631637, 1155.983184086937, 12069.57955741813, 1906.5778542068424, 950.5914327636, 9083.877197385176, 2481.2296367744857, 778.6316126029432, 8965.162396385995, 2042.64231147792, 1606.7171021541496, 6927.939836298325, 1790.9411989177943, 2115.0643759896498, 4469.146453396726, 811.3124818658861, 852.4454942250583, 2613.518509595829, 1125.833636154594, 622.528293616838, 1595.9028958466986, 1672.0836322356415, 807.7671822537551, 3024.634439411759, 842.731381474366, 842.8235732269183]",3.0,0.3,145.15,15,0.5,1721880.1384885088,0.1444554161556429,0.12412575453778006,16430975.452705404,84089526828.82378,"[0.046875, 0.03125]",2,1721880.1384885088,0.046875,"[0.0, 0.015625, 0.03125, 0.046875, 0.0625, 0.078125, 0.09375, 0.109375, 0.125, 0.140625, 0.15625, 0.171875, 0.1875, 0.203125, 0.21875, 0.234375]","[154749.38571156547, 876106.906708278, 1710291.376891533, 1721880.1384885088, 1236443.3975593029, 1200279.6938555276, 1385236.610142783, 1437054.0474222824, 1048940.2936461228, 664501.8455342911, 393060.2971508255, 165807.08106897483, 58528.06662853272, 51528.956393907414, 141871.95181127594, 339557.73472453933]",3.0,0.3,flattop,64,32,145.15,15,21,449.52380952380946,38.0,1007.9999999999998,"[2, 5, 11, 17, 22, 25, 29, 38, 44, 52, 55, 60, 65, 74, 78, 84, 89, 95, 98, 101, 105]","[38.0, 367.9999999999997, 461.0000000000001, 192.99999999999937, 951.0000000000005, 153.99999999999977, 881.0000000000001, 242.99999999999986, 491.0000000000001, 185.99999999999966, 321.0000000000001, 943.0, 810.0, 204.99999999999994, 477.99999999999955, 276.0000000000002, 346.99999999999955, 79.00000000000034, 1007.9999999999998, 114.00000000000023, 892.9999999999998]","[1, 1, 1, 15, 1, 24, 27, 35, 35, 49, 35, 35, 63, 73, 73, 73, 35, 92, 35, 99, 99]","[3, 8, 18, 18, 35, 27, 35, 39, 49, 53, 56, 73, 73, 75, 81, 85, 92, 97, 106, 102, 106]",0.05,30,52684909.0,1015.9999999999998,-1015.9999999999998,DWT,uc1.l0082987033,0.0,0.0,5.684341886080802e-14,0.0,0.0,2.2737367544323206e-13,3.725290298461914e-09,2.2737367544323206e-13,1.0,84,0.0,0.0,1.0,84,,0.0,0.0,1.0,84,0.0,0.0,0.0,0.0001220703125,0.0,0.0,0.0,0.0,5.684341886080802e-14,1.8189894035458565e-12,2.260202607084509e-13,0.0,2.2737367544323206e-13,0.0,0.0,0.0,0.0,0.0,0.0,0.0,0.0,0.0,0.0,1.3877787807814457e-17,2.9103830456733704e-11,0.0,0.0,2.7755575615628914e-17,0.8758984221608072,0.16526751276975027,0.031482440776578864,0.41340782122905073,0.01989803261818912,0.0,0.0,0.0,726,0.7972363716085448,0.45075516389158654,566,0,0,0.0,0.0,406,0,0,0.30119084591087525,0.4096741464854537,592,131.28467795849852,0.8303815530251957,572.5,548.2126809248707,0.5453587351689286,619,db,413.2962962962963,398.0,188.41229481502944,243,0.9143723369387087,0.671803462110104,0.15839832550987273,5,465.5
db10,1,constant,1.341788122225701e-26,318.81818368085936,9425762.5167933,0.5952380952380952,276.19979269544297,108,raw,8.296244349939689e-14,-1.1151768397610403e-10,"[2, 5, 11, 17, 22, 25, 29, 38, 44, 52, 55, 60, 65, 74, 78, 84, 89, 95, 98, 101, 105]","[38.00000000000003, 368.0000000000001, 461.0, 193.0000000000001, 950.9999999999999, 154.0, 881.0000000000002, 243.0, 491.0000000000003, 185.99999999999977, 320.9999999999998, 942.9999999999998, 810.0000000000002, 205.0000000000001, 478.00000000000006, 275.9999999999999, 347.00000000000045, 78.99999999999989, 1007.9999999999997, 113.99999999999977, 893.0]",21,5.593172196422521,123491.81622905252,0.8849242589278116,4.365923718251291e-06,1.0,0.4907407407407407,67631.0,0.12910941990473737,0.15147910127183994,188156.12126451556,82872438.25058056,8,12069.57955741813,0.027777777777777776,"[0.0, 0.009259259259259259, 0.018518518518518517, 0.027777777777777776, 0.037037037037037035, 0.046296296296296294, 0.05555555555555555, 0.06481481481481481, 0.07407407407407407, 0.08333333333333333, 0.09259259259259259, 0.10185185185185185, 0.1111111111111111, 0.12037037037037036, 0.12962962962962962, 0.1388888888888889, 0.14814814814814814, 0.15740740740740738, 0.16666666666666666, 0.17592592592592593, 0.18518518518518517, 0.19444444444444442, 0.2037037037037037, 0.21296296296296297, 0.2222222222222222, 0.23148148148148145, 0.24074074074074073]","[67631.0, 1786.6346316370013, 1155.9831840869397, 12069.57955741813, 1906.5778542068433, 950.5914327636013, 9083.877197385176, 2481.2296367744834, 778.6316126029462, 8965.16239638599, 2042.6423114779172, 1606.7171021541487, 6927.939836298322, 1790.9411989177945, 2115.0643759896475, 4469.1464533967255, 811.3124818658863, 852.4454942250568, 2613.518509595829, 1125.8336361545944, 622.528293616839, 1595.9028958466974, 1672.0836322356436, 807.7671822537566, 3024.6344394117586, 842.7313814743648, 842.8235732269195]",3.0,0.3,145.14999999999995,15,0.5,1721880.1384885088,0.14445541615564295,0.12412575453778009,16430975.452705402,84089526828.82372,"[0.046875, 0.03125]",2,1721880.1384885088,0.046875,"[0.0, 0.015625, 0.03125, 0.046875, 0.0625, 0.078125, 0.09375, 0.109375, 0.125, 0.140625, 0.15625, 0.171875, 0.1875, 0.203125, 0.21875, 0.234375]","[154749.38571156547, 876106.9067082779, 1710291.3768915324, 1721880.1384885088, 1236443.3975593029, 1200279.6938555273, 1385236.6101427814, 1437054.047422281, 1048940.2936461223, 664501.8455342907, 393060.29715082515, 165807.0810689745, 58528.06662853267, 51528.956393907516, 141871.9518112762, 339557.7347245398]",3.0,0.3,flattop,64,32,145.14999999999995,15,21,449.5238095238095,38.00000000000003,1007.9999999999997,"[2, 5, 11, 17, 22, 25, 29, 38, 44, 52, 55, 60, 65, 74, 78, 84, 89, 95, 98, 101, 105]","[38.00000000000003, 368.0000000000001, 461.0, 193.0000000000001, 950.9999999999999, 154.0, 881.0000000000002, 243.0, 491.0000000000003, 185.99999999999977, 320.9999999999998, 942.9999999999998, 810.0000000000002, 205.0000000000001, 478.00000000000006, 275.9999999999999, 347.00000000000045, 78.99999999999989, 1007.9999999999997, 113.99999999999977, 893.0]","[1, 1, 1, 15, 1, 24, 27, 35, 35, 49, 35, 35, 63, 73, 73, 73, 35, 92, 35, 99, 99]","[3, 8, 18, 18, 35, 27, 35, 39, 49, 53, 56, 73, 73, 75, 81, 85, 92, 97, 106, 102, 106]",0.05,30,52684909.0,1015.9999999999998,-1015.9999999999998,DWT,uc1.l0082987033,0.0,0.0,0.0,0.0,0.0,3.410605131648481e-13,1.862645149230957e-09,2.2737367544323206e-13,1.0,84,0.0,0.0,1.0,84,,0.0,0.0,1.0,84,0.0,0.0,0.0,6.103515625e-05,0.0,0.0,0.0,0.0,0.0,0.0,1.5293586503026925e-13,0.0,2.2737367544323206e-13,0.0,5.684341886080802e-14,0.0,0.0,0.0,5.684341886080802e-14,2.842170943040401e-14,8.326672684688674e-17,0.0,2.7755575615628914e-17,1.3877787807814457e-17,2.9103830456733704e-11,0.0,0.0,2.7755575615628914e-17,0.9322681293316011,0.190773526464804,0.02882602467589296,0.8563447725458898,0.09575755351624898,0.0,0.0,0.0,632,1.0500015835941647,0.5936678916749266,239,0,0,0.0,0.0,703,0,0,0.4207940013068874,0.5723561179631903,208,258.28730772791243,0.6662954680517927,445.5,333.4292966800338,0.5453570363514777,620,db,413.2962962962963,398.0,188.41229481502944,243,0.9143723369387087,0.671803462110104,0.15839832550987273,5,466.25
rbio2.2,1,zero,4.8229202720978834e-27,323.2619222854151,9306755.085528752,0.5625,429.3019923958483,108,raw,4.256677315155412e-14,-1.1329492899392401e-10,"[2, 5, 11, 17, 22, 25, 29, 38, 44, 52, 55, 60, 65, 74, 78, 84, 89, 95, 98, 101, 105]","[37.99999999999997, 368.00000000000006, 460.99999999999983, 193.0000000000001, 951.0000000000001, 153.9999999999999, 881.0, 243.0, 491.0000000000001, 186.0, 320.9999999999999, 943.0000000000001, 810.0, 204.99999999999997, 477.99999999999994, 276.0000000000001, 347.0000000000001, 79.0, 1008.0, 113.99999999999989, 893.0]",21,5.749671596946278,112943.94706632652,0.6703548205850193,4.365923718251291e-06,1.0,0.4907407407407407,67631.0,0.1291094199047374,0.15147910127183992,188156.12126451556,82872438.25058056,8,12069.57955741813,0.027777777777777776,"[0.0, 0.009259259259259259, 0.018518518518518517, 0.027777777777777776, 0.037037037037037035, 0.046296296296296294, 0.05555555555555555, 0.06481481481481481, 0.07407407407407407, 0.08333333333333333, 0.09259259259259259, 0.10185185185185185, 0.1111111111111111, 0.12037037037037036, 0.12962962962962962, 0.1388888888888889, 0.14814814814814814, 0.15740740740740738, 0.16666666666666666, 0.17592592592592593, 0.18518518518518517, 0.19444444444444442, 0.2037037037037037, 0.21296296296296297, 0.2222222222222222, 0.23148148148148145, 0.24074074074074073]","[67631.0, 1786.6346316370013, 1155.9831840869383, 12069.57955741813, 1906.577854206843, 950.5914327636025, 9083.877197385176, 2481.2296367744843, 778.6316126029448, 8965.162396385991, 2042.642311477917, 1606.7171021541499, 6927.939836298323, 1790.941198917794, 2115.0643759896484, 4469.146453396725, 811.3124818658852, 852.4454942250574, 2613.518509595828, 1125.833636154595, 622.528293616837, 1595.9028958466968, 1672.0836322356438, 807.7671822537571, 3024.63443941176, 842.7313814743658, 842.8235732269201]",3.0,0.3,145.15000000000003,15,0.5,1721880.1384885088,0.14445541615564295,0.1241257545377801,16430975.4527054,84089526828.82368,"[0.046875, 0.03125]",2,1721880.1384885088,0.046875,"[0.0, 0.015625, 0.03125, 0.046875, 0.0625, 0.078125, 0.09375, 0.109375, 0.125, 0.140625, 0.15625, 0.171875, 0.1875, 0.203125, 0.21875, 0.234375]","[154749.38571156553, 876106.9067082782, 1710291.3768915331, 1721880.1384885088, 1236443.3975593029, 1200279.6938555266, 1385236.610142781, 1437054.0474222803, 1048940.2936461219, 664501.8455342908, 393060.29715082515, 165807.0810689745, 58528.066628532644, 51528.95639390756, 141871.9518112763, 339557.7347245399]",3.0,0.3,flattop,64,32,145.15000000000003,15,21,449.5238095238095,37.99999999999997,1008.0,"[2, 5, 11, 17, 22, 25, 29, 38, 44, 52, 55, 60, 65, 74, 78, 84, 89, 95, 98, 101, 105]","[37.99999999999997, 368.00000000000006, 460.99999999999983, 193.0000000000001, 951.0000000000001, 153.9999999999999, 881.0, 243.0, 491.0000000000001, 186.0, 320.9999999999999, 943.0000000000001, 810.0, 204.99999999999997, 477.99999999999994, 276.0000000000001, 347.0000000000001, 79.0, 1008.0, 113.99999999999989, 893.0]","[1, 1, 1, 15, 1, 24, 27, 35, 35, 49, 35, 35, 63, 73, 73, 73, 35, 92, 35, 99, 99]","[3, 8, 18, 18, 35, 27, 35, 39, 49, 53, 56, 73, 73, 75, 81, 85, 92, 97, 106, 102, 106]",0.05,30,52684909.0,1016.0,-1016.0,DWT,uc1.l0082987033,0.0,0.0,0.0,0.0,0.0,0.0,0.0,0.0,1.0,84,0.0,0.0,1.0,84,,0.0,0.0,1.0,84,0.0,0.0,0.0,3.0517578125e-05,0.0,0.0,0.0,0.0,0.0,0.0,6.49639072694949e-14,0.0,0.0,0.0,2.842170943040401e-14,0.0,0.0,0.0,2.842170943040401e-14,2.842170943040401e-14,5.551115123125783e-17,0.0,0.0,2.7755575615628914e-17,2.9103830456733704e-11,0.0,0.0,2.7755575615628914e-17,0.9778905359490284,0.3913030118909192,0.017281879427931045,0.49092178770949735,0.06720549909896098,0.0,0.0,0.0,667,1.0142776819522257,0.5734696998802279,264,0,0,0.0,0.0,679,0,0,0.38892054281526744,0.5290024367993283,282,231.10892092979304,0.7014096628814044,473.0,388.1240821652896,0.5451492758851466,621,rbio,366.5925925925926,360.0,210.3588723315502,135,0.8110455588331695,0.7500562468954116,0.20725123474815782,3,466.5
bior2.2,1,antireflect,2.946746085847244e-27,325.4015959584999,9494650.626131676,0.5535714285714286,337.8328865679172,108,raw,2.863553016107255e-14,-1.116937653478096e-10,"[2, 5, 11, 17, 22, 25, 29, 38, 44, 52, 55, 60, 65, 74, 78, 84, 89, 95, 98, 101, 105]","[38.00000000000003, 367.9999999999998, 461.0, 193.0, 951.0, 153.9999999999999, 881.0, 243.00000000000006, 491.0, 186.0000000000001, 321.0, 942.9999999999999, 810.0, 205.00000000000006, 478.00000000000006, 276.0, 347.0, 78.99999999999989, 1008.0000000000001, 114.00000000000011, 893.0000000000001]",21,5.581630270617082,109893.33704858896,0.8458848743583036,4.365923718251291e-06,1.0,0.4907407407407407,67631.0,0.1291094199047374,0.15147910127183992,188156.12126451553,82872438.25058056,8,12069.57955741813,0.027777777777777776,"[0.0, 0.009259259259259259, 0.018518518518518517, 0.027777777777777776, 0.037037037037037035, 0.046296296296296294, 0.05555555555555555, 0.06481481481481481, 0.07407407407407407, 0.08333333333333333, 0.09259259259259259, 0.10185185185185185, 0.1111111111111111, 0.12037037037037036, 0.12962962962962962, 0.1388888888888889, 0.14814814814814814, 0.15740740740740738, 0.16666666666666666, 0.17592592592592593, 0.18518518518518517, 0.19444444444444442, 0.2037037037037037, 0.21296296296296297, 0.2222222222222222, 0.23148148148148145, 0.24074074074074073]","[67631.0, 1786.6346316370018, 1155.983184086939, 12069.57955741813, 1906.5778542068429, 950.5914327636009, 9083.877197385176, 2481.229636774484, 778.6316126029453, 8965.162396385991, 2042.6423114779177, 1606.717102154149, 6927.939836298323, 1790.9411989177931, 2115.064375989648, 4469.146453396725, 811.312481865886, 852.4454942250585, 2613.518509595828, 1125.833636154594, 622.5282936168377, 1595.902895846698, 1672.0836322356424, 807.7671822537568, 3024.634439411759, 842.7313814743652, 842.8235732269203]",3.0,0.3,145.14999999999998,15,0.5,1721880.1384885088,0.14445541615564292,0.12412575453778008,16430975.4527054,84089526828.82368,"[0.046875, 0.03125]",2,1721880.1384885088,0.046875,"[0.0, 0.015625, 0.03125, 0.046875, 0.0625, 0.078125, 0.09375, 0.109375, 0.125, 0.140625, 0.15625, 0.171875, 0.1875, 0.203125, 0.21875, 0.234375]","[154749.3857115655, 876106.9067082781, 1710291.3768915324, 1721880.1384885088, 1236443.3975593026, 1200279.6938555269, 1385236.6101427814, 1437054.0474222805, 1048940.2936461219, 664501.8455342907, 393060.29715082515, 165807.08106897442, 58528.06662853257, 51528.9563939075, 141871.95181127617, 339557.73472453986]",3.0,0.3,flattop,64,32,145.14999999999998,15,21,449.5238095238095,38.00000000000003,1008.0000000000001,"[2, 5, 11, 17, 22, 25, 29, 38, 44, 52, 55, 60, 65, 74, 78, 84, 89, 95, 98, 101, 105]","[38.00000000000003, 367.9999999999998, 461.0, 193.0, 951.0, 153.9999999999999, 881.0, 243.00000000000006, 491.0, 186.0000000000001, 321.0, 942.9999999999999, 810.0, 205.00000000000006, 478.00000000000006, 276.0, 347.0, 78.99999999999989, 1008.0000000000001, 114.00000000000011, 893.0000000000001]","[1, 1, 1, 15, 1, 24, 27, 35, 35, 49, 35, 35, 63, 73, 73, 73, 35, 92, 35, 99, 99]","[3, 8, 18, 18, 35, 27, 35, 39, 49, 53, 56, 73, 73, 75, 81, 85, 92, 97, 106, 102, 106]",0.05,30,52684909.0,1016.0000000000001,-1016.0000000000001,DWT,uc1.l0082987033,0.0,0.0,0.0,0.0,0.0,1.1368683772161603e-13,0.0,1.1368683772161603e-13,1.0,84,0.0,0.0,1.0,84,,0.0,0.0,1.0,84,0.0,0.0,0.0,3.0517578125e-05,0.0,0.0,0.0,0.0,0.0,0.0,5.819683359558915e-14,0.0,1.1368683772161603e-13,0.0,2.842170943040401e-14,0.0,0.0,0.0,2.842170943040401e-14,2.842170943040401e-14,5.551115123125783e-17,0.0,0.0,0.0,0.0,0.0,0.0,0.0,0.9998578636946349,0.17598435516545655,0.03550841695685809,0.39126097366320883,0.0589477949230157,0.0,0.0,0.0,527,0.885744611712428,0.500797469655041,468,0,0,0.0,0.0,769,0,0,0.33231188088063485,0.4520043952698171,508,136.2375376563547,0.8239825094879139,568.0,547.7066606497608,0.5450661901444738,622,bior,385.74074074074076,410.0,199.97417605530825,135,0.8534087184529663,0.7130285416801533,0.18870533457887761,4,467.5
db15,1,periodization,2.6731260287375154e-26,315.82482876445295,9419487.78279276,0.5370370370370371,424.7993788847627,108,raw,1.2450123236889073e-13,-1.0575973430349061e-10,"[2, 5, 11, 17, 22, 25, 29, 38, 44, 52, 55, 60, 65, 74, 78, 84, 89, 95, 98, 101, 105]","[37.99999999999997, 367.9999999999997, 460.99999999999966, 193.0, 950.9999999999998, 154.00000000000034, 881.0000000000001, 243.00000000000006, 491.00000000000006, 185.99999999999977, 321.0000000000001, 943.0, 810.0000000000002, 205.00000000000003, 478.00000000000017, 276.0, 347.0, 78.99999999999955, 1008.0, 114.0, 892.9999999999994]",21,5.593181945226705,95467.34242112482,0.7991554100810279,4.365923718251291e-06,1.0,0.4907407407407407,67631.0,0.1291094199047374,0.15147910127183992,188156.12126451553,82872438.25058056,8,12069.579557418134,0.027777777777777776,"[0.0, 0.009259259259259259, 0.018518518518518517, 0.027777777777777776, 0.037037037037037035, 0.046296296296296294, 0.05555555555555555, 0.06481481481481481, 0.07407407407407407, 0.08333333333333333, 0.09259259259259259, 0.10185185185185185, 0.1111111111111111, 0.12037037037037036, 0.12962962962962962, 0.1388888888888889, 0.14814814814814814, 0.15740740740740738, 0.16666666666666666, 0.17592592592592593, 0.18518518518518517, 0.19444444444444442, 0.2037037037037037, 0.21296296296296297, 0.2222222222222222, 0.23148148148148145, 0.24074074074074073]","[67631.0, 1786.634631637002, 1155.9831840869397, 12069.579557418134, 1906.5778542068447, 950.5914327635998, 9083.877197385176, 2481.2296367744834, 778.6316126029465, 8965.162396385993, 2042.6423114779154, 1606.7171021541462, 6927.939836298318, 1790.941198917794, 2115.0643759896493, 4469.1464533967255, 811.3124818658864, 852.4454942250578, 2613.5185095958263, 1125.8336361545923, 622.528293616838, 1595.9028958466977, 1672.0836322356417, 807.7671822537584, 3024.6344394117586, 842.7313814743659, 842.8235732269202]",3.0,0.3,145.1500000000001,15,0.5,1721880.1384885088,0.14445541615564292,0.12412575453778009,16430975.4527054,84089526828.82368,"[0.046875, 0.03125]",2,1721880.1384885088,0.046875,"[0.0, 0.015625, 0.03125, 0.046875, 0.0625, 0.078125, 0.09375, 0.109375, 0.125, 0.140625, 0.15625, 0.171875, 0.1875, 0.203125, 0.21875, 0.234375]","[154749.38571156553, 876106.9067082779, 1710291.376891532, 1721880.1384885088, 1236443.3975593029, 1200279.6938555273, 1385236.610142781, 1437054.04742228, 1048940.2936461219, 664501.8455342903, 393060.297150825, 165807.0810689745, 58528.066628532644, 51528.95639390751, 141871.95181127614, 339557.7347245397]",3.0,0.3,flattop,64,32,145.1500000000001,15,21,449.5238095238095,37.99999999999997,1008.0,"[2, 5, 11, 17, 22, 25, 29, 38, 44, 52, 55, 60, 65, 74, 78, 84, 89, 95, 98, 101, 105]","[37.99999999999997, 367.9999999999997, 460.99999999999966, 193.0, 950.9999999999998, 154.00000000000034, 881.0000000000001, 243.00000000000006, 491.00000000000006, 185.99999999999977, 321.0000000000001, 943.0, 810.0000000000002, 205.00000000000003, 478.00000000000017, 276.0, 347.0, 78.99999999999955, 1008.0, 114.0, 892.9999999999994]","[1, 1, 1, 15, 1, 24, 27, 35, 35, 49, 35, 35, 63, 73, 73, 73, 35, 92, 35, 99, 99]","[3, 8, 18, 18, 35, 27, 35, 39, 49, 53, 56, 73, 73, 75, 81, 85, 92, 97, 106, 102, 106]",0.05,30,52684909.0,1016.0000000000001,-1016.0000000000001,DWT,uc1.l0082987033,0.0,0.0,0.0,0.0,0.0,0.0,0.0,1.1368683772161603e-13,1.0,84,0.0,3.637978807091713e-12,1.0,84,,0.0,0.0,1.0,84,0.0,0.0,0.0,3.0517578125e-05,0.0,0.0,0.0,0.0,0.0,0.0,1.5428927976505028e-13,0.0,1.1368683772161603e-13,0.0,8.526512829121202e-14,0.0,0.0,0.0,8.526512829121202e-14,2.842170943040401e-14,5.551115123125783e-17,0.0,0.0,1.3877787807814457e-17,0.0,0.0,0.0,0.0,0.9015363362854117,0.19078601803141748,0.028217353100304293,0.20670391061452598,0.019898032618189086,0.0,0.0,0.0,614,0.741064264630194,0.4189956152948817,629,0,0,0.0,0.0,388,0,0,0.26942833012996975,0.36647136751844733,674,128.06346083094897,0.8345433322597559,576.25,549.4891399519072,0.5450171441660536,623,db,413.2962962962963,398.0,188.41229481502944,243,0.9143723369387087,0.671803462110104,0.15839832550987273,5,468.5
db4,1,periodic,8.610650517051853e-27,320.74466348428234,9731806.288967505,0.543859649122807,391.9596690097506,108,raw,5.5840106201517104e-14,-1.1496081864237402e-10,"[2, 5, 11, 17, 22, 25, 29, 38, 44, 52, 55, 60, 65, 74, 78, 84, 89, 95, 98, 101, 105]","[38.0, 367.9999999999999, 460.99999999999994, 193.00000000000023, 951.0, 153.9999999999999, 881.0000000000002, 243.00000000000003, 491.00000000000017, 185.9999999999999, 321.0, 943.0, 810.0, 205.00000000000006, 477.99999999999994, 276.0, 347.0000000000001, 79.0, 1008.0, 113.99999999999989, 893.0000000000001]",21,5.687950257259422,99231.25154705266,0.8082801520823599,4.365923718251291e-06,1.0,0.4907407407407407,67631.0,0.1291094199047374,0.15147910127183992,188156.12126451556,82872438.25058056,8,12069.579557418134,0.027777777777777776,"[0.0, 0.009259259259259259, 0.018518518518518517, 0.027777777777777776, 0.037037037037037035, 0.046296296296296294, 0.05555555555555555, 0.06481481481481481, 0.07407407407407407, 0.08333333333333333, 0.09259259259259259, 0.10185185185185185, 0.1111111111111111, 0.12037037037037036, 0.12962962962962962, 0.1388888888888889, 0.14814814814814814, 0.15740740740740738, 0.16666666666666666, 0.17592592592592593, 0.18518518518518517, 0.19444444444444442, 0.2037037037037037, 0.21296296296296297, 0.2222222222222222, 0.23148148148148145, 0.24074074074074073]","[67631.0, 1786.6346316370011, 1155.9831840869397, 12069.579557418134, 1906.5778542068435, 950.591432763601, 9083.877197385176, 2481.2296367744843, 778.6316126029446, 8965.162396385993, 2042.642311477917, 1606.7171021541494, 6927.939836298324, 1790.9411989177936, 2115.0643759896475, 4469.146453396725, 811.3124818658855, 852.4454942250563, 2613.518509595829, 1125.8336361545935, 622.5282936168371, 1595.9028958466963, 1672.0836322356427, 807.7671822537563, 3024.6344394117577, 842.7313814743653, 842.8235732269202]",3.0,0.3,145.15,15,0.5,1721880.1384885088,0.14445541615564297,0.1241257545377801,16430975.452705402,84089526828.82368,"[0.046875, 0.03125]",2,1721880.1384885088,0.046875,"[0.0, 0.015625, 0.03125, 0.046875, 0.0625, 0.078125, 0.09375, 0.109375, 0.125, 0.140625, 0.15625, 0.171875, 0.1875, 0.203125, 0.21875, 0.234375]","[154749.3857115654, 876106.906708278, 1710291.376891533, 1721880.1384885088, 1236443.3975593026, 1200279.6938555269, 1385236.6101427814, 1437054.0474222808, 1048940.2936461223, 664501.8455342908, 393060.29715082515, 165807.08106897445, 58528.06662853262, 51528.95639390757, 141871.95181127632, 339557.73472453986]",3.0,0.3,flattop,64,32,145.15,15,21,449.5238095238095,38.0,1008.0,"[2, 5, 11, 17, 22, 25, 29, 38, 44, 52, 55, 60, 65, 74, 78, 84, 89, 95, 98, 101, 105]","[38.0, 367.9999999999999, 460.99999999999994, 193.00000000000023, 951.0, 153.9999999999999, 881.0000000000002, 243.00000000000003, 491.00000000000017, 185.9999999999999, 321.0, 943.0, 810.0, 205.00000000000006, 477.99999999999994, 276.0, 347.0000000000001, 79.0, 1008.0, 113.99999999999989, 893.0000000000001]","[1, 1, 1, 15, 1, 24, 27, 35, 35, 49, 35, 35, 63, 73, 73, 73, 35, 92, 35, 99, 99]","[3, 8, 18, 18, 35, 27, 35, 39, 49, 53, 56, 73, 73, 75, 81, 85, 92, 97, 106, 102, 106]",0.05,30,52684909.0,1016.0,-1016.0,DWT,uc1.l0082987033,0.0,0.0,0.0,0.0,0.0,0.0,1.862645149230957e-09,0.0,1.0,84,0.0,3.637978807091713e-12,1.0,84,,0.0,0.0,1.0,84,0.0,0.0,0.0,3.0517578125e-05,0.0,0.0,0.0,0.0,0.0,0.0,7.17309809434006e-14,0.0,0.0,0.0,0.0,0.0,0.0,0.0,0.0,0.0,5.551115123125783e-17,0.0,0.0,2.7755575615628914e-17,2.9103830456733704e-11,0.0,0.0,5.551115123125783e-17,0.9520466655492622,0.3122167761239204,0.05851336201837772,0.2828579829461928,0.030086568001713377,0.0,0.0,0.0,537,0.8817708887798689,0.4985507380764108,473,0,0,0.0,0.0,765,0,0,0.32714427092789333,0.44497550901546673,523,129.937164301314,0.8321225267424883,574.5,555.8954447484839,0.5449372323634922,624,db,413.2962962962963,398.0,188.41229481502944,243,0.9143723369387087,0.671803462110104,0.15839832550987273,5,469.25
db6,1,periodization,1.431396877644695e-26,318.53742245644554,9429128.603939867,0.5740740740740741,369.2987900320609,108,raw,8.990339337186824e-14,-1.0957212914775092e-10,"[2, 5, 11, 17, 22, 25, 29, 38, 44, 52, 55, 60, 65, 74, 78, 84, 89, 95, 98, 101, 105]","[37.99999999999994, 368.0000000000001, 461.00000000000006, 193.0000000000001, 950.9999999999999, 154.0, 881.0, 243.00000000000009, 491.0, 185.9999999999999, 320.9999999999998, 943.0000000000002, 809.9999999999999, 205.0, 477.9999999999998, 276.0000000000002, 346.99999999999955, 78.99999999999977, 1007.9999999999999, 113.99999999999977, 893.0]",21,5.587463191241885,95467.34242112483,0.8322245708624434,4.365923718251292e-06,1.0,0.4907407407407407,67631.0,0.12910941990473745,0.15147910127183992,188156.12126451553,82872438.25058056,8,12069.57955741813,0.027777777777777776,"[0.0, 0.009259259259259259, 0.018518518518518517, 0.027777777777777776, 0.037037037037037035, 0.046296296296296294, 0.05555555555555555, 0.06481481481481481, 0.07407407407407407, 0.08333333333333333, 0.09259259259259259, 0.10185185185185185, 0.1111111111111111, 0.12037037037037036, 0.12962962962962962, 0.1388888888888889, 0.14814814814814814, 0.15740740740740738, 0.16666666666666666, 0.17592592592592593, 0.18518518518518517, 0.19444444444444442, 0.2037037037037037, 0.21296296296296297, 0.2222222222222222, 0.23148148148148145, 0.24074074074074073]","[67631.0, 1786.6346316370018, 1155.9831840869392, 12069.57955741813, 1906.5778542068442, 950.5914327635996, 9083.877197385174, 2481.2296367744825, 778.6316126029452, 8965.162396385991, 2042.6423114779177, 1606.717102154151, 6927.939836298323, 1790.9411989177931, 2115.0643759896498, 4469.146453396726, 811.3124818658864, 852.4454942250582, 2613.518509595828, 1125.8336361545942, 622.528293616837, 1595.9028958466965, 1672.0836322356417, 807.767182253758, 3024.6344394117596, 842.7313814743659, 842.8235732269214]",3.0,0.3,145.15,15,0.5,1721880.1384885083,0.14445541615564295,0.12412575453778009,16430975.4527054,84089526828.82368,"[0.046875, 0.03125]",2,1721880.1384885083,0.046875,"[0.0, 0.015625, 0.03125, 0.046875, 0.0625, 0.078125, 0.09375, 0.109375, 0.125, 0.140625, 0.15625, 0.171875, 0.1875, 0.203125, 0.21875, 0.234375]","[154749.38571156544, 876106.9067082775, 1710291.3768915317, 1721880.1384885083, 1236443.3975593024, 1200279.6938555276, 1385236.6101427819, 1437054.047422281, 1048940.2936461226, 664501.8455342909, 393060.29715082527, 165807.08106897454, 58528.06662853268, 51528.95639390758, 141871.95181127635, 339557.73472454003]",3.0,0.3,flattop,64,32,145.15,15,21,449.5238095238095,37.99999999999994,1007.9999999999999,"[2, 5, 11, 17, 22, 25, 29, 38, 44, 52, 55, 60, 65, 74, 78, 84, 89, 95, 98, 101, 105]","[37.99999999999994, 368.0000000000001, 461.00000000000006, 193.0000000000001, 950.9999999999999, 154.0, 881.0, 243.00000000000009, 491.0, 185.9999999999999, 320.9999999999998, 943.0000000000002, 809.9999999999999, 205.0, 477.9999999999998, 276.0000000000002, 346.99999999999955, 78.99999999999977, 1007.9999999999999, 113.99999999999977, 893.0]","[1, 1, 1, 15, 1, 24, 27, 35, 35, 49, 35, 35, 63, 73, 73, 73, 35, 92, 35, 99, 99]","[3, 8, 18, 18, 35, 27, 35, 39, 49, 53, 56, 73, 73, 75, 81, 85, 92, 97, 106, 102, 106]",0.05,30,52684909.0,1015.9999999999999,-1015.9999999999999,DWT,uc1.l0082987033,4.656612873077393e-10,0.0,0.0,0.0,0.0,1.1368683772161603e-13,0.0,1.1368683772161603e-13,1.0,84,0.0,0.0,1.0,84,,0.0,0.0,1.0,84,0.0,0.0,0.0,3.0517578125e-05,0.0,0.0,0.0,0.0,0.0,0.0,1.2857439980420863e-13,0.0,1.1368683772161603e-13,0.0,0.0,0.0,0.0,0.0,0.0,5.684341886080802e-14,0.0,4.656612873077393e-10,0.0,1.3877787807814457e-17,0.0,0.0,0.0,2.7755575615628914e-17,0.929385645935867,0.18345832993793842,0.02915254713356107,0.6201117318435755,0.01989803261818912,0.0,0.0,0.0,751,0.9199407318819758,0.520131858175701,421,0,0,0.0,0.0,591,0,0,0.3564012574938263,0.48477031407963417,408,161.94314846060433,0.7907711260198911,542.75,509.56176055100514,0.5447718679195063,625,db,413.2962962962963,398.0,188.41229481502944,243,0.9143723369387087,0.671803462110104,0.15839832550987273,5,470.0
sym18,1,reflect,1.475125756301197e-18,238.40673265146057,11807624.337489057,0.5422535211267606,392.9405802008566,108,raw,9.155729014449008e-10,2.231039573321676e-09,"[2, 5, 11, 17, 22, 25, 29, 38, 44, 52, 55, 60, 65, 74, 78, 84, 89, 95, 98, 101, 105]","[38.00000000053748, 368.000000002679, 461.0000000013109, 193.00000000192472, 951.0000000015038, 154.00000000260013, 881.0000000057286, 243.0000000016521, 491.0000000014367, 186.00000000096782, 321.0000000020748, 943.0000000008604, 810.0000000053169, 205.00000000157263, 478.0000000024612, 276.00000000123464, 347.0000000016464, 78.999999998921, 1008.0000000027126, 114.00000000211094, 893.0000000057186]",21,6.039765579570197,92692.10944708117,0.7580722665575382,4.365923718217877e-06,0.9999999999999998,0.4907407407407407,67630.99999999766,0.12910941990497735,0.15147910127181155,188156.12126497287,82872438.25057459,8,12069.579557424428,0.027777777777777776,"[0.0, 0.009259259259259259, 0.018518518518518517, 0.027777777777777776, 0.037037037037037035, 0.046296296296296294, 0.05555555555555555, 0.06481481481481481, 0.07407407407407407, 0.08333333333333333, 0.09259259259259259, 0.10185185185185185, 0.1111111111111111, 0.12037037037037036, 0.12962962962962962, 0.1388888888888889, 0.14814814814814814, 0.15740740740740738, 0.16666666666666666, 0.17592592592592593, 0.18518518518518517, 0.19444444444444442, 0.2037037037037037, 0.21296296296296297, 0.2222222222222222, 0.23148148148148145, 0.24074074074074073]","[67630.99999999766, 1786.6346316354939, 1155.9831840864988, 12069.579557424428, 1906.57785420876, 950.5914327624, 9083.877197398288, 2481.2296367786275, 778.6316126065092, 8965.16239640828, 2042.6423114823715, 1606.717102161509, 6927.9398363251175, 1790.941198926664, 2115.0643759978907, 4469.146453421083, 811.3124818698927, 852.4454942318355, 2613.5185096107407, 1125.8336361600202, 622.5282936200763, 1595.9028958589313, 1672.0836322495952, 807.7671822591865, 3024.634439439132, 842.7313814801829, 842.823573233952]",3.0,0.3,145.14999999886393,15,0.5,1721880.1384910457,0.14445541615597746,0.12412575453773585,16430975.452809704,84089526829.35268,"[0.046875, 0.03125]",2,1721880.1384910457,0.046875,"[0.0, 0.015625, 0.03125, 0.046875, 0.0625, 0.078125, 0.09375, 0.109375, 0.125, 0.140625, 0.15625, 0.171875, 0.1875, 0.203125, 0.21875, 0.234375]","[154749.38571158034, 876106.9067090662, 1710291.3768937541, 1721880.1384910457, 1236443.3975625888, 1200279.6938609048, 1385236.6101507486, 1437054.0474318392, 1048940.2936543792, 664501.8455403723, 393060.2971548303, 165807.08107082744, 58528.066629297806, 51528.95639477926, 141871.9518137792, 339557.73473044875]",3.0,0.3,flattop,64,32,145.14999999886393,15,21,449.5238095259511,38.00000000053748,1008.0000000027126,"[2, 5, 11, 17, 22, 25, 29, 38, 44, 52, 55, 60, 65, 74, 78, 84, 89, 95, 98, 101, 105]","[38.00000000053748, 368.000000002679, 461.0000000013109, 193.00000000192472, 951.0000000015038, 154.00000000260013, 881.0000000057286, 243.0000000016521, 491.0000000014367, 186.00000000096782, 321.0000000020748, 943.0000000008604, 810.0000000053169, 205.00000000157263, 478.0000000024612, 276.00000000123464, 347.0000000016464, 78.999999998921, 1008.0000000027126, 114.00000000211094, 893.0000000057186]","[1, 1, 1, 15, 1, 24, 27, 35, 35, 49, 35, 35, 63, 73, 73, 73, 35, 92, 35, 99, 99]","[3, 8, 18, 18, 35, 27, 35, 39, 49, 53, 56, 73, 73, 75, 81, 85, 92, 97, 106, 102, 106]",0.05,30,52684909.00005606,1016.0000000007915,-1016.0000000007915,DWT,uc1.l0082987033,2.5369226932525635e-06,0.0,2.141575805580942e-09,5.97536563873291e-06,0.0,2.7125679480377585e-09,0.00010430440306663513,7.914877642178908e-10,1.0,84,0.0,6.297341315075755e-09,1.0,84,,0.0,0.0,1.0,84,0.0,0.0,5.605816841125488e-05,0.529022216796875,2.342858351767063e-09,0.0,0.0,0.0,2.141575805580942e-09,4.4972694013267756e-08,2.244252614435113e-09,0.0,7.914877642178908e-10,0.0,1.136072569352109e-09,0.0,0.0,0.0,1.136072569352109e-09,5.374829470383702e-10,2.398914400458807e-13,2.5369226932525635e-06,2.836619827917275e-14,4.4228509743504674e-14,4.573375917971134e-07,0.0,0.0,3.345379528951753e-13,0.10671013818433639,0.76301304315047,0.25987511569915306,0.2649303643087584,0.012385747276656839,0.23594342876854085,0.11797171438427043,0.23594342876854085,27,0.6863966069695795,0.3880866780387188,649,0,0,0.23594342876854085,0.23594342876854085,27,0,0,0.281382881723875,0.3827317246552597,664,363.4935808695022,0.5303700505561988,341.75,51.866594303277644,0.5444162914279702,626,sym,445.72514619883043,505.0,280.45746329325993,171,0.986117580085908,1.0,0.009717693939864401,6,471.0
sym13,1,zero,5.900873199591891e-22,272.385860287425,9407426.250819698,0.5681818181818182,230.80597415653017,108,raw,1.9397915372741818e-11,-4.1387226979849254e-11,"[2, 5, 11, 17, 22, 25, 29, 38, 44, 52, 55, 60, 65, 74, 78, 84, 89, 95, 98, 101, 105]","[37.99999999998977, 367.99999999994895, 460.9999999999622, 192.99999999997544, 950.999999999956, 153.99999999997215, 880.999999999897, 242.9999999999739, 490.99999999995237, 185.99999999998147, 320.9999999999559, 942.9999999999561, 809.9999999999056, 204.99999999998138, 477.9999999999512, 275.99999999997897, 346.99999999996476, 78.9999999999983, 1007.999999999945, 113.99999999998204, 892.9999999998806]",21,5.6003531247889065,136476.6355601414,0.8918566203070514,4.365923718252033e-06,1.0,0.4907407407407407,67630.99999999994,0.12910941990473268,0.15147910127183997,188156.1212645056,82872438.25058034,8,12069.579557417997,0.027777777777777776,"[0.0, 0.009259259259259259, 0.018518518518518517, 0.027777777777777776, 0.037037037037037035, 0.046296296296296294, 0.05555555555555555, 0.06481481481481481, 0.07407407407407407, 0.08333333333333333, 0.09259259259259259, 0.10185185185185185, 0.1111111111111111, 0.12037037037037036, 0.12962962962962962, 0.1388888888888889, 0.14814814814814814, 0.15740740740740738, 0.16666666666666666, 0.17592592592592593, 0.18518518518518517, 0.19444444444444442, 0.2037037037037037, 0.21296296296296297, 0.2222222222222222, 0.23148148148148145, 0.24074074074074073]","[67630.99999999994, 1786.6346316369554, 1155.9831840869208, 12069.579557417997, 1906.5778542067906, 950.5914327635036, 9083.877197384743, 2481.2296367743493, 778.6316126029033, 8965.162396385234, 2042.64231147768, 1606.7171021540044, 6927.9398362975935, 1790.9411989176172, 2115.0643759894133, 4469.146453396207, 811.3124818658113, 852.4454942249515, 2613.518509595503, 1125.833636154468, 622.5282936167764, 1595.9028958464985, 1672.0836322354373, 807.7671822536754, 3024.634439411405, 842.7313814742622, 842.823573226811]",3.0,0.3,145.15000000002252,15,0.5,1721880.1384883928,0.14445541615563864,0.12412575453778087,16430975.452702826,84089526828.80296,"[0.046875, 0.03125]",2,1721880.1384883928,0.046875,"[0.0, 0.015625, 0.03125, 0.046875, 0.0625, 0.078125, 0.09375, 0.109375, 0.125, 0.140625, 0.15625, 0.171875, 0.1875, 0.203125, 0.21875, 0.234375]","[154749.38571156017, 876106.906708234, 1710291.3768914274, 1721880.1384883928, 1236443.3975591678, 1200279.6938553299, 1385236.6101425148, 1437054.0474219874, 1048940.2936458942, 664501.8455341397, 393060.2971507341, 165807.08106893598, 58528.066628519126, 51528.9563938956, 141871.95181124317, 339557.73472446087]",3.0,0.3,flattop,64,32,145.15000000002252,15,21,449.52380952376706,37.99999999998977,1007.999999999945,"[2, 5, 11, 17, 22, 25, 29, 38, 44, 52, 55, 60, 65, 74, 78, 84, 89, 95, 98, 101, 105]","[37.99999999998977, 367.99999999994895, 460.9999999999622, 192.99999999997544, 950.999999999956, 153.99999999997215, 880.999999999897, 242.9999999999739, 490.99999999995237, 185.99999999998147, 320.9999999999559, 942.9999999999561, 809.9999999999056, 204.99999999998138, 477.9999999999512, 275.99999999997897, 346.99999999996476, 78.9999999999983, 1007.999999999945, 113.99999999998204, 892.9999999998806]","[1, 1, 1, 15, 1, 24, 27, 35, 35, 49, 35, 35, 63, 73, 73, 73, 35, 92, 35, 99, 99]","[3, 8, 18, 18, 35, 27, 35, 39, 49, 53, 56, 73, 73, 75, 81, 85, 92, 97, 106, 102, 106]",0.05,30,52684908.99999854,1015.999999999982,-1015.999999999982,DWT,uc1.l0082987033,1.1594966053962708e-07,0.0,4.246203388902359e-11,2.2351741790771484e-07,0.0,5.502442945726216e-11,2.5741755962371826e-06,1.7962520360015333e-11,1.0,84,0.0,1.3278622645884752e-10,1.0,84,,0.0,0.0,1.0,84,0.0,0.0,1.4603137969970703e-06,0.02069091796875,5.820766091346741e-11,0.0,0.0,0.0,4.246203388902359e-11,8.913048077374697e-10,4.242007803224537e-11,0.0,1.7962520360015333e-11,0.0,2.2509993868879974e-11,0.0,0.0,0.0,2.2509993868879974e-11,1.0231815394945443e-11,4.773959005888173e-15,1.1594966053962708e-07,5.551115123125783e-17,7.91033905045424e-16,9.924406185746193e-09,0.0,0.0,4.274358644806853e-15,0.45556269578620623,0.19997476215883137,0.027047341483967143,0.5543423057389545,0.13090619467023998,0.006146320047665339,0.0030731600238326695,0.006146320047665339,182,0.6609480694568008,0.37369814772840554,666,0,0,0.006146320047665339,0.006146320047665339,183,0,0,0.27356665996763985,0.37210024624148946,670,280.30860969058136,0.6378441735263807,425.25,286.67618292960196,0.544212784437609,627,sym,445.72514619883043,505.0,280.45746329325993,171,0.986117580085908,1.0,0.009717693939864401,6,471.75
rbio2.2,1,constant,4.822452798968864e-27,323.26234325617287,9306127.605369499,0.5625,429.3019923958483,108,raw,4.250098215750226e-14,-1.1331202642850324e-10,"[2, 5, 11, 17, 22, 25, 29, 38, 44, 52, 55, 60, 65, 74, 78, 84, 89, 95, 98, 101, 105]","[37.99999999999997, 368.00000000000006, 460.99999999999983, 193.0000000000001, 951.0000000000001, 153.9999999999999, 881.0, 243.0, 491.0000000000001, 186.0, 320.9999999999999, 943.0000000000001, 810.0, 204.99999999999997, 477.99999999999994, 276.0000000000001, 347.0000000000001, 79.0, 1008.0, 113.99999999999989, 893.0]",21,5.751135342708957,111553.06564891581,0.665893204816482,4.365923718251291e-06,1.0,0.4907407407407407,67631.0,0.1291094199047374,0.15147910127183992,188156.12126451556,82872438.25058056,8,12069.57955741813,0.027777777777777776,"[0.0, 0.009259259259259259, 0.018518518518518517, 0.027777777777777776, 0.037037037037037035, 0.046296296296296294, 0.05555555555555555, 0.06481481481481481, 0.07407407407407407, 0.08333333333333333, 0.09259259259259259, 0.10185185185185185, 0.1111111111111111, 0.12037037037037036, 0.12962962962962962, 0.1388888888888889, 0.14814814814814814, 0.15740740740740738, 0.16666666666666666, 0.17592592592592593, 0.18518518518518517, 0.19444444444444442, 0.2037037037037037, 0.21296296296296297, 0.2222222222222222, 0.23148148148148145, 0.24074074074074073]","[67631.0, 1786.6346316370013, 1155.9831840869383, 12069.57955741813, 1906.577854206843, 950.5914327636025, 9083.877197385176, 2481.2296367744843, 778.6316126029448, 8965.162396385991, 2042.642311477917, 1606.7171021541496, 6927.939836298323, 1790.941198917794, 2115.0643759896484, 4469.146453396725, 811.312481865885, 852.4454942250574, 2613.518509595828, 1125.833636154595, 622.5282936168371, 1595.9028958466968, 1672.083632235644, 807.7671822537571, 3024.63443941176, 842.7313814743657, 842.8235732269201]",3.0,0.3,145.15000000000003,15,0.5,1721880.1384885088,0.14445541615564295,0.1241257545377801,16430975.4527054,84089526828.82368,"[0.046875, 0.03125]",2,1721880.1384885088,0.046875,"[0.0, 0.015625, 0.03125, 0.046875, 0.0625, 0.078125, 0.09375, 0.109375, 0.125, 0.140625, 0.15625, 0.171875, 0.1875, 0.203125, 0.21875, 0.234375]","[154749.38571156553, 876106.9067082782, 1710291.3768915331, 1721880.1384885088, 1236443.3975593029, 1200279.6938555266, 1385236.610142781, 1437054.0474222803, 1048940.2936461219, 664501.8455342908, 393060.29715082515, 165807.0810689745, 58528.066628532644, 51528.95639390756, 141871.9518112763, 339557.7347245399]",3.0,0.3,flattop,64,32,145.15000000000003,15,21,449.5238095238095,37.99999999999997,1008.0,"[2, 5, 11, 17, 22, 25, 29, 38, 44, 52, 55, 60, 65, 74, 78, 84, 89, 95, 98, 101, 105]","[37.99999999999997, 368.00000000000006, 460.99999999999983, 193.0000000000001, 951.0000000000001, 153.9999999999999, 881.0, 243.0, 491.0000000000001, 186.0, 320.9999999999999, 943.0000000000001, 810.0, 204.99999999999997, 477.99999999999994, 276.0000000000001, 347.0000000000001, 79.0, 1008.0, 113.99999999999989, 893.0]","[1, 1, 1, 15, 1, 24, 27, 35, 35, 49, 35, 35, 63, 73, 73, 73, 35, 92, 35, 99, 99]","[3, 8, 18, 18, 35, 27, 35, 39, 49, 53, 56, 73, 73, 75, 81, 85, 92, 97, 106, 102, 106]",0.05,30,52684909.0,1016.0,-1016.0,DWT,uc1.l0082987033,0.0,0.0,0.0,0.0,0.0,0.0,0.0,0.0,1.0,84,0.0,0.0,1.0,84,,0.0,0.0,1.0,84,0.0,0.0,0.0,3.0517578125e-05,0.0,0.0,0.0,0.0,0.0,0.0,6.49639072694949e-14,0.0,0.0,0.0,2.842170943040401e-14,0.0,0.0,0.0,2.842170943040401e-14,2.842170943040401e-14,5.551115123125783e-17,0.0,0.0,2.7755575615628914e-17,2.9103830456733704e-11,0.0,0.0,2.7755575615628914e-17,0.9778948579177116,0.3931785729704009,0.01722101161470578,0.49092178770949735,0.06344051857964991,0.0,0.0,0.0,666,1.0136816295588391,0.5731326935621056,266,0,0,0.0,0.0,683,0,0,0.38853134975839315,0.5284730636940109,285,230.59777391235446,0.7020700595447618,475.0,390.86162507405527,0.5441874845527426,628,rbio,366.5925925925926,360.0,210.3588723315502,135,0.8110455588331695,0.7500562468954116,0.20725123474815782,3,471.75
sym6,1,antireflect,5.53736658537419e-20,252.6619903550551,9892949.610155713,0.559322033898305,398.29115709060125,108,raw,1.818387251472797e-10,-9.367673308983224e-11,"[2, 5, 11, 17, 22, 25, 29, 38, 44, 52, 55, 60, 65, 74, 78, 84, 89, 95, 98, 101, 105]","[38.00000000010911, 368.00000000048027, 461.0000000001233, 193.0000000004752, 951.000000000145, 154.00000000068803, 881.0000000011821, 243.00000000035726, 491.00000000011613, 186.00000000016814, 321.0000000003387, 942.9999999999146, 810.0000000011091, 205.0000000003961, 478.00000000044946, 276.0000000002533, 347.00000000028115, 78.99999999956572, 1008.0000000006079, 114.00000000062937, 893.0000000009123]",21,5.720802016047691,195627.52656524524,0.8908353252912112,4.365923718245239e-06,1.0,0.4907407407407407,67630.99999999999,0.12910941990478536,0.15147910127183553,188156.12126459266,82872438.25057879,8,12069.579557418358,0.027777777777777776,"[0.0, 0.009259259259259259, 0.018518518518518517, 0.027777777777777776, 0.037037037037037035, 0.046296296296296294, 0.05555555555555555, 0.06481481481481481, 0.07407407407407407, 0.08333333333333333, 0.09259259259259259, 0.10185185185185185, 0.1111111111111111, 0.12037037037037036, 0.12962962962962962, 0.1388888888888889, 0.14814814814814814, 0.15740740740740738, 0.16666666666666666, 0.17592592592592593, 0.18518518518518517, 0.19444444444444442, 0.2037037037037037, 0.21296296296296297, 0.2222222222222222, 0.23148148148148145, 0.24074074074074073]","[67630.99999999999, 1786.6346316369945, 1155.9831840869447, 12069.579557418358, 1906.5778542069008, 950.5914327636136, 9083.877197385775, 2481.22963677471, 778.6316126030532, 8965.162396387284, 2042.642311478254, 1606.7171021545212, 6927.939836300336, 1790.941198918449, 2115.0643759907002, 4469.146453399175, 811.3124818665553, 852.4454942255754, 2613.5185095986008, 1125.833636156301, 622.528293618035, 1595.9028958489735, 1672.0836322381977, 807.7671822558049, 3024.6344394174935, 842.7313814764627, 842.8235732286925]",3.0,0.3,145.14999999981208,15,0.5,1721880.138488629,0.14445541615572446,0.12412575453777362,16430975.452721175,84089526828.84576,"[0.046875, 0.03125]",2,1721880.138488629,0.046875,"[0.0, 0.015625, 0.03125, 0.046875, 0.0625, 0.078125, 0.09375, 0.109375, 0.125, 0.140625, 0.15625, 0.171875, 0.1875, 0.203125, 0.21875, 0.234375]","[154749.385711551, 876106.9067082877, 1710291.376891623, 1721880.138488629, 1236443.3975594814, 1200279.6938558668, 1385236.610143358, 1437054.0474230815, 1048940.2936469293, 664501.8455349816, 393060.2971513446, 165807.08106924748, 58528.06662867648, 51528.95639412891, 141871.95181192821, 339557.73472605675]",3.0,0.3,flattop,64,32,145.14999999981208,15,21,449.52380952420486,38.00000000010911,1008.0000000006079,"[2, 5, 11, 17, 22, 25, 29, 38, 44, 52, 55, 60, 65, 74, 78, 84, 89, 95, 98, 101, 105]","[38.00000000010911, 368.00000000048027, 461.0000000001233, 193.0000000004752, 951.000000000145, 154.00000000068803, 881.0000000011821, 243.00000000035726, 491.00000000011613, 186.00000000016814, 321.0000000003387, 942.9999999999146, 810.0000000011091, 205.0000000003961, 478.00000000044946, 276.0000000002533, 347.00000000028115, 78.99999999956572, 1008.0000000006079, 114.00000000062937, 893.0000000009123]","[1, 1, 1, 15, 1, 24, 27, 35, 35, 49, 35, 35, 63, 73, 73, 73, 35, 92, 35, 99, 99]","[3, 8, 18, 18, 35, 27, 35, 39, 49, 53, 56, 73, 73, 75, 81, 85, 92, 97, 106, 102, 106]",0.05,30,52684909.00000816,1016.0000000001357,-1016.0000000001357,DWT,uc1.l0082987033,1.2014061212539673e-07,0.0,3.9534597817691974e-10,1.773238182067871e-06,0.0,6.078835212974809e-10,1.5774741768836975e-05,1.3574208423960954e-10,1.0,84,0.0,2.2737367544323206e-10,1.0,84,,0.0,0.0,1.0,84,0.0,0.0,8.158385753631592e-06,0.0221099853515625,1.4551915228366852e-11,0.0,0.0,0.0,3.9534597817691974e-10,8.301867637783289e-09,4.4483764819839645e-10,0.0,1.3574208423960954e-10,0.0,1.879243427538313e-10,0.0,0.0,0.0,1.879243427538313e-10,1.0911094250332098e-10,4.7906123512575505e-14,1.2014061212539673e-07,4.385380947269368e-15,6.453171330633722e-15,7.712515071034431e-08,0.0,0.0,8.154588115871775e-14,0.25306419301619665,0.3543111628315199,0.07414483885783976,0.45544929457437705,0.29102189507890164,0.034337859449967076,0.017168929724983538,0.034337859449967076,99,0.6646549925157094,0.37579403142169526,664,0,0,0.034337859449967076,0.034337859449967076,99,0,0,0.28559827687176703,0.38846542616962315,661,325.33918198294737,0.5796651395569156,380.75,172.25858512977916,0.5438700374787162,629,sym,445.72514619883043,505.0,280.45746329325993,171,0.986117580085908,1.0,0.009717693939864401,6,473.25
db20,1,periodization,3.7190774333968193e-26,314.3906709046033,9463140.589539183,0.5277777777777778,391.7697564801358,108,raw,1.4640140951390396e-13,-1.0922918125544421e-10,"[2, 5, 11, 17, 22, 25, 29, 38, 44, 52, 55, 60, 65, 74, 78, 84, 89, 95, 98, 101, 105]","[38.000000000000085, 367.9999999999997, 460.9999999999998, 193.0, 951.0000000000001, 154.00000000000023, 880.9999999999997, 243.00000000000014, 490.99999999999966, 186.00000000000034, 320.9999999999998, 942.9999999999999, 809.9999999999999, 204.99999999999991, 478.0000000000005, 275.9999999999999, 347.0000000000002, 79.0, 1008.0000000000001, 114.0, 892.9999999999995]",21,5.56738098747464,95467.34242112483,0.8213762382403237,4.36592371825129e-06,1.0,0.4907407407407407,67631.0,0.12910941990473745,0.15147910127183992,188156.12126451553,82872438.25058056,8,12069.579557418134,0.027777777777777776,"[0.0, 0.009259259259259259, 0.018518518518518517, 0.027777777777777776, 0.037037037037037035, 0.046296296296296294, 0.05555555555555555, 0.06481481481481481, 0.07407407407407407, 0.08333333333333333, 0.09259259259259259, 0.10185185185185185, 0.1111111111111111, 0.12037037037037036, 0.12962962962962962, 0.1388888888888889, 0.14814814814814814, 0.15740740740740738, 0.16666666666666666, 0.17592592592592593, 0.18518518518518517, 0.19444444444444442, 0.2037037037037037, 0.21296296296296297, 0.2222222222222222, 0.23148148148148145, 0.24074074074074073]","[67631.0, 1786.6346316369998, 1155.9831840869401, 12069.579557418134, 1906.5778542068401, 950.5914327636015, 9083.877197385176, 2481.229636774484, 778.6316126029465, 8965.162396385993, 2042.6423114779193, 1606.7171021541467, 6927.939836298324, 1790.9411989177927, 2115.064375989648, 4469.146453396725, 811.3124818658846, 852.445494225059, 2613.5185095958273, 1125.833636154593, 622.528293616838, 1595.9028958466993, 1672.083632235642, 807.7671822537569, 3024.634439411761, 842.7313814743682, 842.8235732269209]",3.0,0.3,145.1499999999999,15,0.5,1721880.1384885085,0.14445541615564295,0.12412575453778009,16430975.452705404,84089526828.82368,"[0.046875, 0.03125]",2,1721880.1384885085,0.046875,"[0.0, 0.015625, 0.03125, 0.046875, 0.0625, 0.078125, 0.09375, 0.109375, 0.125, 0.140625, 0.15625, 0.171875, 0.1875, 0.203125, 0.21875, 0.234375]","[154749.3857115652, 876106.9067082773, 1710291.376891532, 1721880.1384885085, 1236443.397559302, 1200279.6938555269, 1385236.610142782, 1437054.0474222815, 1048940.2936461228, 664501.8455342908, 393060.29715082515, 165807.08106897457, 58528.06662853265, 51528.956393907516, 141871.95181127638, 339557.73472454015]",3.0,0.3,flattop,64,32,145.1499999999999,15,21,449.5238095238095,38.000000000000085,1008.0000000000001,"[2, 5, 11, 17, 22, 25, 29, 38, 44, 52, 55, 60, 65, 74, 78, 84, 89, 95, 98, 101, 105]","[38.000000000000085, 367.9999999999997, 460.9999999999998, 193.0, 951.0000000000001, 154.00000000000023, 880.9999999999997, 243.00000000000014, 490.99999999999966, 186.00000000000034, 320.9999999999998, 942.9999999999999, 809.9999999999999, 204.99999999999991, 478.0000000000005, 275.9999999999999, 347.0000000000002, 79.0, 1008.0000000000001, 114.0, 892.9999999999995]","[1, 1, 1, 15, 1, 24, 27, 35, 35, 49, 35, 35, 63, 73, 73, 73, 35, 92, 35, 99, 99]","[3, 8, 18, 18, 35, 27, 35, 39, 49, 53, 56, 73, 73, 75, 81, 85, 92, 97, 106, 102, 106]",0.05,30,52684909.0,1016.0000000000002,-1016.0000000000002,DWT,uc1.l0082987033,2.3283064365386963e-10,0.0,0.0,0.0,0.0,1.1368683772161603e-13,3.725290298461914e-09,2.2737367544323206e-13,1.0,84,0.0,3.637978807091713e-12,1.0,84,,0.0,0.0,1.0,84,0.0,0.0,0.0,3.0517578125e-05,0.0,0.0,0.0,0.0,0.0,0.0,1.9353830707370345e-13,0.0,2.2737367544323206e-13,0.0,1.1368683772161603e-13,0.0,0.0,0.0,1.1368683772161603e-13,8.526512829121202e-14,0.0,2.3283064365386963e-10,0.0,1.3877787807814457e-17,0.0,0.0,0.0,2.7755575615628914e-17,0.8868123079709289,0.15772612921262796,0.03245183103338143,0.10335195530726299,0.01989803261818912,0.0,0.0,0.0,592,0.6764763600757429,0.3824777988233185,656,0,0,0.0,0.0,522,0,0,0.24004805122847808,0.32650886252905326,719,84.58674048966934,0.8907148055689027,622.25,613.4866924159455,0.5433871185467253,630,db,413.2962962962963,398.0,188.41229481502944,243,0.9143723369387087,0.671803462110104,0.15839832550987273,5,473.75
db6,1,smooth,1.0068816074747049e-26,320.0652390343198,9385762.318859383,0.559322033898305,428.61468656809893,108,raw,6.9195677994045e-14,-1.1056788817853722e-10,"[2, 5, 11, 17, 22, 25, 29, 38, 44, 52, 55, 60, 65, 74, 78, 84, 89, 95, 98, 101, 105]","[37.99999999999986, 368.0000000000002, 460.99999999999994, 193.0, 950.9999999999999, 153.9999999999999, 880.9999999999998, 242.99999999999986, 491.0, 186.0, 320.9999999999999, 942.9999999999999, 810.0000000000003, 205.00000000000003, 477.99999999999966, 276.0, 347.0, 79.0, 1008.0, 114.0, 893.0]",21,5.680474113549285,101122.94889471351,0.8036917067641897,4.365923718251291e-06,1.0,0.4907407407407407,67631.0,0.12910941990473737,0.15147910127183992,188156.12126451556,82872438.25058056,8,12069.57955741813,0.027777777777777776,"[0.0, 0.009259259259259259, 0.018518518518518517, 0.027777777777777776, 0.037037037037037035, 0.046296296296296294, 0.05555555555555555, 0.06481481481481481, 0.07407407407407407, 0.08333333333333333, 0.09259259259259259, 0.10185185185185185, 0.1111111111111111, 0.12037037037037036, 0.12962962962962962, 0.1388888888888889, 0.14814814814814814, 0.15740740740740738, 0.16666666666666666, 0.17592592592592593, 0.18518518518518517, 0.19444444444444442, 0.2037037037037037, 0.21296296296296297, 0.2222222222222222, 0.23148148148148145, 0.24074074074074073]","[67631.0, 1786.6346316370034, 1155.9831840869383, 12069.57955741813, 1906.5778542068442, 950.5914327636023, 9083.877197385178, 2481.229636774483, 778.6316126029452, 8965.162396385991, 2042.6423114779172, 1606.7171021541499, 6927.939836298323, 1790.941198917794, 2115.064375989649, 4469.146453396726, 811.312481865886, 852.4454942250561, 2613.518509595828, 1125.8336361545942, 622.5282936168369, 1595.9028958466972, 1672.0836322356424, 807.7671822537566, 3024.6344394117596, 842.7313814743662, 842.8235732269177]",3.0,0.3,145.15000000000015,15,0.5,1721880.1384885085,0.14445541615564295,0.1241257545377801,16430975.452705404,84089526828.82368,"[0.046875, 0.03125]",2,1721880.1384885085,0.046875,"[0.0, 0.015625, 0.03125, 0.046875, 0.0625, 0.078125, 0.09375, 0.109375, 0.125, 0.140625, 0.15625, 0.171875, 0.1875, 0.203125, 0.21875, 0.234375]","[154749.3857115656, 876106.9067082779, 1710291.3768915324, 1721880.1384885085, 1236443.3975593029, 1200279.693855527, 1385236.6101427816, 1437054.047422281, 1048940.2936461223, 664501.8455342909, 393060.29715082515, 165807.0810689745, 58528.06662853264, 51528.95639390756, 141871.95181127626, 339557.73472453986]",3.0,0.3,flattop,64,32,145.15000000000015,15,21,449.5238095238095,37.99999999999986,1008.0,"[2, 5, 11, 17, 22, 25, 29, 38, 44, 52, 55, 60, 65, 74, 78, 84, 89, 95, 98, 101, 105]","[37.99999999999986, 368.0000000000002, 460.99999999999994, 193.0, 950.9999999999999, 153.9999999999999, 880.9999999999998, 242.99999999999986, 491.0, 186.0, 320.9999999999999, 942.9999999999999, 810.0000000000003, 205.00000000000003, 477.99999999999966, 276.0, 347.0, 79.0, 1008.0, 114.0, 893.0]","[1, 1, 1, 15, 1, 24, 27, 35, 35, 49, 35, 35, 63, 73, 73, 73, 35, 92, 35, 99, 99]","[3, 8, 18, 18, 35, 27, 35, 39, 49, 53, 56, 73, 73, 75, 81, 85, 92, 97, 106, 102, 106]",0.05,30,52684909.0,1016.0,-1016.0,DWT,uc1.l0082987033,2.3283064365386963e-10,0.0,0.0,0.0,0.0,0.0,3.725290298461914e-09,0.0,1.0,84,0.0,0.0,1.0,84,,0.0,0.0,1.0,84,0.0,0.0,0.0,3.0517578125e-05,0.0,0.0,0.0,0.0,0.0,0.0,9.338561669989885e-14,0.0,0.0,0.0,1.4210854715202004e-13,0.0,0.0,0.0,1.4210854715202004e-13,1.4210854715202004e-13,8.326672684688674e-17,2.3283064365386963e-10,0.0,2.7755575615628914e-17,2.9103830456733704e-11,0.0,0.0,2.7755575615628914e-17,0.9450712375863675,0.30263726817597897,0.024945862823900163,0.45544929457437705,0.03520720846266248,0.0,0.0,0.0,750,0.9270969092665758,0.5241779403976201,412,0,0,0.0,0.0,600,0,0,0.3526621743246573,0.47968448319611284,426,160.08747608729422,0.7931686355461315,547.0,514.4957699906781,0.5432251446464508,631,db,413.2962962962963,398.0,188.41229481502944,243,0.9143723369387087,0.671803462110104,0.15839832550987273,5,474.5
db16,1,constant,2.4131430393134134e-26,316.2691924565807,9450955.415837139,0.5869565217391305,211.8581081826633,108,raw,1.180948343230907e-13,-1.1462786275728892e-10,"[2, 5, 11, 17, 22, 25, 29, 38, 44, 52, 55, 60, 65, 74, 78, 84, 89, 95, 98, 101, 105]","[37.999999999999886, 368.0, 460.99999999999994, 192.9999999999999, 950.9999999999998, 153.99999999999977, 881.0000000000003, 243.00000000000014, 490.99999999999994, 186.0000000000001, 320.9999999999999, 943.0, 809.9999999999998, 205.00000000000003, 478.00000000000034, 275.9999999999999, 347.0000000000002, 78.99999999999989, 1008.0000000000002, 114.00000000000011, 893.0]",21,5.580726582862999,132605.69548309868,0.8981525084251549,4.36592371825129e-06,1.0,0.4907407407407407,67631.0,0.1291094199047374,0.15147910127183992,188156.12126451553,82872438.25058056,8,12069.57955741813,0.027777777777777776,"[0.0, 0.009259259259259259, 0.018518518518518517, 0.027777777777777776, 0.037037037037037035, 0.046296296296296294, 0.05555555555555555, 0.06481481481481481, 0.07407407407407407, 0.08333333333333333, 0.09259259259259259, 0.10185185185185185, 0.1111111111111111, 0.12037037037037036, 0.12962962962962962, 0.1388888888888889, 0.14814814814814814, 0.15740740740740738, 0.16666666666666666, 0.17592592592592593, 0.18518518518518517, 0.19444444444444442, 0.2037037037037037, 0.21296296296296297, 0.2222222222222222, 0.23148148148148145, 0.24074074074074073]","[67631.0, 1786.6346316370002, 1155.983184086939, 12069.57955741813, 1906.5778542068433, 950.5914327636, 9083.877197385178, 2481.229636774481, 778.6316126029462, 8965.162396385991, 2042.642311477917, 1606.7171021541494, 6927.939836298323, 1790.941198917794, 2115.064375989647, 4469.1464533967255, 811.3124818658861, 852.4454942250554, 2613.518509595829, 1125.8336361545953, 622.5282936168379, 1595.9028958466981, 1672.0836322356415, 807.767182253756, 3024.6344394117577, 842.7313814743642, 842.8235732269184]",3.0,0.3,145.15000000000012,15,0.5,1721880.1384885088,0.14445541615564295,0.12412575453778008,16430975.452705404,84089526828.82372,"[0.046875, 0.03125]",2,1721880.1384885088,0.046875,"[0.0, 0.015625, 0.03125, 0.046875, 0.0625, 0.078125, 0.09375, 0.109375, 0.125, 0.140625, 0.15625, 0.171875, 0.1875, 0.203125, 0.21875, 0.234375]","[154749.38571156544, 876106.9067082776, 1710291.376891532, 1721880.1384885088, 1236443.3975593029, 1200279.6938555276, 1385236.6101427819, 1437054.0474222808, 1048940.2936461223, 664501.8455342907, 393060.29715082515, 165807.0810689743, 58528.06662853245, 51528.956393907414, 141871.95181127623, 339557.73472454003]",3.0,0.3,flattop,64,32,145.15000000000012,15,21,449.5238095238095,37.999999999999886,1008.0000000000002,"[2, 5, 11, 17, 22, 25, 29, 38, 44, 52, 55, 60, 65, 74, 78, 84, 89, 95, 98, 101, 105]","[37.999999999999886, 368.0, 460.99999999999994, 192.9999999999999, 950.9999999999998, 153.99999999999977, 881.0000000000003, 243.00000000000014, 490.99999999999994, 186.0000000000001, 320.9999999999999, 943.0, 809.9999999999998, 205.00000000000003, 478.00000000000034, 275.9999999999999, 347.0000000000002, 78.99999999999989, 1008.0000000000002, 114.00000000000011, 893.0]","[1, 1, 1, 15, 1, 24, 27, 35, 35, 49, 35, 35, 63, 73, 73, 73, 35, 92, 35, 99, 99]","[3, 8, 18, 18, 35, 27, 35, 39, 49, 53, 56, 73, 73, 75, 81, 85, 92, 97, 106, 102, 106]",0.05,30,52684909.0,1016.0000000000002,-1016.0000000000002,DWT,uc1.l0082987033,0.0,0.0,0.0,0.0,0.0,2.2737367544323206e-13,3.725290298461914e-09,2.2737367544323206e-13,1.0,84,0.0,0.0,1.0,84,,0.0,0.0,1.0,84,0.0,0.0,0.0,6.103515625e-05,0.0,0.0,0.0,0.0,0.0,0.0,1.3804830294767662e-13,0.0,2.2737367544323206e-13,0.0,1.1368683772161603e-13,0.0,0.0,0.0,1.1368683772161603e-13,1.1368683772161603e-13,5.551115123125783e-17,0.0,0.0,0.0,0.0,0.0,0.0,2.7755575615628914e-17,0.9060984725522682,0.17482642075992086,0.03126982572839043,0.7639057566188978,0.1204279369273063,0.0,0.0,0.0,609,1.0004406841939981,0.5656463009305625,285,0,0,0.0,0.0,733,0,0,0.3993056825173567,0.5431281092802396,263,234.9035262967899,0.6965070719679718,472.5,387.6966069908991,0.543020977844451,632,db,413.2962962962963,398.0,188.41229481502944,243,0.9143723369387087,0.671803462110104,0.15839832550987273,5,475.25
rbio6.8,1,reflect,2.6715418227241692e-21,265.8274033377251,10360623.40110109,0.5403225806451613,424.61441024313734,108,raw,4.0156421397973145e-11,-2.2543111822140627e-10,"[2, 5, 11, 17, 22, 25, 29, 38, 44, 52, 55, 60, 65, 74, 78, 84, 89, 95, 98, 101, 105]","[37.99999999998573, 367.9999999998829, 460.99999999993116, 192.99999999994043, 950.9999999999183, 153.9999999999245, 880.9999999997785, 242.9999999999402, 490.99999999991843, 185.9999999999559, 320.99999999990723, 942.9999999999285, 809.9999999997983, 204.9999999999527, 477.9999999998962, 275.999999999956, 346.99999999993213, 79.00000000000705, 1007.9999999998716, 113.99999999994998, 892.999999999779]",21,5.856097452257735,102701.26967617538,0.7218067006511566,4.365923718252695e-06,0.9999999999999998,0.4907407407407407,67631.00000000012,0.1291094199047278,0.151479101271841,188156.12126449574,82872438.2505807,8,12069.579557417865,0.027777777777777776,"[0.0, 0.009259259259259259, 0.018518518518518517, 0.027777777777777776, 0.037037037037037035, 0.046296296296296294, 0.05555555555555555, 0.06481481481481481, 0.07407407407407407, 0.08333333333333333, 0.09259259259259259, 0.10185185185185185, 0.1111111111111111, 0.12037037037037036, 0.12962962962962962, 0.1388888888888889, 0.14814814814814814, 0.15740740740740738, 0.16666666666666666, 0.17592592592592593, 0.18518518518518517, 0.19444444444444442, 0.2037037037037037, 0.21296296296296297, 0.2222222222222222, 0.23148148148148145, 0.24074074074074073]","[67631.00000000012, 1786.634631637072, 1155.9831840869595, 12069.579557417865, 1906.5778542067583, 950.5914327636633, 9083.877197384525, 2481.22963677428, 778.6316126027382, 8965.162396384696, 2042.6423114775887, 1606.7171021537126, 6927.939836296732, 1790.9411989173288, 2115.064375989221, 4469.146453395411, 811.3124818657614, 852.445494224704, 2613.5185095951065, 1125.8336361543934, 622.5282936167768, 1595.9028958462004, 1672.0836322351188, 807.767182253628, 3024.634439410893, 842.7313814741565, 842.8235732266661]",3.0,0.3,145.15000000004193,15,0.5,1721880.1384883914,0.14445541615563157,0.1241257545377825,16430975.45270061,84089526828.79175,"[0.046875, 0.03125]",2,1721880.1384883914,0.046875,"[0.0, 0.015625, 0.03125, 0.046875, 0.0625, 0.078125, 0.09375, 0.109375, 0.125, 0.140625, 0.15625, 0.171875, 0.1875, 0.203125, 0.21875, 0.234375]","[154749.38571156524, 876106.9067082423, 1710291.3768914295, 1721880.1384883914, 1236443.3975591273, 1200279.6938552111, 1385236.610142303, 1437054.0474217166, 1048940.2936456483, 664501.8455339575, 393060.29715061863, 165807.08106888557, 58528.06662850132, 51528.95639388022, 141871.95181120036, 339557.7347243581]",3.0,0.3,flattop,64,32,145.15000000004193,15,21,449.5238095237217,37.99999999998573,1007.9999999998716,"[2, 5, 11, 17, 22, 25, 29, 38, 44, 52, 55, 60, 65, 74, 78, 84, 89, 95, 98, 101, 105]","[37.99999999998573, 367.9999999998829, 460.99999999993116, 192.99999999994043, 950.9999999999183, 153.9999999999245, 880.9999999997785, 242.9999999999402, 490.99999999991843, 185.9999999999559, 320.99999999990723, 942.9999999999285, 809.9999999997983, 204.9999999999527, 477.9999999998962, 275.999999999956, 346.99999999993213, 79.00000000000705, 1007.9999999998716, 113.99999999994998, 892.999999999779]","[1, 1, 1, 15, 1, 24, 27, 35, 35, 49, 35, 35, 63, 73, 73, 73, 35, 92, 35, 99, 99]","[3, 8, 18, 18, 35, 27, 35, 39, 49, 53, 56, 73, 73, 75, 81, 85, 92, 97, 106, 102, 106]",0.05,30,52684908.99999744,1015.99999999997,-1015.99999999997,DWT,uc1.l0082987033,1.1734664440155029e-07,0.0,8.782308213994838e-11,1.341104507446289e-07,0.0,1.283524397877045e-10,4.7907233238220215e-06,3.001332515850663e-11,1.0,84,0.0,2.6557245291769505e-10,1.0,84,,0.0,0.0,1.0,84,0.0,0.0,2.562999725341797e-06,0.0319061279296875,1.1641532182693481e-10,0.0,0.0,0.0,8.782308213994838e-11,1.8444552551954985e-09,8.853768511991282e-11,0.0,3.001332515850663e-11,0.0,4.192202140984591e-11,0.0,0.0,0.0,4.192202140984591e-11,1.4267698134062812e-11,9.658940314238862e-15,1.1734664440155029e-07,1.0824674490095276e-15,2.42861286636753e-15,1.979060471057892e-08,0.0,0.0,1.1352030426792226e-14,0.38822916958929043,0.5276710869775768,0.11951086444103998,0.24337718507839234,0.03947956908308843,0.010787418859167739,0.005393709429583869,0.010787418859167739,160,0.669671179127475,0.3786301689824229,660,0,0,0.010787418859167739,0.010787418859167739,159,0,0,0.26365357503387765,0.3586166538135889,679,294.5510708405816,0.6194430609294812,414.5,257.61221985074974,0.5419566725836036,633,rbio,366.5925925925926,360.0,210.3588723315502,135,0.8110455588331695,0.7500562468954116,0.20725123474815782,3,475.5
sym17,1,smooth,1.0021823317369289e-19,250.08555569228145,9594863.934538623,0.5785714285714286,270.33141457822336,108,raw,2.4974149497396604e-10,-8.696032795158296e-11,"[2, 5, 11, 17, 22, 25, 29, 38, 44, 52, 55, 60, 65, 74, 78, 84, 89, 95, 98, 101, 105]","[38.00000000013239, 368.00000000076545, 461.0000000004317, 193.00000000043684, 951.0000000005211, 154.0000000005898, 881.0000000014718, 243.00000000041854, 491.0000000004672, 186.00000000029308, 321.0000000006096, 943.0000000003655, 810.0000000013679, 205.00000000037133, 478.0000000006855, 276.00000000033015, 347.000000000447, 78.99999999986835, 1008.0000000007203, 114.00000000042996, 893.000000001557]",21,5.7692085156104085,111506.91855189235,0.8703975754758239,4.36592371824196e-06,1.0,0.4907407407407407,67630.99999999997,0.12910941990480382,0.15147910127183511,188156.12126464248,82872438.25058015,8,12069.579557419176,0.027777777777777776,"[0.0, 0.009259259259259259, 0.018518518518518517, 0.027777777777777776, 0.037037037037037035, 0.046296296296296294, 0.05555555555555555, 0.06481481481481481, 0.07407407407407407, 0.08333333333333333, 0.09259259259259259, 0.10185185185185185, 0.1111111111111111, 0.12037037037037036, 0.12962962962962962, 0.1388888888888889, 0.14814814814814814, 0.15740740740740738, 0.16666666666666666, 0.17592592592592593, 0.18518518518518517, 0.19444444444444442, 0.2037037037037037, 0.21296296296296297, 0.2222222222222222, 0.23148148148148145, 0.24074074074074073]","[67630.99999999997, 1786.6346316369982, 1155.983184086985, 12069.579557419176, 1906.5778542071132, 950.5914327638185, 9083.877197388336, 2481.229636775681, 778.631612603388, 8965.162396392943, 2042.6423114798838, 1606.7171021558568, 6927.939836306978, 1790.9411989202247, 2115.0643759928726, 4469.146453403961, 811.312481867221, 852.4454942265758, 2613.5185096006835, 1125.8336361566858, 622.5282936179547, 1595.9028958498066, 1672.083632238915, 807.767182255242, 3024.634439417631, 842.7313814760001, 842.8235732285842]",3.0,0.3,145.14999999968913,15,0.5,1721880.1384891868,0.14445541615572463,0.12412575453776557,16430975.4527351,84089526828.99945,"[0.046875, 0.03125]",2,1721880.1384891868,0.046875,"[0.0, 0.015625, 0.03125, 0.046875, 0.0625, 0.078125, 0.09375, 0.109375, 0.125, 0.140625, 0.15625, 0.171875, 0.1875, 0.203125, 0.21875, 0.234375]","[154749.38571156512, 876106.9067084811, 1710291.3768921248, 1721880.1384891868, 1236443.3975602875, 1200279.6938572794, 1385236.6101454538, 1437054.047425487, 1048940.2936488772, 664501.8455362823, 393060.29715209955, 165807.0810695436, 58528.066628746164, 51528.956394106106, 141871.95181182591, 339557.73472585285]",3.0,0.3,flattop,64,32,145.14999999968913,15,21,449.5238095243942,38.00000000013239,1008.0000000007203,"[2, 5, 11, 17, 22, 25, 29, 38, 44, 52, 55, 60, 65, 74, 78, 84, 89, 95, 98, 101, 105]","[38.00000000013239, 368.00000000076545, 461.0000000004317, 193.00000000043684, 951.0000000005211, 154.0000000005898, 881.0000000014718, 243.00000000041854, 491.0000000004672, 186.00000000029308, 321.0000000006096, 943.0000000003655, 810.0000000013679, 205.00000000037133, 478.0000000006855, 276.00000000033015, 347.000000000447, 78.99999999986835, 1008.0000000007203, 114.00000000042996, 893.000000001557]","[1, 1, 1, 15, 1, 24, 27, 35, 35, 49, 35, 35, 63, 73, 73, 73, 35, 92, 35, 99, 99]","[3, 8, 18, 18, 35, 27, 35, 39, 49, 53, 56, 73, 73, 75, 81, 85, 92, 97, 106, 102, 106]",0.05,30,52684909.000016,1016.0000000002042,-1016.0000000002042,DWT,uc1.l0082987033,6.780028343200684e-07,0.0,5.846914064022712e-10,4.172325134277344e-07,0.0,7.203198038041592e-10,2.969987690448761e-05,2.041815605480224e-10,1.0,84,0.0,1.0459189070388675e-09,1.0,84,,0.0,0.0,1.0,84,0.0,0.0,1.599639654159546e-05,0.1757965087890625,2.9103830456733704e-11,0.0,0.0,0.0,5.846914064022712e-10,1.2278178473934531e-08,5.973282397809227e-10,0.0,2.041815605480224e-10,0.0,3.1087665774975903e-10,0.0,0.0,0.0,3.1087665774975903e-10,1.3238832252682187e-10,6.636358129696873e-14,6.780028343200684e-07,4.801714581503802e-15,1.4502288259166107e-14,1.2695090845227242e-07,0.0,0.0,8.171241461241152e-14,0.2266127834558348,0.41633651510830144,0.04522946526229475,0.6703112529928179,0.06331560288292606,0.06732729154253818,0.03366364577126909,0.06732729154253818,68,0.6602014026090965,0.3732759844286676,667,0,0,0.06732729154253818,0.06732729154253818,69,0,0,0.284361123940435,0.3867826739276596,662,344.10705698469286,0.5554172390378644,366.5,124.19097200440365,0.5409515135757798,634,sym,445.72514619883043,505.0,280.45746329325993,171,0.986117580085908,1.0,0.009717693939864401,6,477.0
db6,1,constant,9.75949494868872e-27,320.2007496755966,9350216.65495094,0.559322033898305,340.3253633989642,108,raw,6.66791724715613e-14,-1.1015099943279046e-10,"[2, 5, 11, 17, 22, 25, 29, 38, 44, 52, 55, 60, 65, 74, 78, 84, 89, 95, 98, 101, 105]","[37.999999999999886, 368.0000000000002, 460.99999999999994, 193.0, 950.9999999999999, 153.9999999999999, 880.9999999999998, 242.99999999999986, 491.0, 186.0, 320.9999999999999, 942.9999999999999, 810.0000000000003, 205.00000000000003, 477.99999999999966, 276.0, 347.0, 79.0, 1008.0, 114.00000000000011, 893.0]",21,5.636703702146809,113761.86099235318,0.8255106920079431,4.365923718251291e-06,1.0,0.4907407407407407,67631.0,0.1291094199047374,0.15147910127183992,188156.12126451553,82872438.25058056,8,12069.57955741813,0.027777777777777776,"[0.0, 0.009259259259259259, 0.018518518518518517, 0.027777777777777776, 0.037037037037037035, 0.046296296296296294, 0.05555555555555555, 0.06481481481481481, 0.07407407407407407, 0.08333333333333333, 0.09259259259259259, 0.10185185185185185, 0.1111111111111111, 0.12037037037037036, 0.12962962962962962, 0.1388888888888889, 0.14814814814814814, 0.15740740740740738, 0.16666666666666666, 0.17592592592592593, 0.18518518518518517, 0.19444444444444442, 0.2037037037037037, 0.21296296296296297, 0.2222222222222222, 0.23148148148148145, 0.24074074074074073]","[67631.0, 1786.6346316370032, 1155.9831840869383, 12069.57955741813, 1906.5778542068444, 950.5914327636023, 9083.877197385176, 2481.2296367744825, 778.6316126029449, 8965.162396385991, 2042.6423114779182, 1606.7171021541496, 6927.939836298323, 1790.9411989177936, 2115.0643759896484, 4469.146453396726, 811.3124818658863, 852.4454942250563, 2613.518509595828, 1125.833636154594, 622.5282936168371, 1595.9028958466972, 1672.083632235642, 807.7671822537567, 3024.6344394117596, 842.7313814743662, 842.8235732269179]",3.0,0.3,145.15000000000012,15,0.5,1721880.1384885085,0.14445541615564295,0.1241257545377801,16430975.452705404,84089526828.82368,"[0.046875, 0.03125]",2,1721880.1384885085,0.046875,"[0.0, 0.015625, 0.03125, 0.046875, 0.0625, 0.078125, 0.09375, 0.109375, 0.125, 0.140625, 0.15625, 0.171875, 0.1875, 0.203125, 0.21875, 0.234375]","[154749.3857115656, 876106.9067082779, 1710291.3768915324, 1721880.1384885085, 1236443.3975593029, 1200279.693855527, 1385236.6101427816, 1437054.047422281, 1048940.2936461223, 664501.8455342909, 393060.29715082515, 165807.0810689745, 58528.06662853264, 51528.95639390756, 141871.95181127626, 339557.73472453986]",3.0,0.3,flattop,64,32,145.15000000000012,15,21,449.5238095238095,37.999999999999886,1008.0,"[2, 5, 11, 17, 22, 25, 29, 38, 44, 52, 55, 60, 65, 74, 78, 84, 89, 95, 98, 101, 105]","[37.999999999999886, 368.0000000000002, 460.99999999999994, 193.0, 950.9999999999999, 153.9999999999999, 880.9999999999998, 242.99999999999986, 491.0, 186.0, 320.9999999999999, 942.9999999999999, 810.0000000000003, 205.00000000000003, 477.99999999999966, 276.0, 347.0, 79.0, 1008.0, 114.00000000000011, 893.0]","[1, 1, 1, 15, 1, 24, 27, 35, 35, 49, 35, 35, 63, 73, 73, 73, 35, 92, 35, 99, 99]","[3, 8, 18, 18, 35, 27, 35, 39, 49, 53, 56, 73, 73, 75, 81, 85, 92, 97, 106, 102, 106]",0.05,30,52684909.0,1016.0,-1016.0,DWT,uc1.l0082987033,2.3283064365386963e-10,0.0,0.0,0.0,0.0,0.0,3.725290298461914e-09,0.0,1.0,84,0.0,0.0,1.0,84,,0.0,0.0,1.0,84,0.0,0.0,0.0,3.0517578125e-05,0.0,0.0,0.0,0.0,0.0,0.0,9.744586090424227e-14,0.0,0.0,0.0,1.1368683772161603e-13,0.0,0.0,0.0,1.1368683772161603e-13,1.1368683772161603e-13,5.551115123125783e-17,2.3283064365386963e-10,0.0,2.7755575615628914e-17,0.0,0.0,0.0,2.7755575615628914e-17,0.9464624808901436,0.2465523372046592,0.021497806658549078,0.45544929457437705,0.06941951242850584,0.0,0.0,0.0,717,0.9118500832668435,0.515557428593236,431,0,0,0.0,0.0,662,0,0,0.34787628635124695,0.4731748080273594,451,145.44729858841197,0.8120835935550232,565.25,537.435422222001,0.5408932179661421,635,db,413.2962962962963,398.0,188.41229481502944,243,0.9143723369387087,0.671803462110104,0.15839832550987273,5,477.5
db24,1,constant,2.0776960087569882e-26,316.919203056784,9434485.074564522,0.5584415584415584,161.27153371264376,108,raw,9.917992353318064e-14,-1.0982303955131623e-10,"[2, 5, 11, 17, 22, 25, 29, 38, 44, 52, 55, 60, 65, 74, 78, 84, 89, 95, 98, 101, 105]","[37.99999999999997, 367.9999999999999, 460.99999999999994, 192.99999999999994, 950.9999999999999, 154.0000000000001, 880.9999999999995, 243.00000000000014, 490.99999999999983, 185.99999999999966, 321.00000000000045, 943.0000000000002, 810.0, 204.99999999999994, 478.0, 275.99999999999966, 347.0000000000002, 79.00000000000023, 1008.0000000000001, 113.99999999999989, 893.0]",21,5.593761822763988,138235.42923723577,0.9129203296174042,4.365923718251291e-06,0.9999999999999998,0.4907407407407407,67631.0,0.12910941990473743,0.15147910127183992,188156.12126451553,82872438.25058056,8,12069.579557418134,0.027777777777777776,"[0.0, 0.009259259259259259, 0.018518518518518517, 0.027777777777777776, 0.037037037037037035, 0.046296296296296294, 0.05555555555555555, 0.06481481481481481, 0.07407407407407407, 0.08333333333333333, 0.09259259259259259, 0.10185185185185185, 0.1111111111111111, 0.12037037037037036, 0.12962962962962962, 0.1388888888888889, 0.14814814814814814, 0.15740740740740738, 0.16666666666666666, 0.17592592592592593, 0.18518518518518517, 0.19444444444444442, 0.2037037037037037, 0.21296296296296297, 0.2222222222222222, 0.23148148148148145, 0.24074074074074073]","[67631.0, 1786.6346316369995, 1155.9831840869413, 12069.579557418134, 1906.577854206842, 950.5914327636019, 9083.877197385176, 2481.229636774484, 778.631612602945, 8965.162396385991, 2042.6423114779186, 1606.7171021541496, 6927.939836298322, 1790.941198917795, 2115.064375989649, 4469.146453396725, 811.3124818658864, 852.4454942250574, 2613.5185095958273, 1125.8336361545917, 622.5282936168371, 1595.9028958466977, 1672.0836322356424, 807.7671822537569, 3024.6344394117596, 842.7313814743657, 842.8235732269209]",3.0,0.3,145.15000000000003,15,0.5,1721880.1384885088,0.14445541615564297,0.1241257545377801,16430975.452705402,84089526828.82368,"[0.046875, 0.03125]",2,1721880.1384885088,0.046875,"[0.0, 0.015625, 0.03125, 0.046875, 0.0625, 0.078125, 0.09375, 0.109375, 0.125, 0.140625, 0.15625, 0.171875, 0.1875, 0.203125, 0.21875, 0.234375]","[154749.38571156524, 876106.9067082779, 1710291.3768915324, 1721880.1384885088, 1236443.3975593024, 1200279.6938555269, 1385236.6101427812, 1437054.047422281, 1048940.2936461223, 664501.8455342909, 393060.2971508254, 165807.08106897463, 58528.0666285327, 51528.95639390758, 141871.95181127635, 339557.7347245399]",3.0,0.3,flattop,64,32,145.15000000000003,15,21,449.5238095238095,37.99999999999997,1008.0000000000001,"[2, 5, 11, 17, 22, 25, 29, 38, 44, 52, 55, 60, 65, 74, 78, 84, 89, 95, 98, 101, 105]","[37.99999999999997, 367.9999999999999, 460.99999999999994, 192.99999999999994, 950.9999999999999, 154.0000000000001, 880.9999999999995, 243.00000000000014, 490.99999999999983, 185.99999999999966, 321.00000000000045, 943.0000000000002, 810.0, 204.99999999999994, 478.0, 275.99999999999966, 347.0000000000002, 79.00000000000023, 1008.0000000000001, 113.99999999999989, 893.0]","[1, 1, 1, 15, 1, 24, 27, 35, 35, 49, 35, 35, 63, 73, 73, 73, 35, 92, 35, 99, 99]","[3, 8, 18, 18, 35, 27, 35, 39, 49, 53, 56, 73, 73, 75, 81, 85, 92, 97, 106, 102, 106]",0.05,30,52684909.0,1016.0000000000002,-1016.0000000000002,DWT,uc1.l0082987033,0.0,0.0,0.0,0.0,0.0,1.1368683772161603e-13,1.862645149230957e-09,2.2737367544323206e-13,1.0,84,0.0,3.637978807091713e-12,1.0,84,,0.0,0.0,1.0,84,0.0,0.0,0.0,3.0517578125e-05,0.0,0.0,0.0,0.0,0.0,0.0,1.5970293870417494e-13,0.0,2.2737367544323206e-13,0.0,2.842170943040401e-14,0.0,0.0,0.0,2.842170943040401e-14,2.842170943040401e-14,2.7755575615628914e-17,0.0,0.0,2.7755575615628914e-17,0.0,0.0,0.0,5.551115123125783e-17,0.9127719181680185,0.19152904032908985,0.029672143886893272,0.44562141768845653,0.1356670778403344,0.0,0.0,0.0,655,0.890779141220319,0.5036439782367652,456,0,0,0.0,0.0,725,0,0,0.3430523195825585,0.4666133387945879,468,134.79119654735123,0.8258511672514842,576.0,552.8097422738152,0.5408325603699282,636,db,413.2962962962963,398.0,188.41229481502944,243,0.9143723369387087,0.671803462110104,0.15839832550987273,5,478.25
db24,1,zero,2.4968791635490956e-26,316.12104786000725,9444537.847805709,0.5584415584415584,157.46997847598251,108,raw,1.1260128631976027e-13,-1.1139267286353124e-10,"[2, 5, 11, 17, 22, 25, 29, 38, 44, 52, 55, 60, 65, 74, 78, 84, 89, 95, 98, 101, 105]","[37.99999999999994, 367.99999999999943, 461.0, 193.00000000000045, 951.0, 153.9999999999999, 880.9999999999995, 243.00000000000006, 490.99999999999983, 185.99999999999966, 321.00000000000045, 943.0000000000001, 809.9999999999998, 204.99999999999994, 478.0000000000001, 275.99999999999966, 346.99999999999966, 79.00000000000023, 1008.0, 113.99999999999977, 893.0000000000002]",21,5.5783469608563765,149141.37696070166,0.9193180375212565,4.365923718251292e-06,0.9999999999999998,0.4907407407407407,67631.0,0.12910941990473737,0.15147910127183992,188156.12126451556,82872438.25058056,8,12069.57955741813,0.027777777777777776,"[0.0, 0.009259259259259259, 0.018518518518518517, 0.027777777777777776, 0.037037037037037035, 0.046296296296296294, 0.05555555555555555, 0.06481481481481481, 0.07407407407407407, 0.08333333333333333, 0.09259259259259259, 0.10185185185185185, 0.1111111111111111, 0.12037037037037036, 0.12962962962962962, 0.1388888888888889, 0.14814814814814814, 0.15740740740740738, 0.16666666666666666, 0.17592592592592593, 0.18518518518518517, 0.19444444444444442, 0.2037037037037037, 0.21296296296296297, 0.2222222222222222, 0.23148148148148145, 0.24074074074074073]","[67631.0, 1786.6346316370013, 1155.9831840869404, 12069.57955741813, 1906.5778542068424, 950.5914327636, 9083.877197385176, 2481.2296367744843, 778.631612602946, 8965.162396385993, 2042.6423114779172, 1606.7171021541485, 6927.939836298322, 1790.9411989177945, 2115.064375989646, 4469.1464533967255, 811.3124818658863, 852.4454942250584, 2613.518509595828, 1125.8336361545933, 622.5282936168396, 1595.902895846696, 1672.083632235642, 807.7671822537578, 3024.6344394117586, 842.7313814743653, 842.8235732269218]",3.0,0.3,145.15000000000006,15,0.5,1721880.1384885083,0.14445541615564295,0.12412575453778009,16430975.4527054,84089526828.82372,"[0.046875, 0.03125]",2,1721880.1384885083,0.046875,"[0.0, 0.015625, 0.03125, 0.046875, 0.0625, 0.078125, 0.09375, 0.109375, 0.125, 0.140625, 0.15625, 0.171875, 0.1875, 0.203125, 0.21875, 0.234375]","[154749.38571156544, 876106.9067082778, 1710291.3768915324, 1721880.1384885083, 1236443.3975593026, 1200279.6938555269, 1385236.6101427814, 1437054.047422281, 1048940.2936461223, 664501.8455342909, 393060.29715082527, 165807.0810689747, 58528.06662853273, 51528.95639390753, 141871.95181127617, 339557.7347245397]",3.0,0.3,flattop,64,32,145.15000000000006,15,21,449.5238095238095,37.99999999999994,1008.0,"[2, 5, 11, 17, 22, 25, 29, 38, 44, 52, 55, 60, 65, 74, 78, 84, 89, 95, 98, 101, 105]","[37.99999999999994, 367.99999999999943, 461.0, 193.00000000000045, 951.0, 153.9999999999999, 880.9999999999995, 243.00000000000006, 490.99999999999983, 185.99999999999966, 321.00000000000045, 943.0000000000001, 809.9999999999998, 204.99999999999994, 478.0000000000001, 275.99999999999966, 346.99999999999966, 79.00000000000023, 1008.0, 113.99999999999977, 893.0000000000002]","[1, 1, 1, 15, 1, 24, 27, 35, 35, 49, 35, 35, 63, 73, 73, 73, 35, 92, 35, 99, 99]","[3, 8, 18, 18, 35, 27, 35, 39, 49, 53, 56, 73, 73, 75, 81, 85, 92, 97, 106, 102, 106]",0.05,30,52684909.0,1016.0,-1016.0,DWT,uc1.l0082987033,4.656612873077393e-10,0.0,0.0,0.0,0.0,0.0,0.0,0.0,1.0,84,0.0,0.0,1.0,84,,0.0,0.0,1.0,84,0.0,0.0,0.0,6.103515625e-05,0.0,0.0,0.0,0.0,0.0,0.0,2.165463575649829e-13,0.0,0.0,0.0,5.684341886080802e-14,0.0,0.0,0.0,5.684341886080802e-14,5.684341886080802e-14,8.326672684688674e-17,4.656612873077393e-10,0.0,1.3877787807814457e-17,2.9103830456733704e-11,0.0,0.0,2.7755575615628914e-17,0.9045775205736528,0.17177730763297158,0.03064729874241744,0.44562141768845653,0.1651884160432081,0.0,0.0,0.0,570,0.8882827490245521,0.5022325252305881,466,0,0,0.0,0.0,771,0,0,0.3435623921361413,0.467307129926927,467,143.54674035542106,0.8145390951480348,568.5,545.0591400284479,0.5400214855585135,637,db,413.2962962962963,398.0,188.41229481502944,243,0.9143723369387087,0.671803462110104,0.15839832550987273,5,479.0
sym5,1,periodic,3.0274680710840387e-21,265.28422739589917,9536217.949778568,0.5689655172413793,361.476905708769,108,raw,4.4205133380930615e-11,-1.4163659134703157e-10,"[2, 5, 11, 17, 22, 25, 29, 38, 44, 52, 55, 60, 65, 74, 78, 84, 89, 95, 98, 101, 105]","[37.99999999997402, 367.99999999988466, 460.9999999999746, 192.99999999988836, 951.0000000000198, 153.99999999983424, 880.9999999997356, 242.99999999991618, 490.9999999999853, 185.99999999995873, 320.9999999999211, 943.0000000000324, 809.9999999997502, 204.99999999990368, 477.9999999998979, 275.9999999999385, 346.9999999999385, 79.00000000010289, 1007.999999999899, 113.99999999985039, 892.999999999772]",21,5.681676639295059,106093.75481071117,0.8380165354349777,4.365923718252554e-06,0.9999999999999997,0.4907407407407407,67631.00000000003,0.12910941990472674,0.15147910127184144,188156.12126449903,82872438.25058115,8,12069.579557418207,0.027777777777777776,"[0.0, 0.009259259259259259, 0.018518518518518517, 0.027777777777777776, 0.037037037037037035, 0.046296296296296294, 0.05555555555555555, 0.06481481481481481, 0.07407407407407407, 0.08333333333333333, 0.09259259259259259, 0.10185185185185185, 0.1111111111111111, 0.12037037037037036, 0.12962962962962962, 0.1388888888888889, 0.14814814814814814, 0.15740740740740738, 0.16666666666666666, 0.17592592592592593, 0.18518518518518517, 0.19444444444444442, 0.2037037037037037, 0.21296296296296297, 0.2222222222222222, 0.23148148148148145, 0.24074074074074073]","[67631.00000000003, 1786.6346316370036, 1155.9831840869417, 12069.579557418207, 1906.577854206861, 950.5914327636112, 9083.877197385293, 2481.229636774513, 778.6316126029495, 8965.162396385982, 2042.6423114778886, 1606.7171021540992, 6927.939836297966, 1790.9411989176547, 2115.0643759894206, 4469.146453396094, 811.3124818657396, 852.445494224871, 2613.5185095951524, 1125.8336361542556, 622.528293616623, 1595.9028958460876, 1672.0836322349403, 807.7671822533918, 3024.6344394103126, 842.7313814739451, 842.82357322649]",3.0,0.3,145.1500000000445,15,0.5,1721880.1384885446,0.14445541615562363,0.12412575453778191,16430975.452702243,84089526828.82564,"[0.046875, 0.03125]",2,1721880.1384885446,0.046875,"[0.0, 0.015625, 0.03125, 0.046875, 0.0625, 0.078125, 0.09375, 0.109375, 0.125, 0.140625, 0.15625, 0.171875, 0.1875, 0.203125, 0.21875, 0.234375]","[154749.38571156925, 876106.9067082962, 1710291.3768915674, 1721880.1384885446, 1236443.3975593224, 1200279.6938555145, 1385236.6101427155, 1437054.0474221478, 1048940.2936459547, 664501.8455341309, 393060.29715069954, 165807.08106890728, 58528.066628497836, 51528.95639385712, 141871.95181112908, 339557.73472419655]",3.0,0.3,flattop,64,32,145.1500000000445,15,21,449.52380952372283,37.99999999997402,1007.999999999899,"[2, 5, 11, 17, 22, 25, 29, 38, 44, 52, 55, 60, 65, 74, 78, 84, 89, 95, 98, 101, 105]","[37.99999999997402, 367.99999999988466, 460.9999999999746, 192.99999999988836, 951.0000000000198, 153.99999999983424, 880.9999999997356, 242.99999999991618, 490.9999999999853, 185.99999999995873, 320.9999999999211, 943.0000000000324, 809.9999999997502, 204.99999999990368, 477.9999999998979, 275.9999999999385, 346.9999999999385, 79.00000000010289, 1007.999999999899, 113.99999999985039, 892.999999999772]","[1, 1, 1, 15, 1, 24, 27, 35, 35, 49, 35, 35, 63, 73, 73, 73, 35, 92, 35, 99, 99]","[3, 8, 18, 18, 35, 27, 35, 39, 49, 53, 56, 73, 73, 75, 81, 85, 92, 97, 106, 102, 106]",0.05,30,52684908.999998435,1015.9999999999723,-1015.9999999999723,DWT,uc1.l0082987033,3.585591912269592e-08,0.0,8.668621376273222e-11,5.811452865600586e-07,0.0,1.0095391189679503e-10,3.157183527946472e-06,2.773958840407431e-11,1.0,84,0.0,7.639755494892597e-11,1.0,84,,0.0,0.0,1.0,84,0.0,0.0,1.564621925354004e-06,0.001983642578125,2.9103830456733704e-11,0.0,0.0,0.0,8.668621376273222e-11,1.8208083929494023e-09,1.0153046657381179e-10,0.0,2.773958840407431e-11,0.0,4.4508396968012676e-11,0.0,0.0,0.0,4.4508396968012676e-11,2.5977442419389263e-11,1.071365218763276e-14,3.585591912269592e-08,1.5265566588595902e-15,1.8318679906315083e-15,1.650187186896801e-08,0.0,0.0,1.9290125052862095e-14,0.38265256036718587,0.3041781166917223,0.039540595591838104,0.5630899633981896,0.04866269590015195,0.0065853429082128635,0.0032926714541064318,0.0065853429082128635,174,0.6461519560814284,0.3653324675525025,671,0,0,0.0065853429082128635,0.0065853429082128635,175,0,0,0.26762478638981757,0.3640182211083647,676,288.10530482215466,0.6277709240023841,424.0,277.18077931657973,0.5399836532156623,638,sym,445.72514619883043,505.0,280.45746329325993,171,0.986117580085908,1.0,0.009717693939864401,6,480.0
sym5,1,symmetric,2.9080508850484692e-21,265.45900309647544,9690440.224162877,0.5689655172413793,372.76015272693786,108,raw,4.292747227644348e-11,-1.4104273305056814e-10,"[2, 5, 11, 17, 22, 25, 29, 38, 44, 52, 55, 60, 65, 74, 78, 84, 89, 95, 98, 101, 105]","[37.99999999997496, 367.99999999988546, 460.9999999999746, 192.99999999988836, 950.9999999999835, 153.99999999983424, 880.9999999997356, 242.99999999991618, 490.9999999999853, 185.99999999995873, 320.9999999999211, 943.0000000000324, 809.9999999997502, 204.99999999990368, 477.9999999998979, 275.9999999999385, 346.9999999999385, 79.00000000010289, 1007.9999999999353, 113.99999999985141, 892.999999999772]",21,5.666172276520436,106908.81349861335,0.8395262064296347,4.365923718252531e-06,0.9999999999999998,0.4907407407407407,67631.00000000003,0.12910941990472707,0.15147910127184147,188156.1212644992,82872438.2505811,8,12069.579557418198,0.027777777777777776,"[0.0, 0.009259259259259259, 0.018518518518518517, 0.027777777777777776, 0.037037037037037035, 0.046296296296296294, 0.05555555555555555, 0.06481481481481481, 0.07407407407407407, 0.08333333333333333, 0.09259259259259259, 0.10185185185185185, 0.1111111111111111, 0.12037037037037036, 0.12962962962962962, 0.1388888888888889, 0.14814814814814814, 0.15740740740740738, 0.16666666666666666, 0.17592592592592593, 0.18518518518518517, 0.19444444444444442, 0.2037037037037037, 0.21296296296296297, 0.2222222222222222, 0.23148148148148145, 0.24074074074074073]","[67631.00000000003, 1786.6346316369961, 1155.9831840869244, 12069.579557418198, 1906.5778542068942, 950.5914327636233, 9083.877197385274, 2481.2296367744616, 778.6316126029892, 8965.162396385935, 2042.6423114779366, 1606.7171021541242, 6927.93983629793, 1790.9411989176147, 2115.064375989337, 4469.146453396132, 811.3124818656448, 852.445494224948, 2613.5185095952065, 1125.833636154188, 622.5282936165205, 1595.9028958461922, 1672.083632235044, 807.7671822532878, 3024.634439410349, 842.7313814739881, 842.8235732265728]",3.0,0.3,145.1500000000436,15,0.5,1721880.1384885455,0.14445541615562352,0.12412575453778191,16430975.452702256,84089526828.82574,"[0.046875, 0.03125]",2,1721880.1384885455,0.046875,"[0.0, 0.015625, 0.03125, 0.046875, 0.0625, 0.078125, 0.09375, 0.109375, 0.125, 0.140625, 0.15625, 0.171875, 0.1875, 0.203125, 0.21875, 0.234375]","[154749.3857115723, 876106.9067083012, 1710291.3768915702, 1721880.1384885455, 1236443.3975593224, 1200279.6938555145, 1385236.6101427155, 1437054.0474221483, 1048940.2936459547, 664501.8455341309, 393060.29715069954, 165807.08106890728, 58528.066628497865, 51528.95639385712, 141871.95181112908, 339557.73472419655]",3.0,0.3,flattop,64,32,145.1500000000436,15,21,449.52380952372283,37.99999999997496,1007.9999999999353,"[2, 5, 11, 17, 22, 25, 29, 38, 44, 52, 55, 60, 65, 74, 78, 84, 89, 95, 98, 101, 105]","[37.99999999997496, 367.99999999988546, 460.9999999999746, 192.99999999988836, 950.9999999999835, 153.99999999983424, 880.9999999997356, 242.99999999991618, 490.9999999999853, 185.99999999995873, 320.9999999999211, 943.0000000000324, 809.9999999997502, 204.99999999990368, 477.9999999998979, 275.9999999999385, 346.9999999999385, 79.00000000010289, 1007.9999999999353, 113.99999999985141, 892.999999999772]","[1, 1, 1, 15, 1, 24, 27, 35, 35, 49, 35, 35, 63, 73, 73, 73, 35, 92, 35, 99, 99]","[3, 8, 18, 18, 35, 27, 35, 39, 49, 53, 56, 73, 73, 75, 81, 85, 92, 97, 106, 102, 106]",0.05,30,52684908.999998435,1015.9999999999723,-1015.9999999999723,DWT,uc1.l0082987033,3.67872416973114e-08,0.0,8.668621376273222e-11,5.364418029785156e-07,0.0,6.468781066359952e-11,3.1441450119018555e-06,2.773958840407431e-11,1.0,84,0.0,6.730260793119669e-11,1.0,84,,0.0,0.0,1.0,84,0.0,0.0,1.564621925354004e-06,0.0020904541015625,2.9103830456733704e-11,0.0,0.0,0.0,8.668621376273222e-11,1.8208083929494023e-09,9.951523203372265e-11,0.0,2.773958840407431e-11,0.0,4.359890226623975e-11,0.0,0.0,0.0,4.359890226623975e-11,2.503952600818593e-11,1.0380585280245214e-14,3.67872416973114e-08,1.5543122344752192e-15,1.8318679906315083e-15,1.6327248886227608e-08,0.0,0.0,1.940114735532461e-14,0.3844469251550612,0.2843117026438107,0.05450070620884514,0.5630899633981896,0.05086898037820593,0.0065853429082128635,0.0032926714541064318,0.0065853429082128635,173,0.6456579370299229,0.3650531505939979,672,0,0,0.0065853429082128635,0.0065853429082128635,173,0,0,0.26744365555682253,0.36377185034239723,677,289.548355201683,0.6259065178272829,423.75,275.3703192173293,0.5392129488361221,639,sym,445.72514619883043,505.0,280.45746329325993,171,0.986117580085908,1.0,0.009717693939864401,6,480.75
db7,1,smooth,1.3722907438942465e-26,318.7205617714955,9463228.93874062,0.5333333333333333,352.6501057366475,108,raw,8.355456244586358e-14,-1.0767675640011084e-10,"[2, 5, 11, 17, 22, 25, 29, 38, 44, 52, 55, 60, 65, 74, 78, 84, 89, 95, 98, 101, 105]","[37.99999999999994, 367.99999999999994, 460.9999999999998, 193.0000000000001, 951.0, 153.9999999999999, 881.0000000000002, 242.99999999999991, 491.0000000000001, 186.0000000000001, 320.9999999999999, 943.0000000000002, 810.0, 205.00000000000006, 478.0, 276.0000000000001, 347.00000000000057, 78.99999999999977, 1008.0, 113.99999999999966, 893.0]",21,5.673860478100599,100210.66015645725,0.8201690750976989,4.365923718251291e-06,1.0,0.4907407407407407,67631.0,0.12910941990473743,0.15147910127183992,188156.12126451553,82872438.25058056,8,12069.57955741813,0.027777777777777776,"[0.0, 0.009259259259259259, 0.018518518518518517, 0.027777777777777776, 0.037037037037037035, 0.046296296296296294, 0.05555555555555555, 0.06481481481481481, 0.07407407407407407, 0.08333333333333333, 0.09259259259259259, 0.10185185185185185, 0.1111111111111111, 0.12037037037037036, 0.12962962962962962, 0.1388888888888889, 0.14814814814814814, 0.15740740740740738, 0.16666666666666666, 0.17592592592592593, 0.18518518518518517, 0.19444444444444442, 0.2037037037037037, 0.21296296296296297, 0.2222222222222222, 0.23148148148148145, 0.24074074074074073]","[67631.0, 1786.6346316370007, 1155.9831840869379, 12069.57955741813, 1906.577854206843, 950.591432763603, 9083.877197385176, 2481.229636774484, 778.6316126029479, 8965.162396385991, 2042.6423114779172, 1606.717102154149, 6927.939836298322, 1790.9411989177936, 2115.0643759896493, 4469.1464533967255, 811.3124818658852, 852.4454942250585, 2613.518509595828, 1125.8336361545937, 622.528293616837, 1595.902895846698, 1672.0836322356436, 807.767182253756, 3024.63443941176, 842.7313814743651, 842.8235732269195]",3.0,0.3,145.15000000000006,15,0.5,1721880.138488508,0.14445541615564297,0.1241257545377801,16430975.4527054,84089526828.82364,"[0.046875, 0.03125]",2,1721880.138488508,0.046875,"[0.0, 0.015625, 0.03125, 0.046875, 0.0625, 0.078125, 0.09375, 0.109375, 0.125, 0.140625, 0.15625, 0.171875, 0.1875, 0.203125, 0.21875, 0.234375]","[154749.38571156558, 876106.9067082785, 1710291.376891533, 1721880.138488508, 1236443.397559302, 1200279.6938555264, 1385236.6101427812, 1437054.0474222805, 1048940.2936461219, 664501.8455342908, 393060.29715082503, 165807.0810689744, 58528.066628532615, 51528.956393907574, 141871.9518112763, 339557.73472454]",3.0,0.3,flattop,64,32,145.15000000000006,15,21,449.5238095238095,37.99999999999994,1008.0,"[2, 5, 11, 17, 22, 25, 29, 38, 44, 52, 55, 60, 65, 74, 78, 84, 89, 95, 98, 101, 105]","[37.99999999999994, 367.99999999999994, 460.9999999999998, 193.0000000000001, 951.0, 153.9999999999999, 881.0000000000002, 242.99999999999991, 491.0000000000001, 186.0000000000001, 320.9999999999999, 943.0000000000002, 810.0, 205.00000000000006, 478.0, 276.0000000000001, 347.00000000000057, 78.99999999999977, 1008.0, 113.99999999999966, 893.0]","[1, 1, 1, 15, 1, 24, 27, 35, 35, 49, 35, 35, 63, 73, 73, 73, 35, 92, 35, 99, 99]","[3, 8, 18, 18, 35, 27, 35, 39, 49, 53, 56, 73, 73, 75, 81, 85, 92, 97, 106, 102, 106]",0.05,30,52684909.0,1016.0,-1016.0,DWT,uc1.l0082987033,6.984919309616089e-10,0.0,0.0,0.0,0.0,0.0,0.0,0.0,1.0,84,0.0,0.0,1.0,84,,0.0,0.0,1.0,84,0.0,0.0,0.0,1.52587890625e-05,0.0,0.0,0.0,0.0,0.0,0.0,1.3128122927377096e-13,0.0,0.0,0.0,5.684341886080802e-14,0.0,0.0,0.0,5.684341886080802e-14,5.684341886080802e-14,2.7755575615628914e-17,6.984919309616089e-10,0.0,2.7755575615628914e-17,0.0,0.0,0.0,5.551115123125783e-17,0.9312658772101101,0.2941629295594572,0.03246040122099992,0.16536312849162027,0.032737731708910256,0.0,0.0,0.0,733,0.8013115357965068,0.45305925006583336,561,0,0,0.0,0.0,412,0,0,0.29119801363821957,0.39608208322107447,616,133.2779051456017,0.8278063241012898,580.5,555.7602015977413,0.5389031620506449,640,db,413.2962962962963,398.0,188.41229481502944,243,0.9143723369387087,0.671803462110104,0.15839832550987273,5,481.25
db15,1,zero,1.8205273536549384e-26,317.49305102533214,9416078.61710866,0.5808823529411765,231.64511887041826,108,raw,9.868649107779162e-14,-1.0791434412738068e-10,"[2, 5, 11, 17, 22, 25, 29, 38, 44, 52, 55, 60, 65, 74, 78, 84, 89, 95, 98, 101, 105]","[37.99999999999986, 368.0, 460.9999999999998, 193.0, 950.9999999999999, 154.00000000000045, 881.0000000000001, 242.99999999999991, 490.99999999999994, 185.99999999999977, 321.0, 943.0000000000002, 810.0, 205.0, 478.0, 275.9999999999998, 347.0, 78.99999999999966, 1007.9999999999997, 114.0, 892.9999999999995]",21,5.595207000956163,139960.4527465398,0.8908487495404311,4.3659237182512925e-06,1.0,0.4907407407407407,67631.0,0.12910941990473737,0.15147910127183992,188156.12126451556,82872438.25058056,8,12069.57955741813,0.027777777777777776,"[0.0, 0.009259259259259259, 0.018518518518518517, 0.027777777777777776, 0.037037037037037035, 0.046296296296296294, 0.05555555555555555, 0.06481481481481481, 0.07407407407407407, 0.08333333333333333, 0.09259259259259259, 0.10185185185185185, 0.1111111111111111, 0.12037037037037036, 0.12962962962962962, 0.1388888888888889, 0.14814814814814814, 0.15740740740740738, 0.16666666666666666, 0.17592592592592593, 0.18518518518518517, 0.19444444444444442, 0.2037037037037037, 0.21296296296296297, 0.2222222222222222, 0.23148148148148145, 0.24074074074074073]","[67631.0, 1786.6346316370013, 1155.983184086939, 12069.57955741813, 1906.5778542068438, 950.5914327636002, 9083.877197385176, 2481.229636774483, 778.6316126029473, 8965.162396385991, 2042.6423114779154, 1606.7171021541467, 6927.939836298323, 1790.9411989177945, 2115.0643759896484, 4469.1464533967255, 811.3124818658857, 852.4454942250585, 2613.518509595829, 1125.8336361545933, 622.5282936168377, 1595.902895846696, 1672.0836322356422, 807.7671822537576, 3024.634439411759, 842.7313814743665, 842.8235732269192]",3.0,0.3,145.15000000000015,15,0.5,1721880.1384885088,0.14445541615564292,0.12412575453778008,16430975.452705398,84089526828.82365,"[0.046875, 0.03125]",2,1721880.1384885088,0.046875,"[0.0, 0.015625, 0.03125, 0.046875, 0.0625, 0.078125, 0.09375, 0.109375, 0.125, 0.140625, 0.15625, 0.171875, 0.1875, 0.203125, 0.21875, 0.234375]","[154749.38571156558, 876106.906708278, 1710291.3768915327, 1721880.1384885088, 1236443.3975593022, 1200279.6938555266, 1385236.6101427812, 1437054.04742228, 1048940.2936461216, 664501.8455342907, 393060.29715082515, 165807.08106897463, 58528.06662853269, 51528.95639390758, 141871.9518112762, 339557.73472453974]",3.0,0.3,flattop,64,32,145.15000000000015,15,21,449.5238095238095,37.99999999999986,1007.9999999999997,"[2, 5, 11, 17, 22, 25, 29, 38, 44, 52, 55, 60, 65, 74, 78, 84, 89, 95, 98, 101, 105]","[37.99999999999986, 368.0, 460.9999999999998, 193.0, 950.9999999999999, 154.00000000000045, 881.0000000000001, 242.99999999999991, 490.99999999999994, 185.99999999999977, 321.0, 943.0000000000002, 810.0, 205.0, 478.0, 275.9999999999998, 347.0, 78.99999999999966, 1007.9999999999997, 114.0, 892.9999999999995]","[1, 1, 1, 15, 1, 24, 27, 35, 35, 49, 35, 35, 63, 73, 73, 73, 35, 92, 35, 99, 99]","[3, 8, 18, 18, 35, 27, 35, 39, 49, 53, 56, 73, 73, 75, 81, 85, 92, 97, 106, 102, 106]",0.05,30,52684909.0,1015.9999999999999,-1015.9999999999999,DWT,uc1.l0082987033,0.0,0.0,0.0,0.0,0.0,3.410605131648481e-13,1.862645149230957e-09,1.1368683772161603e-13,1.0,84,0.0,0.0,1.0,84,,0.0,0.0,1.0,84,0.0,0.0,0.0,0.0,0.0,0.0,0.0,0.0,0.0,0.0,1.434619618868012e-13,0.0,1.1368683772161603e-13,0.0,1.4210854715202004e-13,0.0,0.0,0.0,1.4210854715202004e-13,1.4210854715202004e-13,8.326672684688674e-17,0.0,0.0,0.0,2.9103830456733704e-11,0.0,0.0,0.0,0.9186634270274388,0.19338080997329327,0.02788665187086481,0.6961058166283279,0.14033654845557486,0.0,0.0,0.0,619,0.9964087331721033,0.5633666473567922,288,0,0,0.0,0.0,740,0,0,0.39527465079109997,0.5376451754383569,271,236.26609292631616,0.6947466499659998,479.5,394.9010627809952,0.5376188030191755,641,db,413.2962962962963,398.0,188.41229481502944,243,0.9143723369387087,0.671803462110104,0.15839832550987273,5,482.0
sym11,1,zero,4.5234463740077335e-23,283.54032865111265,9341452.015590547,0.546875,298.4382596631995,108,raw,5.266108536893122e-12,-1.1622569573437728e-10,"[2, 5, 11, 17, 22, 25, 29, 38, 44, 52, 55, 60, 65, 74, 78, 84, 89, 95, 98, 101, 105]","[38.00000000000307, 368.00000000001546, 461.00000000000915, 193.00000000000955, 951.0000000000099, 154.00000000001194, 881.0000000000318, 243.00000000000858, 491.00000000001063, 186.0000000000058, 321.0000000000124, 943.000000000008, 810.0000000000298, 205.00000000000767, 478.0000000000143, 276.0000000000067, 347.00000000000966, 78.99999999999648, 1008.0000000000156, 114.00000000000932, 893.0000000000337]",21,5.63990575684283,132277.17663574358,0.8922724953741848,4.3659237182510875e-06,1.0,0.4907407407407407,67631.0,0.12910941990473881,0.15147910127183986,188156.12126451827,82872438.25058056,8,12069.579557418156,0.027777777777777776,"[0.0, 0.009259259259259259, 0.018518518518518517, 0.027777777777777776, 0.037037037037037035, 0.046296296296296294, 0.05555555555555555, 0.06481481481481481, 0.07407407407407407, 0.08333333333333333, 0.09259259259259259, 0.10185185185185185, 0.1111111111111111, 0.12037037037037036, 0.12962962962962962, 0.1388888888888889, 0.14814814814814814, 0.15740740740740738, 0.16666666666666666, 0.17592592592592593, 0.18518518518518517, 0.19444444444444442, 0.2037037037037037, 0.21296296296296297, 0.2222222222222222, 0.23148148148148145, 0.24074074074074073]","[67631.0, 1786.634631637007, 1155.983184086939, 12069.579557418156, 1906.5778542068533, 950.5914327636157, 9083.877197385262, 2481.229636774509, 778.6316126029536, 8965.162396386153, 2042.6423114779675, 1606.7171021541833, 6927.939836298498, 1790.9411989178388, 2115.064375989709, 4469.146453396863, 811.3124818659128, 852.4454942250861, 2613.51850959592, 1125.8336361546344, 622.5282936168579, 1595.9028958467625, 1672.0836322357122, 807.76718225379, 3024.634439411888, 842.7313814744008, 842.8235732269554]",3.0,0.3,145.14999999999358,15,0.5,1721880.13848853,0.1444554161556446,0.12412575453777984,16430975.452706061,84089526828.82791,"[0.046875, 0.03125]",2,1721880.13848853,0.046875,"[0.0, 0.015625, 0.03125, 0.046875, 0.0625, 0.078125, 0.09375, 0.109375, 0.125, 0.140625, 0.15625, 0.171875, 0.1875, 0.203125, 0.21875, 0.234375]","[154749.38571156602, 876106.9067082854, 1710291.376891551, 1721880.13848853, 1236443.3975593292, 1200279.693855569, 1385236.610142841, 1437054.0474223488, 1048940.293646178, 664501.8455343298, 393060.29715084995, 165807.0810689855, 58528.06662853688, 51528.95639391197, 141871.95181128863, 339557.73472456925]",3.0,0.3,flattop,64,32,145.14999999999358,15,21,449.5238095238218,38.00000000000307,1008.0000000000156,"[2, 5, 11, 17, 22, 25, 29, 38, 44, 52, 55, 60, 65, 74, 78, 84, 89, 95, 98, 101, 105]","[38.00000000000307, 368.00000000001546, 461.00000000000915, 193.00000000000955, 951.0000000000099, 154.00000000001194, 881.0000000000318, 243.00000000000858, 491.00000000001063, 186.0000000000058, 321.0000000000124, 943.000000000008, 810.0000000000298, 205.00000000000767, 478.0000000000143, 276.0000000000067, 347.00000000000966, 78.99999999999648, 1008.0000000000156, 114.00000000000932, 893.0000000000337]","[1, 1, 1, 15, 1, 24, 27, 35, 35, 49, 35, 35, 63, 73, 73, 73, 35, 92, 35, 99, 99]","[3, 8, 18, 18, 35, 27, 35, 39, 49, 53, 56, 73, 73, 75, 81, 85, 92, 97, 106, 102, 106]",0.05,30,52684909.00000036,1016.0000000000048,-1016.0000000000048,DWT,uc1.l0082987033,2.1187588572502136e-08,0.0,1.2278178473934531e-11,0.0,0.0,1.5575096767861396e-11,6.612390279769897e-07,4.774847184307873e-12,1.0,84,0.0,2.546585164964199e-11,1.0,84,,0.0,0.0,1.0,84,0.0,0.0,3.5762786865234375e-07,0.0042572021484375,0.0,0.0,0.0,0.0,1.2278178473934531e-11,2.582964953035116e-10,1.2689616553307997e-11,0.0,4.774847184307873e-12,0.0,6.423306331271306e-12,0.0,0.0,0.0,6.423306331271306e-12,3.069544618483633e-12,1.3600232051658168e-15,2.1187588572502136e-08,5.551115123125783e-17,2.3592239273284576e-16,2.735760062932968e-09,0.0,0.0,1.6930901125533637e-15,0.5700819635864475,0.2506552690903432,0.020647605383324035,0.3165153631284918,0.11953866840661453,0.0015052212361629403,0.0007526106180814701,0.0015052212361629403,203,0.6521222280027447,0.3687080422179439,669,0,0,0.0015052212361629403,0.0015052212361629403,206,0,0,0.25548777391904426,0.34750968410482413,689,274.07708769614436,0.6458952355346972,441.75,314.3017241437294,0.537579400713085,642,sym,445.72514619883043,505.0,280.45746329325993,171,0.986117580085908,1.0,0.009717693939864401,6,483.0
bior4.4,1,symmetric,5.715410190800283e-20,252.52454906335512,9440058.520919802,0.5862068965517241,403.92510166346204,108,raw,1.9083154809449199e-10,-1.2203627007797145e-10,"[2, 5, 11, 17, 22, 25, 29, 38, 44, 52, 55, 60, 65, 74, 78, 84, 89, 95, 98, 101, 105]","[37.99999999990379, 367.999999999486, 460.99999999961904, 192.99999999978434, 950.9999999995196, 153.99999999974796, 880.9999999990476, 242.99999999975205, 490.9999999995465, 185.99999999980196, 320.99999999955776, 942.9999999995626, 809.9999999991213, 204.99999999982583, 477.9999999995222, 275.99999999979593, 346.9999999996694, 78.99999999993679, 1007.9999999992984, 113.99999999986392, 892.9999999988914]",21,5.684377002607391,101198.28492850352,0.794622684566812,4.365923718258373e-06,1.0,0.4907407407407407,67631.00000000001,0.12910941990469102,0.15147910127184097,188156.12126441937,82872438.25057971,8,12069.579557416673,0.027777777777777776,"[0.0, 0.009259259259259259, 0.018518518518518517, 0.027777777777777776, 0.037037037037037035, 0.046296296296296294, 0.05555555555555555, 0.06481481481481481, 0.07407407407407407, 0.08333333333333333, 0.09259259259259259, 0.10185185185185185, 0.1111111111111111, 0.12037037037037036, 0.12962962962962962, 0.1388888888888889, 0.14814814814814814, 0.15740740740740738, 0.16666666666666666, 0.17592592592592593, 0.18518518518518517, 0.19444444444444442, 0.2037037037037037, 0.21296296296296297, 0.2222222222222222, 0.23148148148148145, 0.24074074074074073]","[67631.00000000001, 1786.6346316370023, 1155.9831840869406, 12069.579557416673, 1906.5778542063006, 950.5914327632444, 9083.877197381225, 2481.2296367732856, 778.6316126022331, 8965.162396378815, 2042.642311475795, 1606.7171021523689, 6927.9398362906795, 1790.9411989158302, 2115.06437598739, 4469.146453390912, 811.3124818652533, 852.4454942236574, 2613.5185095923566, 1125.83363615351, 622.5282936165248, 1595.9028958444817, 1672.0836322334292, 807.7671822533243, 3024.634439408585, 842.7313814733773, 842.823573225794]",3.0,0.3,145.150000000225,15,0.5,1721880.1384875881,0.14445541615560165,0.12412575453778942,16430975.452681322,84089526828.6324,"[0.046875, 0.03125]",2,1721880.1384875881,0.046875,"[0.0, 0.015625, 0.03125, 0.046875, 0.0625, 0.078125, 0.09375, 0.109375, 0.125, 0.140625, 0.15625, 0.171875, 0.1875, 0.203125, 0.21875, 0.234375]","[154749.3857115353, 876106.9067079495, 1710291.376890705, 1721880.1384875881, 1236443.3975581396, 1200279.6938536984, 1385236.6101401956, 1437054.0474193553, 1048940.293643775, 664501.8455326963, 393060.2971498564, 165807.08106856325, 58528.066628393884, 51528.95639380596, 141871.95181100658, 339557.7347238836]",3.0,0.3,flattop,64,32,145.150000000225,15,21,449.5238095233931,37.99999999990379,1007.9999999992984,"[2, 5, 11, 17, 22, 25, 29, 38, 44, 52, 55, 60, 65, 74, 78, 84, 89, 95, 98, 101, 105]","[37.99999999990379, 367.999999999486, 460.99999999961904, 192.99999999978434, 950.9999999995196, 153.99999999974796, 880.9999999990476, 242.99999999975205, 490.9999999995465, 185.99999999980196, 320.99999999955776, 942.9999999995626, 809.9999999991213, 204.99999999982583, 477.9999999995222, 275.99999999979593, 346.9999999996694, 78.99999999993679, 1007.9999999992984, 113.99999999986392, 892.9999999988914]","[1, 1, 1, 15, 1, 24, 27, 35, 35, 49, 35, 35, 63, 73, 73, 73, 35, 92, 35, 99, 99]","[3, 8, 18, 18, 35, 27, 35, 39, 49, 53, 56, 73, 73, 75, 81, 85, 92, 97, 106, 102, 106]",0.05,30,52684908.999986686,1015.9999999998413,-1015.9999999998413,DWT,uc1.l0082987033,9.206123650074005e-07,0.0,4.164348865742795e-10,8.493661880493164e-07,0.0,7.015614755800925e-10,2.407841384410858e-05,1.5870682545937598e-10,1.0,84,0.0,1.457010512240231e-09,1.0,84,,0.0,0.0,1.0,84,0.0,0.0,1.3314187526702881e-05,0.191253662109375,1.4551915228366852e-11,0.0,0.0,0.0,4.164348865742795e-10,8.745701052248478e-09,4.164524809658316e-10,0.0,1.5870682545937598e-10,0.0,2.2498625185107812e-10,0.0,0.0,0.0,2.2498625185107812e-10,9.620748642191757e-11,4.643507800494717e-14,9.206123650074005e-07,1.0547118733938987e-15,9.33975119465913e-15,9.615905582904816e-08,0.0,0.0,4.1272540940440194e-14,0.25165312835781806,0.30763820959733906,0.030212788059894913,0.7555384319013672,0.03541113576808984,0.05603813227131613,0.028019066135658063,0.05603813227131613,83,0.6362972029110906,0.35976061830101363,674,0,0,0.05603813227131613,0.05603813227131613,84,0,0,0.2760907387369018,0.3755334509005893,667,338.916902303008,0.5621228652415917,377.0,148.5007848445279,0.5375213809412093,643,bior,385.74074074074076,410.0,199.97417605530825,135,0.8534087184529663,0.7130285416801533,0.18870533457887761,4,483.25
db15,1,smooth,1.8633478922731574e-26,317.3920836471872,10757845.102451865,0.5441176470588235,359.0027885129617,108,raw,1.0276553270900702e-13,-1.079936140513389e-10,"[2, 5, 11, 17, 22, 25, 29, 38, 44, 52, 55, 60, 65, 74, 78, 84, 89, 95, 98, 101, 105]","[38.00000000000003, 367.9999999999999, 461.00000000000006, 192.9999999999999, 950.9999999999998, 154.00000000000045, 881.0000000000001, 242.99999999999991, 490.99999999999994, 185.99999999999977, 321.0, 943.0000000000002, 810.0, 205.0, 478.00000000000006, 275.9999999999998, 347.0, 78.99999999999989, 1008.0000000000001, 114.00000000000011, 892.9999999999995]",21,5.836010757100427,98127.8034065762,0.8442434018989886,4.365923718251291e-06,0.9999999999999998,0.4907407407407407,67631.0,0.12910941990473737,0.15147910127183992,188156.12126451556,82872438.25058056,8,12069.579557418136,0.027777777777777776,"[0.0, 0.009259259259259259, 0.018518518518518517, 0.027777777777777776, 0.037037037037037035, 0.046296296296296294, 0.05555555555555555, 0.06481481481481481, 0.07407407407407407, 0.08333333333333333, 0.09259259259259259, 0.10185185185185185, 0.1111111111111111, 0.12037037037037036, 0.12962962962962962, 0.1388888888888889, 0.14814814814814814, 0.15740740740740738, 0.16666666666666666, 0.17592592592592593, 0.18518518518518517, 0.19444444444444442, 0.2037037037037037, 0.21296296296296297, 0.2222222222222222, 0.23148148148148145, 0.24074074074074073]","[67631.0, 1786.6346316370016, 1155.9831840869394, 12069.579557418136, 1906.5778542068429, 950.5914327635991, 9083.877197385176, 2481.2296367744834, 778.6316126029471, 8965.162396385991, 2042.6423114779157, 1606.7171021541462, 6927.939836298321, 1790.9411989177934, 2115.064375989648, 4469.146453396725, 811.3124818658868, 852.4454942250569, 2613.518509595828, 1125.8336361545928, 622.5282936168379, 1595.9028958466988, 1672.083632235643, 807.7671822537563, 3024.634439411759, 842.7313814743661, 842.8235732269189]",3.0,0.3,145.15000000000003,15,0.5,1721880.138488509,0.14445541615564295,0.12412575453778009,16430975.452705398,84089526828.82368,"[0.046875, 0.03125]",2,1721880.138488509,0.046875,"[0.0, 0.015625, 0.03125, 0.046875, 0.0625, 0.078125, 0.09375, 0.109375, 0.125, 0.140625, 0.15625, 0.171875, 0.1875, 0.203125, 0.21875, 0.234375]","[154749.38571156553, 876106.906708278, 1710291.376891533, 1721880.138488509, 1236443.3975593026, 1200279.6938555266, 1385236.610142781, 1437054.04742228, 1048940.2936461219, 664501.8455342907, 393060.29715082515, 165807.08106897463, 58528.06662853267, 51528.95639390756, 141871.9518112762, 339557.73472453986]",3.0,0.3,flattop,64,32,145.15000000000003,15,21,449.5238095238095,38.00000000000003,1008.0000000000001,"[2, 5, 11, 17, 22, 25, 29, 38, 44, 52, 55, 60, 65, 74, 78, 84, 89, 95, 98, 101, 105]","[38.00000000000003, 367.9999999999999, 461.00000000000006, 192.9999999999999, 950.9999999999998, 154.00000000000045, 881.0000000000001, 242.99999999999991, 490.99999999999994, 185.99999999999977, 321.0, 943.0000000000002, 810.0, 205.0, 478.00000000000006, 275.9999999999998, 347.0, 78.99999999999989, 1008.0000000000001, 114.00000000000011, 892.9999999999995]","[1, 1, 1, 15, 1, 24, 27, 35, 35, 49, 35, 35, 63, 73, 73, 73, 35, 92, 35, 99, 99]","[3, 8, 18, 18, 35, 27, 35, 39, 49, 53, 56, 73, 73, 75, 81, 85, 92, 97, 106, 102, 106]",0.05,30,52684909.0,1016.0000000000002,-1016.0000000000002,DWT,uc1.l0082987033,2.3283064365386963e-10,0.0,0.0,0.0,0.0,1.1368683772161603e-13,1.862645149230957e-09,2.2737367544323206e-13,1.0,84,0.0,5.4569682106375694e-12,1.0,84,,0.0,0.0,1.0,84,0.0,0.0,0.0,3.0517578125e-05,0.0,0.0,0.0,0.0,0.0,0.0,1.32634644008552e-13,0.0,2.2737367544323206e-13,0.0,2.842170943040401e-14,0.0,0.0,0.0,2.842170943040401e-14,2.842170943040401e-14,8.326672684688674e-17,2.3283064365386963e-10,0.0,1.3877787807814457e-17,2.9103830456733704e-11,0.0,0.0,2.7755575615628914e-17,0.9176268280753531,0.5019331312389228,0.15804278608081018,0.28573775879066676,0.027099641365869842,0.0,0.0,0.0,615,1.005699015567693,0.568619346446993,276,0,0,0.0,0.0,746,0,0,0.3780880291103245,0.5142682545802657,326,226.45878948129467,0.7074175846494901,490.75,414.1999376714723,0.5366868285004556,644,db,413.2962962962963,398.0,188.41229481502944,243,0.9143723369387087,0.671803462110104,0.15839832550987273,5,484.25
sym17,1,zero,9.944843950121936e-20,250.11904338415633,9355953.844051844,0.5857142857142857,210.15343806073406,108,raw,2.480029679561456e-10,-2.5910607005397345e-10,"[2, 5, 11, 17, 22, 25, 29, 38, 44, 52, 55, 60, 65, 74, 78, 84, 89, 95, 98, 101, 105]","[38.00000000013631, 368.00000000076204, 461.0000000004314, 193.000000000437, 951.000000000466, 154.0000000005897, 881.0000000014717, 243.00000000041854, 491.0000000004672, 186.00000000029308, 321.0000000006096, 943.0000000003655, 810.0000000013679, 205.00000000037133, 478.0000000006853, 276.00000000033015, 347.000000000447, 78.99999999986824, 1008.0000000007065, 114.0000000004303, 893.0000000015592]",21,5.631163842637279,142828.9882653632,0.8988680774468867,4.365923718241976e-06,0.9999999999999998,0.4907407407407407,67631.00000000015,0.1291094199048038,0.15147910127183523,188156.12126464208,82872438.25058043,8,12069.579557419012,0.027777777777777776,"[0.0, 0.009259259259259259, 0.018518518518518517, 0.027777777777777776, 0.037037037037037035, 0.046296296296296294, 0.05555555555555555, 0.06481481481481481, 0.07407407407407407, 0.08333333333333333, 0.09259259259259259, 0.10185185185185185, 0.1111111111111111, 0.12037037037037036, 0.12962962962962962, 0.1388888888888889, 0.14814814814814814, 0.15740740740740738, 0.16666666666666666, 0.17592592592592593, 0.18518518518518517, 0.19444444444444442, 0.2037037037037037, 0.21296296296296297, 0.2222222222222222, 0.23148148148148145, 0.24074074074074073]","[67631.00000000015, 1786.6346316371025, 1155.9831840870074, 12069.579557419012, 1906.5778542071034, 950.5914327639894, 9083.877197388165, 2481.22963677559, 778.6316126032987, 8965.1623963928, 2042.64231148003, 1606.717102155749, 6927.939836306837, 1790.9411989200892, 2115.0643759928384, 4469.146453403903, 811.3124818671316, 852.4454942265914, 2613.518509600777, 1125.833636156677, 622.528293617891, 1595.902895849882, 1672.0836322389757, 807.7671822551807, 3024.634439417628, 842.7313814760485, 842.8235732286475]",3.0,0.3,145.149999999694,15,0.5,1721880.1384891877,0.1444554161557244,0.12412575453776559,16430975.452735124,84089526828.99971,"[0.046875, 0.03125]",2,1721880.1384891877,0.046875,"[0.0, 0.015625, 0.03125, 0.046875, 0.0625, 0.078125, 0.09375, 0.109375, 0.125, 0.140625, 0.15625, 0.171875, 0.1875, 0.203125, 0.21875, 0.234375]","[154749.38571157158, 876106.906708492, 1710291.3768921308, 1721880.1384891877, 1236443.3975602877, 1200279.6938572796, 1385236.6101454543, 1437054.047425487, 1048940.2936488772, 664501.8455362824, 393060.29715209955, 165807.0810695436, 58528.066628746164, 51528.95639410611, 141871.95181182594, 339557.73472585285]",3.0,0.3,flattop,64,32,145.149999999694,15,21,449.52380952439114,38.00000000013631,1008.0000000007065,"[2, 5, 11, 17, 22, 25, 29, 38, 44, 52, 55, 60, 65, 74, 78, 84, 89, 95, 98, 101, 105]","[38.00000000013631, 368.00000000076204, 461.0000000004314, 193.000000000437, 951.000000000466, 154.0000000005897, 881.0000000014717, 243.00000000041854, 491.0000000004672, 186.00000000029308, 321.0000000006096, 943.0000000003655, 810.0000000013679, 205.00000000037133, 478.0000000006853, 276.00000000033015, 347.000000000447, 78.99999999986824, 1008.0000000007065, 114.0000000004303, 893.0000000015592]","[1, 1, 1, 15, 1, 24, 27, 35, 35, 49, 35, 35, 63, 73, 73, 73, 35, 92, 35, 99, 99]","[3, 8, 18, 18, 35, 27, 35, 39, 49, 53, 56, 73, 73, 75, 81, 85, 92, 97, 106, 102, 106]",0.05,30,52684909.000016,1016.0000000002042,-1016.0000000002042,DWT,uc1.l0082987033,6.789341568946838e-07,0.0,5.816218617837876e-10,1.341104507446289e-07,0.0,7.06450009602122e-10,2.9724091291427612e-05,2.041815605480224e-10,1.0,84,0.0,8.822098607197404e-10,1.0,84,,0.0,0.0,1.0,84,0.0,0.0,1.599639654159546e-05,0.176055908203125,1.4551915228366852e-10,0.0,0.0,0.0,5.816218617837876e-10,1.2214513844810426e-08,5.941639561310043e-10,0.0,2.041815605480224e-10,0.0,3.0601654543715995e-10,0.0,0.0,0.0,3.0601654543715995e-10,1.3631051842821762e-10,6.63358257213531e-14,6.789341568946838e-07,4.690692279041286e-15,1.4488410471358293e-14,1.2654345482587814e-07,0.0,0.0,8.149037000748649e-14,0.22695659060367845,0.2394538743794909,0.022054334461830843,0.7500399042298487,0.14810139469777098,0.06732729154253818,0.03366364577126909,0.06732729154253818,69,0.6261845783539158,0.3540429693050875,677,0,0,0.06732729154253818,0.06732729154253818,70,0,0,0.277321219674524,0.3772071280216933,666,347.59411195626814,0.5509120000565011,370.5,125.95618740320172,0.5361149147569327,645,sym,445.72514619883043,505.0,280.45746329325993,171,0.986117580085908,1.0,0.009717693939864401,6,485.25
sym11,1,constant,4.536875427837774e-23,283.5274545647966,9338345.45514522,0.546875,298.4382596631995,108,raw,5.275911395006849e-12,-1.136072347307994e-10,"[2, 5, 11, 17, 22, 25, 29, 38, 44, 52, 55, 60, 65, 74, 78, 84, 89, 95, 98, 101, 105]","[38.000000000002956, 368.0000000000156, 461.0000000000092, 193.00000000000944, 951.0000000000105, 154.00000000001194, 881.0000000000318, 243.00000000000858, 491.00000000001063, 186.0000000000058, 321.0000000000124, 943.000000000008, 810.0000000000298, 205.00000000000767, 478.0000000000143, 276.0000000000067, 347.0000000000099, 78.99999999999648, 1008.0000000000157, 114.00000000000944, 893.0000000000335]",21,5.644407580503609,127261.539523331,0.8879203761400009,4.365923718251087e-06,1.0,0.4907407407407407,67631.0,0.1291094199047388,0.15147910127183983,188156.12126451827,82872438.25058056,8,12069.579557418157,0.027777777777777776,"[0.0, 0.009259259259259259, 0.018518518518518517, 0.027777777777777776, 0.037037037037037035, 0.046296296296296294, 0.05555555555555555, 0.06481481481481481, 0.07407407407407407, 0.08333333333333333, 0.09259259259259259, 0.10185185185185185, 0.1111111111111111, 0.12037037037037036, 0.12962962962962962, 0.1388888888888889, 0.14814814814814814, 0.15740740740740738, 0.16666666666666666, 0.17592592592592593, 0.18518518518518517, 0.19444444444444442, 0.2037037037037037, 0.21296296296296297, 0.2222222222222222, 0.23148148148148145, 0.24074074074074073]","[67631.0, 1786.634631637006, 1155.9831840869401, 12069.579557418157, 1906.5778542068529, 950.5914327636139, 9083.877197385262, 2481.2296367745107, 778.6316126029543, 8965.162396386155, 2042.6423114779664, 1606.717102154184, 6927.939836298498, 1790.9411989178402, 2115.064375989709, 4469.146453396863, 811.312481865913, 852.4454942250854, 2613.518509595921, 1125.8336361546346, 622.5282936168591, 1595.902895846761, 1672.0836322357122, 807.7671822537898, 3024.6344394118883, 842.7313814743999, 842.8235732269546]",3.0,0.3,145.14999999999353,15,0.5,1721880.13848853,0.14445541615564467,0.12412575453777985,16430975.45270606,84089526828.8279,"[0.046875, 0.03125]",2,1721880.13848853,0.046875,"[0.0, 0.015625, 0.03125, 0.046875, 0.0625, 0.078125, 0.09375, 0.109375, 0.125, 0.140625, 0.15625, 0.171875, 0.1875, 0.203125, 0.21875, 0.234375]","[154749.38571156588, 876106.9067082849, 1710291.3768915508, 1721880.13848853, 1236443.3975593292, 1200279.693855569, 1385236.610142841, 1437054.047422349, 1048940.293646178, 664501.8455343298, 393060.2971508498, 165807.08106898557, 58528.06662853692, 51528.95639391197, 141871.95181128866, 339557.73472456925]",3.0,0.3,flattop,64,32,145.14999999999353,15,21,449.5238095238218,38.000000000002956,1008.0000000000157,"[2, 5, 11, 17, 22, 25, 29, 38, 44, 52, 55, 60, 65, 74, 78, 84, 89, 95, 98, 101, 105]","[38.000000000002956, 368.0000000000156, 461.0000000000092, 193.00000000000944, 951.0000000000105, 154.00000000001194, 881.0000000000318, 243.00000000000858, 491.00000000001063, 186.0000000000058, 321.0000000000124, 943.000000000008, 810.0000000000298, 205.00000000000767, 478.0000000000143, 276.0000000000067, 347.0000000000099, 78.99999999999648, 1008.0000000000157, 114.00000000000944, 893.0000000000335]","[1, 1, 1, 15, 1, 24, 27, 35, 35, 49, 35, 35, 63, 73, 73, 73, 35, 92, 35, 99, 99]","[3, 8, 18, 18, 35, 27, 35, 39, 49, 53, 56, 73, 73, 75, 81, 85, 92, 97, 106, 102, 106]",0.05,30,52684909.00000036,1016.0000000000048,-1016.0000000000048,DWT,uc1.l0082987033,2.1187588572502136e-08,0.0,1.2278178473934531e-11,0.0,0.0,1.5688783605583012e-11,6.593763828277588e-07,4.774847184307873e-12,1.0,84,0.0,2.7284841053187847e-11,1.0,84,,0.0,0.0,1.0,84,0.0,0.0,3.5762786865234375e-07,0.004241943359375,0.0,0.0,0.0,0.0,1.2278178473934531e-11,2.582964953035116e-10,1.2730218995351432e-11,0.0,4.774847184307873e-12,0.0,6.480149750132114e-12,0.0,0.0,0.0,6.480149750132114e-12,2.9558577807620168e-12,1.3322676295501878e-15,2.1187588572502136e-08,8.326672684688674e-17,2.220446049250313e-16,2.735760062932968e-09,0.0,0.0,1.7486012637846216e-15,0.5699497895651995,0.25642365145573176,0.020346257941224303,0.3165153631284918,0.10596182728717435,0.0015052212361629403,0.0007526106180814701,0.0015052212361629403,204,0.6493457046038642,0.3671382038308843,670,0,0,0.0015052212361629403,0.0015052212361629403,205,0,0,0.2538393778755644,0.34526756668541736,694,275.8591125919171,0.6435928777882208,443.25,314.62695024215344,0.5354592295917848,646,sym,445.72514619883043,505.0,280.45746329325993,171,0.986117580085908,1.0,0.009717693939864401,6,486.0
rbio5.5,1,symmetric,1.08429358890926e-19,249.7435542124914,10175271.45652014,0.5847457627118644,367.9959881149008,108,raw,2.563447067784721e-10,-1.2901990610281263e-10,"[2, 5, 11, 17, 22, 25, 29, 38, 44, 52, 55, 60, 65, 74, 78, 84, 89, 95, 98, 101, 105]","[38.00000000011187, 368.00000000054115, 461.00000000052887, 193.00000000008436, 951.0000000007731, 153.99999999999602, 881.0000000009719, 243.00000000019332, 491.0000000007321, 186.00000000020498, 321.00000000050125, 943.0000000008065, 810.0000000008617, 205.00000000002757, 478.0000000005249, 276.00000000014666, 347.0000000003847, 79.00000000032708, 1008.0000000009951, 113.99999999984846, 893.0000000012878]",21,5.617930723249568,120139.80672870232,0.9002049920996457,4.365923718242493e-06,0.9999999999999998,0.4907407407407407,67631.00000000003,0.12910941990478766,0.15147910127184247,188156.12126463433,82872438.25058384,8,12069.57955742086,0.027777777777777776,"[0.0, 0.009259259259259259, 0.018518518518518517, 0.027777777777777776, 0.037037037037037035, 0.046296296296296294, 0.05555555555555555, 0.06481481481481481, 0.07407407407407407, 0.08333333333333333, 0.09259259259259259, 0.10185185185185185, 0.1111111111111111, 0.12037037037037036, 0.12962962962962962, 0.1388888888888889, 0.14814814814814814, 0.15740740740740738, 0.16666666666666666, 0.17592592592592593, 0.18518518518518517, 0.19444444444444442, 0.2037037037037037, 0.21296296296296297, 0.2222222222222222, 0.23148148148148145, 0.24074074074074073]","[67631.00000000003, 1786.6346316369807, 1155.9831840868849, 12069.57955742086, 1906.5778542079581, 950.5914327643035, 9083.877197392414, 2481.229636776485, 778.6316126043628, 8965.162396398353, 2042.6423114817128, 1606.7171021571667, 6927.9398363101045, 1790.9411989205144, 2115.064375992375, 4469.146453404403, 811.3124818661439, 852.4454942269723, 2613.5185095994966, 1125.8336361551874, 622.5282936165476, 1595.9028958487997, 1672.0836322375853, 807.7671822535067, 3024.634439413715, 842.7313814750978, 842.8235732278881]",3.0,0.3,145.14999999974498,15,0.5,1721880.138490233,0.14445541615566396,0.12412575453777025,16430975.452738408,84089526829.15793,"[0.046875, 0.03125]",2,1721880.138490233,0.046875,"[0.0, 0.015625, 0.03125, 0.046875, 0.0625, 0.078125, 0.09375, 0.109375, 0.125, 0.140625, 0.15625, 0.171875, 0.1875, 0.203125, 0.21875, 0.234375]","[154749.38571163622, 876106.9067089169, 1710291.376893092, 1721880.138490233, 1236443.397561403, 1200279.6938586733, 1385236.6101470392, 1437054.0474268566, 1048940.2936495477, 664501.8455364407, 393060.29715203005, 165807.08106943994, 58528.066628661356, 51528.95639396374, 141871.95181141142, 339557.73472488776]",3.0,0.3,flattop,64,32,145.14999999974498,15,21,449.52380952427865,38.00000000011187,1008.0000000009951,"[2, 5, 11, 17, 22, 25, 29, 38, 44, 52, 55, 60, 65, 74, 78, 84, 89, 95, 98, 101, 105]","[38.00000000011187, 368.00000000054115, 461.00000000052887, 193.00000000008436, 951.0000000007731, 153.99999999999602, 881.0000000009719, 243.00000000019332, 491.0000000007321, 186.00000000020498, 321.00000000050125, 943.0000000008065, 810.0000000008617, 205.00000000002757, 478.0000000005249, 276.00000000014666, 347.0000000003847, 79.00000000032708, 1008.0000000009951, 113.99999999984846, 893.0000000012878]","[1, 1, 1, 15, 1, 24, 27, 35, 35, 49, 35, 35, 63, 73, 73, 73, 35, 92, 35, 99, 99]","[3, 8, 18, 18, 35, 27, 35, 39, 49, 53, 56, 73, 73, 75, 81, 85, 92, 97, 106, 102, 106]",0.05,30,52684909.00001854,1016.0000000001885,-1016.0000000001885,DWT,uc1.l0082987033,1.7243437469005585e-06,0.0,4.691287358582485e-10,3.2782554626464844e-06,0.0,9.951008905773051e-10,3.300793468952179e-05,1.8849277694243938e-10,1.0,84,0.0,2.7303030947223306e-09,1.0,84,,0.0,0.0,1.0,84,0.0,0.0,1.8537044525146484e-05,0.3342742919921875,2.9103830456733704e-11,0.0,0.0,0.0,4.691287358582485e-10,9.851646609604359e-09,4.838322335369109e-10,0.0,1.8849277694243938e-10,0.0,2.5502799871901516e-10,0.0,0.0,0.0,2.5502799871901516e-10,1.1186784831807017e-10,5.0209836288672705e-14,1.7243437469005585e-06,2.55351295663786e-15,9.825473767932635e-15,1.1880183592438698e-07,0.0,0.0,2.1038726316646716e-14,0.2231015664461874,0.22249770322152423,0.10153106479745169,0.7392292396553357,0.08668399029843117,0.07802063407444573,0.039010317037222866,0.07802063407444573,61,0.6262406158587072,0.3540746527499927,676,0,0,0.07802063407444573,0.07802063407444573,61,0,0,0.27460871288378613,0.3735176270975505,669,353.06125530848044,0.5438485073533845,366.75,111.85387209551023,0.5350056490255295,647,rbio,366.5925925925926,360.0,210.3588723315502,135,0.8110455588331695,0.7500562468954116,0.20725123474815782,3,486.0
db7,1,antireflect,1.346053814528007e-26,318.8043988808055,9813883.52522049,0.5333333333333333,396.1453367234945,108,raw,8.325850297263023e-14,-1.0733181010635982e-10,"[2, 5, 11, 17, 22, 25, 29, 38, 44, 52, 55, 60, 65, 74, 78, 84, 89, 95, 98, 101, 105]","[38.000000000000085, 367.99999999999994, 460.9999999999998, 193.0000000000001, 951.0, 153.9999999999999, 881.0000000000002, 242.99999999999991, 491.0000000000001, 186.0000000000001, 320.9999999999999, 943.0000000000002, 810.0, 205.00000000000006, 478.0, 276.0000000000001, 347.00000000000057, 78.99999999999989, 1008.0, 113.99999999999977, 893.0000000000001]",21,5.761605245710701,200170.68954316343,0.8812071547907268,4.36592371825129e-06,1.0,0.4907407407407407,67631.0,0.12910941990473743,0.15147910127183992,188156.12126451556,82872438.25058056,8,12069.579557418134,0.027777777777777776,"[0.0, 0.009259259259259259, 0.018518518518518517, 0.027777777777777776, 0.037037037037037035, 0.046296296296296294, 0.05555555555555555, 0.06481481481481481, 0.07407407407407407, 0.08333333333333333, 0.09259259259259259, 0.10185185185185185, 0.1111111111111111, 0.12037037037037036, 0.12962962962962962, 0.1388888888888889, 0.14814814814814814, 0.15740740740740738, 0.16666666666666666, 0.17592592592592593, 0.18518518518518517, 0.19444444444444442, 0.2037037037037037, 0.21296296296296297, 0.2222222222222222, 0.23148148148148145, 0.24074074074074073]","[67631.0, 1786.6346316370007, 1155.9831840869379, 12069.579557418134, 1906.5778542068433, 950.5914327636033, 9083.877197385176, 2481.2296367744843, 778.6316126029477, 8965.162396385991, 2042.6423114779168, 1606.7171021541496, 6927.939836298323, 1790.9411989177936, 2115.064375989649, 4469.1464533967255, 811.3124818658852, 852.4454942250583, 2613.518509595829, 1125.833636154594, 622.5282936168375, 1595.902895846696, 1672.0836322356438, 807.7671822537562, 3024.63443941176, 842.7313814743655, 842.8235732269198]",3.0,0.3,145.14999999999998,15,0.5,1721880.138488508,0.14445541615564297,0.1241257545377801,16430975.4527054,84089526828.82364,"[0.046875, 0.03125]",2,1721880.138488508,0.046875,"[0.0, 0.015625, 0.03125, 0.046875, 0.0625, 0.078125, 0.09375, 0.109375, 0.125, 0.140625, 0.15625, 0.171875, 0.1875, 0.203125, 0.21875, 0.234375]","[154749.38571156558, 876106.9067082785, 1710291.376891533, 1721880.138488508, 1236443.397559302, 1200279.6938555264, 1385236.6101427812, 1437054.0474222805, 1048940.2936461219, 664501.8455342908, 393060.29715082503, 165807.0810689744, 58528.066628532615, 51528.956393907574, 141871.9518112763, 339557.73472454]",3.0,0.3,flattop,64,32,145.14999999999998,15,21,449.5238095238095,38.000000000000085,1008.0,"[2, 5, 11, 17, 22, 25, 29, 38, 44, 52, 55, 60, 65, 74, 78, 84, 89, 95, 98, 101, 105]","[38.000000000000085, 367.99999999999994, 460.9999999999998, 193.0000000000001, 951.0, 153.9999999999999, 881.0000000000002, 242.99999999999991, 491.0000000000001, 186.0000000000001, 320.9999999999999, 943.0000000000002, 810.0, 205.00000000000006, 478.0, 276.0000000000001, 347.00000000000057, 78.99999999999989, 1008.0, 113.99999999999977, 893.0000000000001]","[1, 1, 1, 15, 1, 24, 27, 35, 35, 49, 35, 35, 63, 73, 73, 73, 35, 92, 35, 99, 99]","[3, 8, 18, 18, 35, 27, 35, 39, 49, 53, 56, 73, 73, 75, 81, 85, 92, 97, 106, 102, 106]",0.05,30,52684909.0,1016.0,-1016.0,DWT,uc1.l0082987033,6.984919309616089e-10,0.0,0.0,0.0,0.0,0.0,0.0,0.0,1.0,84,0.0,3.637978807091713e-12,1.0,84,,0.0,0.0,1.0,84,0.0,0.0,0.0,1.52587890625e-05,0.0,0.0,0.0,0.0,0.0,0.0,1.2722098506942751e-13,0.0,0.0,0.0,2.842170943040401e-14,0.0,0.0,0.0,2.842170943040401e-14,8.526512829121202e-14,2.7755575615628914e-17,6.984919309616089e-10,0.0,2.7755575615628914e-17,2.9103830456733704e-11,0.0,0.0,5.551115123125783e-17,0.9321266053111392,0.4065941148470764,0.06647514664634319,0.16536312849162027,0.30331979473720616,0.0,0.0,0.0,739,0.9832837632249238,0.5559458268946295,309,0,0,0.0,0.0,636,0,0,0.3747757580066771,0.5097629654729178,345,212.84795042471046,0.7250026480300898,507.25,441.4863048837007,0.5348204454620733,648,db,413.2962962962963,398.0,188.41229481502944,243,0.9143723369387087,0.671803462110104,0.15839832550987273,5,487.25
rbio6.8,1,zero,2.4097881609038076e-21,266.27523444787295,9349079.585257327,0.5645161290322581,296.131038596112,108,raw,3.886195069450575e-11,-8.328049361566792e-11,"[2, 5, 11, 17, 22, 25, 29, 38, 44, 52, 55, 60, 65, 74, 78, 84, 89, 95, 98, 101, 105]","[37.99999999997988, 367.9999999998834, 460.99999999993116, 192.99999999994043, 950.9999999999193, 153.9999999999245, 880.9999999997785, 242.9999999999402, 490.99999999991843, 185.9999999999559, 320.99999999990723, 942.9999999999285, 809.9999999997983, 204.9999999999527, 477.9999999998962, 275.999999999956, 346.99999999993213, 79.00000000000682, 1007.9999999998944, 113.99999999995043, 892.9999999997556]",21,5.651699320970273,128479.19265207427,0.8336925096791079,4.365923718252734e-06,1.0,0.4907407407407407,67630.99999999997,0.12910941990472743,0.15147910127184053,188156.12126449586,82872438.25058049,8,12069.579557417996,0.027777777777777776,"[0.0, 0.009259259259259259, 0.018518518518518517, 0.027777777777777776, 0.037037037037037035, 0.046296296296296294, 0.05555555555555555, 0.06481481481481481, 0.07407407407407407, 0.08333333333333333, 0.09259259259259259, 0.10185185185185185, 0.1111111111111111, 0.12037037037037036, 0.12962962962962962, 0.1388888888888889, 0.14814814814814814, 0.15740740740740738, 0.16666666666666666, 0.17592592592592593, 0.18518518518518517, 0.19444444444444442, 0.2037037037037037, 0.21296296296296297, 0.2222222222222222, 0.23148148148148145, 0.24074074074074073]","[67630.99999999997, 1786.6346316369797, 1155.9831840869256, 12069.579557417996, 1906.577854206803, 950.5914327635232, 9083.87719738466, 2481.2296367742933, 778.6316126028878, 8965.162396384765, 2042.6423114775148, 1606.7171021538713, 6927.939836296824, 1790.9411989174089, 2115.0643759891122, 4469.1464533955395, 811.3124818657049, 852.4454942248118, 2613.5185095950765, 1125.8336361543015, 622.5282936167087, 1595.9028958462475, 1672.0836322351774, 807.7671822535741, 3024.6344394109574, 842.7313814741282, 842.8235732266721]",3.0,0.3,145.15000000004585,15,0.5,1721880.1384883914,0.14445541615563162,0.12412575453778252,16430975.452700602,84089526828.79175,"[0.046875, 0.03125]",2,1721880.1384883914,0.046875,"[0.0, 0.015625, 0.03125, 0.046875, 0.0625, 0.078125, 0.09375, 0.109375, 0.125, 0.140625, 0.15625, 0.171875, 0.1875, 0.203125, 0.21875, 0.234375]","[154749.3857115642, 876106.9067082407, 1710291.376891429, 1721880.1384883914, 1236443.3975591273, 1200279.693855211, 1385236.610142303, 1437054.0474217164, 1048940.2936456483, 664501.8455339575, 393060.2971506186, 165807.0810688855, 58528.066628501314, 51528.95639388021, 141871.95181120036, 339557.7347243581]",3.0,0.3,flattop,64,32,145.15000000004585,15,21,449.5238095237215,37.99999999997988,1007.9999999998944,"[2, 5, 11, 17, 22, 25, 29, 38, 44, 52, 55, 60, 65, 74, 78, 84, 89, 95, 98, 101, 105]","[37.99999999997988, 367.9999999998834, 460.99999999993116, 192.99999999994043, 950.9999999999193, 153.9999999999245, 880.9999999997785, 242.9999999999402, 490.99999999991843, 185.9999999999559, 320.99999999990723, 942.9999999999285, 809.9999999997983, 204.9999999999527, 477.9999999998962, 275.999999999956, 346.99999999993213, 79.00000000000682, 1007.9999999998944, 113.99999999995043, 892.9999999997556]","[1, 1, 1, 15, 1, 24, 27, 35, 35, 49, 35, 35, 63, 73, 73, 73, 35, 92, 35, 99, 99]","[3, 8, 18, 18, 35, 27, 35, 39, 49, 53, 56, 73, 73, 75, 81, 85, 92, 97, 106, 102, 106]",0.05,30,52684908.99999742,1015.9999999999702,-1015.9999999999702,DWT,uc1.l0082987033,1.1734664440155029e-07,0.0,8.799361239653081e-11,7.450580596923828e-08,0.0,1.0561507224338129e-10,4.798173904418945e-06,2.97859514830634e-11,1.0,84,0.0,1.3460521586239338e-10,1.0,84,,0.0,0.0,1.0,84,0.0,0.0,2.5779008865356445e-06,0.0319061279296875,2.9103830456733704e-11,0.0,0.0,0.0,8.799361239653081e-11,1.8480932340025902e-09,8.874340415959954e-11,0.0,2.97859514830634e-11,0.0,4.5844217311241664e-11,0.0,0.0,0.0,4.5844217311241664e-11,2.0122570276726037e-11,1.0019762797242038e-14,1.1734664440155029e-07,6.106226635438361e-16,2.4424906541753444e-15,1.9674189388751984e-08,0.0,0.0,1.1296519275560968e-14,0.39282690469957626,0.26576687551120676,0.021387506843145686,0.5134258424941438,0.10925789570221657,0.010850136410674527,0.005425068205337264,0.010850136410674527,156,0.6283468292754661,0.35526549979068445,675,0,0,0.010850136410674527,0.010850136410674527,153,0,0,0.2605330050500579,0.3543721129783479,685,303.4275036973412,0.6079748014246238,417.25,251.76963179862844,0.5344460570430613,649,rbio,366.5925925925926,360.0,210.3588723315502,135,0.8110455588331695,0.7500562468954116,0.20725123474815782,3,487.5
sym8,1,smooth,5.902525363050515e-21,262.3846444927127,9388513.664375812,0.5737704918032787,295.83595102805634,108,raw,5.499479061444179e-11,5.441647124965959e-12,"[2, 5, 11, 17, 22, 25, 29, 38, 44, 52, 55, 60, 65, 74, 78, 84, 89, 95, 98, 101, 105]","[38.00000000001887, 367.99999999994577, 460.9999999998752, 193.0000000000938, 950.999999999847, 154.00000000015837, 881.0000000000614, 243.00000000002908, 490.99999999985687, 185.9999999999701, 320.99999999992895, 942.9999999997747, 810.0000000000637, 205.00000000007574, 477.9999999999641, 276.00000000000443, 346.9999999999667, 78.9999999997882, 1007.9999999999652, 114.00000000019736, 892.9999999999411]",21,5.643937041577546,111963.2382634409,0.8334762518712213,4.365923718251879e-06,0.9999999999999994,0.4907407407407407,67630.99999999988,0.1291094199047359,0.15147910127183847,188156.1212645051,82872438.25057957,8,12069.579557417894,0.027777777777777776,"[0.0, 0.009259259259259259, 0.018518518518518517, 0.027777777777777776, 0.037037037037037035, 0.046296296296296294, 0.05555555555555555, 0.06481481481481481, 0.07407407407407407, 0.08333333333333333, 0.09259259259259259, 0.10185185185185185, 0.1111111111111111, 0.12037037037037036, 0.12962962962962962, 0.1388888888888889, 0.14814814814814814, 0.15740740740740738, 0.16666666666666666, 0.17592592592592593, 0.18518518518518517, 0.19444444444444442, 0.2037037037037037, 0.21296296296296297, 0.2222222222222222, 0.23148148148148145, 0.24074074074074073]","[67630.99999999988, 1786.6346316369152, 1155.9831840869053, 12069.579557417894, 1906.577854206755, 950.5914327633781, 9083.877197384194, 2481.229636774138, 778.6316126028786, 8965.162396383726, 2042.6423114770955, 1606.7171021537233, 6927.939836295763, 1790.9411989172581, 2115.064375988788, 4469.146453395048, 811.3124818657632, 852.4454942247905, 2613.518509595034, 1125.8336361544757, 622.5282936170122, 1595.9028958466636, 1672.08363223584, 807.7671822542385, 3024.6344394130183, 842.7313814746468, 842.8235732271758]",3.0,0.3,145.15000000002317,15,0.5,1721880.1384882615,0.14445541615565657,0.1241257545377828,16430975.452701524,84089526828.75583,"[0.046875, 0.03125]",2,1721880.1384882615,0.046875,"[0.0, 0.015625, 0.03125, 0.046875, 0.0625, 0.078125, 0.09375, 0.109375, 0.125, 0.140625, 0.15625, 0.171875, 0.1875, 0.203125, 0.21875, 0.234375]","[154749.3857115551, 876106.9067081845, 1710291.3768913057, 1721880.1384882615, 1236443.397558956, 1200279.693854932, 1385236.6101419113, 1437054.0474212999, 1048940.2936453489, 664501.8455337955, 393060.2971505553, 165807.08106887917, 58528.06662852326, 51528.956393955086, 141871.9518114326, 339557.7347248871]",3.0,0.3,flattop,64,32,145.15000000002317,15,21,449.523809523787,38.00000000001887,1007.9999999999652,"[2, 5, 11, 17, 22, 25, 29, 38, 44, 52, 55, 60, 65, 74, 78, 84, 89, 95, 98, 101, 105]","[38.00000000001887, 367.99999999994577, 460.9999999998752, 193.0000000000938, 950.999999999847, 154.00000000015837, 881.0000000000614, 243.00000000002908, 490.99999999985687, 185.9999999999701, 320.99999999992895, 942.9999999997747, 810.0000000000637, 205.00000000007574, 477.9999999999641, 276.00000000000443, 346.9999999999667, 78.9999999997882, 1007.9999999999652, 114.00000000019736, 892.9999999999411]","[1, 1, 1, 15, 1, 24, 27, 35, 35, 49, 35, 35, 63, 73, 73, 73, 35, 92, 35, 99, 99]","[3, 8, 18, 18, 35, 27, 35, 39, 49, 53, 56, 73, 73, 75, 81, 85, 92, 97, 106, 102, 106]",0.05,30,52684908.99999779,1015.9999999999886,-1015.9999999999886,DWT,uc1.l0082987033,2.4726614356040955e-07,0.0,2.2509993868879974e-11,9.98377799987793e-07,0.0,3.4788172342814505e-11,3.876164555549622e-06,1.1368683772161603e-11,1.0,84,0.0,2.3646862246096134e-10,1.0,84,,0.0,0.0,1.0,84,0.0,0.0,2.212822437286377e-06,0.0678253173828125,1.1641532182693481e-10,0.0,0.0,0.0,2.2509993868879974e-11,4.729372449219227e-10,8.947154128691183e-11,0.0,1.1368683772161603e-11,0.0,2.3163693185779266e-11,0.0,0.0,0.0,2.3163693185779266e-11,1.887201506178826e-11,1.5543122344752192e-15,2.4726614356040955e-07,1.4432899320127035e-15,2.7200464103316335e-15,1.0419171303510666e-08,0.0,0.0,1.3655743202889425e-14,0.35288349382162154,0.2558207294739187,0.02521275315109639,0.6167231431449764,0.06455081589465518,0.009313556398758192,0.004656778199379096,0.009313556398758192,168,0.6247564212213331,0.3532354933477859,681,0,0,0.009313556398758192,0.009313556398758192,168,0,0,0.26303818709725363,0.35777961467008024,681,296.180688094278,0.6173376122812946,424.5,269.5123674911661,0.5344439999390969,650,sym,445.72514619883043,505.0,280.45746329325993,171,0.986117580085908,1.0,0.009717693939864401,6,489.0
rbio2.2,1,reflect,4.8303998421622014e-27,323.2551922969395,9337590.232950868,0.5625,500.4591907691529,108,raw,4.256677315155412e-14,-1.1332312865874949e-10,"[2, 5, 11, 17, 22, 25, 29, 38, 44, 52, 55, 60, 65, 74, 78, 84, 89, 95, 98, 101, 105]","[37.99999999999997, 368.00000000000006, 460.99999999999983, 193.0000000000001, 951.0000000000001, 153.9999999999999, 881.0, 243.0, 491.0000000000001, 186.0, 320.9999999999999, 943.0000000000001, 810.0, 204.99999999999997, 477.99999999999994, 276.0000000000001, 347.0000000000001, 79.0, 1008.0, 113.99999999999989, 893.0]",21,5.788848801749985,109766.9737872688,0.6284662594317084,4.365923718251291e-06,1.0,0.4907407407407407,67631.0,0.1291094199047374,0.15147910127183992,188156.12126451556,82872438.25058056,8,12069.57955741813,0.027777777777777776,"[0.0, 0.009259259259259259, 0.018518518518518517, 0.027777777777777776, 0.037037037037037035, 0.046296296296296294, 0.05555555555555555, 0.06481481481481481, 0.07407407407407407, 0.08333333333333333, 0.09259259259259259, 0.10185185185185185, 0.1111111111111111, 0.12037037037037036, 0.12962962962962962, 0.1388888888888889, 0.14814814814814814, 0.15740740740740738, 0.16666666666666666, 0.17592592592592593, 0.18518518518518517, 0.19444444444444442, 0.2037037037037037, 0.21296296296296297, 0.2222222222222222, 0.23148148148148145, 0.24074074074074073]","[67631.0, 1786.6346316370013, 1155.9831840869383, 12069.57955741813, 1906.577854206843, 950.5914327636025, 9083.877197385176, 2481.2296367744843, 778.6316126029448, 8965.162396385991, 2042.642311477917, 1606.7171021541499, 6927.939836298323, 1790.941198917794, 2115.0643759896484, 4469.146453396725, 811.3124818658852, 852.4454942250574, 2613.518509595828, 1125.833636154595, 622.528293616837, 1595.9028958466968, 1672.083632235644, 807.7671822537571, 3024.63443941176, 842.7313814743657, 842.8235732269201]",3.0,0.3,145.15000000000003,15,0.5,1721880.1384885088,0.14445541615564295,0.1241257545377801,16430975.4527054,84089526828.82368,"[0.046875, 0.03125]",2,1721880.1384885088,0.046875,"[0.0, 0.015625, 0.03125, 0.046875, 0.0625, 0.078125, 0.09375, 0.109375, 0.125, 0.140625, 0.15625, 0.171875, 0.1875, 0.203125, 0.21875, 0.234375]","[154749.38571156553, 876106.9067082782, 1710291.3768915331, 1721880.1384885088, 1236443.3975593029, 1200279.6938555266, 1385236.610142781, 1437054.0474222803, 1048940.2936461219, 664501.8455342908, 393060.29715082515, 165807.0810689745, 58528.066628532644, 51528.95639390756, 141871.9518112763, 339557.7347245399]",3.0,0.3,flattop,64,32,145.15000000000003,15,21,449.5238095238095,37.99999999999997,1008.0,"[2, 5, 11, 17, 22, 25, 29, 38, 44, 52, 55, 60, 65, 74, 78, 84, 89, 95, 98, 101, 105]","[37.99999999999997, 368.00000000000006, 460.99999999999983, 193.0000000000001, 951.0000000000001, 153.9999999999999, 881.0, 243.0, 491.0000000000001, 186.0, 320.9999999999999, 943.0000000000001, 810.0, 204.99999999999997, 477.99999999999994, 276.0000000000001, 347.0000000000001, 79.0, 1008.0, 113.99999999999989, 893.0]","[1, 1, 1, 15, 1, 24, 27, 35, 35, 49, 35, 35, 63, 73, 73, 73, 35, 92, 35, 99, 99]","[3, 8, 18, 18, 35, 27, 35, 39, 49, 53, 56, 73, 73, 75, 81, 85, 92, 97, 106, 102, 106]",0.05,30,52684909.0,1016.0,-1016.0,DWT,uc1.l0082987033,0.0,0.0,0.0,0.0,0.0,0.0,0.0,0.0,1.0,84,0.0,0.0,1.0,84,,0.0,0.0,1.0,84,0.0,0.0,0.0,3.0517578125e-05,0.0,0.0,0.0,0.0,0.0,0.0,6.49639072694949e-14,0.0,0.0,0.0,2.842170943040401e-14,0.0,0.0,0.0,2.842170943040401e-14,2.842170943040401e-14,5.551115123125783e-17,0.0,0.0,2.7755575615628914e-17,2.9103830456733704e-11,0.0,0.0,2.7755575615628914e-17,0.9778214413649211,0.44150246756569195,0.020272998695029038,0.49092178770949735,0.05860574188292785,0.0,0.0,0.0,661,1.0373916097862832,0.5865382485566982,247,0,0,0.0,0.0,713,0,0,0.39782488744361344,0.5411139595602473,266,249.5748050852356,0.6775519314144243,471.75,373.0172266824779,0.5340279036917083,651,rbio,366.5925925925926,360.0,210.3588723315502,135,0.8110455588331695,0.7500562468954116,0.20725123474815782,3,489.0
sym8,1,zero,5.836359997487426e-21,262.4336023904689,9381705.31464168,0.5737704918032787,273.9169238785796,108,raw,5.443193221257959e-11,5.0155768419628425e-11,"[2, 5, 11, 17, 22, 25, 29, 38, 44, 52, 55, 60, 65, 74, 78, 84, 89, 95, 98, 101, 105]","[38.00000000001356, 367.9999999999492, 460.9999999998752, 193.0000000000938, 950.9999999998574, 154.00000000015837, 881.0000000000614, 243.00000000002908, 490.99999999985687, 185.9999999999701, 320.99999999992895, 942.9999999997747, 810.0000000000637, 205.00000000007574, 477.9999999999641, 276.00000000000443, 346.9999999999667, 78.9999999997882, 1007.9999999999673, 114.00000000019656, 892.9999999999377]",21,5.615707084486602,124369.78016661273,0.8501473452918038,4.365923718251879e-06,1.0,0.4907407407407407,67630.99999999984,0.12910941990473593,0.15147910127183842,188156.12126450523,82872438.25057946,8,12069.579557417937,0.027777777777777776,"[0.0, 0.009259259259259259, 0.018518518518518517, 0.027777777777777776, 0.037037037037037035, 0.046296296296296294, 0.05555555555555555, 0.06481481481481481, 0.07407407407407407, 0.08333333333333333, 0.09259259259259259, 0.10185185185185185, 0.1111111111111111, 0.12037037037037036, 0.12962962962962962, 0.1388888888888889, 0.14814814814814814, 0.15740740740740738, 0.16666666666666666, 0.17592592592592593, 0.18518518518518517, 0.19444444444444442, 0.2037037037037037, 0.21296296296296297, 0.2222222222222222, 0.23148148148148145, 0.24074074074074073]","[67630.99999999984, 1786.6346316368893, 1155.983184086902, 12069.579557417937, 1906.5778542067535, 950.5914327633342, 9083.877197384238, 2481.229636774165, 778.631612602894, 8965.162396383763, 2042.6423114770591, 1606.7171021537374, 6927.939836295791, 1790.941198917281, 2115.0643759888117, 4469.1464533950375, 811.3124818657867, 852.4454942247653, 2613.5185095950355, 1125.8336361545016, 622.5282936170297, 1595.902895846656, 1672.0836322358284, 807.767182254246, 3024.634439413003, 842.7313814746584, 842.8235732271821]",3.0,0.3,145.15000000001507,15,0.5,1721880.138488261,0.14445541615565663,0.12412575453778281,16430975.452701515,84089526828.75577,"[0.046875, 0.03125]",2,1721880.138488261,0.046875,"[0.0, 0.015625, 0.03125, 0.046875, 0.0625, 0.078125, 0.09375, 0.109375, 0.125, 0.140625, 0.15625, 0.171875, 0.1875, 0.203125, 0.21875, 0.234375]","[154749.3857115533, 876106.9067081816, 1710291.3768913043, 1721880.138488261, 1236443.3975589562, 1200279.693854932, 1385236.610141911, 1437054.0474212999, 1048940.2936453486, 664501.8455337957, 393060.2971505552, 165807.08106887923, 58528.06662852325, 51528.95639395509, 141871.9518114326, 339557.73472488706]",3.0,0.3,flattop,64,32,145.15000000001507,15,21,449.52380952378724,38.00000000001356,1007.9999999999673,"[2, 5, 11, 17, 22, 25, 29, 38, 44, 52, 55, 60, 65, 74, 78, 84, 89, 95, 98, 101, 105]","[38.00000000001356, 367.9999999999492, 460.9999999998752, 193.0000000000938, 950.9999999998574, 154.00000000015837, 881.0000000000614, 243.00000000002908, 490.99999999985687, 185.9999999999701, 320.99999999992895, 942.9999999997747, 810.0000000000637, 205.00000000007574, 477.9999999999641, 276.00000000000443, 346.9999999999667, 78.9999999997882, 1007.9999999999673, 114.00000000019656, 892.9999999999377]","[1, 1, 1, 15, 1, 24, 27, 35, 35, 49, 35, 35, 63, 73, 73, 73, 35, 92, 35, 99, 99]","[3, 8, 18, 18, 35, 27, 35, 39, 49, 53, 56, 73, 73, 75, 81, 85, 92, 97, 106, 102, 106]",0.05,30,52684908.99999779,1015.9999999999886,-1015.9999999999886,DWT,uc1.l0082987033,2.477318048477173e-07,0.0,2.2282620193436742e-11,1.1026859283447266e-06,0.0,3.2741809263825417e-11,3.885477781295776e-06,1.1368683772161603e-11,1.0,84,0.0,1.9281287677586079e-10,1.0,84,,0.0,0.0,1.0,84,0.0,0.0,2.212822437286377e-06,0.0678863525390625,1.6007106751203537e-10,0.0,0.0,0.0,2.2282620193436742e-11,4.674802767112851e-10,8.858505463563018e-11,0.0,1.1368683772161603e-11,0.0,1.5063505998114124e-11,0.0,0.0,0.0,1.5063505998114124e-11,1.3557155398302712e-11,1.5265566588595902e-15,2.477318048477173e-07,1.4988010832439613e-15,2.733924198139448e-15,1.0302755981683731e-08,0.0,0.0,1.3711254354120683e-14,0.35338612849871,0.2196484582057682,0.024552318946319568,0.6167231431449764,0.09813411637789499,0.009313556398758192,0.004656778199379096,0.009313556398758192,169,0.6200749694844185,0.35058861392773905,683,0,0,0.009313556398758192,0.009313556398758192,169,0,0,0.2624888330347339,0.35703239356513444,683,296.7580383634676,0.6165916817009462,426.0,270.9553990610329,0.5331020424008608,652,sym,445.72514619883043,505.0,280.45746329325993,171,0.986117580085908,1.0,0.009717693939864401,6,490.5
db6,1,periodic,9.772233591454511e-27,320.19508471559766,10012282.284517016,0.5508474576271186,452.948271144569,108,raw,6.723839592100213e-14,-1.1045531156384021e-10,"[2, 5, 11, 17, 22, 25, 29, 38, 44, 52, 55, 60, 65, 74, 78, 84, 89, 95, 98, 101, 105]","[37.99999999999986, 368.0000000000002, 460.99999999999994, 193.0, 950.9999999999999, 153.9999999999999, 880.9999999999998, 242.99999999999986, 491.0, 186.0, 320.9999999999999, 942.9999999999999, 810.0000000000003, 205.00000000000003, 477.99999999999966, 276.0, 347.0, 79.0, 1008.0000000000001, 114.0, 893.0000000000002]",21,5.732976984199262,98453.99765579318,0.7914363579547501,4.365923718251291e-06,1.0,0.4907407407407407,67631.0,0.1291094199047374,0.15147910127183992,188156.12126451556,82872438.25058056,8,12069.57955741813,0.027777777777777776,"[0.0, 0.009259259259259259, 0.018518518518518517, 0.027777777777777776, 0.037037037037037035, 0.046296296296296294, 0.05555555555555555, 0.06481481481481481, 0.07407407407407407, 0.08333333333333333, 0.09259259259259259, 0.10185185185185185, 0.1111111111111111, 0.12037037037037036, 0.12962962962962962, 0.1388888888888889, 0.14814814814814814, 0.15740740740740738, 0.16666666666666666, 0.17592592592592593, 0.18518518518518517, 0.19444444444444442, 0.2037037037037037, 0.21296296296296297, 0.2222222222222222, 0.23148148148148145, 0.24074074074074073]","[67631.0, 1786.6346316370032, 1155.9831840869383, 12069.57955741813, 1906.5778542068444, 950.5914327636021, 9083.877197385176, 2481.2296367744834, 778.6316126029452, 8965.162396385991, 2042.6423114779175, 1606.7171021541499, 6927.939836298323, 1790.941198917794, 2115.064375989649, 4469.146453396726, 811.3124818658863, 852.4454942250561, 2613.518509595828, 1125.8336361545942, 622.528293616837, 1595.9028958466968, 1672.0836322356424, 807.7671822537566, 3024.6344394117596, 842.731381474366, 842.8235732269179]",3.0,0.3,145.1500000000001,15,0.5,1721880.1384885085,0.14445541615564295,0.1241257545377801,16430975.452705404,84089526828.82368,"[0.046875, 0.03125]",2,1721880.1384885085,0.046875,"[0.0, 0.015625, 0.03125, 0.046875, 0.0625, 0.078125, 0.09375, 0.109375, 0.125, 0.140625, 0.15625, 0.171875, 0.1875, 0.203125, 0.21875, 0.234375]","[154749.3857115656, 876106.9067082779, 1710291.3768915324, 1721880.1384885085, 1236443.3975593029, 1200279.693855527, 1385236.6101427816, 1437054.047422281, 1048940.2936461223, 664501.8455342909, 393060.29715082515, 165807.0810689745, 58528.06662853264, 51528.95639390756, 141871.95181127626, 339557.73472453986]",3.0,0.3,flattop,64,32,145.1500000000001,15,21,449.5238095238095,37.99999999999986,1008.0000000000001,"[2, 5, 11, 17, 22, 25, 29, 38, 44, 52, 55, 60, 65, 74, 78, 84, 89, 95, 98, 101, 105]","[37.99999999999986, 368.0000000000002, 460.99999999999994, 193.0, 950.9999999999999, 153.9999999999999, 880.9999999999998, 242.99999999999986, 491.0, 186.0, 320.9999999999999, 942.9999999999999, 810.0000000000003, 205.00000000000003, 477.99999999999966, 276.0, 347.0, 79.0, 1008.0000000000001, 114.0, 893.0000000000002]","[1, 1, 1, 15, 1, 24, 27, 35, 35, 49, 35, 35, 63, 73, 73, 73, 35, 92, 35, 99, 99]","[3, 8, 18, 18, 35, 27, 35, 39, 49, 53, 56, 73, 73, 75, 81, 85, 92, 97, 106, 102, 106]",0.05,30,52684909.0,1016.0,-1016.0,DWT,uc1.l0082987033,2.3283064365386963e-10,0.0,0.0,0.0,0.0,1.1368683772161603e-13,3.725290298461914e-09,0.0,1.0,84,0.0,0.0,1.0,84,,0.0,0.0,1.0,84,0.0,0.0,0.0,3.0517578125e-05,0.0,0.0,0.0,0.0,0.0,0.0,1.0962659351727256e-13,0.0,0.0,0.0,8.526512829121202e-14,0.0,0.0,0.0,8.526512829121202e-14,1.4210854715202004e-13,5.551115123125783e-17,2.3283064365386963e-10,0.0,2.7755575615628914e-17,2.9103830456733704e-11,0.0,0.0,2.7755575615628914e-17,0.9464043206040549,0.3699114788093648,0.08572053384609898,0.36085597954739124,0.0279826174258272,0.0,0.0,0.0,749,0.9511940374794522,0.5378023877556805,374,0,0,0.0,0.0,638,0,0,0.3581749860465474,0.48718290643029255,403,182.21415971323415,0.7645811890009895,541.0,496.4196986802734,0.5328073903661279,653,db,413.2962962962963,398.0,188.41229481502944,243,0.9143723369387087,0.671803462110104,0.15839832550987273,5,491.0
rbio6.8,1,constant,2.4185051145766618e-21,266.25955301024584,9347212.979985852,0.5645161290322581,295.2911326895422,108,raw,3.8984058779466005e-11,-9.655054533984487e-11,"[2, 5, 11, 17, 22, 25, 29, 38, 44, 52, 55, 60, 65, 74, 78, 84, 89, 95, 98, 101, 105]","[37.99999999997979, 367.99999999988324, 460.99999999993116, 192.99999999994043, 950.9999999999151, 153.9999999999245, 880.9999999997785, 242.9999999999402, 490.99999999991843, 185.9999999999559, 320.99999999990723, 942.9999999999285, 809.9999999997983, 204.9999999999527, 477.9999999998962, 275.999999999956, 346.99999999993213, 79.00000000000682, 1007.9999999998931, 113.99999999995055, 892.9999999997561]",21,5.655093283269834,124207.3643152263,0.8279102567369672,4.365923718252737e-06,1.0,0.4907407407407407,67631.0,0.1291094199047274,0.15147910127184053,188156.1212644959,82872438.25058053,8,12069.579557417985,0.027777777777777776,"[0.0, 0.009259259259259259, 0.018518518518518517, 0.027777777777777776, 0.037037037037037035, 0.046296296296296294, 0.05555555555555555, 0.06481481481481481, 0.07407407407407407, 0.08333333333333333, 0.09259259259259259, 0.10185185185185185, 0.1111111111111111, 0.12037037037037036, 0.12962962962962962, 0.1388888888888889, 0.14814814814814814, 0.15740740740740738, 0.16666666666666666, 0.17592592592592593, 0.18518518518518517, 0.19444444444444442, 0.2037037037037037, 0.21296296296296297, 0.2222222222222222, 0.23148148148148145, 0.24074074074074073]","[67631.0, 1786.634631636988, 1155.9831840869274, 12069.579557417985, 1906.5778542068017, 950.5914327635363, 9083.877197384647, 2481.229636774286, 778.6316126028821, 8965.162396384756, 2042.6423114775243, 1606.7171021538654, 6927.939836296815, 1790.941198917402, 2115.064375989109, 4469.146453395539, 811.3124818657001, 852.4454942248137, 2613.518509595082, 1125.8336361542997, 622.5282936167055, 1595.9028958462502, 1672.0836322351809, 807.7671822535706, 3024.6344394109565, 842.7313814741298, 842.823573226675]",3.0,0.3,145.15000000004702,15,0.5,1721880.1384883914,0.1444554161556316,0.1241257545377825,16430975.452700606,84089526828.79175,"[0.046875, 0.03125]",2,1721880.1384883914,0.046875,"[0.0, 0.015625, 0.03125, 0.046875, 0.0625, 0.078125, 0.09375, 0.109375, 0.125, 0.140625, 0.15625, 0.171875, 0.1875, 0.203125, 0.21875, 0.234375]","[154749.3857115649, 876106.9067082417, 1710291.3768914298, 1721880.1384883914, 1236443.3975591268, 1200279.6938552114, 1385236.610142303, 1437054.0474217166, 1048940.2936456483, 664501.8455339575, 393060.2971506186, 165807.0810688855, 58528.06662850133, 51528.95639388022, 141871.95181120036, 339557.7347243581]",3.0,0.3,flattop,64,32,145.15000000004702,15,21,449.5238095237212,37.99999999997979,1007.9999999998931,"[2, 5, 11, 17, 22, 25, 29, 38, 44, 52, 55, 60, 65, 74, 78, 84, 89, 95, 98, 101, 105]","[37.99999999997979, 367.99999999988324, 460.99999999993116, 192.99999999994043, 950.9999999999151, 153.9999999999245, 880.9999999997785, 242.9999999999402, 490.99999999991843, 185.9999999999559, 320.99999999990723, 942.9999999999285, 809.9999999997983, 204.9999999999527, 477.9999999998962, 275.999999999956, 346.99999999993213, 79.00000000000682, 1007.9999999998931, 113.99999999995055, 892.9999999997561]","[1, 1, 1, 15, 1, 24, 27, 35, 35, 49, 35, 35, 63, 73, 73, 73, 35, 92, 35, 99, 99]","[3, 8, 18, 18, 35, 27, 35, 39, 49, 53, 56, 73, 73, 75, 81, 85, 92, 97, 106, 102, 106]",0.05,30,52684908.99999742,1015.9999999999702,-1015.9999999999702,DWT,uc1.l0082987033,1.1734664440155029e-07,0.0,8.833467290969566e-11,2.9802322387695312e-08,0.0,1.0686562745831907e-10,4.794448614120483e-06,2.97859514830634e-11,1.0,84,0.0,1.4551915228366852e-10,1.0,84,,0.0,0.0,1.0,84,0.0,0.0,2.5779008865356445e-06,0.0319061279296875,0.0,0.0,0.0,0.0,8.833467290969566e-11,1.8553691916167736e-09,8.89829585676558e-11,0.0,2.97859514830634e-11,0.0,4.700950739788823e-11,0.0,0.0,0.0,4.700950739788823e-11,2.020783540501725e-11,1.0047518372857667e-14,1.1734664440155029e-07,6.106226635438361e-16,2.42861286636753e-15,1.964508555829525e-08,0.0,0.0,1.1324274851176597e-14,0.3926659085232853,0.27011570695215065,0.021206439474952328,0.5134258424941438,0.09769447248816956,0.010850136410674527,0.005425068205337264,0.010850136410674527,155,0.6257087443204481,0.35377393410376046,679,0,0,0.010850136410674527,0.010850136410674527,155,0,0,0.25902167398654036,0.3523164287770867,686,304.5656743626898,0.6065042966890313,418.75,252.62563606414832,0.532741812427203,654,rbio,366.5925925925926,360.0,210.3588723315502,135,0.8110455588331695,0.7500562468954116,0.20725123474815782,3,491.25
sym5,1,reflect,3.2378161546351077e-21,264.9925012559548,9776703.878435384,0.5603448275862069,398.85929312724477,108,raw,4.440750647863414e-11,-2.1986545917540712e-10,"[2, 5, 11, 17, 22, 25, 29, 38, 44, 52, 55, 60, 65, 74, 78, 84, 89, 95, 98, 101, 105]","[37.999999999966434, 367.9999999998856, 460.9999999999746, 192.99999999988836, 950.999999999987, 153.99999999983424, 880.9999999997356, 242.99999999991618, 490.9999999999853, 185.99999999995873, 320.9999999999211, 943.0000000000324, 809.9999999997502, 204.99999999990368, 477.9999999998979, 275.9999999999385, 346.9999999999385, 79.00000000010289, 1007.9999999999326, 113.99999999985016, 892.9999999997326]",21,5.703124863426261,101338.0425913616,0.8227900454492878,4.3659237182525385e-06,1.0,0.4907407407407407,67631.00000000012,0.12910941990472713,0.15147910127184186,188156.12126449874,82872438.25058126,8,12069.57955741812,0.027777777777777776,"[0.0, 0.009259259259259259, 0.018518518518518517, 0.027777777777777776, 0.037037037037037035, 0.046296296296296294, 0.05555555555555555, 0.06481481481481481, 0.07407407407407407, 0.08333333333333333, 0.09259259259259259, 0.10185185185185185, 0.1111111111111111, 0.12037037037037036, 0.12962962962962962, 0.1388888888888889, 0.14814814814814814, 0.15740740740740738, 0.16666666666666666, 0.17592592592592593, 0.18518518518518517, 0.19444444444444442, 0.2037037037037037, 0.21296296296296297, 0.2222222222222222, 0.23148148148148145, 0.24074074074074073]","[67631.00000000012, 1786.6346316370448, 1155.9831840869372, 12069.57955741812, 1906.5778542068822, 950.591432763711, 9083.877197385185, 2481.229636774429, 778.6316126029088, 8965.16239638586, 2042.6423114780196, 1606.7171021540064, 6927.939836297825, 1790.9411989175076, 2115.0643759894047, 4469.146453395993, 811.3124818656594, 852.4454942248245, 2613.5185095953057, 1125.8336361543375, 622.5282936166127, 1595.9028958461356, 1672.0836322349373, 807.7671822533977, 3024.634439410182, 842.7313814740713, 842.8235732265606]",3.0,0.3,145.15000000004488,15,0.5,1721880.1384885455,0.14445541615562352,0.12412575453778191,16430975.452702256,84089526828.82574,"[0.046875, 0.03125]",2,1721880.1384885455,0.046875,"[0.0, 0.015625, 0.03125, 0.046875, 0.0625, 0.078125, 0.09375, 0.109375, 0.125, 0.140625, 0.15625, 0.171875, 0.1875, 0.203125, 0.21875, 0.234375]","[154749.3857115723, 876106.9067083012, 1710291.3768915702, 1721880.1384885455, 1236443.3975593224, 1200279.6938555145, 1385236.6101427155, 1437054.0474221483, 1048940.2936459547, 664501.8455341309, 393060.29715069954, 165807.08106890728, 58528.066628497865, 51528.95639385712, 141871.95181112908, 339557.73472419655]",3.0,0.3,flattop,64,32,145.15000000004488,15,21,449.52380952372056,37.999999999966434,1007.9999999999326,"[2, 5, 11, 17, 22, 25, 29, 38, 44, 52, 55, 60, 65, 74, 78, 84, 89, 95, 98, 101, 105]","[37.999999999966434, 367.9999999998856, 460.9999999999746, 192.99999999988836, 950.999999999987, 153.99999999983424, 880.9999999997356, 242.99999999991618, 490.9999999999853, 185.99999999995873, 320.9999999999211, 943.0000000000324, 809.9999999997502, 204.99999999990368, 477.9999999998979, 275.9999999999385, 346.9999999999385, 79.00000000010289, 1007.9999999999326, 113.99999999985016, 892.9999999997326]","[1, 1, 1, 15, 1, 24, 27, 35, 35, 49, 35, 35, 63, 73, 73, 73, 35, 92, 35, 99, 99]","[3, 8, 18, 18, 35, 27, 35, 39, 49, 53, 56, 73, 73, 75, 81, 85, 92, 97, 106, 102, 106]",0.05,30,52684908.99999836,1015.9999999999723,-1015.9999999999723,DWT,uc1.l0082987033,3.67872416973114e-08,0.0,8.895995051716454e-11,7.003545761108398e-07,0.0,6.74162947689183e-11,3.1441450119018555e-06,2.773958840407431e-11,1.0,84,0.0,1.0913936421275139e-11,1.0,84,,0.0,0.0,1.0,84,0.0,0.0,1.6391277313232422e-06,0.0020904541015625,1.1641532182693481e-10,0.0,0.0,0.0,8.895995051716454e-11,1.8681021174415946e-09,1.0181062342391148e-10,0.0,2.773958840407431e-11,0.0,4.487787919060793e-11,0.0,0.0,0.0,4.487787919060793e-11,3.356603883730713e-11,1.0325074129013956e-14,3.67872416973114e-08,1.942890293094024e-15,1.8318679906315083e-15,1.6792910173535347e-08,0.0,0.0,1.940114735532461e-14,0.3796575037804122,0.33166065869469313,0.0628685883146953,0.4668657291465995,0.035789446148470565,0.00689893066574681,0.003449465332873405,0.00689893066574681,172,0.6261211958909696,0.3540071330418529,678,0,0,0.00689893066574681,0.00689893066574681,172,0,0,0.2553683852169742,0.347347293828743,691,295.93960532514063,0.6176490887272085,428.25,274.9138770998513,0.5321772575418988,655,sym,445.72514619883043,505.0,280.45746329325993,171,0.986117580085908,1.0,0.009717693939864401,6,492.75
db26,1,periodization,4.9722005115827346e-26,313.12953677270707,9358018.61093239,0.5833333333333334,474.2849304946748,108,raw,1.6102345794193002e-13,-1.1110812270231986e-10,"[2, 5, 11, 17, 22, 25, 29, 38, 44, 52, 55, 60, 65, 74, 78, 84, 89, 95, 98, 101, 105]","[38.00000000000014, 368.0, 461.0000000000001, 192.99999999999977, 951.0000000000001, 153.99999999999955, 881.0, 242.99999999999994, 490.99999999999966, 185.99999999999943, 320.9999999999993, 942.9999999999999, 810.0, 205.0, 477.9999999999999, 275.9999999999998, 346.99999999999966, 78.99999999999943, 1008.0000000000001, 113.99999999999977, 892.9999999999998]",21,5.629921374429785,95467.3424211248,0.7867269381256159,4.3659237182512925e-06,1.0,0.4907407407407407,67631.0,0.1291094199047374,0.15147910127183992,188156.1212645155,82872438.25058056,8,12069.579557418134,0.027777777777777776,"[0.0, 0.009259259259259259, 0.018518518518518517, 0.027777777777777776, 0.037037037037037035, 0.046296296296296294, 0.05555555555555555, 0.06481481481481481, 0.07407407407407407, 0.08333333333333333, 0.09259259259259259, 0.10185185185185185, 0.1111111111111111, 0.12037037037037036, 0.12962962962962962, 0.1388888888888889, 0.14814814814814814, 0.15740740740740738, 0.16666666666666666, 0.17592592592592593, 0.18518518518518517, 0.19444444444444442, 0.2037037037037037, 0.21296296296296297, 0.2222222222222222, 0.23148148148148145, 0.24074074074074073]","[67631.0, 1786.6346316370038, 1155.9831840869383, 12069.579557418134, 1906.5778542068424, 950.5914327636006, 9083.877197385176, 2481.229636774481, 778.6316126029428, 8965.162396385991, 2042.6423114779159, 1606.7171021541485, 6927.939836298326, 1790.9411989177938, 2115.0643759896493, 4469.146453396724, 811.3124818658853, 852.4454942250602, 2613.518509595828, 1125.833636154594, 622.5282936168403, 1595.9028958466986, 1672.0836322356415, 807.7671822537553, 3024.6344394117577, 842.731381474364, 842.8235732269175]",3.0,0.3,145.14999999999992,15,0.5,1721880.1384885083,0.1444554161556429,0.12412575453778006,16430975.4527054,84089526828.8237,"[0.046875, 0.03125]",2,1721880.1384885083,0.046875,"[0.0, 0.015625, 0.03125, 0.046875, 0.0625, 0.078125, 0.09375, 0.109375, 0.125, 0.140625, 0.15625, 0.171875, 0.1875, 0.203125, 0.21875, 0.234375]","[154749.3857115655, 876106.9067082775, 1710291.3768915324, 1721880.1384885083, 1236443.3975593029, 1200279.693855527, 1385236.6101427819, 1437054.047422281, 1048940.2936461223, 664501.8455342909, 393060.2971508251, 165807.08106897448, 58528.06662853273, 51528.95639390752, 141871.9518112761, 339557.7347245399]",3.0,0.3,flattop,64,32,145.14999999999992,15,21,449.52380952380935,38.00000000000014,1008.0000000000001,"[2, 5, 11, 17, 22, 25, 29, 38, 44, 52, 55, 60, 65, 74, 78, 84, 89, 95, 98, 101, 105]","[38.00000000000014, 368.0, 461.0000000000001, 192.99999999999977, 951.0000000000001, 153.99999999999955, 881.0, 242.99999999999994, 490.99999999999966, 185.99999999999943, 320.9999999999993, 942.9999999999999, 810.0, 205.0, 477.9999999999999, 275.9999999999998, 346.99999999999966, 78.99999999999943, 1008.0000000000001, 113.99999999999977, 892.9999999999998]","[1, 1, 1, 15, 1, 24, 27, 35, 35, 49, 35, 35, 63, 73, 73, 73, 35, 92, 35, 99, 99]","[3, 8, 18, 18, 35, 27, 35, 39, 49, 53, 56, 73, 73, 75, 81, 85, 92, 97, 106, 102, 106]",0.05,30,52684909.0,1016.0000000000001,-1016.0000000000001,DWT,uc1.l0082987033,4.656612873077393e-10,0.0,1.7053025658242404e-13,0.0,0.0,1.1368683772161603e-13,0.0,1.1368683772161603e-13,1.0,84,0.0,3.637978807091713e-12,1.0,84,,0.0,0.0,1.0,84,0.0,0.0,0.0,4.57763671875e-05,0.0,0.0,0.0,0.0,1.7053025658242404e-13,3.637978807091713e-12,2.206066017693264e-13,0.0,1.1368683772161603e-13,0.0,8.526512829121202e-14,0.0,0.0,0.0,8.526512829121202e-14,1.4210854715202004e-13,5.551115123125783e-17,4.656612873077393e-10,0.0,1.3877787807814457e-17,2.9103830456733704e-11,0.0,0.0,2.7755575615628914e-17,0.8738646575160842,0.23786184585111847,0.022254624212806266,0.7234636871508384,0.019898032618189045,0.0,0.0,0.0,746,0.9517217174492238,0.5381007365010806,372,0,0,0.0,0.0,640,0,0,0.37546856946980733,0.5107053146468272,340,199.74900917568192,0.7419263447342611,524.5,468.80506148452866,0.5321388829614457,656,db,413.2962962962963,398.0,188.41229481502944,243,0.9143723369387087,0.671803462110104,0.15839832550987273,5,493.25
sym8,1,constant,5.856180235834265e-21,262.41887876631716,9379910.712398158,0.5737704918032787,273.9169238785796,108,raw,5.463098286508351e-11,3.4504288307643466e-11,"[2, 5, 11, 17, 22, 25, 29, 38, 44, 52, 55, 60, 65, 74, 78, 84, 89, 95, 98, 101, 105]","[38.0000000000137, 367.99999999994725, 460.9999999998753, 193.0000000000938, 950.9999999998558, 154.00000000015837, 881.0000000000614, 243.00000000002908, 490.99999999985687, 185.9999999999701, 320.99999999992895, 942.9999999997747, 810.0000000000637, 205.00000000007574, 477.9999999999641, 276.00000000000443, 346.9999999999667, 78.9999999997882, 1007.9999999999668, 114.00000000019702, 892.9999999999397]",21,5.618460075615062,120705.65113682293,0.8455748960030083,4.365923718251879e-06,1.0,0.4907407407407407,67630.99999999985,0.1291094199047359,0.15147910127183842,188156.12126450523,82872438.25057949,8,12069.579557417921,0.027777777777777776,"[0.0, 0.009259259259259259, 0.018518518518518517, 0.027777777777777776, 0.037037037037037035, 0.046296296296296294, 0.05555555555555555, 0.06481481481481481, 0.07407407407407407, 0.08333333333333333, 0.09259259259259259, 0.10185185185185185, 0.1111111111111111, 0.12037037037037036, 0.12962962962962962, 0.1388888888888889, 0.14814814814814814, 0.15740740740740738, 0.16666666666666666, 0.17592592592592593, 0.18518518518518517, 0.19444444444444442, 0.2037037037037037, 0.21296296296296297, 0.2222222222222222, 0.23148148148148145, 0.24074074074074073]","[67630.99999999985, 1786.634631636898, 1155.983184086902, 12069.579557417921, 1906.5778542067558, 950.5914327633486, 9083.877197384223, 2481.229636774155, 778.631612602891, 8965.162396383752, 2042.6423114770687, 1606.7171021537374, 6927.939836295785, 1790.9411989172797, 2115.0643759888017, 4469.146453395048, 811.3124818657817, 852.4454942247777, 2613.518509595026, 1125.8336361544889, 622.5282936170263, 1595.902895846652, 1672.0836322358286, 807.7671822542478, 3024.6344394130087, 842.7313814746503, 842.8235732271752]",3.0,0.3,145.1500000000209,15,0.5,1721880.138488261,0.14445541615565657,0.1241257545377828,16430975.45270152,84089526828.7558,"[0.046875, 0.03125]",2,1721880.138488261,0.046875,"[0.0, 0.015625, 0.03125, 0.046875, 0.0625, 0.078125, 0.09375, 0.109375, 0.125, 0.140625, 0.15625, 0.171875, 0.1875, 0.203125, 0.21875, 0.234375]","[154749.385711554, 876106.9067081829, 1710291.3768913052, 1721880.138488261, 1236443.3975589562, 1200279.693854932, 1385236.610141911, 1437054.0474213, 1048940.2936453486, 664501.8455337957, 393060.2971505551, 165807.08106887917, 58528.06662852324, 51528.95639395509, 141871.9518114326, 339557.73472488706]",3.0,0.3,flattop,64,32,145.1500000000209,15,21,449.5238095237872,38.0000000000137,1007.9999999999668,"[2, 5, 11, 17, 22, 25, 29, 38, 44, 52, 55, 60, 65, 74, 78, 84, 89, 95, 98, 101, 105]","[38.0000000000137, 367.99999999994725, 460.9999999998753, 193.0000000000938, 950.9999999998558, 154.00000000015837, 881.0000000000614, 243.00000000002908, 490.99999999985687, 185.9999999999701, 320.99999999992895, 942.9999999997747, 810.0000000000637, 205.00000000007574, 477.9999999999641, 276.00000000000443, 346.9999999999667, 78.9999999997882, 1007.9999999999668, 114.00000000019702, 892.9999999999397]","[1, 1, 1, 15, 1, 24, 27, 35, 35, 49, 35, 35, 63, 73, 73, 73, 35, 92, 35, 99, 99]","[3, 8, 18, 18, 35, 27, 35, 39, 49, 53, 56, 73, 73, 75, 81, 85, 92, 97, 106, 102, 106]",0.05,30,52684908.99999778,1015.9999999999886,-1015.9999999999886,DWT,uc1.l0082987033,2.477318048477173e-07,0.0,2.233946361229755e-11,1.0728836059570312e-06,0.0,3.319655661471188e-11,3.8798898458480835e-06,1.1368683772161603e-11,1.0,84,0.0,2.091837814077735e-10,1.0,84,,0.0,0.0,1.0,84,0.0,0.0,2.2202730178833008e-06,0.0678558349609375,1.4551915228366852e-10,0.0,0.0,0.0,2.233946361229755e-11,4.69299266114831e-10,8.870009488808657e-11,0.0,1.1368683772161603e-11,0.0,2.0889956431346945e-11,0.0,0.0,0.0,2.0889956431346945e-11,1.3699263945454732e-11,1.5543122344752192e-15,2.477318048477173e-07,1.4988010832439613e-15,2.7200464103316335e-15,1.0302755981683731e-08,0.0,0.0,1.3655743202889425e-14,0.3532349658791889,0.22317598542009126,0.024378236128621524,0.6167231431449764,0.08821567599562107,0.009344915174511586,0.004672457587255793,0.009344915174511586,167,0.6176936179581087,0.3492422045869817,685,0,0,0.009344915174511586,0.009344915174511586,167,0,0,0.2611456013136999,0.3552053549405621,684,298.7790432186747,0.6139805643169578,425.75,268.49439351189795,0.5319579824168768,657,sym,445.72514619883043,505.0,280.45746329325993,171,0.986117580085908,1.0,0.009717693939864401,6,494.25
sym6,1,symmetric,5.473664219461496e-20,252.71224158975232,9744597.697940476,0.576271186440678,395.23277720133046,108,raw,1.826191708142199e-10,-1.1022993633325117e-10,"[2, 5, 11, 17, 22, 25, 29, 38, 44, 52, 55, 60, 65, 74, 78, 84, 89, 95, 98, 101, 105]","[38.00000000011724, 368.0000000004821, 461.0000000001233, 193.0000000004752, 951.0000000001332, 154.00000000068803, 881.0000000011821, 243.00000000035726, 491.00000000011613, 186.00000000016814, 321.0000000003387, 942.9999999999146, 810.0000000011091, 205.0000000003961, 478.00000000044946, 276.0000000002533, 347.00000000028115, 78.99999999956572, 1008.0000000003415, 114.0000000006271, 893.0000000010148]",21,5.700535952484214,104972.50044698222,0.8040762324389117,4.365923718245459e-06,1.0,0.4907407407407407,67631.0,0.12910941990478314,0.15147910127183417,188156.12126459117,82872438.25057898,8,12069.57955741835,0.027777777777777776,"[0.0, 0.009259259259259259, 0.018518518518518517, 0.027777777777777776, 0.037037037037037035, 0.046296296296296294, 0.05555555555555555, 0.06481481481481481, 0.07407407407407407, 0.08333333333333333, 0.09259259259259259, 0.10185185185185185, 0.1111111111111111, 0.12037037037037036, 0.12962962962962962, 0.1388888888888889, 0.14814814814814814, 0.15740740740740738, 0.16666666666666666, 0.17592592592592593, 0.18518518518518517, 0.19444444444444442, 0.2037037037037037, 0.21296296296296297, 0.2222222222222222, 0.23148148148148145, 0.24074074074074073]","[67631.0, 1786.634631637014, 1155.9831840869713, 12069.57955741835, 1906.5778542068476, 950.5914327636242, 9083.87719738577, 2481.2296367747917, 778.631612602948, 8965.16239638736, 2042.6423114781678, 1606.7171021544489, 6927.939836300428, 1790.9411989185708, 2115.0643759909003, 4469.146453399155, 811.3124818668178, 852.445494225483, 2613.518509598295, 1125.8336361562592, 622.5282936181823, 1595.902895848756, 1672.0836322381251, 807.7671822558466, 3024.6344394179023, 842.7313814759987, 842.8235732284077]",3.0,0.3,145.14999999979847,15,0.5,1721880.1384886284,0.1444554161557245,0.12412575453777361,16430975.452721173,84089526828.84572,"[0.046875, 0.03125]",2,1721880.1384886284,0.046875,"[0.0, 0.015625, 0.03125, 0.046875, 0.0625, 0.078125, 0.09375, 0.109375, 0.125, 0.140625, 0.15625, 0.171875, 0.1875, 0.203125, 0.21875, 0.234375]","[154749.3857115506, 876106.9067082868, 1710291.3768916223, 1721880.1384886284, 1236443.3975594814, 1200279.6938558663, 1385236.610143358, 1437054.0474230815, 1048940.2936469293, 664501.8455349817, 393060.2971513446, 165807.08106924745, 58528.06662867648, 51528.9563941289, 141871.95181192821, 339557.73472605686]",3.0,0.3,flattop,64,32,145.14999999979847,15,21,449.5238095241969,38.00000000011724,1008.0000000003415,"[2, 5, 11, 17, 22, 25, 29, 38, 44, 52, 55, 60, 65, 74, 78, 84, 89, 95, 98, 101, 105]","[38.00000000011724, 368.0000000004821, 461.0000000001233, 193.0000000004752, 951.0000000001332, 154.00000000068803, 881.0000000011821, 243.00000000035726, 491.00000000011613, 186.00000000016814, 321.0000000003387, 942.9999999999146, 810.0000000011091, 205.0000000003961, 478.00000000044946, 276.0000000002533, 347.00000000028115, 78.99999999956572, 1008.0000000003415, 114.0000000006271, 893.0000000010148]","[1, 1, 1, 15, 1, 24, 27, 35, 35, 49, 35, 35, 63, 73, 73, 73, 35, 92, 35, 99, 99]","[3, 8, 18, 18, 35, 27, 35, 39, 49, 53, 56, 73, 73, 75, 81, 85, 92, 97, 106, 102, 106]",0.05,30,52684909.000008166,1016.0000000001357,-1016.0000000001357,DWT,uc1.l0082987033,1.19674950838089e-07,0.0,3.873878995364066e-10,1.5795230865478516e-06,0.0,3.4151526051573455e-10,1.5772879123687744e-05,1.3574208423960954e-10,1.0,84,0.0,2.2009771782904863e-10,1.0,84,,0.0,0.0,1.0,84,0.0,0.0,8.165836334228516e-06,0.022064208984375,0.0,0.0,0.0,0.0,3.873878995364066e-10,8.13452061265707e-09,4.3683896711583997e-10,0.0,1.3574208423960954e-10,0.0,2.0153834157099482e-10,0.0,0.0,0.0,2.0153834157099482e-10,1.1723955140041653e-10,4.568567746332519e-14,1.19674950838089e-07,5.745404152435185e-15,6.467049118441537e-15,7.56408553570509e-08,0.0,0.0,8.157363673433338e-14,0.25358010595941827,0.3283433745563172,0.059754174306660864,0.6446359246283498,0.04562756955236392,0.03436921822572047,0.017184609112860235,0.03436921822572047,98,0.6223022356794254,0.3518479038629623,682,0,0,0.03436921822572047,0.03436921822572047,98,0,0,0.26638822980062205,0.36233627999980406,678,336.02182468802033,0.5658632755968729,389.0,171.31086731337757,0.5316396481343537,658,sym,445.72514619883043,505.0,280.45746329325993,171,0.986117580085908,1.0,0.009717693939864401,6,495.0
rbio2.4,1,reflect,9.970383764017805e-27,320.1079043638211,9597567.516723774,0.5603448275862069,482.0474294957655,108,raw,6.885027527527263e-14,-1.1771594810028383e-10,"[2, 5, 11, 17, 22, 25, 29, 38, 44, 52, 55, 60, 65, 74, 78, 84, 89, 95, 98, 101, 105]","[37.99999999999997, 368.0, 461.0, 192.9999999999999, 951.0000000000002, 154.0000000000001, 880.9999999999999, 242.99999999999994, 491.0000000000001, 185.9999999999999, 321.0, 943.0, 810.0000000000001, 205.0, 478.0, 276.0, 347.0000000000001, 79.00000000000011, 1008.0, 114.0, 893.0000000000002]",21,5.817328106293825,103869.01268355544,0.6556788865440973,4.365923718251291e-06,1.0,0.4907407407407407,67631.0,0.12910941990473743,0.15147910127183992,188156.12126451556,82872438.25058056,8,12069.579557418134,0.027777777777777776,"[0.0, 0.009259259259259259, 0.018518518518518517, 0.027777777777777776, 0.037037037037037035, 0.046296296296296294, 0.05555555555555555, 0.06481481481481481, 0.07407407407407407, 0.08333333333333333, 0.09259259259259259, 0.10185185185185185, 0.1111111111111111, 0.12037037037037036, 0.12962962962962962, 0.1388888888888889, 0.14814814814814814, 0.15740740740740738, 0.16666666666666666, 0.17592592592592593, 0.18518518518518517, 0.19444444444444442, 0.2037037037037037, 0.21296296296296297, 0.2222222222222222, 0.23148148148148145, 0.24074074074074073]","[67631.0, 1786.6346316370013, 1155.983184086938, 12069.579557418134, 1906.5778542068426, 950.5914327636032, 9083.877197385178, 2481.229636774485, 778.6316126029437, 8965.162396385991, 2042.6423114779182, 1606.7171021541512, 6927.939836298322, 1790.9411989177952, 2115.064375989648, 4469.146453396726, 811.3124818658854, 852.4454942250577, 2613.518509595829, 1125.8336361545953, 622.5282936168385, 1595.9028958466972, 1672.0836322356438, 807.7671822537555, 3024.6344394117586, 842.7313814743653, 842.8235732269204]",3.0,0.3,145.15000000000003,15,0.5,1721880.138488509,0.14445541615564295,0.1241257545377801,16430975.452705404,84089526828.82368,"[0.046875, 0.03125]",2,1721880.138488509,0.046875,"[0.0, 0.015625, 0.03125, 0.046875, 0.0625, 0.078125, 0.09375, 0.109375, 0.125, 0.140625, 0.15625, 0.171875, 0.1875, 0.203125, 0.21875, 0.234375]","[154749.3857115654, 876106.9067082782, 1710291.3768915331, 1721880.138488509, 1236443.3975593029, 1200279.693855527, 1385236.6101427816, 1437054.0474222805, 1048940.2936461219, 664501.8455342907, 393060.2971508252, 165807.0810689745, 58528.066628532615, 51528.9563939075, 141871.95181127614, 339557.7347245399]",3.0,0.3,flattop,64,32,145.15000000000003,15,21,449.5238095238095,37.99999999999997,1008.0,"[2, 5, 11, 17, 22, 25, 29, 38, 44, 52, 55, 60, 65, 74, 78, 84, 89, 95, 98, 101, 105]","[37.99999999999997, 368.0, 461.0, 192.9999999999999, 951.0000000000002, 154.0000000000001, 880.9999999999999, 242.99999999999994, 491.0000000000001, 185.9999999999999, 321.0, 943.0, 810.0000000000001, 205.0, 478.0, 276.0, 347.0000000000001, 79.00000000000011, 1008.0, 114.0, 893.0000000000002]","[1, 1, 1, 15, 1, 24, 27, 35, 35, 49, 35, 35, 63, 73, 73, 73, 35, 92, 35, 99, 99]","[3, 8, 18, 18, 35, 27, 35, 39, 49, 53, 56, 73, 73, 75, 81, 85, 92, 97, 106, 102, 106]",0.05,30,52684909.0,1016.0,-1016.0,DWT,uc1.l0082987033,2.3283064365386963e-10,0.0,0.0,0.0,0.0,0.0,3.725290298461914e-09,0.0,1.0,84,0.0,3.637978807091713e-12,1.0,84,,0.0,0.0,1.0,84,0.0,0.0,0.0,3.0517578125e-05,0.0,0.0,0.0,0.0,0.0,0.0,6.902415147383829e-14,0.0,0.0,0.0,2.842170943040401e-14,0.0,0.0,0.0,2.842170943040401e-14,2.842170943040401e-14,2.7755575615628914e-17,2.3283064365386963e-10,0.0,2.7755575615628914e-17,2.9103830456733704e-11,0.0,0.0,2.7755575615628914e-17,0.9455092685292719,0.47799423856517814,0.045491722376019075,0.4668657291465995,0.04264053566105329,0.0,0.0,0.0,679,1.032851047511223,0.583971027635348,253,0,0,0.0,0.0,706,0,0,0.39570029885562436,0.5382241339621787,269,249.45590792763358,0.6777055453131349,476.75,378.8156466242849,0.5308747364808568,659,rbio,366.5925925925926,360.0,210.3588723315502,135,0.8110455588331695,0.7500562468954116,0.20725123474815782,3,495.0
db27,1,antisymmetric,3.8833460300808697e-26,314.2029622059498,12294859.866717009,0.575,528.3482159869284,108,raw,1.4572705182487233e-13,-1.0478362622024017e-10,"[2, 5, 11, 17, 22, 25, 29, 38, 44, 52, 55, 60, 65, 74, 78, 84, 89, 95, 98, 101, 105]","[37.999999999999915, 368.00000000000006, 460.9999999999998, 192.99999999999994, 950.9999999999997, 154.0000000000001, 881.0, 242.99999999999997, 491.0000000000004, 186.00000000000057, 320.9999999999998, 942.9999999999998, 809.9999999999998, 205.00000000000006, 478.00000000000017, 275.9999999999998, 346.9999999999999, 79.00000000000023, 1007.9999999999995, 113.99999999999989, 892.9999999999995]",21,6.182288870618686,419506.7054161748,0.9482020737096124,4.365923718251292e-06,0.9999999999999998,0.4907407407407407,67631.0,0.12910941990473745,0.15147910127183992,188156.12126451553,82872438.25058056,8,12069.57955741813,0.027777777777777776,"[0.0, 0.009259259259259259, 0.018518518518518517, 0.027777777777777776, 0.037037037037037035, 0.046296296296296294, 0.05555555555555555, 0.06481481481481481, 0.07407407407407407, 0.08333333333333333, 0.09259259259259259, 0.10185185185185185, 0.1111111111111111, 0.12037037037037036, 0.12962962962962962, 0.1388888888888889, 0.14814814814814814, 0.15740740740740738, 0.16666666666666666, 0.17592592592592593, 0.18518518518518517, 0.19444444444444442, 0.2037037037037037, 0.21296296296296297, 0.2222222222222222, 0.23148148148148145, 0.24074074074074073]","[67631.0, 1786.634631637001, 1155.983184086943, 12069.57955741813, 1906.5778542068435, 950.5914327636008, 9083.877197385176, 2481.229636774482, 778.631612602946, 8965.16239638599, 2042.642311477918, 1606.7171021541499, 6927.939836298323, 1790.9411989177927, 2115.0643759896498, 4469.146453396725, 811.3124818658862, 852.4454942250585, 2613.5185095958277, 1125.8336361545964, 622.528293616839, 1595.902895846698, 1672.0836322356404, 807.7671822537574, 3024.6344394117605, 842.7313814743663, 842.823573226921]",3.0,0.3,145.15000000000003,15,0.5,1721880.1384885085,0.14445541615564295,0.1241257545377801,16430975.4527054,84089526828.82365,"[0.046875, 0.03125]",2,1721880.1384885085,0.046875,"[0.0, 0.015625, 0.03125, 0.046875, 0.0625, 0.078125, 0.09375, 0.109375, 0.125, 0.140625, 0.15625, 0.171875, 0.1875, 0.203125, 0.21875, 0.234375]","[154749.38571156553, 876106.9067082776, 1710291.376891532, 1721880.1384885085, 1236443.3975593029, 1200279.6938555269, 1385236.610142781, 1437054.04742228, 1048940.2936461219, 664501.8455342904, 393060.2971508251, 165807.08106897445, 58528.0666285325, 51528.95639390736, 141871.951811276, 339557.7347245398]",3.0,0.3,flattop,64,32,145.15000000000003,15,21,449.5238095238095,37.999999999999915,1007.9999999999995,"[2, 5, 11, 17, 22, 25, 29, 38, 44, 52, 55, 60, 65, 74, 78, 84, 89, 95, 98, 101, 105]","[37.999999999999915, 368.00000000000006, 460.9999999999998, 192.99999999999994, 950.9999999999997, 154.0000000000001, 881.0, 242.99999999999997, 491.0000000000004, 186.00000000000057, 320.9999999999998, 942.9999999999998, 809.9999999999998, 205.00000000000006, 478.00000000000017, 275.9999999999998, 346.9999999999999, 79.00000000000023, 1007.9999999999995, 113.99999999999989, 892.9999999999995]","[1, 1, 1, 15, 1, 24, 27, 35, 35, 49, 35, 35, 63, 73, 73, 73, 35, 92, 35, 99, 99]","[3, 8, 18, 18, 35, 27, 35, 39, 49, 53, 56, 73, 73, 75, 81, 85, 92, 97, 106, 102, 106]",0.05,30,52684909.0,1015.9999999999997,-1015.9999999999997,DWT,uc1.l0082987033,2.3283064365386963e-10,0.0,0.0,0.0,0.0,4.547473508864641e-13,0.0,3.410605131648481e-13,1.0,84,0.0,0.0,1.0,84,,0.0,0.0,1.0,84,0.0,0.0,0.0,0.0,0.0,0.0,0.0,0.0,0.0,0.0,2.0842586915629605e-13,0.0,3.410605131648481e-13,0.0,2.842170943040401e-14,0.0,0.0,0.0,2.842170943040401e-14,8.526512829121202e-14,0.0,2.3283064365386963e-10,0.0,2.7755575615628914e-17,0.0,0.0,0.0,2.7755575615628914e-17,0.8848851643340778,0.9456343319192493,0.3071386996586421,0.6304469273743012,0.8970410254676495,0.0,0.0,0.0,765,1.7683127955261728,0.9997989960628215,2,0,0,0.0,0.0,568,0,0,0.733029229750784,0.9970526266787804,3,391.70609730596055,0.4939197709225316,334.5,4.782394554154411,0.5308746141434364,660,db,413.2962962962963,398.0,188.41229481502944,243,0.9143723369387087,0.671803462110104,0.15839832550987273,5,496.25
sym18,1,zero,1.3523783985482125e-18,238.78404085990252,9366076.992280014,0.5985915492957746,233.47219541462584,108,raw,8.901420834995914e-10,-8.150866663619842e-10,"[2, 5, 11, 17, 22, 25, 29, 38, 44, 52, 55, 60, 65, 74, 78, 84, 89, 95, 98, 101, 105]","[38.000000000567326, 368.0000000026912, 461.00000000131064, 193.00000000192483, 951.0000000014169, 154.00000000260002, 881.0000000057283, 243.0000000016521, 491.0000000014367, 186.00000000096782, 321.0000000020748, 943.0000000008604, 810.0000000053169, 205.00000000157263, 478.0000000024612, 276.00000000123475, 347.00000000164584, 78.99999999893123, 1008.0000000026266, 114.00000000210537, 893.0000000057365]",21,5.625077505070035,144059.6105933356,0.8884254239465974,4.365923718217225e-06,1.0,0.4907407407407407,67631.0000000007,0.12910941990498345,0.15147910127182046,188156.12126497077,82872438.25057933,8,12069.579557421774,0.027777777777777776,"[0.0, 0.009259259259259259, 0.018518518518518517, 0.027777777777777776, 0.037037037037037035, 0.046296296296296294, 0.05555555555555555, 0.06481481481481481, 0.07407407407407407, 0.08333333333333333, 0.09259259259259259, 0.10185185185185185, 0.1111111111111111, 0.12037037037037036, 0.12962962962962962, 0.1388888888888889, 0.14814814814814814, 0.15740740740740738, 0.16666666666666666, 0.17592592592592593, 0.18518518518518517, 0.19444444444444442, 0.2037037037037037, 0.21296296296296297, 0.2222222222222222, 0.23148148148148145, 0.24074074074074073]","[67631.0000000007, 1786.6346316374602, 1155.9831840871914, 12069.579557421774, 1906.5778542079654, 950.5914327649369, 9083.87719739591, 2481.229636778234, 778.6316126042949, 8965.162396406982, 2042.6423114837853, 1606.7171021591473, 6927.939836323371, 1790.9411989249927, 2115.0643759992277, 4469.14645341886, 811.3124818702678, 852.4454942299906, 2613.518509612051, 1125.8336361620288, 622.5282936212329, 1595.902895858306, 1672.083632248391, 807.7671822603779, 3024.634439437013, 842.7313814814894, 842.8235732341335]",3.0,0.3,145.14999999887766,15,0.5,1721880.138491049,0.14445541615597662,0.12412575453773589,16430975.452809813,84089526829.35359,"[0.046875, 0.03125]",2,1721880.138491049,0.046875,"[0.0, 0.015625, 0.03125, 0.046875, 0.0625, 0.078125, 0.09375, 0.109375, 0.125, 0.140625, 0.15625, 0.171875, 0.1875, 0.203125, 0.21875, 0.234375]","[154749.3857116104, 876106.906709116, 1710291.3768937811, 1721880.138491049, 1236443.3975625893, 1200279.6938609045, 1385236.6101507486, 1437054.0474318387, 1048940.2936543792, 664501.8455403723, 393060.2971548303, 165807.08107082744, 58528.06662929776, 51528.95639477929, 141871.95181377925, 339557.7347304489]",3.0,0.3,flattop,64,32,145.14999999887766,15,21,449.5238095259458,38.000000000567326,1008.0000000026266,"[2, 5, 11, 17, 22, 25, 29, 38, 44, 52, 55, 60, 65, 74, 78, 84, 89, 95, 98, 101, 105]","[38.000000000567326, 368.0000000026912, 461.00000000131064, 193.00000000192483, 951.0000000014169, 154.00000000260002, 881.0000000057283, 243.0000000016521, 491.0000000014367, 186.00000000096782, 321.0000000020748, 943.0000000008604, 810.0000000053169, 205.00000000157263, 478.0000000024612, 276.00000000123475, 347.00000000164584, 78.99999999893123, 1008.0000000026266, 114.00000000210537, 893.0000000057365]","[1, 1, 1, 15, 1, 24, 27, 35, 35, 49, 35, 35, 63, 73, 73, 73, 35, 92, 35, 99, 99]","[3, 8, 18, 18, 35, 27, 35, 39, 49, 53, 56, 73, 73, 75, 81, 85, 92, 97, 106, 102, 106]",0.05,30,52684909.000056654,1016.0000000007859,-1016.0000000007859,DWT,uc1.l0082987033,2.5401823222637177e-06,0.0,2.136289367626887e-09,1.2367963790893555e-06,0.0,2.6266206987202168e-09,0.00010441243648529053,7.859171091695316e-10,1.0,84,0.0,3.6434357753023505e-09,1.0,84,,0.0,0.0,1.0,84,0.0,0.0,5.665421485900879e-05,0.529937744140625,6.984919309616089e-10,0.0,0.0,0.0,2.136289367626887e-09,4.486173565965146e-08,2.2380783364150412e-09,0.0,7.859171091695316e-10,0.0,1.1223448836972238e-09,0.0,0.0,0.0,1.1223448836972238e-09,5.673257419402944e-10,2.4599766668131906e-13,2.5401823222637177e-06,1.9456658506555868e-14,4.418687638008123e-14,4.552421160042286e-07,0.0,0.0,3.3370528562670643e-13,0.11058383779573655,0.23165518546180502,0.023036315942070222,0.8937760642064676,0.15143256947187259,0.23845213082881248,0.11922606541440624,0.23845213082881248,21,0.6117795068507157,0.3458983830850759,688,0,0,0.23845213082881248,0.23845213082881248,21,0,0,0.28209679457559045,0.3837027755426365,663,378.0135579579124,0.5116103902352553,348.25,40.733247648722866,0.5308374948592297,661,sym,445.72514619883043,505.0,280.45746329325993,171,0.986117580085908,1.0,0.009717693939864401,6,497.25
rbio2.2,1,antireflect,4.8168723384911895e-27,323.267371748164,9331586.54491658,0.5535714285714286,452.627924827613,108,raw,4.2385847917911506e-14,-1.13268283641333e-10,"[2, 5, 11, 17, 22, 25, 29, 38, 44, 52, 55, 60, 65, 74, 78, 84, 89, 95, 98, 101, 105]","[37.99999999999997, 368.00000000000006, 460.99999999999983, 193.0000000000001, 951.0000000000001, 153.9999999999999, 881.0, 243.0, 491.0000000000001, 186.0, 320.9999999999999, 943.0000000000001, 810.0, 204.99999999999997, 477.99999999999994, 276.0000000000001, 347.0000000000001, 79.0, 1008.0, 113.99999999999989, 893.0]",21,5.775726281573249,121370.88908541933,0.6730695081703996,4.365923718251291e-06,1.0,0.4907407407407407,67631.0,0.1291094199047374,0.15147910127183992,188156.12126451556,82872438.25058056,8,12069.57955741813,0.027777777777777776,"[0.0, 0.009259259259259259, 0.018518518518518517, 0.027777777777777776, 0.037037037037037035, 0.046296296296296294, 0.05555555555555555, 0.06481481481481481, 0.07407407407407407, 0.08333333333333333, 0.09259259259259259, 0.10185185185185185, 0.1111111111111111, 0.12037037037037036, 0.12962962962962962, 0.1388888888888889, 0.14814814814814814, 0.15740740740740738, 0.16666666666666666, 0.17592592592592593, 0.18518518518518517, 0.19444444444444442, 0.2037037037037037, 0.21296296296296297, 0.2222222222222222, 0.23148148148148145, 0.24074074074074073]","[67631.0, 1786.6346316370013, 1155.9831840869383, 12069.57955741813, 1906.577854206843, 950.5914327636025, 9083.877197385176, 2481.2296367744843, 778.6316126029448, 8965.162396385991, 2042.642311477917, 1606.7171021541499, 6927.939836298323, 1790.941198917794, 2115.0643759896484, 4469.146453396725, 811.3124818658852, 852.4454942250574, 2613.518509595828, 1125.833636154595, 622.528293616837, 1595.9028958466968, 1672.0836322356438, 807.7671822537571, 3024.63443941176, 842.7313814743658, 842.8235732269201]",3.0,0.3,145.15000000000003,15,0.5,1721880.1384885088,0.14445541615564295,0.1241257545377801,16430975.4527054,84089526828.82368,"[0.046875, 0.03125]",2,1721880.1384885088,0.046875,"[0.0, 0.015625, 0.03125, 0.046875, 0.0625, 0.078125, 0.09375, 0.109375, 0.125, 0.140625, 0.15625, 0.171875, 0.1875, 0.203125, 0.21875, 0.234375]","[154749.38571156553, 876106.9067082782, 1710291.3768915331, 1721880.1384885088, 1236443.3975593029, 1200279.6938555266, 1385236.610142781, 1437054.0474222803, 1048940.2936461219, 664501.8455342908, 393060.29715082515, 165807.0810689745, 58528.066628532644, 51528.95639390756, 141871.9518112763, 339557.7347245399]",3.0,0.3,flattop,64,32,145.15000000000003,15,21,449.5238095238095,37.99999999999997,1008.0,"[2, 5, 11, 17, 22, 25, 29, 38, 44, 52, 55, 60, 65, 74, 78, 84, 89, 95, 98, 101, 105]","[37.99999999999997, 368.00000000000006, 460.99999999999983, 193.0000000000001, 951.0000000000001, 153.9999999999999, 881.0, 243.0, 491.0000000000001, 186.0, 320.9999999999999, 943.0000000000001, 810.0, 204.99999999999997, 477.99999999999994, 276.0000000000001, 347.0000000000001, 79.0, 1008.0, 113.99999999999989, 893.0]","[1, 1, 1, 15, 1, 24, 27, 35, 35, 49, 35, 35, 63, 73, 73, 73, 35, 92, 35, 99, 99]","[3, 8, 18, 18, 35, 27, 35, 39, 49, 53, 56, 73, 73, 75, 81, 85, 92, 97, 106, 102, 106]",0.05,30,52684909.0,1016.0,-1016.0,DWT,uc1.l0082987033,0.0,0.0,0.0,0.0,0.0,0.0,0.0,0.0,1.0,84,0.0,0.0,1.0,84,,0.0,0.0,1.0,84,0.0,0.0,0.0,3.0517578125e-05,0.0,0.0,0.0,0.0,0.0,0.0,6.49639072694949e-14,0.0,0.0,0.0,2.842170943040401e-14,0.0,0.0,0.0,2.842170943040401e-14,2.842170943040401e-14,5.551115123125783e-17,0.0,0.0,2.7755575615628914e-17,2.9103830456733704e-11,0.0,0.0,2.7755575615628914e-17,0.9779464837955383,0.4246880119848522,0.01969061954479588,0.39126097366320883,0.0900164103255358,0.0,0.0,0.0,659,1.001468159637645,0.5662272326071506,281,0,0,0.0,0.0,729,0,0,0.3807204998627863,0.5178488919844377,313,231.35182442908607,0.7010958340709482,495.5,414.817280069513,0.5304574777589883,662,rbio,366.5925925925926,360.0,210.3588723315502,135,0.8110455588331695,0.7500562468954116,0.20725123474815782,3,497.25
db7,1,periodic,1.3112270664160275e-26,318.9182440579817,10164658.776119696,0.5333333333333333,382.9883248865274,108,raw,8.227163806185231e-14,-1.0768796965265955e-10,"[2, 5, 11, 17, 22, 25, 29, 38, 44, 52, 55, 60, 65, 74, 78, 84, 89, 95, 98, 101, 105]","[37.99999999999994, 368.0, 460.9999999999998, 193.0000000000001, 951.0, 153.9999999999999, 881.0000000000002, 242.99999999999991, 491.0000000000001, 186.0000000000001, 320.9999999999999, 943.0000000000002, 810.0, 205.00000000000006, 478.0, 276.0000000000001, 347.00000000000057, 78.99999999999977, 1008.0, 114.0, 893.0]",21,5.73282452560271,97702.85004382323,0.8072126171342736,4.365923718251291e-06,1.0,0.4907407407407407,67631.0,0.1291094199047374,0.15147910127183992,188156.12126451556,82872438.25058056,8,12069.57955741813,0.027777777777777776,"[0.0, 0.009259259259259259, 0.018518518518518517, 0.027777777777777776, 0.037037037037037035, 0.046296296296296294, 0.05555555555555555, 0.06481481481481481, 0.07407407407407407, 0.08333333333333333, 0.09259259259259259, 0.10185185185185185, 0.1111111111111111, 0.12037037037037036, 0.12962962962962962, 0.1388888888888889, 0.14814814814814814, 0.15740740740740738, 0.16666666666666666, 0.17592592592592593, 0.18518518518518517, 0.19444444444444442, 0.2037037037037037, 0.21296296296296297, 0.2222222222222222, 0.23148148148148145, 0.24074074074074073]","[67631.0, 1786.6346316370004, 1155.9831840869376, 12069.57955741813, 1906.5778542068438, 950.5914327636033, 9083.877197385176, 2481.229636774484, 778.6316126029479, 8965.162396385991, 2042.642311477917, 1606.7171021541494, 6927.939836298322, 1790.9411989177938, 2115.0643759896493, 4469.1464533967255, 811.3124818658854, 852.4454942250583, 2613.518509595828, 1125.833636154594, 622.5282936168371, 1595.9028958466972, 1672.0836322356438, 807.7671822537561, 3024.63443941176, 842.731381474365, 842.8235732269196]",3.0,0.3,145.15000000000006,15,0.5,1721880.138488508,0.14445541615564297,0.1241257545377801,16430975.4527054,84089526828.82364,"[0.046875, 0.03125]",2,1721880.138488508,0.046875,"[0.0, 0.015625, 0.03125, 0.046875, 0.0625, 0.078125, 0.09375, 0.109375, 0.125, 0.140625, 0.15625, 0.171875, 0.1875, 0.203125, 0.21875, 0.234375]","[154749.38571156558, 876106.9067082785, 1710291.376891533, 1721880.138488508, 1236443.397559302, 1200279.6938555264, 1385236.6101427812, 1437054.0474222805, 1048940.2936461219, 664501.8455342908, 393060.29715082503, 165807.0810689744, 58528.066628532615, 51528.956393907574, 141871.9518112763, 339557.73472454]",3.0,0.3,flattop,64,32,145.15000000000006,15,21,449.5238095238095,37.99999999999994,1008.0,"[2, 5, 11, 17, 22, 25, 29, 38, 44, 52, 55, 60, 65, 74, 78, 84, 89, 95, 98, 101, 105]","[37.99999999999994, 368.0, 460.9999999999998, 193.0000000000001, 951.0, 153.9999999999999, 881.0000000000002, 242.99999999999991, 491.0000000000001, 186.0000000000001, 320.9999999999999, 943.0000000000002, 810.0, 205.00000000000006, 478.0, 276.0000000000001, 347.00000000000057, 78.99999999999977, 1008.0, 114.0, 893.0]","[1, 1, 1, 15, 1, 24, 27, 35, 35, 49, 35, 35, 63, 73, 73, 73, 35, 92, 35, 99, 99]","[3, 8, 18, 18, 35, 27, 35, 39, 49, 53, 56, 73, 73, 75, 81, 85, 92, 97, 106, 102, 106]",0.05,30,52684909.0,1016.0,-1016.0,DWT,uc1.l0082987033,6.984919309616089e-10,0.0,0.0,0.0,0.0,0.0,0.0,0.0,1.0,84,0.0,0.0,1.0,84,,0.0,0.0,1.0,84,0.0,0.0,0.0,1.52587890625e-05,0.0,0.0,0.0,0.0,0.0,0.0,1.1233342298683497e-13,0.0,0.0,0.0,5.684341886080802e-14,0.0,0.0,0.0,5.684341886080802e-14,5.684341886080802e-14,5.551115123125783e-17,6.984919309616089e-10,0.0,2.7755575615628914e-17,2.9103830456733704e-11,0.0,0.0,5.551115123125783e-17,0.9332954164017022,0.36971612698173373,0.10050159695068686,0.16536312849162027,0.02594933400511787,0.0,0.0,0.0,731,0.8716110968059267,0.492806420757974,496,0,0,0.0,0.0,687,0,0,0.3189651205661722,0.4338503819111529,545,112.10225986422694,0.8551650389351073,614.75,599.2882359074567,0.5304571964701377,663,db,413.2962962962963,398.0,188.41229481502944,243,0.9143723369387087,0.671803462110104,0.15839832550987273,5,498.5
rbio5.5,1,reflect,1.0790159915379093e-19,249.7647442999751,10402727.577637061,0.576271186440678,369.93234748860834,108,raw,2.5528665601213007e-10,5.759052121728398e-10,"[2, 5, 11, 17, 22, 25, 29, 38, 44, 52, 55, 60, 65, 74, 78, 84, 89, 95, 98, 101, 105]","[37.99999999998707, 368.00000000054376, 461.00000000052887, 193.00000000008436, 951.0000000007734, 153.99999999999602, 881.0000000009719, 243.00000000019332, 491.0000000007321, 186.00000000020498, 321.00000000050125, 943.0000000008065, 810.0000000008617, 205.00000000002757, 478.0000000005249, 276.00000000014666, 347.0000000003847, 79.00000000032708, 1008.0000000009588, 113.99999999986505, 893.0000000009328]",21,5.655084794399261,116373.74668735496,0.8994571531057677,4.365923718243043e-06,1.0,0.4907407407407407,67630.99999999932,0.12910941990478417,0.15147910127184044,188156.1212646309,82872438.25058253,8,12069.57955742142,0.027777777777777776,"[0.0, 0.009259259259259259, 0.018518518518518517, 0.027777777777777776, 0.037037037037037035, 0.046296296296296294, 0.05555555555555555, 0.06481481481481481, 0.07407407407407407, 0.08333333333333333, 0.09259259259259259, 0.10185185185185185, 0.1111111111111111, 0.12037037037037036, 0.12962962962962962, 0.1388888888888889, 0.14814814814814814, 0.15740740740740738, 0.16666666666666666, 0.17592592592592593, 0.18518518518518517, 0.19444444444444442, 0.2037037037037037, 0.21296296296296297, 0.2222222222222222, 0.23148148148148145, 0.24074074074074073]","[67630.99999999932, 1786.6346316365064, 1155.9831840866734, 12069.57955742142, 1906.5778542082348, 950.5914327638236, 9083.877197392814, 2481.229636776391, 778.6316126048151, 8965.162396398373, 2042.6423114817057, 1606.7171021573852, 6927.939836310087, 1790.9411989204518, 2115.06437599227, 4469.1464534043525, 811.3124818660872, 852.4454942268709, 2613.518509599616, 1125.8336361553797, 622.5282936166993, 1595.902895848671, 1672.0836322373887, 807.7671822537135, 3024.6344394135244, 842.7313814751101, 842.8235732277616]",3.0,0.3,145.14999999976519,15,0.5,1721880.1384902317,0.14445541615566435,0.12412575453777024,16430975.452738365,84089526829.15756,"[0.046875, 0.03125]",2,1721880.1384902317,0.046875,"[0.0, 0.015625, 0.03125, 0.046875, 0.0625, 0.078125, 0.09375, 0.109375, 0.125, 0.140625, 0.15625, 0.171875, 0.1875, 0.203125, 0.21875, 0.234375]","[154749.38571162437, 876106.906708897, 1710291.3768930817, 1721880.1384902317, 1236443.3975614035, 1200279.6938586736, 1385236.6101470394, 1437054.0474268566, 1048940.2936495477, 664501.8455364408, 393060.2971520301, 165807.08106944, 58528.066628661356, 51528.956393963745, 141871.95181141142, 339557.7347248878]",3.0,0.3,flattop,64,32,145.14999999976519,15,21,449.523809524255,37.99999999998707,1008.0000000009588,"[2, 5, 11, 17, 22, 25, 29, 38, 44, 52, 55, 60, 65, 74, 78, 84, 89, 95, 98, 101, 105]","[37.99999999998707, 368.00000000054376, 461.00000000052887, 193.00000000008436, 951.0000000007734, 153.99999999999602, 881.0000000009719, 243.00000000019332, 491.0000000007321, 186.00000000020498, 321.00000000050125, 943.0000000008065, 810.0000000008617, 205.00000000002757, 478.0000000005249, 276.00000000014666, 347.0000000003847, 79.00000000032708, 1008.0000000009588, 113.99999999986505, 893.0000000009328]","[1, 1, 1, 15, 1, 24, 27, 35, 35, 49, 35, 35, 63, 73, 73, 73, 35, 92, 35, 99, 99]","[3, 8, 18, 18, 35, 27, 35, 39, 49, 53, 56, 73, 73, 75, 81, 85, 92, 97, 106, 102, 106]",0.05,30,52684909.0000177,1016.0000000001885,-1016.0000000001885,DWT,uc1.l0082987033,1.7229467630386353e-06,0.0,4.454818736121524e-10,1.9669532775878906e-06,0.0,9.588347893441096e-10,3.296509385108948e-05,1.8849277694243938e-10,1.0,84,0.0,3.2905518310144544e-09,1.0,84,,0.0,0.0,1.0,84,0.0,0.0,1.7702579498291016e-05,0.3339080810546875,6.83940015733242e-10,0.0,0.0,0.0,4.454818736121524e-10,9.35506250243634e-09,4.59837543703976e-10,0.0,1.8849277694243938e-10,0.0,2.348201633139979e-10,0.0,0.0,0.0,2.348201633139979e-10,1.2931877790833823e-11,4.671263376110346e-14,1.7229467630386353e-06,5.273559366969494e-16,9.83935155574045e-15,1.153675839304924e-07,0.0,0.0,2.142730437526552e-14,0.22331911812360794,0.270104829793246,0.12359511972083512,0.6446359246283498,0.07648963259637431,0.07450845119006554,0.03725422559503277,0.07450845119006554,62,0.619291668521095,0.3501457378038274,684,0,0,0.07450845119006554,0.07450845119006554,62,0,0,0.2676289249724827,0.3640238503309789,675,356.53272407078333,0.5393634055933032,370.75,113.63141065718727,0.5301791188173235,664,rbio,366.5925925925926,360.0,210.3588723315502,135,0.8110455588331695,0.7500562468954116,0.20725123474815782,3,498.75
sym6,1,periodic,5.74311247728701e-20,252.50354989278904,9767567.971871564,0.576271186440678,395.23277720133046,108,raw,1.8912376191864227e-10,-1.1017353701397776e-10,"[2, 5, 11, 17, 22, 25, 29, 38, 44, 52, 55, 60, 65, 74, 78, 84, 89, 95, 98, 101, 105]","[38.00000000012446, 368.00000000048533, 461.0000000001233, 193.0000000004752, 950.9999999999869, 154.00000000068803, 881.0000000011821, 243.00000000035726, 491.00000000011613, 186.00000000016814, 321.0000000003387, 942.9999999999146, 810.0000000011091, 205.0000000003961, 478.00000000044946, 276.0000000002533, 347.00000000028115, 78.99999999956572, 1008.0000000004878, 114.00000000063028, 893.000000001045]",21,5.687782275240166,105065.9020429586,0.8015098823429367,4.3659237182453506e-06,1.0,0.4907407407407407,67631.0,0.12910941990478442,0.15147910127183417,188156.12126459254,82872438.25057891,8,12069.579557418336,0.027777777777777776,"[0.0, 0.009259259259259259, 0.018518518518518517, 0.027777777777777776, 0.037037037037037035, 0.046296296296296294, 0.05555555555555555, 0.06481481481481481, 0.07407407407407407, 0.08333333333333333, 0.09259259259259259, 0.10185185185185185, 0.1111111111111111, 0.12037037037037036, 0.12962962962962962, 0.1388888888888889, 0.14814814814814814, 0.15740740740740738, 0.16666666666666666, 0.17592592592592593, 0.18518518518518517, 0.19444444444444442, 0.2037037037037037, 0.21296296296296297, 0.2222222222222222, 0.23148148148148145, 0.24074074074074073]","[67631.0, 1786.634631637005, 1155.983184086947, 12069.579557418336, 1906.5778542068983, 950.591432763644, 9083.87719738574, 2481.2296367746935, 778.6316126030299, 8965.162396387253, 2042.642311478283, 1606.7171021545148, 6927.939836300324, 1790.9411989184473, 2115.0643759906206, 4469.146453399287, 811.3124818664586, 852.4454942257915, 2613.518509598528, 1125.833636155964, 622.5282936177147, 1595.9028958492509, 1672.0836322386265, 807.7671822553335, 3024.634439418086, 842.7313814762177, 842.8235732288281]",3.0,0.3,145.14999999976277,15,0.5,1721880.1384886294,0.14445541615572421,0.12412575453777361,16430975.452721208,84089526828.84602,"[0.046875, 0.03125]",2,1721880.1384886294,0.046875,"[0.0, 0.015625, 0.03125, 0.046875, 0.0625, 0.078125, 0.09375, 0.109375, 0.125, 0.140625, 0.15625, 0.171875, 0.1875, 0.203125, 0.21875, 0.234375]","[154749.38571156075, 876106.9067083042, 1710291.3768916312, 1721880.1384886294, 1236443.3975594812, 1200279.6938558668, 1385236.6101433574, 1437054.0474230815, 1048940.2936469293, 664501.8455349817, 393060.2971513446, 165807.08106924745, 58528.06662867643, 51528.95639412891, 141871.95181192821, 339557.7347260569]",3.0,0.3,flattop,64,32,145.14999999976277,15,21,449.52380952419895,38.00000000012446,1008.0000000004878,"[2, 5, 11, 17, 22, 25, 29, 38, 44, 52, 55, 60, 65, 74, 78, 84, 89, 95, 98, 101, 105]","[38.00000000012446, 368.00000000048533, 461.0000000001233, 193.0000000004752, 950.9999999999869, 154.00000000068803, 881.0000000011821, 243.00000000035726, 491.00000000011613, 186.00000000016814, 321.0000000003387, 942.9999999999146, 810.0000000011091, 205.0000000003961, 478.00000000044946, 276.0000000002533, 347.00000000028115, 78.99999999956572, 1008.0000000004878, 114.00000000063028, 893.000000001045]","[1, 1, 1, 15, 1, 24, 27, 35, 35, 49, 35, 35, 63, 73, 73, 73, 35, 92, 35, 99, 99]","[3, 8, 18, 18, 35, 27, 35, 39, 49, 53, 56, 73, 73, 75, 81, 85, 92, 97, 106, 102, 106]",0.05,30,52684909.00000827,1016.0000000001357,-1016.0000000001357,DWT,uc1.l0082987033,1.2060627341270447e-07,0.0,3.894342626153957e-10,1.6540288925170898e-06,0.0,4.878302206634544e-10,1.5808269381523132e-05,1.3574208423960954e-10,1.0,84,0.0,2.0554580260068178e-10,1.0,84,,0.0,0.0,1.0,84,0.0,0.0,8.27014446258545e-06,0.022369384765625,0.0,0.0,0.0,0.0,3.894342626153957e-10,8.17817635834217e-09,4.4017378102234067e-10,0.0,1.3574208423960954e-10,0.0,2.3723600861558225e-10,0.0,0.0,0.0,2.3723600861558225e-10,1.2445866559573915e-10,4.696243394164412e-14,1.2060627341270447e-07,5.745404152435185e-15,6.467049118441537e-15,7.700873538851738e-08,0.0,0.0,8.129608097817709e-14,0.25143753676176595,0.31200153345992676,0.06198237279669034,0.6446359246283498,0.045880398574969075,0.034808241086267996,0.017404120543133998,0.034808241086267996,96,0.6140610044666956,0.3471883353105801,686,0,0,0.034808241086267996,0.034808241086267996,97,0,0,0.2631875532443404,0.35798277970531406,680,338.6250384520712,0.5624999503203214,389.75,169.10273816566274,0.529473489372047,665,sym,445.72514619883043,505.0,280.45746329325993,171,0.986117580085908,1.0,0.009717693939864401,6,500.25
db5,1,antireflect,6.486890874844071e-27,321.9746571907137,9539973.916325377,0.5517241379310345,424.6579803093505,108,raw,4.750109770544372e-14,-1.1108125530512392e-10,"[2, 5, 11, 17, 22, 25, 29, 38, 44, 52, 55, 60, 65, 74, 78, 84, 89, 95, 98, 101, 105]","[38.00000000000003, 367.9999999999999, 461.00000000000006, 192.9999999999999, 951.0000000000001, 154.0, 880.9999999999998, 242.99999999999997, 491.0, 186.0000000000001, 321.0, 943.0, 810.0, 204.99999999999997, 478.0000000000001, 275.9999999999999, 346.9999999999999, 79.0, 1008.0, 113.99999999999989, 892.9999999999999]",21,5.713413428344028,156041.57789758145,0.8647081392260862,4.365923718251291e-06,1.0,0.4907407407407407,67631.0,0.1291094199047374,0.15147910127183992,188156.12126451553,82872438.25058056,8,12069.57955741813,0.027777777777777776,"[0.0, 0.009259259259259259, 0.018518518518518517, 0.027777777777777776, 0.037037037037037035, 0.046296296296296294, 0.05555555555555555, 0.06481481481481481, 0.07407407407407407, 0.08333333333333333, 0.09259259259259259, 0.10185185185185185, 0.1111111111111111, 0.12037037037037036, 0.12962962962962962, 0.1388888888888889, 0.14814814814814814, 0.15740740740740738, 0.16666666666666666, 0.17592592592592593, 0.18518518518518517, 0.19444444444444442, 0.2037037037037037, 0.21296296296296297, 0.2222222222222222, 0.23148148148148145, 0.24074074074074073]","[67631.0, 1786.6346316370013, 1155.9831840869388, 12069.57955741813, 1906.5778542068429, 950.5914327636013, 9083.877197385176, 2481.229636774484, 778.6316126029442, 8965.16239638599, 2042.642311477918, 1606.7171021541494, 6927.939836298322, 1790.941198917794, 2115.0643759896484, 4469.1464533967255, 811.312481865886, 852.4454942250574, 2613.5185095958273, 1125.8336361545935, 622.5282936168364, 1595.9028958466977, 1672.0836322356424, 807.7671822537576, 3024.634439411761, 842.7313814743658, 842.8235732269194]",3.0,0.3,145.15000000000003,15,0.5,1721880.1384885088,0.14445541615564297,0.12412575453778012,16430975.452705398,84089526828.82368,"[0.046875, 0.03125]",2,1721880.1384885088,0.046875,"[0.0, 0.015625, 0.03125, 0.046875, 0.0625, 0.078125, 0.09375, 0.109375, 0.125, 0.140625, 0.15625, 0.171875, 0.1875, 0.203125, 0.21875, 0.234375]","[154749.3857115654, 876106.9067082776, 1710291.3768915324, 1721880.1384885088, 1236443.3975593029, 1200279.6938555269, 1385236.6101427812, 1437054.0474222805, 1048940.2936461219, 664501.8455342905, 393060.29715082515, 165807.0810689745, 58528.06662853263, 51528.95639390755, 141871.95181127623, 339557.7347245398]",3.0,0.3,flattop,64,32,145.15000000000003,15,21,449.5238095238095,38.00000000000003,1008.0,"[2, 5, 11, 17, 22, 25, 29, 38, 44, 52, 55, 60, 65, 74, 78, 84, 89, 95, 98, 101, 105]","[38.00000000000003, 367.9999999999999, 461.00000000000006, 192.9999999999999, 951.0000000000001, 154.0, 880.9999999999998, 242.99999999999997, 491.0, 186.0000000000001, 321.0, 943.0, 810.0, 204.99999999999997, 478.0000000000001, 275.9999999999999, 346.9999999999999, 79.0, 1008.0, 113.99999999999989, 892.9999999999999]","[1, 1, 1, 15, 1, 24, 27, 35, 35, 49, 35, 35, 63, 73, 73, 73, 35, 92, 35, 99, 99]","[3, 8, 18, 18, 35, 27, 35, 39, 49, 53, 56, 73, 73, 75, 81, 85, 92, 97, 106, 102, 106]",0.05,30,52684909.0,1016.0,-1016.0,DWT,uc1.l0082987033,0.0,0.0,0.0,0.0,0.0,0.0,1.862645149230957e-09,0.0,1.0,84,0.0,0.0,1.0,84,,0.0,0.0,1.0,84,0.0,0.0,0.0,3.0517578125e-05,0.0,0.0,0.0,0.0,0.0,0.0,6.631732200427601e-14,0.0,0.0,0.0,2.842170943040401e-14,0.0,0.0,0.0,2.842170943040401e-14,2.842170943040401e-14,5.551115123125783e-17,0.0,0.0,4.163336342344337e-17,0.0,0.0,0.0,5.551115123125783e-17,0.9646746074705439,0.34484384420101566,0.03990493774175365,0.3706414948950107,0.18386658787114693,0.0,0.0,0.0,676,0.9929823885601741,0.5614294019147872,293,0,0,0.0,0.0,720,0,0,0.38078629443589423,0.5179383845302681,312,229.17878755824384,0.703903375247747,500.25,421.66176335794347,0.5287927728951913,666,db,413.2962962962963,398.0,188.41229481502944,243,0.9143723369387087,0.671803462110104,0.15839832550987273,5,500.75
sym8,1,reflect,6.5155562167334766e-21,261.9555081491743,10255577.962948566,0.5491803278688525,391.3867278458609,108,raw,5.821364789392609e-11,-2.0456125683153592e-10,"[2, 5, 11, 17, 22, 25, 29, 38, 44, 52, 55, 60, 65, 74, 78, 84, 89, 95, 98, 101, 105]","[38.000000000027995, 367.9999999999494, 460.9999999998752, 193.0000000000938, 950.9999999998639, 154.00000000015837, 881.0000000000614, 243.00000000002908, 490.99999999985687, 185.9999999999701, 320.99999999992895, 942.9999999997747, 810.0000000000637, 205.00000000007574, 477.9999999999641, 276.00000000000443, 346.9999999999667, 78.99999999978854, 1007.9999999998473, 114.00000000019645, 893.0000000000682]",21,5.777263654981569,98560.79218905512,0.7836314117916793,4.365923718251829e-06,0.9999999999999998,0.4907407407407407,67631.00000000009,0.12910941990473618,0.1514791012718388,188156.12126450503,82872438.25057994,8,12069.579557417715,0.027777777777777776,"[0.0, 0.009259259259259259, 0.018518518518518517, 0.027777777777777776, 0.037037037037037035, 0.046296296296296294, 0.05555555555555555, 0.06481481481481481, 0.07407407407407407, 0.08333333333333333, 0.09259259259259259, 0.10185185185185185, 0.1111111111111111, 0.12037037037037036, 0.12962962962962962, 0.1388888888888889, 0.14814814814814814, 0.15740740740740738, 0.16666666666666666, 0.17592592592592593, 0.18518518518518517, 0.19444444444444442, 0.2037037037037037, 0.21296296296296297, 0.2222222222222222, 0.23148148148148145, 0.24074074074074073]","[67631.00000000009, 1786.6346316370593, 1155.983184086975, 12069.579557417715, 1906.5778542066496, 950.5914327635584, 9083.877197384027, 2481.229636774192, 778.631612602617, 8965.16239638371, 2042.642311477115, 1606.7171021534762, 6927.9398362957145, 1790.941198917241, 2115.064375989069, 4469.146453394859, 811.3124818660062, 852.4454942245784, 2613.5185095949037, 1125.833636154589, 622.5282936171856, 1595.9028958464917, 1672.0836322357345, 807.7671822543125, 3024.634439413141, 842.7313814744819, 842.8235732270754]",3.0,0.3,145.1500000000094,15,0.5,1721880.1384882615,0.14445541615565655,0.12412575453778281,16430975.452701526,84089526828.75584,"[0.046875, 0.03125]",2,1721880.1384882615,0.046875,"[0.0, 0.015625, 0.03125, 0.046875, 0.0625, 0.078125, 0.09375, 0.109375, 0.125, 0.140625, 0.15625, 0.171875, 0.1875, 0.203125, 0.21875, 0.234375]","[154749.3857115557, 876106.9067081858, 1710291.3768913066, 1721880.1384882615, 1236443.397558956, 1200279.693854932, 1385236.610141911, 1437054.0474212999, 1048940.2936453486, 664501.8455337957, 393060.29715055524, 165807.08106887928, 58528.06662852324, 51528.9563939551, 141871.9518114326, 339557.7347248871]",3.0,0.3,flattop,64,32,145.1500000000094,15,21,449.5238095237887,38.000000000027995,1007.9999999998473,"[2, 5, 11, 17, 22, 25, 29, 38, 44, 52, 55, 60, 65, 74, 78, 84, 89, 95, 98, 101, 105]","[38.000000000027995, 367.9999999999494, 460.9999999998752, 193.0000000000938, 950.9999999998639, 154.00000000015837, 881.0000000000614, 243.00000000002908, 490.99999999985687, 185.9999999999701, 320.99999999992895, 942.9999999997747, 810.0000000000637, 205.00000000007574, 477.9999999999641, 276.00000000000443, 346.9999999999667, 78.99999999978854, 1007.9999999998473, 114.00000000019645, 893.0000000000682]","[1, 1, 1, 15, 1, 24, 27, 35, 35, 49, 35, 35, 63, 73, 73, 73, 35, 92, 35, 99, 99]","[3, 8, 18, 18, 35, 27, 35, 39, 49, 53, 56, 73, 73, 75, 81, 85, 92, 97, 106, 102, 106]",0.05,30,52684908.999997914,1015.9999999999885,-1015.9999999999885,DWT,uc1.l0082987033,2.4726614356040955e-07,0.0,2.0804691303055733e-11,6.258487701416016e-07,0.0,1.5268142306013033e-10,3.874301910400391e-06,1.1482370609883219e-11,1.0,84,0.0,4.147295840084553e-10,1.0,84,,0.0,0.0,1.0,84,0.0,0.0,2.086162567138672e-06,0.06781005859375,8.731149137020111e-11,0.0,0.0,0.0,2.0804691303055733e-11,4.3655745685100555e-10,9.492444925334505e-11,0.0,1.1482370609883219e-11,0.0,9.407585821463726e-12,0.0,0.0,0.0,9.407585821463726e-12,2.7995383788947947e-11,1.27675647831893e-15,2.4726614356040955e-07,1.1102230246251565e-15,2.733924198139448e-15,1.0506482794880867e-08,0.0,0.0,1.3627987627273797e-14,0.3484776917478557,0.4266579153675264,0.10932108231749468,0.3422474585584768,0.028271699825136727,0.008780457210950485,0.004390228605475242,0.008780457210950485,171,0.6252837772446694,0.35353365893479816,680,0,0,0.008780457210950485,0.008780457210950485,171,0,0,0.2509951695632981,0.3413989278188188,699,299.45659117808714,0.6131051793564766,430.25,274.02684818310775,0.5286133131924502,667,sym,445.72514619883043,505.0,280.45746329325993,171,0.986117580085908,1.0,0.009717693939864401,6,501.75
rbio5.5,1,smooth,1.002179992119232e-19,250.08556583099784,9756896.13810258,0.5932203389830508,336.97662638132374,108,raw,2.5030390928661835e-10,-9.075747932821316e-10,"[2, 5, 11, 17, 22, 25, 29, 38, 44, 52, 55, 60, 65, 74, 78, 84, 89, 95, 98, 101, 105]","[38.000000000073555, 368.00000000053774, 461.00000000052887, 193.00000000008436, 951.0000000007456, 153.99999999999602, 881.0000000009719, 243.00000000019332, 491.0000000007321, 186.00000000020498, 321.00000000050125, 943.0000000008065, 810.0000000008617, 205.00000000002757, 478.0000000005249, 276.00000000014666, 347.0000000003847, 79.00000000032708, 1008.0000000005978, 113.9999999998646, 893.0000000013335]",21,5.5603943144757,120606.88572441992,0.9112183792501737,4.365923718242788e-06,0.9999999999999997,0.4907407407407407,67631.0000000008,0.12910941990478517,0.15147910127184247,188156.12126463105,82872438.25058529,8,12069.57955742021,0.027777777777777776,"[0.0, 0.009259259259259259, 0.018518518518518517, 0.027777777777777776, 0.037037037037037035, 0.046296296296296294, 0.05555555555555555, 0.06481481481481481, 0.07407407407407407, 0.08333333333333333, 0.09259259259259259, 0.10185185185185185, 0.1111111111111111, 0.12037037037037036, 0.12962962962962962, 0.1388888888888889, 0.14814814814814814, 0.15740740740740738, 0.16666666666666666, 0.17592592592592593, 0.18518518518518517, 0.19444444444444442, 0.2037037037037037, 0.21296296296296297, 0.2222222222222222, 0.23148148148148145, 0.24074074074074073]","[67631.0000000008, 1786.634631637519, 1155.9831840871514, 12069.57955742021, 1906.5778542075711, 950.5914327649261, 9083.877197391848, 2481.229636776663, 778.6316126035214, 8965.162396398266, 2042.642311481828, 1606.7171021564022, 6927.939836309868, 1790.9411989203347, 2115.0643759931168, 4469.146453403764, 811.3124818666864, 852.4454942263069, 2613.518509599421, 1125.8336361557203, 622.5282936170969, 1595.9028958483186, 1672.0836322371024, 807.7671822539592, 3024.6344394135144, 842.7313814749582, 842.8235732275782]",3.0,0.3,145.14999999972704,15,0.5,1721880.1384902329,0.14445541615566404,0.12412575453777025,16430975.4527384,84089526829.15787,"[0.046875, 0.03125]",2,1721880.1384902329,0.046875,"[0.0, 0.015625, 0.03125, 0.046875, 0.0625, 0.078125, 0.09375, 0.109375, 0.125, 0.140625, 0.15625, 0.171875, 0.1875, 0.203125, 0.21875, 0.234375]","[154749.38571163418, 876106.9067089134, 1710291.37689309, 1721880.1384902329, 1236443.397561403, 1200279.693858674, 1385236.6101470392, 1437054.0474268566, 1048940.2936495475, 664501.8455364408, 393060.29715203005, 165807.08106943994, 58528.06662866137, 51528.95639396374, 141871.95181141142, 339557.73472488776]",3.0,0.3,flattop,64,32,145.14999999972704,15,21,449.5238095242593,38.000000000073555,1008.0000000005978,"[2, 5, 11, 17, 22, 25, 29, 38, 44, 52, 55, 60, 65, 74, 78, 84, 89, 95, 98, 101, 105]","[38.000000000073555, 368.00000000053774, 461.00000000052887, 193.00000000008436, 951.0000000007456, 153.99999999999602, 881.0000000009719, 243.00000000019332, 491.0000000007321, 186.00000000020498, 321.00000000050125, 943.0000000008065, 810.0000000008617, 205.00000000002757, 478.0000000005249, 276.00000000014666, 347.0000000003847, 79.00000000032708, 1008.0000000005978, 113.9999999998646, 893.0000000013335]","[1, 1, 1, 15, 1, 24, 27, 35, 35, 49, 35, 35, 63, 73, 73, 73, 35, 92, 35, 99, 99]","[3, 8, 18, 18, 35, 27, 35, 39, 49, 53, 56, 73, 73, 75, 81, 85, 92, 97, 106, 102, 106]",0.05,30,52684909.00001864,1016.0000000001885,-1016.0000000001885,DWT,uc1.l0082987033,1.7241109162569046e-06,0.0,4.498019734455738e-10,4.723668098449707e-06,0.0,5.977653927402571e-10,3.3000484108924866e-05,1.8849277694243938e-10,1.0,84,0.0,2.079104888252914e-09,1.0,84,,0.0,0.0,1.0,84,0.0,0.0,1.8641352653503418e-05,0.3342132568359375,8.003553375601768e-10,0.0,0.0,0.0,4.498019734455738e-10,9.446011972613633e-09,4.63022128574916e-10,0.0,1.8849277694243938e-10,0.0,2.729620973696001e-10,0.0,0.0,0.0,2.729620973696001e-10,7.355538400588557e-11,4.77118344832661e-14,1.7241109162569046e-06,2.55351295663786e-15,9.825473767932635e-15,1.1551310308277607e-07,0.0,0.0,2.1121993043493603e-14,0.22661288754671027,0.14877380136581805,0.06094716686221892,0.8338225546823215,0.08794832764440699,0.07845965693499327,0.03922982846749663,0.07845965693499327,58,0.609536569572736,0.3446302327643694,692,0,0,0.07845965693499327,0.07845965693499327,59,0,0,0.2716209476202952,0.3694537247551077,672,360.07071064815403,0.534792363503677,370.25,107.74784069231099,0.5282165951885309,668,rbio,366.5925925925926,360.0,210.3588723315502,135,0.8110455588331695,0.7500562468954116,0.20725123474815782,3,501.75
sym18,1,constant,1.3558470870439235e-18,238.77291598787923,9362171.652800323,0.5985915492957746,233.25897567738176,108,raw,8.925729127000708e-10,-5.292971632061628e-10,"[2, 5, 11, 17, 22, 25, 29, 38, 44, 52, 55, 60, 65, 74, 78, 84, 89, 95, 98, 101, 105]","[38.00000000056747, 368.000000002688, 461.000000001311, 193.00000000192472, 951.0000000015165, 154.0000000025999, 881.0000000057285, 243.0000000016521, 491.0000000014367, 186.00000000096782, 321.0000000020748, 943.0000000008604, 810.0000000053169, 205.0000000015727, 478.0000000024612, 276.00000000123475, 347.00000000164573, 78.99999999893112, 1008.0000000026587, 114.0000000021065, 893.000000005736]",21,5.631553590663877,137451.33714090462,0.8830316376477322,4.365923718217185e-06,1.0,0.4907407407407407,67631.00000000041,0.1291094199049836,0.15147910127182032,188156.12126497139,82872438.25057887,8,12069.57955742204,0.027777777777777776,"[0.0, 0.009259259259259259, 0.018518518518518517, 0.027777777777777776, 0.037037037037037035, 0.046296296296296294, 0.05555555555555555, 0.06481481481481481, 0.07407407407407407, 0.08333333333333333, 0.09259259259259259, 0.10185185185185185, 0.1111111111111111, 0.12037037037037036, 0.12962962962962962, 0.1388888888888889, 0.14814814814814814, 0.15740740740740738, 0.16666666666666666, 0.17592592592592593, 0.18518518518518517, 0.19444444444444442, 0.2037037037037037, 0.21296296296296297, 0.2222222222222222, 0.23148148148148145, 0.24074074074074073]","[67631.00000000041, 1786.6346316372906, 1155.9831840871627, 12069.57955742204, 1906.5778542079704, 950.5914327646805, 9083.87719739616, 2481.2296367783656, 778.6316126044198, 8965.162396407179, 2042.642311483586, 1606.7171021592994, 6927.939836323565, 1790.9411989251796, 2115.0643759992577, 4469.1464534189545, 811.3124818703793, 852.4454942299909, 2613.5185096119076, 1125.8336361620188, 622.5282936213111, 1595.9028958582023, 1672.0836322483071, 807.7671822604674, 3024.63443943702, 842.7313814814204, 842.8235732340424]",3.0,0.3,145.1499999988744,15,0.5,1721880.138491048,0.1444554161559769,0.12412575453773587,16430975.452809777,84089526829.35329,"[0.046875, 0.03125]",2,1721880.138491048,0.046875,"[0.0, 0.015625, 0.03125, 0.046875, 0.0625, 0.078125, 0.09375, 0.109375, 0.125, 0.140625, 0.15625, 0.171875, 0.1875, 0.203125, 0.21875, 0.234375]","[154749.38571160004, 876106.9067090987, 1710291.376893772, 1721880.138491048, 1236443.3975625895, 1200279.6938609045, 1385236.6101507484, 1437054.0474318387, 1048940.2936543792, 664501.8455403723, 393060.2971548302, 165807.08107082744, 58528.06662929773, 51528.95639477929, 141871.95181377922, 339557.7347304489]",3.0,0.3,flattop,64,32,145.1499999988744,15,21,449.52380952595195,38.00000000056747,1008.0000000026587,"[2, 5, 11, 17, 22, 25, 29, 38, 44, 52, 55, 60, 65, 74, 78, 84, 89, 95, 98, 101, 105]","[38.00000000056747, 368.000000002688, 461.000000001311, 193.00000000192472, 951.0000000015165, 154.0000000025999, 881.0000000057285, 243.0000000016521, 491.0000000014367, 186.00000000096782, 321.0000000020748, 943.0000000008604, 810.0000000053169, 205.0000000015727, 478.0000000024612, 276.00000000123475, 347.00000000164573, 78.99999999893112, 1008.0000000026587, 114.0000000021065, 893.000000005736]","[1, 1, 1, 15, 1, 24, 27, 35, 35, 49, 35, 35, 63, 73, 73, 73, 35, 92, 35, 99, 99]","[3, 8, 18, 18, 35, 27, 35, 39, 49, 53, 56, 73, 73, 75, 81, 85, 92, 97, 106, 102, 106]",0.05,30,52684909.00005662,1016.0000000007856,-1016.0000000007856,DWT,uc1.l0082987033,2.539250999689102e-06,0.0,2.142428456863854e-09,1.6987323760986328e-06,0.0,2.6586803869577125e-09,0.00010437704622745514,7.855760486563668e-10,1.0,84,0.0,3.9090082282200456e-09,1.0,84,,0.0,0.0,1.0,84,0.0,0.0,5.661696195602417e-05,0.529632568359375,4.0745362639427185e-10,0.0,0.0,0.0,2.142428456863854e-09,4.4990883907303214e-08,2.2442431405319694e-09,0.0,7.855760486563668e-10,0.0,1.1256133802817203e-09,0.0,0.0,0.0,1.1256133802817203e-09,5.674678504874464e-10,2.461364445593972e-13,2.539250999689102e-06,1.9595436384634013e-14,4.4200754167889045e-14,4.5585329644382e-07,0.0,0.0,3.339828413828627e-13,0.11046962238385494,0.23995327546957823,0.022657484084957644,0.8937760642064676,0.13354461690938876,0.23829533695004548,0.11914766847502274,0.23829533695004548,22,0.6085154256539235,0.34405288091381026,694,0,0,0.23829533695004548,0.23829533695004548,22,0,0,0.2800802126108495,0.38095985853025266,665,379.79237749064947,0.5093121737846906,350.75,42.61949086909891,0.528073399553844,669,sym,445.72514619883043,505.0,280.45746329325993,171,0.986117580085908,1.0,0.009717693939864401,6,503.25
bior4.4,1,reflect,5.909850730114502e-20,252.37925799489628,9639120.366616156,0.5775862068965517,437.8950961497252,108,raw,1.9230013466371764e-10,-6.483957816190168e-10,"[2, 5, 11, 17, 22, 25, 29, 38, 44, 52, 55, 60, 65, 74, 78, 84, 89, 95, 98, 101, 105]","[37.999999999948415, 367.99999999948557, 460.99999999961904, 192.99999999978434, 950.9999999995335, 153.99999999974796, 880.9999999990476, 242.99999999975205, 490.9999999995465, 185.99999999980196, 320.99999999955776, 942.9999999995626, 809.9999999991213, 204.99999999982583, 477.9999999995222, 275.99999999979593, 346.9999999996694, 78.99999999993679, 1007.9999999993165, 113.99999999986392, 892.9999999990674]",21,5.7033848756525956,96198.11682343527,0.7791213955734558,4.365923718258045e-06,1.0,0.4907407407407407,67631.00000000054,0.1291094199046935,0.15147910127184275,188156.12126442086,82872438.25058056,8,12069.579557416231,0.027777777777777776,"[0.0, 0.009259259259259259, 0.018518518518518517, 0.027777777777777776, 0.037037037037037035, 0.046296296296296294, 0.05555555555555555, 0.06481481481481481, 0.07407407407407407, 0.08333333333333333, 0.09259259259259259, 0.10185185185185185, 0.1111111111111111, 0.12037037037037036, 0.12962962962962962, 0.1388888888888889, 0.14814814814814814, 0.15740740740740738, 0.16666666666666666, 0.17592592592592593, 0.18518518518518517, 0.19444444444444442, 0.2037037037037037, 0.21296296296296297, 0.2222222222222222, 0.23148148148148145, 0.24074074074074073]","[67631.00000000054, 1786.6346316373506, 1155.9831840870825, 12069.579557416231, 1906.5778542061203, 950.5914327636573, 9083.877197380856, 2481.2296367732947, 778.6316126018322, 8965.162396378688, 2042.6423114759286, 1606.71710215203, 6927.939836290517, 1790.9411989156952, 2115.0643759876084, 4469.146453390685, 811.3124818653619, 852.4454942234765, 2613.518509592404, 1125.8336361536494, 622.5282936166141, 1595.902895844435, 1672.0836322333744, 807.7671822533613, 3024.6344394084995, 842.7313814734662, 842.8235732258694]",3.0,0.3,145.15000000021777,15,0.5,1721880.1384875888,0.1444554161556015,0.12412575453778944,16430975.452681342,84089526828.63258,"[0.046875, 0.03125]",2,1721880.1384875888,0.046875,"[0.0, 0.015625, 0.03125, 0.046875, 0.0625, 0.078125, 0.09375, 0.109375, 0.125, 0.140625, 0.15625, 0.171875, 0.1875, 0.203125, 0.21875, 0.234375]","[154749.38571154213, 876106.9067079609, 1710291.3768907106, 1721880.1384875888, 1236443.3975581392, 1200279.693853698, 1385236.610140195, 1437054.0474193553, 1048940.2936437747, 664501.8455326965, 393060.29714985634, 165807.08106856322, 58528.06662839389, 51528.95639380595, 141871.95181100658, 339557.7347238836]",3.0,0.3,flattop,64,32,145.15000000021777,15,21,449.523809523405,37.999999999948415,1007.9999999993165,"[2, 5, 11, 17, 22, 25, 29, 38, 44, 52, 55, 60, 65, 74, 78, 84, 89, 95, 98, 101, 105]","[37.999999999948415, 367.99999999948557, 460.99999999961904, 192.99999999978434, 950.9999999995335, 153.99999999974796, 880.9999999990476, 242.99999999975205, 490.9999999995465, 185.99999999980196, 320.99999999955776, 942.9999999995626, 809.9999999991213, 204.99999999982583, 477.9999999995222, 275.99999999979593, 346.9999999996694, 78.99999999993679, 1007.9999999993165, 113.99999999986392, 892.9999999990674]","[1, 1, 1, 15, 1, 24, 27, 35, 35, 49, 35, 35, 63, 73, 73, 73, 35, 92, 35, 99, 99]","[3, 8, 18, 18, 35, 27, 35, 39, 49, 53, 56, 73, 73, 75, 81, 85, 92, 97, 106, 102, 106]",0.05,30,52684908.99998707,1015.9999999998413,-1015.9999999998413,DWT,uc1.l0082987033,9.199138730764389e-07,0.0,4.0449776861350983e-10,0.0,0.0,6.834852683823556e-10,2.405792474746704e-05,1.5870682545937598e-10,1.0,84,0.0,1.899024937301874e-09,1.0,84,,0.0,0.0,1.0,84,0.0,0.0,1.2926757335662842e-05,0.191070556640625,5.384208634495735e-10,0.0,0.0,0.0,4.0449776861350983e-10,8.49468051455915e-09,4.044422786093838e-10,0.0,1.5870682545937598e-10,0.0,2.177671376557555e-10,0.0,0.0,0.0,2.177671376557555e-10,5.1585402616183273e-11,4.39648317751562e-14,9.199138730764389e-07,2.831068712794149e-15,9.367506770274758e-15,9.467476047575474e-08,0.0,0.0,4.141131881851834e-14,0.2501614726163407,0.33199382366386787,0.04952249700519395,0.6593141976497784,0.02187616774478527,0.05440747593213961,0.027203737966069806,0.05440747593213961,89,0.6133311900621607,0.3467757003340011,687,0,0,0.05440747593213961,0.05440747593213961,89,0,0,0.2625736317359933,0.3571477351700775,682,343.81814476066654,0.5557905106451337,386.75,157.51882739687738,0.5280567540305772,670,bior,385.74074074074076,410.0,199.97417605530825,135,0.8534087184529663,0.7130285416801533,0.18870533457887761,4,503.5
sym5,1,zero,2.9906641659416872e-21,265.33734664137694,9362692.598744525,0.5689655172413793,334.29765313524507,108,raw,4.3566434410675155e-11,-2.331820292437825e-10,"[2, 5, 11, 17, 22, 25, 29, 38, 44, 52, 55, 60, 65, 74, 78, 84, 89, 95, 98, 101, 105]","[37.999999999973596, 367.9999999998858, 460.9999999999746, 192.99999999988836, 950.9999999999811, 153.99999999983424, 880.9999999997356, 242.99999999991618, 490.9999999999853, 185.99999999995873, 320.9999999999211, 943.0000000000324, 809.9999999997502, 204.99999999990368, 477.9999999998979, 275.9999999999385, 346.9999999999385, 79.00000000010289, 1007.9999999998965, 113.99999999985027, 892.9999999997731]",21,5.627110838506427,114076.27482163407,0.8590212316074234,4.36592371825256e-06,1.0,0.4907407407407407,67631.00000000012,0.12910941990472677,0.1514791012718415,188156.1212644989,82872438.25058128,8,12069.579557418117,0.027777777777777776,"[0.0, 0.009259259259259259, 0.018518518518518517, 0.027777777777777776, 0.037037037037037035, 0.046296296296296294, 0.05555555555555555, 0.06481481481481481, 0.07407407407407407, 0.08333333333333333, 0.09259259259259259, 0.10185185185185185, 0.1111111111111111, 0.12037037037037036, 0.12962962962962962, 0.1388888888888889, 0.14814814814814814, 0.15740740740740738, 0.16666666666666666, 0.17592592592592593, 0.18518518518518517, 0.19444444444444442, 0.2037037037037037, 0.21296296296296297, 0.2222222222222222, 0.23148148148148145, 0.24074074074074073]","[67631.00000000012, 1786.6346316370568, 1155.9831840869494, 12069.579557418117, 1906.5778542068633, 950.5914327636966, 9083.877197385209, 2481.229636774463, 778.6316126029152, 8965.162396385915, 2042.64231147796, 1606.717102154057, 6927.939836297901, 1790.9411989175903, 2115.0643759893946, 4469.146453396074, 811.3124818656867, 852.4454942248874, 2613.5185095952065, 1125.8336361542433, 622.5282936165769, 1595.902895846142, 1672.0836322349887, 807.7671822533424, 3024.6344394103185, 842.7313814739741, 842.8235732265344]",3.0,0.3,145.15000000004602,15,0.5,1721880.138488545,0.14445541615562352,0.12412575453778191,16430975.452702256,84089526828.82574,"[0.046875, 0.03125]",2,1721880.138488545,0.046875,"[0.0, 0.015625, 0.03125, 0.046875, 0.0625, 0.078125, 0.09375, 0.109375, 0.125, 0.140625, 0.15625, 0.171875, 0.1875, 0.203125, 0.21875, 0.234375]","[154749.38571157295, 876106.9067083022, 1710291.376891571, 1721880.138488545, 1236443.3975593224, 1200279.6938555145, 1385236.6101427153, 1437054.0474221478, 1048940.2936459547, 664501.8455341309, 393060.29715069954, 165807.08106890728, 58528.06662849785, 51528.95639385713, 141871.95181112905, 339557.73472419655]",3.0,0.3,flattop,64,32,145.15000000004602,15,21,449.5238095237209,37.999999999973596,1007.9999999998965,"[2, 5, 11, 17, 22, 25, 29, 38, 44, 52, 55, 60, 65, 74, 78, 84, 89, 95, 98, 101, 105]","[37.999999999973596, 367.9999999998858, 460.9999999999746, 192.99999999988836, 950.9999999999811, 153.99999999983424, 880.9999999997356, 242.99999999991618, 490.9999999999853, 185.99999999995873, 320.9999999999211, 943.0000000000324, 809.9999999997502, 204.99999999990368, 477.9999999998979, 275.9999999999385, 346.9999999999385, 79.00000000010289, 1007.9999999998965, 113.99999999985027, 892.9999999997731]","[1, 1, 1, 15, 1, 24, 27, 35, 35, 49, 35, 35, 63, 73, 73, 73, 35, 92, 35, 99, 99]","[3, 8, 18, 18, 35, 27, 35, 39, 49, 53, 56, 73, 73, 75, 81, 85, 92, 97, 106, 102, 106]",0.05,30,52684908.99999846,1015.9999999999723,-1015.9999999999723,DWT,uc1.l0082987033,3.632158041000366e-08,0.0,8.86188900039997e-11,7.152557373046875e-07,0.0,1.0345502232667059e-10,3.1441450119018555e-06,2.773958840407431e-11,1.0,84,0.0,1.2732925824820995e-11,1.0,84,,0.0,0.0,1.0,84,0.0,0.0,1.5422701835632324e-06,0.0020904541015625,1.1641532182693481e-10,0.0,0.0,0.0,8.86188900039997e-11,1.8608261598274112e-09,1.0152369950013788e-10,0.0,2.773958840407431e-11,0.0,4.601474756782409e-11,0.0,0.0,0.0,4.601474756782409e-11,2.6403768060845323e-11,1.0685896612017132e-14,3.632158041000366e-08,1.582067810090848e-15,1.8318679906315083e-15,1.6618287190794945e-08,0.0,0.0,1.940114735532461e-14,0.38319791823632643,0.23426058398943422,0.022708017699390737,0.5630899633981896,0.070270600039158,0.006491266580952679,0.0032456332904763395,0.006491266580952679,178,0.6117472771611474,0.3458801605107919,689,0,0,0.006491266580952679,0.006491266580952679,178,0,0,0.2547054166724998,0.3464455364337503,693,296.18518981655154,0.6173317961026465,434.5,283.07891585827883,0.5279811435293594,671,sym,445.72514619883043,505.0,280.45746329325993,171,0.986117580085908,1.0,0.009717693939864401,6,504.75
db4,1,antisymmetric,8.761527469443013e-27,320.66922484269463,9414259.68920931,0.543859649122807,391.9596690097506,108,raw,5.751777654983957e-14,-1.1500167484968025e-10,"[2, 5, 11, 17, 22, 25, 29, 38, 44, 52, 55, 60, 65, 74, 78, 84, 89, 95, 98, 101, 105]","[37.999999999999915, 367.9999999999998, 460.99999999999994, 193.00000000000023, 951.0, 153.9999999999999, 881.0000000000002, 243.00000000000003, 491.00000000000017, 185.9999999999999, 321.0, 943.0, 810.0, 205.00000000000006, 477.99999999999994, 276.0, 347.0000000000001, 79.0, 1008.0, 113.99999999999989, 893.0000000000001]",21,5.679096514234564,128629.12476346156,0.8353857677981772,4.365923718251291e-06,1.0,0.4907407407407407,67631.0,0.1291094199047374,0.15147910127183992,188156.12126451556,82872438.25058056,8,12069.579557418134,0.027777777777777776,"[0.0, 0.009259259259259259, 0.018518518518518517, 0.027777777777777776, 0.037037037037037035, 0.046296296296296294, 0.05555555555555555, 0.06481481481481481, 0.07407407407407407, 0.08333333333333333, 0.09259259259259259, 0.10185185185185185, 0.1111111111111111, 0.12037037037037036, 0.12962962962962962, 0.1388888888888889, 0.14814814814814814, 0.15740740740740738, 0.16666666666666666, 0.17592592592592593, 0.18518518518518517, 0.19444444444444442, 0.2037037037037037, 0.21296296296296297, 0.2222222222222222, 0.23148148148148145, 0.24074074074074073]","[67631.0, 1786.6346316370018, 1155.9831840869397, 12069.579557418134, 1906.5778542068433, 950.5914327636011, 9083.877197385176, 2481.2296367744843, 778.6316126029446, 8965.162396385993, 2042.6423114779175, 1606.7171021541494, 6927.939836298324, 1790.9411989177936, 2115.0643759896475, 4469.146453396725, 811.3124818658855, 852.4454942250567, 2613.518509595829, 1125.8336361545937, 622.5282936168373, 1595.9028958466963, 1672.0836322356424, 807.7671822537571, 3024.6344394117577, 842.7313814743651, 842.82357322692]",3.0,0.3,145.15000000000006,15,0.5,1721880.1384885088,0.14445541615564297,0.1241257545377801,16430975.452705402,84089526828.82368,"[0.046875, 0.03125]",2,1721880.1384885088,0.046875,"[0.0, 0.015625, 0.03125, 0.046875, 0.0625, 0.078125, 0.09375, 0.109375, 0.125, 0.140625, 0.15625, 0.171875, 0.1875, 0.203125, 0.21875, 0.234375]","[154749.3857115654, 876106.906708278, 1710291.376891533, 1721880.1384885088, 1236443.3975593026, 1200279.6938555269, 1385236.6101427814, 1437054.0474222808, 1048940.2936461223, 664501.8455342908, 393060.29715082515, 165807.08106897445, 58528.06662853262, 51528.95639390757, 141871.95181127632, 339557.73472453986]",3.0,0.3,flattop,64,32,145.15000000000006,15,21,449.5238095238095,37.999999999999915,1008.0,"[2, 5, 11, 17, 22, 25, 29, 38, 44, 52, 55, 60, 65, 74, 78, 84, 89, 95, 98, 101, 105]","[37.999999999999915, 367.9999999999998, 460.99999999999994, 193.00000000000023, 951.0, 153.9999999999999, 881.0000000000002, 243.00000000000003, 491.00000000000017, 185.9999999999999, 321.0, 943.0, 810.0, 205.00000000000006, 477.99999999999994, 276.0, 347.0000000000001, 79.0, 1008.0, 113.99999999999989, 893.0000000000001]","[1, 1, 1, 15, 1, 24, 27, 35, 35, 49, 35, 35, 63, 73, 73, 73, 35, 92, 35, 99, 99]","[3, 8, 18, 18, 35, 27, 35, 39, 49, 53, 56, 73, 73, 75, 81, 85, 92, 97, 106, 102, 106]",0.05,30,52684909.0,1016.0,-1016.0,DWT,uc1.l0082987033,0.0,0.0,0.0,0.0,0.0,0.0,1.862645149230957e-09,0.0,1.0,84,0.0,3.637978807091713e-12,1.0,84,,0.0,0.0,1.0,84,0.0,0.0,0.0,3.0517578125e-05,0.0,0.0,0.0,0.0,0.0,0.0,8.12048840868686e-14,0.0,0.0,0.0,5.684341886080802e-14,0.0,0.0,0.0,5.684341886080802e-14,8.526512829121202e-14,5.551115123125783e-17,0.0,0.0,2.7755575615628914e-17,2.9103830456733704e-11,0.0,0.0,5.551115123125783e-17,0.9512721617614713,0.30087209028532974,0.027710209377799118,0.2828579829461928,0.10966374732373235,0.0,0.0,0.0,690,0.8920631389964173,0.5043699469063003,450,0,0,0.0,0.0,731,0,0,0.33447523833890513,0.45494695355899595,498,138.95412912180768,0.8204727013930133,592.25,567.5756434326744,0.5276459114200209,672,db,413.2962962962963,398.0,188.41229481502944,243,0.9143723369387087,0.671803462110104,0.15839832550987273,5,505.25
rbio5.5,1,zero,9.871657870405035e-20,250.15112215907948,9756684.756163135,0.5932203389830508,314.3908088165734,108,raw,2.477018754718672e-10,-1.2538488027416564e-09,"[2, 5, 11, 17, 22, 25, 29, 38, 44, 52, 55, 60, 65, 74, 78, 84, 89, 95, 98, 101, 105]","[38.00000000009064, 368.00000000054183, 461.00000000052887, 193.00000000008436, 951.0000000006667, 153.99999999999602, 881.0000000009719, 243.00000000019332, 491.0000000007321, 186.00000000020498, 321.00000000050125, 943.0000000008065, 810.0000000008617, 205.00000000002757, 478.0000000005249, 276.00000000014666, 347.0000000003847, 79.00000000032708, 1008.0000000005803, 113.99999999986301, 893.000000001347]",21,5.542066311487679,129566.20152790699,0.9173452577784434,4.365923718242795e-06,1.0,0.4907407407407407,67631.00000000115,0.12910941990478514,0.15147910127184266,188156.12126463072,82872438.25058587,8,12069.579557419884,0.027777777777777776,"[0.0, 0.009259259259259259, 0.018518518518518517, 0.027777777777777776, 0.037037037037037035, 0.046296296296296294, 0.05555555555555555, 0.06481481481481481, 0.07407407407407407, 0.08333333333333333, 0.09259259259259259, 0.10185185185185185, 0.1111111111111111, 0.12037037037037036, 0.12962962962962962, 0.1388888888888889, 0.14814814814814814, 0.15740740740740738, 0.16666666666666666, 0.17592592592592593, 0.18518518518518517, 0.19444444444444442, 0.2037037037037037, 0.21296296296296297, 0.2222222222222222, 0.23148148148148145, 0.24074074074074073]","[67631.00000000115, 1786.6346316377185, 1155.9831840871695, 12069.579557419884, 1906.577854207598, 950.5914327652308, 9083.877197391561, 2481.229636776468, 778.6316126034505, 8965.16239639804, 2042.6423114820377, 1606.717102156335, 6927.939836309717, 1790.9411989202074, 2115.0643759930076, 4469.146453403786, 811.3124818665686, 852.4454942263874, 2613.518509599476, 1125.8336361556576, 622.5282936170141, 1595.902895848394, 1672.0836322371717, 807.7671822538945, 3024.634439413537, 842.7313814749812, 842.8235732276237]",3.0,0.3,145.14999999976592,15,0.5,1721880.1384902343,0.14445541615566365,0.12412575453777028,16430975.452738449,84089526829.15831,"[0.046875, 0.03125]",2,1721880.1384902343,0.046875,"[0.0, 0.015625, 0.03125, 0.046875, 0.0625, 0.078125, 0.09375, 0.109375, 0.125, 0.140625, 0.15625, 0.171875, 0.1875, 0.203125, 0.21875, 0.234375]","[154749.38571164754, 876106.9067089356, 1710291.3768931027, 1721880.1384902343, 1236443.397561403, 1200279.6938586736, 1385236.6101470394, 1437054.0474268566, 1048940.2936495477, 664501.8455364408, 393060.29715203017, 165807.0810694399, 58528.06662866137, 51528.95639396373, 141871.95181141145, 339557.7347248878]",3.0,0.3,flattop,64,32,145.14999999976592,15,21,449.5238095242563,38.00000000009064,1008.0000000005803,"[2, 5, 11, 17, 22, 25, 29, 38, 44, 52, 55, 60, 65, 74, 78, 84, 89, 95, 98, 101, 105]","[38.00000000009064, 368.00000000054183, 461.00000000052887, 193.00000000008436, 951.0000000006667, 153.99999999999602, 881.0000000009719, 243.00000000019332, 491.0000000007321, 186.00000000020498, 321.00000000050125, 943.0000000008065, 810.0000000008617, 205.00000000002757, 478.0000000005249, 276.00000000014666, 347.0000000003847, 79.00000000032708, 1008.0000000005803, 113.99999999986301, 893.000000001347]","[1, 1, 1, 15, 1, 24, 27, 35, 35, 49, 35, 35, 63, 73, 73, 73, 35, 92, 35, 99, 99]","[3, 8, 18, 18, 35, 27, 35, 39, 49, 53, 56, 73, 73, 75, 81, 85, 92, 97, 106, 102, 106]",0.05,30,52684909.00001874,1016.0000000001885,-1016.0000000001885,DWT,uc1.l0082987033,1.7255079001188278e-06,0.0,4.46789272245951e-10,5.304813385009766e-06,0.0,5.802576197311282e-10,3.304891288280487e-05,1.8849277694243938e-10,1.0,84,0.0,1.7535057850182056e-09,1.0,84,,0.0,0.0,1.0,84,0.0,0.0,1.8738210201263428e-05,0.33465576171875,1.1496013030409813e-09,0.0,0.0,0.0,4.46789272245951e-10,9.382347343489528e-09,4.6015424275191474e-10,0.0,1.8849277694243938e-10,0.0,2.340811988688074e-10,0.0,0.0,0.0,2.340811988688074e-10,9.063683137355838e-11,4.7684078907650473e-14,1.7255079001188278e-06,2.7478019859472624e-15,9.797718192317006e-15,1.15192960947752e-07,0.0,0.0,2.0733414984874798e-14,0.22728593286333176,0.12528933435970838,0.06092666206024298,0.8338225546823215,0.11220032284992208,0.07886732101978738,0.03943366050989369,0.07886732101978738,51,0.6078887089408722,0.34369853707706954,695,0,0,0.07886732101978738,0.07886732101978738,51,0,0,0.2719049613631054,0.3698400349277294,671,365.016894586173,0.5284019449791046,367.0,94.91077022534908,0.5271208691303793,673,rbio,366.5925925925926,360.0,210.3588723315502,135,0.8110455588331695,0.7500562468954116,0.20725123474815782,3,505.5
db6,1,reflect,1.0265388525499899e-26,319.98126919941296,9762938.059146233,0.5508474576271186,462.0352056306855,108,raw,6.676141121412615e-14,-1.1048839620997405e-10,"[2, 5, 11, 17, 22, 25, 29, 38, 44, 52, 55, 60, 65, 74, 78, 84, 89, 95, 98, 101, 105]","[38.0, 368.0000000000002, 460.99999999999994, 193.0, 950.9999999999999, 153.9999999999999, 880.9999999999998, 242.99999999999986, 491.0, 186.0, 320.9999999999999, 942.9999999999999, 810.0000000000003, 205.00000000000003, 477.99999999999966, 276.0, 347.0, 79.0, 1008.0000000000001, 113.99999999999977, 893.0]",21,5.7597596694701485,102125.55230340715,0.748166247773303,4.365923718251291e-06,1.0,0.4907407407407407,67631.0,0.12910941990473737,0.15147910127183992,188156.12126451556,82872438.25058056,8,12069.57955741813,0.027777777777777776,"[0.0, 0.009259259259259259, 0.018518518518518517, 0.027777777777777776, 0.037037037037037035, 0.046296296296296294, 0.05555555555555555, 0.06481481481481481, 0.07407407407407407, 0.08333333333333333, 0.09259259259259259, 0.10185185185185185, 0.1111111111111111, 0.12037037037037036, 0.12962962962962962, 0.1388888888888889, 0.14814814814814814, 0.15740740740740738, 0.16666666666666666, 0.17592592592592593, 0.18518518518518517, 0.19444444444444442, 0.2037037037037037, 0.21296296296296297, 0.2222222222222222, 0.23148148148148145, 0.24074074074074073]","[67631.0, 1786.6346316370032, 1155.9831840869385, 12069.57955741813, 1906.5778542068442, 950.591432763602, 9083.877197385176, 2481.2296367744834, 778.6316126029452, 8965.162396385991, 2042.642311477917, 1606.7171021541499, 6927.939836298323, 1790.9411989177936, 2115.0643759896484, 4469.1464533967255, 811.3124818658853, 852.4454942250564, 2613.518509595828, 1125.8336361545942, 622.5282936168369, 1595.9028958466977, 1672.0836322356417, 807.7671822537568, 3024.634439411759, 842.7313814743659, 842.8235732269178]",3.0,0.3,145.15,15,0.5,1721880.1384885085,0.14445541615564295,0.1241257545377801,16430975.452705404,84089526828.82368,"[0.046875, 0.03125]",2,1721880.1384885085,0.046875,"[0.0, 0.015625, 0.03125, 0.046875, 0.0625, 0.078125, 0.09375, 0.109375, 0.125, 0.140625, 0.15625, 0.171875, 0.1875, 0.203125, 0.21875, 0.234375]","[154749.3857115656, 876106.9067082779, 1710291.3768915324, 1721880.1384885085, 1236443.3975593029, 1200279.693855527, 1385236.6101427816, 1437054.047422281, 1048940.2936461223, 664501.8455342909, 393060.29715082515, 165807.0810689745, 58528.06662853264, 51528.95639390756, 141871.95181127626, 339557.73472453986]",3.0,0.3,flattop,64,32,145.15,15,21,449.5238095238095,38.0,1008.0000000000001,"[2, 5, 11, 17, 22, 25, 29, 38, 44, 52, 55, 60, 65, 74, 78, 84, 89, 95, 98, 101, 105]","[38.0, 368.0000000000002, 460.99999999999994, 193.0, 950.9999999999999, 153.9999999999999, 880.9999999999998, 242.99999999999986, 491.0, 186.0, 320.9999999999999, 942.9999999999999, 810.0000000000003, 205.00000000000003, 477.99999999999966, 276.0, 347.0, 79.0, 1008.0000000000001, 113.99999999999977, 893.0]","[1, 1, 1, 15, 1, 24, 27, 35, 35, 49, 35, 35, 63, 73, 73, 73, 35, 92, 35, 99, 99]","[3, 8, 18, 18, 35, 27, 35, 39, 49, 53, 56, 73, 73, 75, 81, 85, 92, 97, 106, 102, 106]",0.05,30,52684909.0,1016.0,-1016.0,DWT,uc1.l0082987033,2.3283064365386963e-10,0.0,0.0,0.0,0.0,1.1368683772161603e-13,3.725290298461914e-09,0.0,1.0,84,0.0,0.0,1.0,84,,0.0,0.0,1.0,84,0.0,0.0,0.0,3.0517578125e-05,0.0,0.0,0.0,0.0,0.0,0.0,1.0285951984336685e-13,0.0,0.0,0.0,0.0,0.0,0.0,0.0,0.0,0.0,8.326672684688674e-17,2.3283064365386963e-10,0.0,2.7755575615628914e-17,2.9103830456733704e-11,0.0,0.0,2.7755575615628914e-17,0.9442091468351719,0.40422929777688915,0.061533254750710524,0.36085597954739124,0.03792115823226515,0.0,0.0,0.0,752,0.9589176194767656,0.5421692789224806,360,0,0,0.0,0.0,652,0,0,0.36174976742848564,0.49204525710064123,387,194.31653729589425,0.7489450422533666,537.75,486.30523893709136,0.5270888001964507,674,db,413.2962962962963,398.0,188.41229481502944,243,0.9143723369387087,0.671803462110104,0.15839832550987273,5,506.75
sym5,1,constant,2.9922557371110495e-21,265.3350360284859,9361954.017955342,0.5689655172413793,332.6153897744728,108,raw,4.3492222169384656e-11,-2.3883284239453063e-10,"[2, 5, 11, 17, 22, 25, 29, 38, 44, 52, 55, 60, 65, 74, 78, 84, 89, 95, 98, 101, 105]","[37.999999999973625, 367.9999999998857, 460.9999999999746, 192.99999999988836, 950.9999999999771, 153.99999999983424, 880.9999999997356, 242.99999999991618, 490.9999999999853, 185.99999999995873, 320.9999999999211, 943.0000000000324, 809.9999999997502, 204.99999999990368, 477.9999999998979, 275.9999999999385, 346.9999999999385, 79.00000000010289, 1007.9999999998952, 113.99999999985027, 892.9999999997726]",21,5.628430495855077,111886.14167960115,0.856329181575723,4.365923718252562e-06,1.0,0.4907407407407407,67631.00000000012,0.1291094199047268,0.1514791012718415,188156.12126449886,82872438.25058128,8,12069.579557418112,0.027777777777777776,"[0.0, 0.009259259259259259, 0.018518518518518517, 0.027777777777777776, 0.037037037037037035, 0.046296296296296294, 0.05555555555555555, 0.06481481481481481, 0.07407407407407407, 0.08333333333333333, 0.09259259259259259, 0.10185185185185185, 0.1111111111111111, 0.12037037037037036, 0.12962962962962962, 0.1388888888888889, 0.14814814814814814, 0.15740740740740738, 0.16666666666666666, 0.17592592592592593, 0.18518518518518517, 0.19444444444444442, 0.2037037037037037, 0.21296296296296297, 0.2222222222222222, 0.23148148148148145, 0.24074074074074073]","[67631.00000000012, 1786.6346316370607, 1155.9831840869506, 12069.579557418112, 1906.577854206861, 950.5914327637034, 9083.877197385202, 2481.229636774461, 778.6316126029084, 8965.162396385907, 2042.6423114779668, 1606.7171021540478, 6927.93983629789, 1790.9411989175806, 2115.064375989395, 4469.146453396067, 811.3124818656823, 852.4454942248844, 2613.5185095952174, 1125.8336361542465, 622.5282936165736, 1595.902895846148, 1672.083632234993, 807.7671822533378, 3024.634439410318, 842.7313814739783, 842.8235732265396]",3.0,0.3,145.1500000000442,15,0.5,1721880.138488545,0.14445541615562352,0.12412575453778191,16430975.452702256,84089526828.82574,"[0.046875, 0.03125]",2,1721880.138488545,0.046875,"[0.0, 0.015625, 0.03125, 0.046875, 0.0625, 0.078125, 0.09375, 0.109375, 0.125, 0.140625, 0.15625, 0.171875, 0.1875, 0.203125, 0.21875, 0.234375]","[154749.38571157295, 876106.9067083022, 1710291.376891571, 1721880.138488545, 1236443.3975593224, 1200279.6938555145, 1385236.6101427153, 1437054.0474221478, 1048940.2936459547, 664501.8455341309, 393060.29715069954, 165807.08106890728, 58528.06662849785, 51528.95639385713, 141871.95181112905, 339557.73472419655]",3.0,0.3,flattop,64,32,145.1500000000442,15,21,449.52380952372056,37.999999999973625,1007.9999999998952,"[2, 5, 11, 17, 22, 25, 29, 38, 44, 52, 55, 60, 65, 74, 78, 84, 89, 95, 98, 101, 105]","[37.999999999973625, 367.9999999998857, 460.9999999999746, 192.99999999988836, 950.9999999999771, 153.99999999983424, 880.9999999997356, 242.99999999991618, 490.9999999999853, 185.99999999995873, 320.9999999999211, 943.0000000000324, 809.9999999997502, 204.99999999990368, 477.9999999998979, 275.9999999999385, 346.9999999999385, 79.00000000010289, 1007.9999999998952, 113.99999999985027, 892.9999999997726]","[1, 1, 1, 15, 1, 24, 27, 35, 35, 49, 35, 35, 63, 73, 73, 73, 35, 92, 35, 99, 99]","[3, 8, 18, 18, 35, 27, 35, 39, 49, 53, 56, 73, 73, 75, 81, 85, 92, 97, 106, 102, 106]",0.05,30,52684908.99999845,1015.9999999999723,-1015.9999999999723,DWT,uc1.l0082987033,3.632158041000366e-08,0.0,8.895995051716454e-11,7.152557373046875e-07,0.0,1.0481926437932998e-10,3.1441450119018555e-06,2.773958840407431e-11,1.0,84,0.0,1.8189894035458565e-11,1.0,84,,0.0,0.0,1.0,84,0.0,0.0,1.5497207641601562e-06,0.0020904541015625,1.1641532182693481e-10,0.0,0.0,0.0,8.895995051716454e-11,1.8681021174415946e-09,1.0180385635023757e-10,0.0,2.773958840407431e-11,0.0,4.419575816427823e-11,0.0,0.0,0.0,4.419575816427823e-11,2.637534635141492e-11,1.0658141036401503e-14,3.632158041000366e-08,1.582067810090848e-15,1.8318679906315083e-15,1.6676494851708412e-08,0.0,0.0,1.940114735532461e-14,0.38317419593170143,0.23595151832003164,0.022636372728844976,0.5630899633981896,0.06434212295172805,0.006522625356706073,0.0032613126783530367,0.006522625356706073,177,0.6101712976234263,0.34498910618849354,691,0,0,0.006522625356706073,0.006522625356706073,177,0,0,0.2538388346660992,0.3452668278220786,695,297.91721445171083,0.6150940381760842,435.0,281.9788325211559,0.5265392671500576,675,sym,445.72514619883043,505.0,280.45746329325993,171,0.986117580085908,1.0,0.009717693939864401,6,507.75
sym4,1,antireflect,2.2262187355470562e-20,256.61934477789754,9643767.511944626,0.5614035087719298,407.83746782202957,108,raw,1.1667848580314228e-10,9.311551527744539e-11,"[2, 5, 11, 17, 22, 25, 29, 38, 44, 52, 55, 60, 65, 74, 78, 84, 89, 95, 98, 101, 105]","[38.00000000005713, 368.0000000003221, 461.0000000000879, 193.00000000030207, 951.0000000001064, 154.00000000044452, 881.0000000007382, 243.00000000023147, 491.00000000006395, 186.00000000011653, 321.00000000022817, 942.9999999999407, 810.0000000006971, 205.00000000026034, 478.0000000002914, 276.0000000001726, 347.00000000017917, 78.99999999973454, 1008.0000000003906, 114.00000000039768, 893.0000000005574]",21,5.676289873687794,150671.99577626097,0.8513516713395393,4.365923718247527e-06,1.0,0.4907407407407407,67630.9999999998,0.12910941990476837,0.1514791012718369,188156.1212645641,82872438.25057882,8,12069.579557418245,0.027777777777777776,"[0.0, 0.009259259259259259, 0.018518518518518517, 0.027777777777777776, 0.037037037037037035, 0.046296296296296294, 0.05555555555555555, 0.06481481481481481, 0.07407407407407407, 0.08333333333333333, 0.09259259259259259, 0.10185185185185185, 0.1111111111111111, 0.12037037037037036, 0.12962962962962962, 0.1388888888888889, 0.14814814814814814, 0.15740740740740738, 0.16666666666666666, 0.17592592592592593, 0.18518518518518517, 0.19444444444444442, 0.2037037037037037, 0.21296296296296297, 0.2222222222222222, 0.23148148148148145, 0.24074074074074073]","[67630.9999999998, 1786.634631636887, 1155.9831840869035, 12069.579557418245, 1906.5778542068642, 950.591432763463, 9083.877197385302, 2481.2296367745475, 778.631612603025, 8965.162396386508, 2042.642311478047, 1606.7171021543584, 6927.9398362996235, 1790.9411989182386, 2115.064375990452, 4469.146453398482, 811.3124818664044, 852.4454942253877, 2613.5185095978222, 1125.833636155819, 622.5282936176715, 1595.902895848192, 1672.083632237281, 807.7671822550573, 3024.6344394153202, 842.7313814756612, 842.8235732280119]",3.0,0.3,145.14999999987657,15,0.5,1721880.138488493,0.1444554161556954,0.12412575453777512,16430975.452714948,84089526828.83003,"[0.046875, 0.03125]",2,1721880.138488493,0.046875,"[0.0, 0.015625, 0.03125, 0.046875, 0.0625, 0.078125, 0.09375, 0.109375, 0.125, 0.140625, 0.15625, 0.171875, 0.1875, 0.203125, 0.21875, 0.234375]","[154749.38571154786, 876106.9067082426, 1710291.3768915033, 1721880.138488493, 1236443.3975593334, 1200279.6938556668, 1385236.6101430922, 1437054.0474227755, 1048940.2936466706, 664501.8455347804, 393060.2971511971, 165807.081069169, 58528.06662863, 51528.9563940442, 141871.9518116739, 339557.73472546926]",3.0,0.3,flattop,64,32,145.14999999987657,15,21,449.52380952406287,38.00000000005713,1008.0000000003906,"[2, 5, 11, 17, 22, 25, 29, 38, 44, 52, 55, 60, 65, 74, 78, 84, 89, 95, 98, 101, 105]","[38.00000000005713, 368.0000000003221, 461.0000000000879, 193.00000000030207, 951.0000000001064, 154.00000000044452, 881.0000000007382, 243.00000000023147, 491.00000000006395, 186.00000000011653, 321.00000000022817, 942.9999999999407, 810.0000000006971, 205.00000000026034, 478.0000000002914, 276.0000000001726, 347.00000000017917, 78.99999999973454, 1008.0000000003906, 114.00000000039768, 893.0000000005574]","[1, 1, 1, 15, 1, 24, 27, 35, 35, 49, 35, 35, 63, 73, 73, 73, 35, 92, 35, 99, 99]","[3, 8, 18, 18, 35, 27, 35, 39, 49, 53, 56, 73, 73, 75, 81, 85, 92, 97, 106, 102, 106]",0.05,30,52684909.00000474,1016.0000000000836,-1016.0000000000836,DWT,uc1.l0082987033,1.5832483768463135e-08,0.0,2.533511178626213e-10,1.7434358596801758e-06,0.0,3.906279744114727e-10,9.547919034957886e-06,8.355982572538778e-11,1.0,84,0.0,1.1459633242338896e-10,1.0,84,,0.0,0.0,1.0,84,0.0,0.0,4.738569259643555e-06,0.006378173828125,2.0372681319713593e-10,0.0,0.0,0.0,2.533511178626213e-10,5.32054400537163e-09,2.8426040357555306e-10,0.0,8.355982572538778e-11,0.0,1.234354840562446e-10,0.0,0.0,0.0,1.234354840562446e-10,5.7127635955112055e-11,3.091971123581061e-14,1.5832483768463135e-08,3.0253577421035516e-15,4.954370247389761e-15,4.857429303228855e-08,0.0,0.0,5.2485793489154275e-14,0.2936930527837577,0.2972758197390128,0.04997328667513468,0.4786827403704791,0.1693316520883052,0.019944181379158956,0.009972090689579478,0.019944181379158956,135,0.609046141860842,0.3443529463390076,693,0,0,0.019944181379158956,0.019944181379158956,135,0,0,0.2577913103313379,0.35064291118133295,687,320.43876170026624,0.5859964319118007,412.5,225.81748328036807,0.5265253477388461,676,sym,445.72514619883043,505.0,280.45746329325993,171,0.986117580085908,1.0,0.009717693939864401,6,508.5
sym5,1,smooth,2.992649605193486e-21,265.3344644079664,9361640.822268235,0.5689655172413793,335.45376036816106,108,raw,4.3436365615434624e-11,-2.351706607255041e-10,"[2, 5, 11, 17, 22, 25, 29, 38, 44, 52, 55, 60, 65, 74, 78, 84, 89, 95, 98, 101, 105]","[37.999999999971976, 367.99999999988546, 460.9999999999746, 192.99999999988836, 950.9999999999773, 153.99999999983424, 880.9999999997356, 242.99999999991618, 490.9999999999853, 185.99999999995873, 320.9999999999211, 943.0000000000324, 809.9999999997502, 204.99999999990368, 477.9999999998979, 275.9999999999385, 346.9999999999385, 79.00000000010289, 1007.9999999998953, 113.99999999985016, 892.999999999772]",21,5.634986397595503,108617.10387325389,0.852033094161579,4.365923718252562e-06,1.0,0.4907407407407407,67631.00000000012,0.1291094199047268,0.1514791012718415,188156.12126449886,82872438.25058128,8,12069.579557418114,0.027777777777777776,"[0.0, 0.009259259259259259, 0.018518518518518517, 0.027777777777777776, 0.037037037037037035, 0.046296296296296294, 0.05555555555555555, 0.06481481481481481, 0.07407407407407407, 0.08333333333333333, 0.09259259259259259, 0.10185185185185185, 0.1111111111111111, 0.12037037037037036, 0.12962962962962962, 0.1388888888888889, 0.14814814814814814, 0.15740740740740738, 0.16666666666666666, 0.17592592592592593, 0.18518518518518517, 0.19444444444444442, 0.2037037037037037, 0.21296296296296297, 0.2222222222222222, 0.23148148148148145, 0.24074074074074073]","[67631.00000000012, 1786.6346316370596, 1155.9831840869513, 12069.579557418114, 1906.5778542068583, 950.5914327637018, 9083.877197385204, 2481.2296367744643, 778.6316126029042, 8965.162396385907, 2042.6423114779677, 1606.7171021540414, 6927.939836297887, 1790.941198917575, 2115.0643759893997, 4469.146453396058, 811.3124818656811, 852.4454942248794, 2613.5185095952247, 1125.833636154252, 622.5282936165736, 1595.9028958461513, 1672.083632234994, 807.7671822533357, 3024.634439410314, 842.7313814739854, 842.8235732265458]",3.0,0.3,145.15000000004244,15,0.5,1721880.138488545,0.14445541615562352,0.12412575453778191,16430975.452702256,84089526828.82574,"[0.046875, 0.03125]",2,1721880.138488545,0.046875,"[0.0, 0.015625, 0.03125, 0.046875, 0.0625, 0.078125, 0.09375, 0.109375, 0.125, 0.140625, 0.15625, 0.171875, 0.1875, 0.203125, 0.21875, 0.234375]","[154749.38571157295, 876106.9067083022, 1710291.376891571, 1721880.138488545, 1236443.3975593224, 1200279.6938555145, 1385236.6101427153, 1437054.0474221478, 1048940.2936459547, 664501.8455341309, 393060.29715069954, 165807.08106890728, 58528.06662849785, 51528.95639385713, 141871.95181112905, 339557.73472419655]",3.0,0.3,flattop,64,32,145.15000000004244,15,21,449.52380952372056,37.999999999971976,1007.9999999998953,"[2, 5, 11, 17, 22, 25, 29, 38, 44, 52, 55, 60, 65, 74, 78, 84, 89, 95, 98, 101, 105]","[37.999999999971976, 367.99999999988546, 460.9999999999746, 192.99999999988836, 950.9999999999773, 153.99999999983424, 880.9999999997356, 242.99999999991618, 490.9999999999853, 185.99999999995873, 320.9999999999211, 943.0000000000324, 809.9999999997502, 204.99999999990368, 477.9999999998979, 275.9999999999385, 346.9999999999385, 79.00000000010289, 1007.9999999998953, 113.99999999985016, 892.999999999772]","[1, 1, 1, 15, 1, 24, 27, 35, 35, 49, 35, 35, 63, 73, 73, 73, 35, 92, 35, 99, 99]","[3, 8, 18, 18, 35, 27, 35, 39, 49, 53, 56, 73, 73, 75, 81, 85, 92, 97, 106, 102, 106]",0.05,30,52684908.99999844,1015.9999999999723,-1015.9999999999723,DWT,uc1.l0082987033,3.632158041000366e-08,0.0,8.895995051716454e-11,7.152557373046875e-07,0.0,1.0470557754160836e-10,3.1441450119018555e-06,2.773958840407431e-11,1.0,84,0.0,1.6370904631912708e-11,1.0,84,,0.0,0.0,1.0,84,0.0,0.0,1.55717134475708e-06,0.0020904541015625,1.1641532182693481e-10,0.0,0.0,0.0,8.895995051716454e-11,1.8681021174415946e-09,1.0192025001742874e-10,0.0,2.773958840407431e-11,0.0,4.243361217959318e-11,0.0,0.0,0.0,4.243361217959318e-11,2.802380549837835e-11,1.0658141036401503e-14,3.632158041000366e-08,1.582067810090848e-15,1.8318679906315083e-15,1.6676494851708412e-08,0.0,0.0,1.940114735532461e-14,0.38316832729133066,0.2443518802262884,0.022605991630248116,0.5630899633981896,0.05549315602778902,0.006553984132459469,0.0032769920662297346,0.006553984132459469,176,0.6108131800734581,0.3453520246895391,690,0,0,0.006553984132459469,0.006553984132459469,176,0,0,0.2537418637147692,0.34513492975060883,696,298.50013958679034,0.6143409049266275,434.5,280.70779531324723,0.5264856979413499,677,sym,445.72514619883043,505.0,280.45746329325993,171,0.986117580085908,1.0,0.009717693939864401,6,509.25
rbio5.5,1,constant,9.907227744656131e-20,250.135501646313,9754399.646956276,0.5932203389830508,314.3908088165734,108,raw,2.48445050540677e-10,-1.1360741238452634e-09,"[2, 5, 11, 17, 22, 25, 29, 38, 44, 52, 55, 60, 65, 74, 78, 84, 89, 95, 98, 101, 105]","[38.00000000009061, 368.000000000539, 461.00000000052887, 193.00000000008436, 951.0000000006889, 153.99999999999602, 881.0000000009719, 243.00000000019332, 491.0000000007321, 186.00000000020498, 321.00000000050125, 943.0000000008065, 810.0000000008617, 205.00000000002757, 478.0000000005249, 276.00000000014666, 347.0000000003847, 79.00000000032708, 1008.0000000005875, 113.99999999986403, 893.0000000013404]",21,5.544154575586158,126514.18405649927,0.9153574927376745,4.365923718242789e-06,1.0,0.4907407407407407,67631.00000000102,0.12910941990478517,0.1514791012718426,188156.1212646308,82872438.25058565,8,12069.579557419993,0.027777777777777776,"[0.0, 0.009259259259259259, 0.018518518518518517, 0.027777777777777776, 0.037037037037037035, 0.046296296296296294, 0.05555555555555555, 0.06481481481481481, 0.07407407407407407, 0.08333333333333333, 0.09259259259259259, 0.10185185185185185, 0.1111111111111111, 0.12037037037037036, 0.12962962962962962, 0.1388888888888889, 0.14814814814814814, 0.15740740740740738, 0.16666666666666666, 0.17592592592592593, 0.18518518518518517, 0.19444444444444442, 0.2037037037037037, 0.21296296296296297, 0.2222222222222222, 0.23148148148148145, 0.24074074074074073]","[67631.00000000102, 1786.6346316376505, 1155.9831840871627, 12069.579557419993, 1906.577854207589, 950.5914327651343, 9083.87719739165, 2481.229636776528, 778.6316126034661, 8965.162396398102, 2042.642311481985, 1606.7171021563406, 6927.939836309747, 1790.9411989202256, 2115.0643759930426, 4469.146453403763, 811.3124818665921, 852.445494226359, 2613.518509599478, 1125.8336361556812, 622.5282936170304, 1595.9028958483848, 1672.0836322371606, 807.7671822539039, 3024.634439413529, 842.7313814749828, 842.8235732276202]",3.0,0.3,145.14999999974683,15,0.5,1721880.138490234,0.1444554161556638,0.12412575453777025,16430975.452738434,84089526829.15814,"[0.046875, 0.03125]",2,1721880.138490234,0.046875,"[0.0, 0.015625, 0.03125, 0.046875, 0.0625, 0.078125, 0.09375, 0.109375, 0.125, 0.140625, 0.15625, 0.171875, 0.1875, 0.203125, 0.21875, 0.234375]","[154749.3857116434, 876106.9067089289, 1710291.376893099, 1721880.138490234, 1236443.3975614025, 1200279.6938586736, 1385236.6101470392, 1437054.0474268566, 1048940.2936495477, 664501.8455364408, 393060.29715203005, 165807.08106943988, 58528.06662866135, 51528.95639396374, 141871.95181141142, 339557.7347248878]",3.0,0.3,flattop,64,32,145.14999999974683,15,21,449.5238095242573,38.00000000009061,1008.0000000005875,"[2, 5, 11, 17, 22, 25, 29, 38, 44, 52, 55, 60, 65, 74, 78, 84, 89, 95, 98, 101, 105]","[38.00000000009061, 368.000000000539, 461.00000000052887, 193.00000000008436, 951.0000000006889, 153.99999999999602, 881.0000000009719, 243.00000000019332, 491.0000000007321, 186.00000000020498, 321.00000000050125, 943.0000000008065, 810.0000000008617, 205.00000000002757, 478.0000000005249, 276.00000000014666, 347.0000000003847, 79.00000000032708, 1008.0000000005875, 113.99999999986403, 893.0000000013404]","[1, 1, 1, 15, 1, 24, 27, 35, 35, 49, 35, 35, 63, 73, 73, 73, 35, 92, 35, 99, 99]","[3, 8, 18, 18, 35, 27, 35, 39, 49, 53, 56, 73, 73, 75, 81, 85, 92, 97, 106, 102, 106]",0.05,30,52684909.00001869,1016.0000000001885,-1016.0000000001885,DWT,uc1.l0082987033,1.725275069475174e-06,0.0,4.4775561036658473e-10,5.081295967102051e-06,0.0,5.875335773453116e-10,3.303401172161102e-05,1.8849277694243938e-10,1.0,84,0.0,1.862645149230957e-09,1.0,84,,0.0,0.0,1.0,84,0.0,0.0,1.8693506717681885e-05,0.3344879150390625,1.0186340659856796e-09,0.0,0.0,0.0,4.4775561036658473e-10,9.402356226928532e-09,4.610623840389529e-10,0.0,1.8849277694243938e-10,0.0,2.531805876060389e-10,0.0,0.0,0.0,2.531805876060389e-10,9.060840966412798e-11,4.77118344832661e-14,1.725275069475174e-06,2.6922908347160046e-15,9.825473767932635e-15,1.152802724391222e-07,0.0,0.0,2.0872192862952943e-14,0.22712556218260038,0.12796511793268253,0.06070499831780999,0.8338225546823215,0.10393880883398354,0.07867916836526702,0.03933958418263351,0.07867916836526702,52,0.6057149408413285,0.34246949481198175,696,0,0,0.07867916836526702,0.07867916836526702,52,0,0,0.2707114083898796,0.3682165865320363,673,365.2947440081776,0.5280429663977033,368.25,96.65523549509723,0.5261338862996269,678,rbio,366.5925925925926,360.0,210.3588723315502,135,0.8110455588331695,0.7500562468954116,0.20725123474815782,3,509.25
db12,1,periodization,2.6579441084458316e-26,315.84956466873547,9458587.157339875,0.5185185185185185,329.5859616526252,108,raw,1.2166399575040418e-13,-1.1872769434262476e-10,"[2, 5, 11, 17, 22, 25, 29, 38, 44, 52, 55, 60, 65, 74, 78, 84, 89, 95, 98, 101, 105]","[38.00000000000003, 367.9999999999999, 461.00000000000017, 192.9999999999999, 951.0000000000001, 153.99999999999977, 881.0000000000002, 242.99999999999991, 491.0000000000001, 185.9999999999999, 321.0, 943.0000000000002, 810.0000000000001, 205.0, 477.9999999999999, 275.9999999999999, 347.0, 79.0, 1007.9999999999998, 114.00000000000034, 893.0000000000003]",21,5.570061164908381,95467.34242112485,0.8181556999278901,4.365923718251291e-06,1.0,0.4907407407407407,67631.0,0.1291094199047374,0.15147910127183992,188156.12126451553,82872438.25058056,8,12069.57955741813,0.027777777777777776,"[0.0, 0.009259259259259259, 0.018518518518518517, 0.027777777777777776, 0.037037037037037035, 0.046296296296296294, 0.05555555555555555, 0.06481481481481481, 0.07407407407407407, 0.08333333333333333, 0.09259259259259259, 0.10185185185185185, 0.1111111111111111, 0.12037037037037036, 0.12962962962962962, 0.1388888888888889, 0.14814814814814814, 0.15740740740740738, 0.16666666666666666, 0.17592592592592593, 0.18518518518518517, 0.19444444444444442, 0.2037037037037037, 0.21296296296296297, 0.2222222222222222, 0.23148148148148145, 0.24074074074074073]","[67631.0, 1786.634631637002, 1155.9831840869385, 12069.57955741813, 1906.5778542068442, 950.5914327636024, 9083.87719738518, 2481.2296367744866, 778.631612602946, 8965.16239638599, 2042.6423114779166, 1606.7171021541485, 6927.939836298322, 1790.9411989177934, 2115.0643759896498, 4469.146453396725, 811.3124818658861, 852.4454942250555, 2613.5185095958273, 1125.8336361545937, 622.5282936168376, 1595.902895846696, 1672.0836322356417, 807.7671822537546, 3024.634439411759, 842.7313814743643, 842.8235732269195]",3.0,0.3,145.14999999999998,15,0.5,1721880.1384885097,0.14445541615564295,0.12412575453778009,16430975.452705404,84089526828.82375,"[0.046875, 0.03125]",2,1721880.1384885097,0.046875,"[0.0, 0.015625, 0.03125, 0.046875, 0.0625, 0.078125, 0.09375, 0.109375, 0.125, 0.140625, 0.15625, 0.171875, 0.1875, 0.203125, 0.21875, 0.234375]","[154749.38571156547, 876106.9067082782, 1710291.3768915334, 1721880.1384885097, 1236443.397559303, 1200279.6938555273, 1385236.6101427819, 1437054.0474222808, 1048940.2936461223, 664501.8455342909, 393060.2971508253, 165807.08106897457, 58528.06662853251, 51528.95639390744, 141871.95181127617, 339557.7347245399]",3.0,0.3,flattop,64,32,145.14999999999998,15,21,449.5238095238095,38.00000000000003,1007.9999999999998,"[2, 5, 11, 17, 22, 25, 29, 38, 44, 52, 55, 60, 65, 74, 78, 84, 89, 95, 98, 101, 105]","[38.00000000000003, 367.9999999999999, 461.00000000000017, 192.9999999999999, 951.0000000000001, 153.99999999999977, 881.0000000000002, 242.99999999999991, 491.0000000000001, 185.9999999999999, 321.0, 943.0000000000002, 810.0000000000001, 205.0, 477.9999999999999, 275.9999999999999, 347.0, 79.0, 1007.9999999999998, 114.00000000000034, 893.0000000000003]","[1, 1, 1, 15, 1, 24, 27, 35, 35, 49, 35, 35, 63, 73, 73, 73, 35, 92, 35, 99, 99]","[3, 8, 18, 18, 35, 27, 35, 39, 49, 53, 56, 73, 73, 75, 81, 85, 92, 97, 106, 102, 106]",0.05,30,52684909.0,1015.9999999999999,-1015.9999999999999,DWT,uc1.l0082987033,9.313225746154785e-10,0.0,0.0,0.0,0.0,2.2737367544323206e-13,3.725290298461914e-09,1.1368683772161603e-13,1.0,84,0.0,0.0,1.0,84,,0.0,0.0,1.0,84,0.0,0.0,0.0,9.1552734375e-05,0.0,0.0,0.0,0.0,0.0,0.0,1.3263464400855204e-13,0.0,1.1368683772161603e-13,0.0,2.842170943040401e-14,0.0,0.0,0.0,2.842170943040401e-14,2.842170943040401e-14,5.551115123125783e-17,9.313225746154785e-10,0.0,1.3877787807814457e-17,0.0,0.0,0.0,2.7755575615628914e-17,0.9017902917008068,0.1611603570744608,0.032010131871177724,0.0,0.019898032618189163,0.0,0.0,0.0,629,0.6456186325405789,0.3650309279481593,673,0,0,0.0,0.0,507,0,0,0.2229717626529269,0.30328201469384936,737,97.05496724365356,0.8746059854733158,636.5,624.5171788243256,0.5261272821423426,679,db,413.2962962962963,398.0,188.41229481502944,243,0.9143723369387087,0.671803462110104,0.15839832550987273,5,510.5
db9,1,smooth,1.3180521740997175e-26,318.8956970936473,9646558.88781223,0.5645161290322581,300.5066289997478,108,raw,8.536381478228984e-14,-1.0841838538056045e-10,"[2, 5, 11, 17, 22, 25, 29, 38, 44, 52, 55, 60, 65, 74, 78, 84, 89, 95, 98, 101, 105]","[38.00000000000003, 368.0000000000001, 460.99999999999983, 193.00000000000017, 951.0000000000001, 154.0000000000001, 881.0, 243.00000000000006, 491.0000000000002, 186.0, 320.9999999999999, 943.0000000000001, 810.0, 205.00000000000003, 478.0000000000001, 275.9999999999998, 347.0000000000001, 78.99999999999989, 1008.0, 114.00000000000011, 892.9999999999998]",21,5.685397050558006,97984.30864697332,0.8554019053939422,4.365923718251291e-06,1.0,0.4907407407407407,67631.0,0.12910941990473745,0.15147910127183992,188156.12126451553,82872438.25058056,8,12069.57955741813,0.027777777777777776,"[0.0, 0.009259259259259259, 0.018518518518518517, 0.027777777777777776, 0.037037037037037035, 0.046296296296296294, 0.05555555555555555, 0.06481481481481481, 0.07407407407407407, 0.08333333333333333, 0.09259259259259259, 0.10185185185185185, 0.1111111111111111, 0.12037037037037036, 0.12962962962962962, 0.1388888888888889, 0.14814814814814814, 0.15740740740740738, 0.16666666666666666, 0.17592592592592593, 0.18518518518518517, 0.19444444444444442, 0.2037037037037037, 0.21296296296296297, 0.2222222222222222, 0.23148148148148145, 0.24074074074074073]","[67631.0, 1786.6346316370016, 1155.9831840869388, 12069.57955741813, 1906.5778542068424, 950.5914327636033, 9083.877197385176, 2481.229636774485, 778.6316126029465, 8965.162396385991, 2042.6423114779168, 1606.717102154149, 6927.939836298322, 1790.9411989177936, 2115.064375989649, 4469.146453396725, 811.3124818658853, 852.4454942250563, 2613.518509595828, 1125.8336361545944, 622.5282936168369, 1595.9028958466972, 1672.0836322356424, 807.7671822537565, 3024.6344394117605, 842.7313814743674, 842.823573226921]",3.0,0.3,145.14999999999998,15,0.5,1721880.1384885088,0.14445541615564297,0.12412575453778012,16430975.4527054,84089526828.82365,"[0.046875, 0.03125]",2,1721880.1384885088,0.046875,"[0.0, 0.015625, 0.03125, 0.046875, 0.0625, 0.078125, 0.09375, 0.109375, 0.125, 0.140625, 0.15625, 0.171875, 0.1875, 0.203125, 0.21875, 0.234375]","[154749.38571156544, 876106.9067082781, 1710291.376891533, 1721880.1384885088, 1236443.3975593024, 1200279.6938555262, 1385236.610142781, 1437054.0474222805, 1048940.2936461219, 664501.8455342904, 393060.29715082503, 165807.08106897445, 58528.06662853256, 51528.956393907545, 141871.95181127623, 339557.73472454003]",3.0,0.3,flattop,64,32,145.14999999999998,15,21,449.5238095238095,38.00000000000003,1008.0,"[2, 5, 11, 17, 22, 25, 29, 38, 44, 52, 55, 60, 65, 74, 78, 84, 89, 95, 98, 101, 105]","[38.00000000000003, 368.0000000000001, 460.99999999999983, 193.00000000000017, 951.0000000000001, 154.0000000000001, 881.0, 243.00000000000006, 491.0000000000002, 186.0, 320.9999999999999, 943.0000000000001, 810.0, 205.00000000000003, 478.0000000000001, 275.9999999999998, 347.0000000000001, 78.99999999999989, 1008.0, 114.00000000000011, 892.9999999999998]","[1, 1, 1, 15, 1, 24, 27, 35, 35, 49, 35, 35, 63, 73, 73, 73, 35, 92, 35, 99, 99]","[3, 8, 18, 18, 35, 27, 35, 39, 49, 53, 56, 73, 73, 75, 81, 85, 92, 97, 106, 102, 106]",0.05,30,52684909.0,1015.9999999999999,-1015.9999999999999,DWT,uc1.l0082987033,0.0,0.0,0.0,0.0,0.0,0.0,0.0,1.1368683772161603e-13,1.0,84,0.0,0.0,1.0,84,,0.0,0.0,1.0,84,0.0,0.0,0.0,0.0,0.0,0.0,0.0,0.0,0.0,0.0,1.0285951984336687e-13,0.0,1.1368683772161603e-13,0.0,2.842170943040401e-14,0.0,0.0,0.0,2.842170943040401e-14,2.842170943040401e-14,0.0,0.0,0.0,4.163336342344337e-17,0.0,0.0,0.0,5.551115123125783e-17,0.933063934114738,0.3089452413812446,0.05024406008915501,0.5134258424941438,0.02671121502860968,0.0,0.0,0.0,759,0.9554878342131439,0.5402300881458513,366,0,0,0.0,0.0,646,0,0,0.36647805862157823,0.49847659020775065,377,196.64350146055338,0.7459386286039362,537.0,484.8325586096109,0.5260700894957666,680,db,413.2962962962963,398.0,188.41229481502944,243,0.9143723369387087,0.671803462110104,0.15839832550987273,5,511.25
db4,1,reflect,9.06912478833808e-27,320.5193693348633,9531808.770163452,0.5526315789473685,391.9596690097506,108,raw,5.751777654983956e-14,-1.149946804446251e-10,"[2, 5, 11, 17, 22, 25, 29, 38, 44, 52, 55, 60, 65, 74, 78, 84, 89, 95, 98, 101, 105]","[38.0, 367.9999999999998, 460.99999999999994, 193.00000000000023, 951.0, 153.9999999999999, 881.0000000000002, 243.00000000000003, 491.00000000000017, 185.9999999999999, 321.0, 943.0, 810.0, 205.00000000000006, 477.99999999999994, 276.0, 347.0000000000001, 79.0, 1008.0, 113.99999999999989, 893.0000000000002]",21,5.676076653692461,101818.50545982245,0.8134690746995489,4.365923718251291e-06,1.0,0.4907407407407407,67631.0,0.12910941990473743,0.15147910127183992,188156.12126451553,82872438.25058056,8,12069.579557418134,0.027777777777777776,"[0.0, 0.009259259259259259, 0.018518518518518517, 0.027777777777777776, 0.037037037037037035, 0.046296296296296294, 0.05555555555555555, 0.06481481481481481, 0.07407407407407407, 0.08333333333333333, 0.09259259259259259, 0.10185185185185185, 0.1111111111111111, 0.12037037037037036, 0.12962962962962962, 0.1388888888888889, 0.14814814814814814, 0.15740740740740738, 0.16666666666666666, 0.17592592592592593, 0.18518518518518517, 0.19444444444444442, 0.2037037037037037, 0.21296296296296297, 0.2222222222222222, 0.23148148148148145, 0.24074074074074073]","[67631.0, 1786.6346316370016, 1155.9831840869397, 12069.579557418134, 1906.5778542068433, 950.5914327636012, 9083.877197385176, 2481.2296367744843, 778.6316126029443, 8965.162396385993, 2042.642311477917, 1606.717102154149, 6927.939836298322, 1790.9411989177936, 2115.0643759896475, 4469.1464533967255, 811.3124818658858, 852.4454942250563, 2613.518509595829, 1125.8336361545933, 622.5282936168373, 1595.902895846696, 1672.0836322356429, 807.7671822537567, 3024.634439411758, 842.7313814743652, 842.82357322692]",3.0,0.3,145.15,15,0.5,1721880.1384885088,0.14445541615564297,0.1241257545377801,16430975.452705402,84089526828.82368,"[0.046875, 0.03125]",2,1721880.1384885088,0.046875,"[0.0, 0.015625, 0.03125, 0.046875, 0.0625, 0.078125, 0.09375, 0.109375, 0.125, 0.140625, 0.15625, 0.171875, 0.1875, 0.203125, 0.21875, 0.234375]","[154749.3857115654, 876106.906708278, 1710291.376891533, 1721880.1384885088, 1236443.3975593026, 1200279.6938555269, 1385236.6101427814, 1437054.0474222808, 1048940.2936461223, 664501.8455342908, 393060.29715082515, 165807.08106897445, 58528.06662853262, 51528.95639390757, 141871.95181127632, 339557.73472453986]",3.0,0.3,flattop,64,32,145.15,15,21,449.5238095238095,38.0,1008.0,"[2, 5, 11, 17, 22, 25, 29, 38, 44, 52, 55, 60, 65, 74, 78, 84, 89, 95, 98, 101, 105]","[38.0, 367.9999999999998, 460.99999999999994, 193.00000000000023, 951.0, 153.9999999999999, 881.0000000000002, 243.00000000000003, 491.00000000000017, 185.9999999999999, 321.0, 943.0, 810.0, 205.00000000000006, 477.99999999999994, 276.0, 347.0000000000001, 79.0, 1008.0, 113.99999999999989, 893.0000000000002]","[1, 1, 1, 15, 1, 24, 27, 35, 35, 49, 35, 35, 63, 73, 73, 73, 35, 92, 35, 99, 99]","[3, 8, 18, 18, 35, 27, 35, 39, 49, 53, 56, 73, 73, 75, 81, 85, 92, 97, 106, 102, 106]",0.05,30,52684909.0,1016.0,-1016.0,DWT,uc1.l0082987033,0.0,0.0,0.0,0.0,0.0,0.0,1.862645149230957e-09,0.0,1.0,84,0.0,3.637978807091713e-12,1.0,84,,0.0,0.0,1.0,84,0.0,0.0,0.0,3.0517578125e-05,0.0,0.0,0.0,0.0,0.0,0.0,8.255829882164973e-14,0.0,0.0,0.0,0.0,0.0,0.0,0.0,0.0,0.0,2.7755575615628914e-17,0.0,0.0,2.7755575615628914e-17,0.0,0.0,0.0,5.551115123125783e-17,0.9497336444181846,0.2970026116896304,0.03911288944474801,0.38077036165833655,0.03709001233431763,0.0,0.0,0.0,689,0.9050420868151616,0.5117082068747643,436,0,0,0.0,0.0,744,0,0,0.34074190390904346,0.46347075467583293,474,153.42397683108945,0.8017778077117708,585.75,555.6522194105139,0.5224974309876683,681,db,413.2962962962963,398.0,188.41229481502944,243,0.9143723369387087,0.671803462110104,0.15839832550987273,5,512.0
db3,1,periodization,9.0781747759452e-27,320.5150377151742,9407958.77573667,0.5648148148148148,392.0149674395492,108,raw,6.413799532630812e-14,-1.0709433340139247e-10,"[2, 5, 11, 17, 22, 25, 29, 38, 44, 52, 55, 60, 65, 74, 78, 84, 89, 95, 98, 101, 105]","[37.99999999999997, 367.9999999999999, 460.99999999999994, 193.0, 951.0000000000001, 153.99999999999966, 881.0, 243.0, 490.9999999999999, 186.0000000000001, 321.0, 943.0000000000001, 810.0, 205.0, 477.9999999999999, 276.0, 347.0000000000001, 78.99999999999977, 1008.0, 113.99999999999977, 892.9999999999999]",21,5.600036124294626,95467.3424211248,0.8260194807945055,4.365923718251292e-06,1.0,0.4907407407407407,67631.0,0.12910941990473743,0.15147910127183992,188156.12126451556,82872438.25058056,8,12069.579557418134,0.027777777777777776,"[0.0, 0.009259259259259259, 0.018518518518518517, 0.027777777777777776, 0.037037037037037035, 0.046296296296296294, 0.05555555555555555, 0.06481481481481481, 0.07407407407407407, 0.08333333333333333, 0.09259259259259259, 0.10185185185185185, 0.1111111111111111, 0.12037037037037036, 0.12962962962962962, 0.1388888888888889, 0.14814814814814814, 0.15740740740740738, 0.16666666666666666, 0.17592592592592593, 0.18518518518518517, 0.19444444444444442, 0.2037037037037037, 0.21296296296296297, 0.2222222222222222, 0.23148148148148145, 0.24074074074074073]","[67631.0, 1786.6346316370018, 1155.9831840869385, 12069.579557418134, 1906.5778542068429, 950.591432763602, 9083.877197385176, 2481.229636774483, 778.631612602946, 8965.162396385991, 2042.642311477916, 1606.7171021541499, 6927.939836298324, 1790.9411989177936, 2115.0643759896484, 4469.146453396725, 811.3124818658852, 852.4454942250587, 2613.518509595828, 1125.8336361545933, 622.5282936168363, 1595.9028958466984, 1672.0836322356422, 807.767182253758, 3024.6344394117596, 842.7313814743658, 842.8235732269194]",3.0,0.3,145.15,15,0.5,1721880.1384885088,0.14445541615564295,0.12412575453778009,16430975.452705398,84089526828.82367,"[0.046875, 0.03125]",2,1721880.1384885088,0.046875,"[0.0, 0.015625, 0.03125, 0.046875, 0.0625, 0.078125, 0.09375, 0.109375, 0.125, 0.140625, 0.15625, 0.171875, 0.1875, 0.203125, 0.21875, 0.234375]","[154749.3857115656, 876106.906708278, 1710291.3768915322, 1721880.1384885088, 1236443.3975593022, 1200279.6938555266, 1385236.6101427814, 1437054.0474222805, 1048940.2936461219, 664501.8455342904, 393060.2971508249, 165807.08106897445, 58528.066628532644, 51528.956393907625, 141871.95181127626, 339557.7347245398]",3.0,0.3,flattop,64,32,145.15,15,21,449.5238095238095,37.99999999999997,1008.0,"[2, 5, 11, 17, 22, 25, 29, 38, 44, 52, 55, 60, 65, 74, 78, 84, 89, 95, 98, 101, 105]","[37.99999999999997, 367.9999999999999, 460.99999999999994, 193.0, 951.0000000000001, 153.99999999999966, 881.0, 243.0, 490.9999999999999, 186.0000000000001, 321.0, 943.0000000000001, 810.0, 205.0, 477.9999999999999, 276.0, 347.0000000000001, 78.99999999999977, 1008.0, 113.99999999999977, 892.9999999999999]","[1, 1, 1, 15, 1, 24, 27, 35, 35, 49, 35, 35, 63, 73, 73, 73, 35, 92, 35, 99, 99]","[3, 8, 18, 18, 35, 27, 35, 39, 49, 53, 56, 73, 73, 75, 81, 85, 92, 97, 106, 102, 106]",0.05,30,52684909.0,1016.0,-1016.0,DWT,uc1.l0082987033,0.0,0.0,0.0,0.0,0.0,0.0,1.862645149230957e-09,0.0,1.0,84,0.0,3.637978807091713e-12,1.0,84,,0.0,0.0,1.0,84,0.0,0.0,0.0,1.52587890625e-05,0.0,0.0,0.0,0.0,0.0,0.0,8.526512829121202e-14,0.0,0.0,0.0,0.0,0.0,0.0,0.0,0.0,2.842170943040401e-14,2.7755575615628914e-17,0.0,0.0,1.3877787807814457e-17,2.9103830456733704e-11,0.0,0.0,2.7755575615628914e-17,0.9496891730996946,0.19956857564447372,0.02709899830005292,0.5167597765363124,0.019898032618189045,0.0,0.0,0.0,702,0.8978104144938808,0.5076194400316105,444,0,0,0.0,0.0,737,0,0,0.34260291123974457,0.4660020619853311,470,152.59614455592688,0.8028473584548748,588.25,558.560506010916,0.5214172192791169,682,db,413.2962962962963,398.0,188.41229481502944,243,0.9143723369387087,0.671803462110104,0.15839832550987273,5,512.75
rbio4.4,1,zero,5.393089354209501e-20,252.7766469532205,9445995.201455,0.5775862068965517,342.55439223163324,108,raw,1.8680405370711625e-10,3.622382393221312e-10,"[2, 5, 11, 17, 22, 25, 29, 38, 44, 52, 55, 60, 65, 74, 78, 84, 89, 95, 98, 101, 105]","[37.99999999991144, 367.9999999994856, 460.99999999961915, 192.99999999978422, 950.9999999995697, 153.99999999974784, 880.9999999990472, 242.99999999975205, 490.9999999995465, 185.99999999980207, 320.999999999558, 942.9999999995623, 809.9999999991213, 204.9999999998259, 477.9999999995224, 275.99999999979605, 346.99999999966917, 78.99999999993724, 1007.999999999488, 113.99999999986426, 892.9999999988817]",21,5.641223950848263,119266.4935289158,0.8070236129315124,4.365923718258224e-06,1.0,0.4907407407407407,67630.99999999953,0.12910941990469238,0.15147910127184086,188156.12126442118,82872438.25057882,8,12069.579557417092,0.027777777777777776,"[0.0, 0.009259259259259259, 0.018518518518518517, 0.027777777777777776, 0.037037037037037035, 0.046296296296296294, 0.05555555555555555, 0.06481481481481481, 0.07407407407407407, 0.08333333333333333, 0.09259259259259259, 0.10185185185185185, 0.1111111111111111, 0.12037037037037036, 0.12962962962962962, 0.1388888888888889, 0.14814814814814814, 0.15740740740740738, 0.16666666666666666, 0.17592592592592593, 0.18518518518518517, 0.19444444444444442, 0.2037037037037037, 0.21296296296296297, 0.2222222222222222, 0.23148148148148145, 0.24074074074074073]","[67630.99999999953, 1786.6346316366887, 1155.9831840868244, 12069.579557417092, 1906.577854206447, 950.5914327628466, 9083.877197381593, 2481.2296367733084, 778.6316126026087, 8965.162396378963, 2042.6423114756392, 1606.7171021527267, 6927.939836290863, 1790.9411989159817, 2115.0643759871245, 4469.14645339119, 811.3124818650832, 852.4454942239248, 2613.5185095923416, 1125.833636153273, 622.5282936162951, 1595.9028958446904, 1672.0836322336486, 807.7671822531131, 3024.6344394086877, 842.7313814734463, 842.8235732259549]",3.0,0.3,145.15000000021516,15,0.5,1721880.138487587,0.1444554161556018,0.12412575453778943,16430975.452681296,84089526828.63219,"[0.046875, 0.03125]",2,1721880.138487587,0.046875,"[0.0, 0.015625, 0.03125, 0.046875, 0.0625, 0.078125, 0.09375, 0.109375, 0.125, 0.140625, 0.15625, 0.171875, 0.1875, 0.203125, 0.21875, 0.234375]","[154749.38571153049, 876106.9067079411, 1710291.3768906996, 1721880.138487587, 1236443.3975581387, 1200279.6938536984, 1385236.610140195, 1437054.0474193557, 1048940.2936437745, 664501.8455326965, 393060.2971498563, 165807.08106856322, 58528.06662839382, 51528.95639380593, 141871.95181100644, 339557.73472388345]",3.0,0.3,flattop,64,32,145.15000000021516,15,21,449.52380952340434,37.99999999991144,1007.999999999488,"[2, 5, 11, 17, 22, 25, 29, 38, 44, 52, 55, 60, 65, 74, 78, 84, 89, 95, 98, 101, 105]","[37.99999999991144, 367.9999999994856, 460.99999999961915, 192.99999999978422, 950.9999999995697, 153.99999999974784, 880.9999999990472, 242.99999999975205, 490.9999999995465, 185.99999999980207, 320.999999999558, 942.9999999995623, 809.9999999991213, 204.9999999998259, 477.9999999995224, 275.99999999979605, 346.99999999966917, 78.99999999993724, 1007.999999999488, 113.99999999986426, 892.9999999988817]","[1, 1, 1, 15, 1, 24, 27, 35, 35, 49, 35, 35, 63, 73, 73, 73, 35, 92, 35, 99, 99]","[3, 8, 18, 18, 35, 27, 35, 39, 49, 53, 56, 73, 73, 75, 81, 85, 92, 97, 106, 102, 106]",0.05,30,52684908.99998663,1015.9999999998413,-1015.9999999998413,DWT,uc1.l0082987033,9.217765182256699e-07,0.0,4.0517988963983953e-10,1.7434358596801758e-06,0.0,5.120455170981586e-10,2.4104490876197815e-05,1.5870682545937598e-10,1.0,84,0.0,1.038642949424684e-09,1.0,84,,0.0,0.0,1.0,84,0.0,0.0,1.3366341590881348e-05,0.19146728515625,4.656612873077393e-10,0.0,0.0,0.0,4.0517988963983953e-10,8.509232429787517e-09,4.0514199402726564e-10,0.0,1.5870682545937598e-10,0.0,2.1515234038815834e-10,0.0,0.0,0.0,2.1515234038815834e-10,8.856204658513889e-11,4.5075054799781356e-14,9.217765182256699e-07,9.43689570931383e-16,9.353628982466944e-15,9.435461834073067e-08,0.0,0.0,4.110600748674642e-14,0.25424133469989296,0.25234432837566123,0.03078866724374806,0.6593141976497784,0.08432001653093743,0.05625764370158989,0.028128821850794947,0.05625764370158989,77,0.5915649843019267,0.3344691498627066,700,0,0,0.05625764370158989,0.05625764370158989,77,0,0,0.25620170890000366,0.348480765091984,688,356.2588010608767,0.539717311290857,385.5,138.61893921553235,0.5208276478934906,683,rbio,366.5925925925926,360.0,210.3588723315502,135,0.8110455588331695,0.7500562468954116,0.20725123474815782,3,513.0
rbio4.4,1,smooth,5.457663173805873e-20,252.72495582023163,9445961.800439797,0.5775862068965517,371.455887454724,108,raw,1.8845083518373134e-10,1.597810771731602e-10,"[2, 5, 11, 17, 22, 25, 29, 38, 44, 52, 55, 60, 65, 74, 78, 84, 89, 95, 98, 101, 105]","[37.99999999991914, 367.9999999994864, 460.99999999961915, 192.99999999978422, 950.9999999995177, 153.99999999974784, 880.9999999990472, 242.99999999975205, 490.9999999995465, 185.99999999980207, 320.999999999558, 942.9999999995623, 809.9999999991213, 204.9999999998259, 477.9999999995224, 275.99999999979605, 346.99999999966917, 78.99999999993724, 1007.9999999994758, 113.99999999986403, 892.9999999988873]",21,5.653105889359898,112342.7110947447,0.794994833713414,4.365923718258232e-06,1.0,0.4907407407407407,67630.99999999974,0.12910941990469232,0.15147910127184097,188156.12126442094,82872438.25057918,8,12069.579557416904,0.027777777777777776,"[0.0, 0.009259259259259259, 0.018518518518518517, 0.027777777777777776, 0.037037037037037035, 0.046296296296296294, 0.05555555555555555, 0.06481481481481481, 0.07407407407407407, 0.08333333333333333, 0.09259259259259259, 0.10185185185185185, 0.1111111111111111, 0.12037037037037036, 0.12962962962962962, 0.1388888888888889, 0.14814814814814814, 0.15740740740740738, 0.16666666666666666, 0.17592592592592593, 0.18518518518518517, 0.19444444444444442, 0.2037037037037037, 0.21296296296296297, 0.2222222222222222, 0.23148148148148145, 0.24074074074074073]","[67630.99999999974, 1786.6346316368065, 1155.983184086838, 12069.579557416904, 1906.5778542064556, 950.5914327630287, 9083.877197381418, 2481.2296367731983, 778.6316126025484, 8965.162396378822, 2042.6423114757752, 1606.7171021526585, 6927.93983629075, 1790.9411989158789, 2115.064375987072, 4469.146453391175, 811.3124818650032, 852.4454942239589, 2613.5185095924035, 1125.8336361532474, 622.528293616238, 1595.9028958447489, 1672.0836322337007, 807.7671822530629, 3024.6344394086964, 842.7313814734736, 842.8235732259967]",3.0,0.3,145.1500000002316,15,0.5,1721880.1384875872,0.14445541615560162,0.12412575453778943,16430975.452681325,84089526828.63243,"[0.046875, 0.03125]",2,1721880.1384875872,0.046875,"[0.0, 0.015625, 0.03125, 0.046875, 0.0625, 0.078125, 0.09375, 0.109375, 0.125, 0.140625, 0.15625, 0.171875, 0.1875, 0.203125, 0.21875, 0.234375]","[154749.3857115384, 876106.9067079541, 1710291.3768907068, 1721880.1384875872, 1236443.3975581387, 1200279.6938536982, 1385236.610140195, 1437054.0474193553, 1048940.293643775, 664501.8455326965, 393060.29714985634, 165807.08106856328, 58528.06662839388, 51528.95639380593, 141871.95181100644, 339557.7347238834]",3.0,0.3,flattop,64,32,145.1500000002316,15,21,449.5238095234019,37.99999999991914,1007.9999999994758,"[2, 5, 11, 17, 22, 25, 29, 38, 44, 52, 55, 60, 65, 74, 78, 84, 89, 95, 98, 101, 105]","[37.99999999991914, 367.9999999994864, 460.99999999961915, 192.99999999978422, 950.9999999995177, 153.99999999974784, 880.9999999990472, 242.99999999975205, 490.9999999995465, 185.99999999980207, 320.999999999558, 942.9999999995623, 809.9999999991213, 204.9999999998259, 477.9999999995224, 275.99999999979605, 346.99999999966917, 78.99999999993724, 1007.9999999994758, 113.99999999986403, 892.9999999988873]","[1, 1, 1, 15, 1, 24, 27, 35, 35, 49, 35, 35, 63, 73, 73, 73, 35, 92, 35, 99, 99]","[3, 8, 18, 18, 35, 27, 35, 39, 49, 53, 56, 73, 73, 75, 81, 85, 92, 97, 106, 102, 106]",0.05,30,52684908.99998668,1015.9999999998413,-1015.9999999998413,DWT,uc1.l0082987033,9.21543687582016e-07,0.0,4.076241566508543e-10,1.385807991027832e-06,0.0,5.242100087343715e-10,2.407468855381012e-05,1.5870682545937598e-10,1.0,84,0.0,1.2259988579899073e-09,1.0,84,,0.0,0.0,1.0,84,0.0,0.0,1.3321638107299805e-05,0.19122314453125,2.6193447411060333e-10,0.0,0.0,0.0,4.076241566508543e-10,8.5601641330868e-09,4.0753077103415434e-10,0.0,1.5870682545937598e-10,0.0,2.3160851014836226e-10,0.0,0.0,0.0,2.3160851014836226e-10,8.08597633294994e-11,4.5130565951012613e-14,9.21543687582016e-07,1.0547118733938987e-15,9.353628982466944e-15,9.458744898438454e-08,0.0,0.0,4.1300296516055823e-14,0.2537106387932262,0.26756917273690906,0.030785427226155536,0.6593141976497784,0.06557801188676668,0.05606949104706953,0.028034745523534764,0.05606949104706953,82,0.591360567072086,0.3343535729457212,701,0,0,0.05606949104706953,0.05606949104706953,82,0,0,0.25539148965856723,0.34737872005738896,690,354.2328565600129,0.5423348106459782,388.75,146.7025693472234,0.5200369143669168,684,rbio,366.5925925925926,360.0,210.3588723315502,135,0.8110455588331695,0.7500562468954116,0.20725123474815782,3,513.75
sym15,1,zero,1.1557280696209069e-20,259.46646649896445,9355119.716528147,0.5661764705882353,256.2650912953102,108,raw,8.520071890803526e-11,2.7817081955214008e-11,"[2, 5, 11, 17, 22, 25, 29, 38, 44, 52, 55, 60, 65, 74, 78, 84, 89, 95, 98, 101, 105]","[37.999999999952365, 367.9999999997551, 460.99999999984186, 192.9999999998629, 950.9999999998277, 153.99999999982447, 880.9999999995106, 242.9999999998658, 490.99999999981816, 185.99999999990848, 320.99999999979605, 942.9999999998478, 809.9999999995442, 204.9999999998876, 477.9999999997701, 275.99999999989234, 346.9999999998423, 79.0000000000291, 1007.9999999997515, 113.99999999987449, 892.9999999994659]",21,5.631665932282623,139960.4527465178,0.9035819063784766,4.365923718254568e-06,0.9999999999999997,0.4907407407407407,67630.99999999985,0.1291094199047152,0.1514791012718409,188156.12126447144,82872438.25058012,8,12069.57955741767,0.027777777777777776,"[0.0, 0.009259259259259259, 0.018518518518518517, 0.027777777777777776, 0.037037037037037035, 0.046296296296296294, 0.05555555555555555, 0.06481481481481481, 0.07407407407407407, 0.08333333333333333, 0.09259259259259259, 0.10185185185185185, 0.1111111111111111, 0.12037037037037036, 0.12962962962962962, 0.1388888888888889, 0.14814814814814814, 0.15740740740740738, 0.16666666666666666, 0.17592592592592593, 0.18518518518518517, 0.19444444444444442, 0.2037037037037037, 0.21296296296296297, 0.2222222222222222, 0.23148148148148145, 0.24074074074074073]","[67630.99999999985, 1786.6346316368827, 1155.9831840868928, 12069.57955741767, 1906.5778542066744, 950.5914327633138, 9083.877197383683, 2481.2296367739955, 778.6316126027949, 8965.162396383217, 2042.6423114770691, 1606.7171021535696, 6927.9398362953725, 1790.9411989170333, 2115.064375988615, 4469.1464533944045, 811.3124818654936, 852.4454942245626, 2613.518509594246, 1125.8336361539327, 622.5282936165016, 1595.902895845678, 1672.0836322345735, 807.7671822532964, 3024.6344394098787, 842.731381473823, 842.823573226363]",3.0,0.3,145.1500000001046,15,0.5,1721880.1384881272,0.14445541615561847,0.1241257545377841,16430975.452694595,84089526828.7494,"[0.046875, 0.03125]",2,1721880.1384881272,0.046875,"[0.0, 0.015625, 0.03125, 0.046875, 0.0625, 0.078125, 0.09375, 0.109375, 0.125, 0.140625, 0.15625, 0.171875, 0.1875, 0.203125, 0.21875, 0.234375]","[154749.3857115518, 876106.90670814, 1710291.3768911893, 1721880.1384881272, 1236443.3975588342, 1200279.693854807, 1385236.6101417672, 1437054.0474211213, 1048940.293645176, 664501.845533631, 393060.2971504111, 165807.08106879127, 58528.06662846408, 51528.95639384366, 141871.95181109986, 339557.73472411884]",3.0,0.3,flattop,64,32,145.1500000001046,15,21,449.52380952361284,37.999999999952365,1007.9999999997515,"[2, 5, 11, 17, 22, 25, 29, 38, 44, 52, 55, 60, 65, 74, 78, 84, 89, 95, 98, 101, 105]","[37.999999999952365, 367.9999999997551, 460.99999999984186, 192.9999999998629, 950.9999999998277, 153.99999999982447, 880.9999999995106, 242.9999999998658, 490.99999999981816, 185.99999999990848, 320.99999999979605, 942.9999999998478, 809.9999999995442, 204.9999999998876, 477.9999999997701, 275.99999999989234, 346.9999999998423, 79.0000000000291, 1007.9999999997515, 113.99999999987449, 892.9999999994659]","[1, 1, 1, 15, 1, 24, 27, 35, 35, 49, 35, 35, 63, 73, 73, 73, 35, 92, 35, 99, 99]","[3, 8, 18, 18, 35, 27, 35, 39, 49, 53, 56, 73, 73, 75, 81, 85, 92, 97, 106, 102, 106]",0.05,30,52684908.999994084,1015.9999999999231,-1015.9999999999231,DWT,uc1.l0082987033,3.816094249486923e-07,0.0,1.9667822925839573e-10,4.470348358154297e-07,0.0,2.4851942725945264e-10,1.0805204510688782e-05,7.685230229981244e-11,1.0,84,0.0,4.602043190971017e-10,1.0,84,,0.0,0.0,1.0,84,0.0,0.0,5.9157609939575195e-06,0.074249267578125,1.4551915228366852e-10,0.0,0.0,0.0,1.9667822925839573e-10,4.13092493545264e-09,1.9949739215094483e-10,0.0,7.685230229981244e-11,0.0,1.0459189070388675e-10,0.0,0.0,0.0,1.0459189070388675e-10,4.7634785005357116e-11,2.225997164373439e-14,3.816094249486923e-07,9.71445146547012e-16,4.0245584642661925e-15,4.409230314195156e-08,0.0,0.0,2.4452662117369073e-14,0.3229235175808224,0.24009722366953018,0.021973421117289657,0.5319585934932632,0.14033654845551533,0.024898867948195305,0.012449433974097653,0.024898867948195305,115,0.5937074897214147,0.3356805162979225,698,0,0,0.024898867948195305,0.024898867948195305,115,0,0,0.2514578608632842,0.34202827185759527,698,336.59520693755184,0.5651224716569098,406.5,197.4661746617466,0.5199643366036486,685,sym,445.72514619883043,505.0,280.45746329325993,171,0.986117580085908,1.0,0.009717693939864401,6,515.25
rbio6.8,1,smooth,2.4317704741591914e-21,266.2357973010033,9373805.371209046,0.5564516129032258,317.86279325873886,108,raw,3.9156595661367014e-11,-1.1165290914386898e-10,"[2, 5, 11, 17, 22, 25, 29, 38, 44, 52, 55, 60, 65, 74, 78, 84, 89, 95, 98, 101, 105]","[37.99999999998076, 367.99999999988256, 460.9999999999313, 192.99999999994043, 950.9999999999103, 153.9999999999245, 880.9999999997785, 242.9999999999402, 490.99999999991843, 185.9999999999559, 320.99999999990723, 942.9999999999285, 809.9999999997983, 204.9999999999527, 477.9999999998962, 275.999999999956, 346.99999999993213, 79.00000000000693, 1007.9999999998922, 113.99999999995043, 892.9999999997564]",21,5.695333054854062,112331.89947971473,0.8096647212701134,4.365923718252737e-06,1.0,0.4907407407407407,67631.0,0.12910941990472743,0.15147910127184053,188156.1212644958,82872438.25058052,8,12069.57955741797,0.027777777777777776,"[0.0, 0.009259259259259259, 0.018518518518518517, 0.027777777777777776, 0.037037037037037035, 0.046296296296296294, 0.05555555555555555, 0.06481481481481481, 0.07407407407407407, 0.08333333333333333, 0.09259259259259259, 0.10185185185185185, 0.1111111111111111, 0.12037037037037036, 0.12962962962962962, 0.1388888888888889, 0.14814814814814814, 0.15740740740740738, 0.16666666666666666, 0.17592592592592593, 0.18518518518518517, 0.19444444444444442, 0.2037037037037037, 0.21296296296296297, 0.2222222222222222, 0.23148148148148145, 0.24074074074074073]","[67631.0, 1786.6346316369973, 1155.9831840869292, 12069.57955741797, 1906.5778542068003, 950.5914327635521, 9083.877197384632, 2481.229636774279, 778.6316126028723, 8965.16239638474, 2042.6423114775396, 1606.7171021538547, 6927.9398362967995, 1790.9411989173875, 2115.064375989104, 4469.146453395533, 811.3124818656905, 852.445494224816, 2613.518509595091, 1125.8336361542983, 622.5282936166986, 1595.9028958462575, 1672.0836322351877, 807.7671822535641, 3024.634439410957, 842.7313814741351, 842.8235732266817]",3.0,0.3,145.15000000004724,15,0.5,1721880.138488391,0.1444554161556316,0.12412575453778252,16430975.452700607,84089526828.79175,"[0.046875, 0.03125]",2,1721880.138488391,0.046875,"[0.0, 0.015625, 0.03125, 0.046875, 0.0625, 0.078125, 0.09375, 0.109375, 0.125, 0.140625, 0.15625, 0.171875, 0.1875, 0.203125, 0.21875, 0.234375]","[154749.3857115655, 876106.9067082428, 1710291.37689143, 1721880.138488391, 1236443.3975591273, 1200279.6938552111, 1385236.610142303, 1437054.0474217162, 1048940.2936456483, 664501.8455339575, 393060.29715061863, 165807.0810688855, 58528.06662850133, 51528.95639388021, 141871.95181120036, 339557.7347243581]",3.0,0.3,flattop,64,32,145.15000000004724,15,21,449.523809523721,37.99999999998076,1007.9999999998922,"[2, 5, 11, 17, 22, 25, 29, 38, 44, 52, 55, 60, 65, 74, 78, 84, 89, 95, 98, 101, 105]","[37.99999999998076, 367.99999999988256, 460.9999999999313, 192.99999999994043, 950.9999999999103, 153.9999999999245, 880.9999999997785, 242.9999999999402, 490.99999999991843, 185.9999999999559, 320.99999999990723, 942.9999999999285, 809.9999999997983, 204.9999999999527, 477.9999999998962, 275.999999999956, 346.99999999993213, 79.00000000000693, 1007.9999999998922, 113.99999999995043, 892.9999999997564]","[1, 1, 1, 15, 1, 24, 27, 35, 35, 49, 35, 35, 63, 73, 73, 73, 35, 92, 35, 99, 99]","[3, 8, 18, 18, 35, 27, 35, 39, 49, 53, 56, 73, 73, 75, 81, 85, 92, 97, 106, 102, 106]",0.05,30,52684908.99999742,1015.9999999999702,-1015.9999999999702,DWT,uc1.l0082987033,1.1781230568885803e-07,0.0,8.850520316627808e-11,4.470348358154297e-08,0.0,1.07775122160092e-10,4.7925859689712524e-06,2.97859514830634e-11,1.0,84,0.0,1.6007106751203537e-10,1.0,84,,0.0,0.0,1.0,84,0.0,0.0,2.5779008865356445e-06,0.0319061279296875,0.0,0.0,0.0,0.0,8.850520316627808e-11,1.8590071704238653e-09,8.923469370832511e-11,0.0,2.97859514830634e-11,0.0,4.723688107333146e-11,0.0,0.0,0.0,4.723688107333146e-11,1.9241497284383513e-11,1.0019762797242038e-14,1.1781230568885803e-07,6.106226635438361e-16,2.4424906541753444e-15,1.973239704966545e-08,0.0,0.0,1.1324274851176597e-14,0.392422016448842,0.3216766756360194,0.023785996259845572,0.42340962335555915,0.0655487458979767,0.010850136410674527,0.005425068205337264,0.010850136410674527,154,0.603767893518652,0.3413686398255654,697,0,0,0.010850136410674527,0.010850136410674527,152,0,0,0.24536861151964856,0.3337457889685595,705,316.40585751004465,0.5912069024418027,427.0,251.16771311145243,0.5197636579392476,686,rbio,366.5925925925926,360.0,210.3588723315502,135,0.8110455588331695,0.7500562468954116,0.20725123474815782,3,515.25
rbio4.4,1,constant,5.414841929864197e-20,252.75916527965765,9444796.604575483,0.5775862068965517,342.55439223163324,108,raw,1.8738646848196037e-10,2.8597357806818525e-10,"[2, 5, 11, 17, 22, 25, 29, 38, 44, 52, 55, 60, 65, 74, 78, 84, 89, 95, 98, 101, 105]","[37.999999999911466, 367.9999999994861, 460.99999999961915, 192.99999999978422, 950.9999999995503, 153.99999999974784, 880.9999999990472, 242.99999999975205, 490.9999999995465, 185.99999999980207, 320.999999999558, 942.9999999995623, 809.9999999991213, 204.9999999998259, 477.9999999995224, 275.99999999979605, 346.99999999966917, 78.99999999993724, 1007.9999999994816, 113.99999999986414, 892.9999999988844]",21,5.642760792160649,116723.40755399327,0.8027148828691175,4.36592371825823e-06,1.0,0.4907407407407407,67630.9999999996,0.1291094199046923,0.15147910127184092,188156.12126442106,82872438.25057895,8,12069.579557417022,0.027777777777777776,"[0.0, 0.009259259259259259, 0.018518518518518517, 0.027777777777777776, 0.037037037037037035, 0.046296296296296294, 0.05555555555555555, 0.06481481481481481, 0.07407407407407407, 0.08333333333333333, 0.09259259259259259, 0.10185185185185185, 0.1111111111111111, 0.12037037037037036, 0.12962962962962962, 0.1388888888888889, 0.14814814814814814, 0.15740740740740738, 0.16666666666666666, 0.17592592592592593, 0.18518518518518517, 0.19444444444444442, 0.2037037037037037, 0.21296296296296297, 0.2222222222222222, 0.23148148148148145, 0.24074074074074073]","[67630.9999999996, 1786.6346316367335, 1155.9831840868299, 12069.579557417022, 1906.5778542064493, 950.5914327629126, 9083.87719738153, 2481.22963677327, 778.6316126025874, 8965.162396378915, 2042.642311475683, 1606.7171021527058, 6927.9398362908305, 1790.9411989159523, 2115.064375987107, 4469.14645339119, 811.3124818650599, 852.445494223938, 2613.5185095923543, 1125.8336361532618, 622.5282936162783, 1595.9028958447052, 1672.0836322336631, 807.7671822530996, 3024.6344394086923, 842.73138147345, 842.8235732259639]",3.0,0.3,145.15000000022368,15,0.5,1721880.1384875872,0.14445541615560176,0.12412575453778943,16430975.452681307,84089526828.63228,"[0.046875, 0.03125]",2,1721880.1384875872,0.046875,"[0.0, 0.015625, 0.03125, 0.046875, 0.0625, 0.078125, 0.09375, 0.109375, 0.125, 0.140625, 0.15625, 0.171875, 0.1875, 0.203125, 0.21875, 0.234375]","[154749.3857115333, 876106.9067079456, 1710291.3768907022, 1721880.1384875872, 1236443.397558139, 1200279.6938536982, 1385236.610140195, 1437054.0474193553, 1048940.293643775, 664501.8455326963, 393060.2971498563, 165807.08106856316, 58528.066628393855, 51528.95639380592, 141871.9518110065, 339557.73472388345]",3.0,0.3,flattop,64,32,145.15000000022368,15,21,449.52380952340326,37.999999999911466,1007.9999999994816,"[2, 5, 11, 17, 22, 25, 29, 38, 44, 52, 55, 60, 65, 74, 78, 84, 89, 95, 98, 101, 105]","[37.999999999911466, 367.9999999994861, 460.99999999961915, 192.99999999978422, 950.9999999995503, 153.99999999974784, 880.9999999990472, 242.99999999975205, 490.9999999995465, 185.99999999980207, 320.999999999558, 942.9999999995623, 809.9999999991213, 204.9999999998259, 477.9999999995224, 275.99999999979605, 346.99999999966917, 78.99999999993724, 1007.9999999994816, 113.99999999986414, 892.9999999988844]","[1, 1, 1, 15, 1, 24, 27, 35, 35, 49, 35, 35, 63, 73, 73, 73, 35, 92, 35, 99, 99]","[3, 8, 18, 18, 35, 27, 35, 39, 49, 53, 56, 73, 73, 75, 81, 85, 92, 97, 106, 102, 106]",0.05,30,52684908.99998665,1015.9999999998413,-1015.9999999998413,DWT,uc1.l0082987033,9.21543687582016e-07,0.0,4.062599145981949e-10,1.6093254089355469e-06,0.0,5.184119800105691e-10,2.409331500530243e-05,1.5870682545937598e-10,1.0,84,0.0,1.1077645467594266e-09,1.0,84,,0.0,0.0,1.0,84,0.0,0.0,1.33514404296875e-05,0.191375732421875,3.92901711165905e-10,0.0,0.0,0.0,4.062599145981949e-10,8.531060302630067e-09,4.0622337240035575e-10,0.0,1.5870682545937598e-10,0.0,2.2367885321727954e-10,0.0,0.0,0.0,2.2367885321727954e-10,8.853362487570848e-11,4.515832152662824e-14,9.21543687582016e-07,9.992007221626409e-16,9.353628982466944e-15,9.44710336625576e-08,0.0,0.0,4.116151863797768e-14,0.25406185609176324,0.2543135499606827,0.030672399071887874,0.6593141976497784,0.07743613050394535,0.056194926150083105,0.028097463075041552,0.056194926150083105,79,0.5896302194328328,0.33337523934041,703,0,0,0.056194926150083105,0.056194926150083105,79,0,0,0.25515962665561154,0.34706334434419234,692,357.11937779963716,0.5386054550392285,388.25,141.92440800364122,0.5184952339795625,687,rbio,366.5925925925926,360.0,210.3588723315502,135,0.8110455588331695,0.7500562468954116,0.20725123474815782,3,516.0
sym8,1,periodization,6.477561468577412e-21,261.98090768283333,9389671.033898868,0.5740740740740741,426.7133423150384,108,raw,5.6486362912214286e-11,-1.173429131750765e-10,"[2, 5, 11, 17, 22, 25, 29, 38, 44, 52, 55, 60, 65, 74, 78, 84, 89, 95, 98, 101, 105]","[38.000000000015376, 367.9999999999467, 460.9999999998749, 193.0000000000934, 950.9999999997277, 154.00000000015848, 881.0000000000609, 243.0000000000292, 490.9999999998567, 185.9999999999701, 320.99999999992906, 942.9999999997748, 810.0000000000641, 205.0000000000757, 477.9999999999647, 276.0000000000048, 346.9999999999666, 78.99999999978843, 1007.9999999999636, 114.00000000019793, 892.9999999999317]",21,5.610943004264395,95467.3424211144,0.8235815727127721,4.3659237182519074e-06,1.0,0.4907407407407407,67631.0,0.12910941990473598,0.15147910127183847,188156.12126450465,82872438.25057973,8,12069.579557417766,0.027777777777777776,"[0.0, 0.009259259259259259, 0.018518518518518517, 0.027777777777777776, 0.037037037037037035, 0.046296296296296294, 0.05555555555555555, 0.06481481481481481, 0.07407407407407407, 0.08333333333333333, 0.09259259259259259, 0.10185185185185185, 0.1111111111111111, 0.12037037037037036, 0.12962962962962962, 0.1388888888888889, 0.14814814814814814, 0.15740740740740738, 0.16666666666666666, 0.17592592592592593, 0.18518518518518517, 0.19444444444444442, 0.2037037037037037, 0.21296296296296297, 0.2222222222222222, 0.23148148148148145, 0.24074074074074073]","[67631.0, 1786.6346316369961, 1155.983184086923, 12069.579557417766, 1906.577854206738, 950.5914327635202, 9083.877197384045, 2481.2296367740646, 778.6316126027732, 8965.162396383575, 2042.6423114772635, 1606.7171021535655, 6927.939836295555, 1790.9411989170392, 2115.064375988752, 4469.146453394918, 811.312481865591, 852.4454942248068, 2613.5185095952766, 1125.8336361544693, 622.52829361684, 1595.9028958468882, 1672.083632236036, 807.7671822540303, 3024.6344394130456, 842.7313814747781, 842.8235732273675]",3.0,0.3,145.1499999999833,15,0.5,1721880.1384882624,0.14445541615565638,0.12412575453778282,16430975.452701548,84089526828.75604,"[0.046875, 0.03125]",2,1721880.1384882624,0.046875,"[0.0, 0.015625, 0.03125, 0.046875, 0.0625, 0.078125, 0.09375, 0.109375, 0.125, 0.140625, 0.15625, 0.171875, 0.1875, 0.203125, 0.21875, 0.234375]","[154749.38571156186, 876106.9067081962, 1710291.3768913127, 1721880.1384882624, 1236443.3975589552, 1200279.6938549315, 1385236.6101419106, 1437054.0474212999, 1048940.2936453486, 664501.8455337955, 393060.2971505552, 165807.08106887917, 58528.06662852332, 51528.9563939553, 141871.95181143278, 339557.73472488736]",3.0,0.3,flattop,64,32,145.1499999999833,15,21,449.5238095237807,38.000000000015376,1007.9999999999636,"[2, 5, 11, 17, 22, 25, 29, 38, 44, 52, 55, 60, 65, 74, 78, 84, 89, 95, 98, 101, 105]","[38.000000000015376, 367.9999999999467, 460.9999999998749, 193.0000000000934, 950.9999999997277, 154.00000000015848, 881.0000000000609, 243.0000000000292, 490.9999999998567, 185.9999999999701, 320.99999999992906, 942.9999999997748, 810.0000000000641, 205.0000000000757, 477.9999999999647, 276.0000000000048, 346.9999999999666, 78.99999999978843, 1007.9999999999636, 114.00000000019793, 892.9999999999317]","[1, 1, 1, 15, 1, 24, 27, 35, 35, 49, 35, 35, 63, 73, 73, 73, 35, 92, 35, 99, 99]","[3, 8, 18, 18, 35, 27, 35, 39, 49, 53, 56, 73, 73, 75, 81, 85, 92, 97, 106, 102, 106]",0.05,30,52684908.999997765,1015.9999999999887,-1015.9999999999887,DWT,uc1.l0082987033,2.4633482098579407e-07,0.0,2.8819613362429664e-11,8.344650268554688e-07,0.0,3.637978807091713e-11,3.851950168609619e-06,1.1254996934439987e-11,1.0,84,0.0,3.637978807091713e-10,1.0,84,,0.0,0.0,1.0,84,0.0,0.0,2.2351741790771484e-06,0.0676116943359375,0.0,0.0,0.0,0.0,2.8819613362429664e-11,6.057234713807702e-10,9.54739356356662e-11,0.0,1.1254996934439987e-11,0.0,1.6711965145077556e-11,0.0,0.0,0.0,1.6711965145077556e-11,1.5376144801848568e-11,1.4710455076283324e-15,2.4633482098579407e-07,1.4432899320127035e-15,2.7478019859472624e-15,1.0884832590818405e-08,0.0,0.0,1.3461454173580023e-14,0.34873846042837553,0.21354403510708075,0.025325022122350972,0.6201117318435755,0.01989803261816088,0.009407632726018376,0.004703816363009188,0.009407632726018376,165,0.5846815106564357,0.3305772535547692,704,0,0,0.009407632726018376,0.009407632726018376,166,0,0,0.24552345642390874,0.3339564061066686,704,310.9033879948346,0.5983160361823843,434.75,267.9957193089742,0.518311764861218,688,sym,445.72514619883043,505.0,280.45746329325993,171,0.986117580085908,1.0,0.009717693939864401,6,517.5
rbio4.4,1,antisymmetric,5.198960101932837e-20,252.93585826615686,9600170.249619529,0.5603448275862069,421.72721330164416,108,raw,1.8274974948966434e-10,8.453947541296014e-10,"[2, 5, 11, 17, 22, 25, 29, 38, 44, 52, 55, 60, 65, 74, 78, 84, 89, 95, 98, 101, 105]","[37.99999999991911, 367.99999999948517, 460.99999999961915, 192.99999999978422, 950.99999999962, 153.99999999974784, 880.9999999990472, 242.99999999975205, 490.9999999995465, 185.99999999980207, 320.999999999558, 942.9999999995623, 809.9999999991213, 204.9999999998259, 477.9999999995224, 275.99999999979605, 346.99999999966917, 78.99999999993724, 1007.9999999996774, 113.99999999986437, 892.9999999988718]",21,5.6965147268433824,150577.14760206782,0.834933663800921,4.365923718258075e-06,0.9999999999999997,0.4907407407407407,67630.99999999904,0.12910941990469363,0.15147910127184075,188156.12126442304,82872438.25057785,8,12069.579557417512,0.027777777777777776,"[0.0, 0.009259259259259259, 0.018518518518518517, 0.027777777777777776, 0.037037037037037035, 0.046296296296296294, 0.05555555555555555, 0.06481481481481481, 0.07407407407407407, 0.08333333333333333, 0.09259259259259259, 0.10185185185185185, 0.1111111111111111, 0.12037037037037036, 0.12962962962962962, 0.1388888888888889, 0.14814814814814814, 0.15740740740740738, 0.16666666666666666, 0.17592592592592593, 0.18518518518518517, 0.19444444444444442, 0.2037037037037037, 0.21296296296296297, 0.2222222222222222, 0.23148148148148145, 0.24074074074074073]","[67630.99999999904, 1786.6346316363736, 1155.9831840867062, 12069.579557417512, 1906.5778542065932, 950.5914327624481, 9083.877197381958, 2481.229636773329, 778.6316126029875, 8965.162396379112, 2042.642311475484, 1606.7171021530828, 6927.939836291049, 1790.941198916136, 2115.0643759868613, 4469.146453391474, 811.3124818649113, 852.4454942241944, 2613.518509592328, 1125.833636153038, 622.5282936160661, 1595.9028958448923, 1672.0836322338678, 807.7671822529007, 3024.6344394087882, 842.7313814735162, 842.8235732261148]",3.0,0.3,145.15000000020532,15,0.5,1721880.1384875865,0.14445541615560198,0.12412575453778943,16430975.452681279,84089526828.63205,"[0.046875, 0.03125]",2,1721880.1384875865,0.046875,"[0.0, 0.015625, 0.03125, 0.046875, 0.0625, 0.078125, 0.09375, 0.109375, 0.125, 0.140625, 0.15625, 0.171875, 0.1875, 0.203125, 0.21875, 0.234375]","[154749.3857115257, 876106.9067079333, 1710291.3768906957, 1721880.1384875865, 1236443.3975581387, 1200279.6938536982, 1385236.610140195, 1437054.0474193553, 1048940.2936437745, 664501.8455326963, 393060.2971498563, 165807.08106856322, 58528.06662839384, 51528.95639380594, 141871.95181100647, 339557.7347238834]",3.0,0.3,flattop,64,32,145.15000000020532,15,21,449.52380952341565,37.99999999991911,1007.9999999996774,"[2, 5, 11, 17, 22, 25, 29, 38, 44, 52, 55, 60, 65, 74, 78, 84, 89, 95, 98, 101, 105]","[37.99999999991911, 367.99999999948517, 460.99999999961915, 192.99999999978422, 950.99999999962, 153.99999999974784, 880.9999999990472, 242.99999999975205, 490.9999999995465, 185.99999999980207, 320.999999999558, 942.9999999995623, 809.9999999991213, 204.9999999998259, 477.9999999995224, 275.99999999979605, 346.99999999966917, 78.99999999993724, 1007.9999999996774, 113.99999999986437, 892.9999999988718]","[1, 1, 1, 15, 1, 24, 27, 35, 35, 49, 35, 35, 63, 73, 73, 73, 35, 92, 35, 99, 99]","[3, 8, 18, 18, 35, 27, 35, 39, 49, 53, 56, 73, 73, 75, 81, 85, 92, 97, 106, 102, 106]",0.05,30,52684908.999986574,1015.9999999998413,-1015.9999999998413,DWT,uc1.l0082987033,9.222421795129776e-07,0.0,3.9386804928653874e-10,2.7120113372802734e-06,0.0,3.226432454539463e-10,2.4121254682540894e-05,1.5870682545937598e-10,1.0,84,0.0,6.184563972055912e-10,1.0,84,,0.0,0.0,1.0,84,0.0,0.0,1.3425946235656738e-05,0.1916046142578125,9.604264050722122e-10,0.0,0.0,0.0,3.9386804928653874e-10,8.27094481792301e-09,3.9385180830972134e-10,0.0,1.5870682545937598e-10,0.0,2.0531842892523855e-10,0.0,0.0,0.0,2.0531842892523855e-10,8.08881850389298e-11,4.3826053897078054e-14,9.222421795129776e-07,8.326672684688674e-16,9.353628982466944e-15,9.249197319149971e-08,0.0,0.0,4.093947403305265e-14,0.2558759050253009,0.32319080332703787,0.04574419674901385,0.4668657291465995,0.16907490731936997,0.05650851390761705,0.028254256953808524,0.05650851390761705,75,0.5923692976395942,0.33492390632296315,699,0,0,0.05650851390761705,0.05650851390761705,75,0,0,0.25215030831346447,0.34297012590790915,697,359.69014442989675,0.5352840511241643,386.5,135.44628609237645,0.5179650229781029,689,rbio,366.5925925925926,360.0,210.3588723315502,135,0.8110455588331695,0.7500562468954116,0.20725123474815782,3,517.5
sym15,1,constant,1.1595811989826323e-20,259.4520114593082,9350880.066678863,0.5661764705882353,256.2650912953102,108,raw,8.543855335153275e-11,-4.598654806485433e-12,"[2, 5, 11, 17, 22, 25, 29, 38, 44, 52, 55, 60, 65, 74, 78, 84, 89, 95, 98, 101, 105]","[37.99999999995245, 367.9999999997556, 460.99999999984203, 192.99999999986318, 950.9999999998184, 153.9999999998247, 880.9999999995107, 242.9999999998658, 490.99999999981816, 185.99999999990848, 320.99999999979605, 942.9999999998478, 809.9999999995442, 204.9999999998876, 477.99999999977007, 275.99999999989234, 346.9999999998423, 79.00000000002899, 1007.9999999997485, 113.99999999987426, 892.9999999994666]",21,5.637922026072316,133708.2993454444,0.898975638603399,4.365923718254571e-06,1.0,0.4907407407407407,67630.99999999988,0.12910941990471517,0.15147910127184092,188156.12126447138,82872438.25058018,8,12069.57955741764,0.027777777777777776,"[0.0, 0.009259259259259259, 0.018518518518518517, 0.027777777777777776, 0.037037037037037035, 0.046296296296296294, 0.05555555555555555, 0.06481481481481481, 0.07407407407407407, 0.08333333333333333, 0.09259259259259259, 0.10185185185185185, 0.1111111111111111, 0.12037037037037036, 0.12962962962962962, 0.1388888888888889, 0.14814814814814814, 0.15740740740740738, 0.16666666666666666, 0.17592592592592593, 0.18518518518518517, 0.19444444444444442, 0.2037037037037037, 0.21296296296296297, 0.2222222222222222, 0.23148148148148145, 0.24074074074074073]","[67630.99999999988, 1786.6346316369015, 1155.9831840868953, 12069.57955741764, 1906.5778542066741, 950.5914327633423, 9083.877197383656, 2481.22963677398, 778.6316126027839, 8965.162396383193, 2042.6423114770887, 1606.7171021535582, 6927.939836295353, 1790.9411989170178, 2115.0643759886084, 4469.146453394402, 811.3124818654828, 852.4454942245658, 2613.518509594256, 1125.8336361539305, 622.5282936164936, 1595.9028958456868, 1672.0836322345815, 807.7671822532889, 3024.6344394098787, 842.7313814738275, 842.8235732263693]",3.0,0.3,145.15000000010693,15,0.5,1721880.138488127,0.14445541615561847,0.1241257545377841,16430975.452694597,84089526828.74944,"[0.046875, 0.03125]",2,1721880.138488127,0.046875,"[0.0, 0.015625, 0.03125, 0.046875, 0.0625, 0.078125, 0.09375, 0.109375, 0.125, 0.140625, 0.15625, 0.171875, 0.1875, 0.203125, 0.21875, 0.234375]","[154749.3857115524, 876106.9067081409, 1710291.3768911893, 1721880.138488127, 1236443.3975588342, 1200279.693854807, 1385236.6101417672, 1437054.0474211215, 1048940.293645176, 664501.8455336309, 393060.2971504111, 165807.08106879133, 58528.0666284641, 51528.956393843684, 141871.95181109983, 339557.73472411896]",3.0,0.3,flattop,64,32,145.15000000010693,15,21,449.5238095236124,37.99999999995245,1007.9999999997485,"[2, 5, 11, 17, 22, 25, 29, 38, 44, 52, 55, 60, 65, 74, 78, 84, 89, 95, 98, 101, 105]","[37.99999999995245, 367.9999999997556, 460.99999999984203, 192.99999999986318, 950.9999999998184, 153.9999999998247, 880.9999999995107, 242.9999999998658, 490.99999999981816, 185.99999999990848, 320.99999999979605, 942.9999999998478, 809.9999999995442, 204.9999999998876, 477.99999999977007, 275.99999999989234, 346.9999999998423, 79.00000000002899, 1007.9999999997485, 113.99999999987426, 892.9999999994666]","[1, 1, 1, 15, 1, 24, 27, 35, 35, 49, 35, 35, 63, 73, 73, 73, 35, 92, 35, 99, 99]","[3, 8, 18, 18, 35, 27, 35, 39, 49, 53, 56, 73, 73, 75, 81, 85, 92, 97, 106, 102, 106]",0.05,30,52684908.9999941,1015.9999999999231,-1015.9999999999231,DWT,uc1.l0082987033,3.818422555923462e-07,0.0,1.971329766092822e-10,3.8743019104003906e-07,0.0,2.5147528504021466e-10,1.080334186553955e-05,7.685230229981244e-11,1.0,84,0.0,4.893081495538354e-10,1.0,84,,0.0,0.0,1.0,84,0.0,0.0,5.900859832763672e-06,0.07421875,1.1641532182693481e-10,0.0,0.0,0.0,1.971329766092822e-10,4.140019882470369e-09,1.999886816996704e-10,0.0,7.685230229981244e-11,0.0,1.0692247087717988e-10,0.0,0.0,0.0,1.0692247087717988e-10,4.7549519877065904e-11,2.2287727219350018e-14,3.818422555923462e-07,9.992007221626409e-16,4.0245584642661925e-15,4.415051080286503e-08,0.0,0.0,2.4452662117369073e-14,0.32277511243021517,0.24811342861489274,0.021562159962077915,0.5319585934932632,0.12341257818448612,0.024836150396688517,0.012418075198344258,0.024836150396688517,116,0.5906513304177142,0.3339525725702187,702,0,0,0.024836150396688517,0.024836150396688517,116,0,0,0.24956437453698704,0.3394527872267071,700,337.7508943980262,0.5636293354030669,408.5,199.05991800473532,0.5179257788126446,690,sym,445.72514619883043,505.0,280.45746329325993,171,0.986117580085908,1.0,0.009717693939864401,6,519.0
sym4,1,antisymmetric,2.3575799540846764e-20,256.3703588102228,9549874.344067864,0.5614035087719298,366.48977733387375,108,raw,1.2087331958388893e-10,2.8897817469853114e-10,"[2, 5, 11, 17, 22, 25, 29, 38, 44, 52, 55, 60, 65, 74, 78, 84, 89, 95, 98, 101, 105]","[38.00000000007782, 368.0000000003223, 461.0000000000879, 193.00000000030207, 951.0000000000745, 154.00000000044452, 881.0000000007382, 243.00000000023147, 491.00000000006395, 186.00000000011653, 321.00000000022817, 942.9999999999407, 810.0000000006971, 205.00000000026034, 478.0000000002914, 276.0000000001726, 347.00000000017917, 78.99999999973454, 1008.0000000003892, 114.00000000039768, 893.00000000065]",21,5.661500571117565,138708.1941348544,0.8451804378836285,4.36592371824753e-06,0.9999999999999997,0.4907407407407407,67630.99999999959,0.12910941990476804,0.15147910127183584,188156.1212645651,82872438.25057852,8,12069.579557418432,0.027777777777777776,"[0.0, 0.009259259259259259, 0.018518518518518517, 0.027777777777777776, 0.037037037037037035, 0.046296296296296294, 0.05555555555555555, 0.06481481481481481, 0.07407407407407407, 0.08333333333333333, 0.09259259259259259, 0.10185185185185185, 0.1111111111111111, 0.12037037037037036, 0.12962962962962962, 0.1388888888888889, 0.14814814814814814, 0.15740740740740738, 0.16666666666666666, 0.17592592592592593, 0.18518518518518517, 0.19444444444444442, 0.2037037037037037, 0.21296296296296297, 0.2222222222222222, 0.23148148148148145, 0.24074074074074073]","[67630.99999999959, 1786.6346316367649, 1155.983184086871, 12069.579557418432, 1906.5778542068963, 950.5914327632606, 9083.877197385507, 2481.229636774616, 778.6316126032096, 8965.162396386664, 2042.6423114778722, 1606.7171021546224, 6927.939836299851, 1790.941198918466, 2115.0643759902755, 4469.146453398807, 811.3124818663391, 852.4454942257001, 2613.5185095976167, 1125.8336361554414, 622.5282936174083, 1595.9028958483782, 1672.083632237587, 807.7671822547414, 3024.6344394157495, 842.7313814754679, 842.8235732280706]",3.0,0.3,145.14999999986426,15,0.5,1721880.1384884932,0.14445541615569538,0.12412575453777512,16430975.452714952,84089526828.83008,"[0.046875, 0.03125]",2,1721880.1384884932,0.046875,"[0.0, 0.015625, 0.03125, 0.046875, 0.0625, 0.078125, 0.09375, 0.109375, 0.125, 0.140625, 0.15625, 0.171875, 0.1875, 0.203125, 0.21875, 0.234375]","[154749.38571154923, 876106.9067082449, 1710291.376891505, 1721880.1384884932, 1236443.3975593334, 1200279.6938556668, 1385236.610143092, 1437054.0474227758, 1048940.2936466704, 664501.8455347804, 393060.2971511971, 165807.08106916898, 58528.066628630004, 51528.956394044195, 141871.95181167388, 339557.7347254694]",3.0,0.3,flattop,64,32,145.14999999986426,15,21,449.5238095240667,38.00000000007782,1008.0000000003892,"[2, 5, 11, 17, 22, 25, 29, 38, 44, 52, 55, 60, 65, 74, 78, 84, 89, 95, 98, 101, 105]","[38.00000000007782, 368.0000000003223, 461.0000000000879, 193.00000000030207, 951.0000000000745, 154.00000000044452, 881.0000000007382, 243.00000000023147, 491.00000000006395, 186.00000000011653, 321.00000000022817, 942.9999999999407, 810.0000000006971, 205.00000000026034, 478.0000000002914, 276.0000000001726, 347.00000000017917, 78.99999999973454, 1008.0000000003892, 114.00000000039768, 893.00000000065]","[1, 1, 1, 15, 1, 24, 27, 35, 35, 49, 35, 35, 63, 73, 73, 73, 35, 92, 35, 99, 99]","[3, 8, 18, 18, 35, 27, 35, 39, 49, 53, 56, 73, 73, 75, 81, 85, 92, 97, 106, 102, 106]",0.05,30,52684909.00000489,1016.0000000000836,-1016.0000000000836,DWT,uc1.l0082987033,1.5599653124809265e-08,0.0,2.5715962692629546e-10,2.041459083557129e-06,0.0,3.8915004552109167e-10,9.551644325256348e-06,8.355982572538778e-11,1.0,84,0.0,3.019522409886122e-10,1.0,84,,0.0,0.0,1.0,84,0.0,0.0,4.887580871582031e-06,0.0064239501953125,4.0745362639427185e-10,0.0,0.0,0.0,2.5715962692629546e-10,5.400579539127648e-09,2.880716194686967e-10,0.0,8.355982572538778e-11,0.0,1.3574208423960954e-10,0.0,0.0,0.0,1.3574208423960954e-10,7.781864042044617e-11,3.058664432842306e-14,1.5599653124809265e-08,4.08006961549745e-15,4.954370247389761e-15,4.95638232678175e-08,0.0,0.0,5.2458037913538647e-14,0.2911367955260411,0.2783256434169706,0.04086531454059535,0.4786827403704791,0.13694680636892584,0.020571356894226848,0.010285678447113424,0.020571356894226848,134,0.5805293749901695,0.3282296479268778,706,0,0,0.020571356894226848,0.020571356894226848,134,0,0,0.2451914600446024,0.3335048308507299,706,330.2443539764659,0.5733277080407417,420.0,225.24761904761905,0.5153460245630066,691,sym,445.72514619883043,505.0,280.45746329325993,171,0.986117580085908,1.0,0.009717693939864401,6,519.75
rbio4.4,1,symmetric,5.715953859656456e-20,252.52413596762415,9594250.82140137,0.5689655172413793,421.72721330164416,108,raw,1.9085886780477203e-10,-1.206714729138017e-10,"[2, 5, 11, 17, 22, 25, 29, 38, 44, 52, 55, 60, 65, 74, 78, 84, 89, 95, 98, 101, 105]","[37.999999999903935, 367.9999999994861, 460.99999999961915, 192.99999999978422, 950.9999999995194, 153.99999999974784, 880.9999999990472, 242.99999999975205, 490.9999999995465, 185.99999999980207, 320.999999999558, 942.9999999995623, 809.9999999991213, 204.9999999998259, 477.9999999995224, 275.99999999979605, 346.99999999966917, 78.99999999993724, 1007.9999999992984, 113.99999999986403, 892.9999999988914]",21,5.694307383629651,111058.36728962016,0.782652928852805,4.365923718258373e-06,1.0,0.4907407407407407,67631.0,0.12910941990469105,0.15147910127184097,188156.12126441937,82872438.25057967,8,12069.579557416675,0.027777777777777776,"[0.0, 0.009259259259259259, 0.018518518518518517, 0.027777777777777776, 0.037037037037037035, 0.046296296296296294, 0.05555555555555555, 0.06481481481481481, 0.07407407407407407, 0.08333333333333333, 0.09259259259259259, 0.10185185185185185, 0.1111111111111111, 0.12037037037037036, 0.12962962962962962, 0.1388888888888889, 0.14814814814814814, 0.15740740740740738, 0.16666666666666666, 0.17592592592592593, 0.18518518518518517, 0.19444444444444442, 0.2037037037037037, 0.21296296296296297, 0.2222222222222222, 0.23148148148148145, 0.24074074074074073]","[67631.0, 1786.6346316370038, 1155.9831840869426, 12069.579557416675, 1906.5778542063001, 950.5914327632448, 9083.877197381225, 2481.2296367732874, 778.63161260223, 8965.162396378815, 2042.6423114757945, 1606.717102152371, 6927.9398362906795, 1790.9411989158277, 2115.0643759873874, 4469.14645339091, 811.312481865255, 852.445494223655, 2613.518509592354, 1125.8336361535082, 622.5282936165237, 1595.9028958444876, 1672.0836322334303, 807.7671822533248, 3024.6344394085863, 842.7313814733764, 842.8235732257958]",3.0,0.3,145.15000000022488,15,0.5,1721880.1384875875,0.14445541615560167,0.12412575453778943,16430975.452681314,84089526828.63234,"[0.046875, 0.03125]",2,1721880.1384875875,0.046875,"[0.0, 0.015625, 0.03125, 0.046875, 0.0625, 0.078125, 0.09375, 0.109375, 0.125, 0.140625, 0.15625, 0.171875, 0.1875, 0.203125, 0.21875, 0.234375]","[154749.38571153532, 876106.906707949, 1710291.376890704, 1721880.1384875875, 1236443.3975581387, 1200279.6938536984, 1385236.610140195, 1437054.0474193553, 1048940.2936437747, 664501.8455326963, 393060.29714985634, 165807.08106856322, 58528.06662839383, 51528.95639380592, 141871.95181100644, 339557.7347238834]",3.0,0.3,flattop,64,32,145.15000000022488,15,21,449.52380952339314,37.999999999903935,1007.9999999992984,"[2, 5, 11, 17, 22, 25, 29, 38, 44, 52, 55, 60, 65, 74, 78, 84, 89, 95, 98, 101, 105]","[37.999999999903935, 367.9999999994861, 460.99999999961915, 192.99999999978422, 950.9999999995194, 153.99999999974784, 880.9999999990472, 242.99999999975205, 490.9999999995465, 185.99999999980207, 320.999999999558, 942.9999999995623, 809.9999999991213, 204.9999999998259, 477.9999999995224, 275.99999999979605, 346.99999999966917, 78.99999999993724, 1007.9999999992984, 113.99999999986403, 892.9999999988914]","[1, 1, 1, 15, 1, 24, 27, 35, 35, 49, 35, 35, 63, 73, 73, 73, 35, 92, 35, 99, 99]","[3, 8, 18, 18, 35, 27, 35, 39, 49, 53, 56, 73, 73, 75, 81, 85, 92, 97, 106, 102, 106]",0.05,30,52684908.999986686,1015.9999999998413,-1015.9999999998413,DWT,uc1.l0082987033,9.213108569383621e-07,0.0,4.163780431554187e-10,8.940696716308594e-07,0.0,7.015614755800925e-10,2.4085864424705505e-05,1.5870682545937598e-10,1.0,84,0.0,1.4551915228366852e-09,1.0,84,,0.0,0.0,1.0,84,0.0,0.0,1.3314187526702881e-05,0.191314697265625,0.0,0.0,0.0,0.0,4.163780431554187e-10,8.743882062844932e-09,4.164403002332186e-10,0.0,1.5870682545937598e-10,0.0,2.248725650133565e-10,0.0,0.0,0.0,2.248725650133565e-10,9.606537787476555e-11,4.6407322429331543e-14,9.213108569383621e-07,1.0547118733938987e-15,9.353628982466944e-15,9.615905582904816e-08,0.0,0.0,4.1244785364824565e-14,0.2516488872394518,0.32036243850693613,0.04516999110144051,0.5630899633981896,0.062101418306708886,0.05603813227131613,0.028019066135658063,0.05603813227131613,84,0.5838320998298189,0.33009699910326884,705,0,0,0.05603813227131613,0.05603813227131613,83,0,0,0.2484745397105454,0.3379704143113472,701,357.67245257824,0.5378908881418087,393.25,149.26527202340586,0.5149079763706459,692,rbio,366.5925925925926,360.0,210.3588723315502,135,0.8110455588331695,0.7500562468954116,0.20725123474815782,3,519.75
sym15,1,periodization,1.1829934695752554e-20,259.36519963963417,9354237.544020934,0.5740740740740741,485.75678368991584,108,raw,8.654684376570762e-11,-1.624755885562918e-10,"[2, 5, 11, 17, 22, 25, 29, 38, 44, 52, 55, 60, 65, 74, 78, 84, 89, 95, 98, 101, 105]","[37.99999999995103, 367.9999999997587, 460.99999999984215, 192.99999999986295, 950.9999999997727, 153.99999999982492, 880.9999999995107, 242.9999999998658, 490.9999999998179, 185.99999999990894, 320.9999999997957, 942.9999999998478, 809.9999999995442, 204.99999999988762, 477.99999999977007, 275.99999999989177, 346.9999999998421, 79.00000000002854, 1007.9999999997292, 113.99999999987313, 892.9999999994704]",21,5.632197039262953,95467.34242109732,0.822619045921891,4.3659237182545925e-06,1.0,0.4907407407407407,67631.00000000006,0.12910941990471506,0.15147910127184094,188156.12126447115,82872438.2505805,8,12069.579557417499,0.027777777777777776,"[0.0, 0.009259259259259259, 0.018518518518518517, 0.027777777777777776, 0.037037037037037035, 0.046296296296296294, 0.05555555555555555, 0.06481481481481481, 0.07407407407407407, 0.08333333333333333, 0.09259259259259259, 0.10185185185185185, 0.1111111111111111, 0.12037037037037036, 0.12962962962962962, 0.1388888888888889, 0.14814814814814814, 0.15740740740740738, 0.16666666666666666, 0.17592592592592593, 0.18518518518518517, 0.19444444444444442, 0.2037037037037037, 0.21296296296296297, 0.2222222222222222, 0.23148148148148145, 0.24074074074074073]","[67631.00000000006, 1786.6346316369943, 1155.9831840869101, 12069.579557417499, 1906.577854206672, 950.591432763472, 9083.877197383534, 2481.2296367739136, 778.6316126027306, 8965.162396383106, 2042.6423114771735, 1606.7171021535007, 6927.9398362952825, 1790.9411989169512, 2115.0643759885893, 4469.146453394378, 811.3124818654409, 852.4454942245729, 2613.5185095942993, 1125.8336361539243, 622.5282936164615, 1595.9028958457254, 1672.0836322346136, 807.767182253256, 3024.6344394098896, 842.7313814738437, 842.8235732263948]",3.0,0.3,145.1500000001162,15,0.5,1721880.1384881278,0.14445541615561833,0.12412575453778411,16430975.452694617,84089526828.74965,"[0.046875, 0.03125]",2,1721880.1384881278,0.046875,"[0.0, 0.015625, 0.03125, 0.046875, 0.0625, 0.078125, 0.09375, 0.109375, 0.125, 0.140625, 0.15625, 0.171875, 0.1875, 0.203125, 0.21875, 0.234375]","[154749.38571155787, 876106.9067081504, 1710291.3768911944, 1721880.1384881278, 1236443.3975588346, 1200279.6938548072, 1385236.6101417677, 1437054.0474211213, 1048940.293645176, 664501.8455336308, 393060.29715041106, 165807.08106879136, 58528.066628464076, 51528.9563938437, 141871.9518110999, 339557.734724119]",3.0,0.3,flattop,64,32,145.1500000001162,15,21,449.5238095236094,37.99999999995103,1007.9999999997292,"[2, 5, 11, 17, 22, 25, 29, 38, 44, 52, 55, 60, 65, 74, 78, 84, 89, 95, 98, 101, 105]","[37.99999999995103, 367.9999999997587, 460.99999999984215, 192.99999999986295, 950.9999999997727, 153.99999999982492, 880.9999999995107, 242.9999999998658, 490.9999999998179, 185.99999999990894, 320.9999999997957, 942.9999999998478, 809.9999999995442, 204.99999999988762, 477.99999999977007, 275.99999999989177, 346.9999999998421, 79.00000000002854, 1007.9999999997292, 113.99999999987313, 892.9999999994704]","[1, 1, 1, 15, 1, 24, 27, 35, 35, 49, 35, 35, 63, 73, 73, 73, 35, 92, 35, 99, 99]","[3, 8, 18, 18, 35, 27, 35, 39, 49, 53, 56, 73, 73, 75, 81, 85, 92, 97, 106, 102, 106]",0.05,30,52684908.999994144,1015.9999999999233,-1015.9999999999233,DWT,uc1.l0082987033,3.809109330177307e-07,0.0,2.0014567780890502e-10,5.960464477539063e-08,0.0,2.708020474528894e-10,1.078285276889801e-05,7.673861546209082e-11,1.0,84,0.0,6.311893230304122e-10,1.0,84,,0.0,0.0,1.0,84,0.0,0.0,5.856156349182129e-06,0.074005126953125,5.820766091346741e-11,0.0,0.0,0.0,2.0014567780890502e-10,4.203684511594474e-09,2.028917563057759e-10,0.0,7.673861546209082e-11,0.0,1.1618794815149158e-10,0.0,0.0,0.0,1.1618794815149158e-10,4.8970605348586105e-11,2.2398749521812533e-14,3.809109330177307e-07,1.0269562977782698e-15,4.038436252074007e-15,4.43833414465189e-08,0.0,0.0,2.4591439995447217e-14,0.3218838439536429,0.2407777541323649,0.021887847238004823,0.6201117318435755,0.019898032618114632,0.024647997742168144,0.012323998871084072,0.024647997742168144,121,0.5804670128420467,0.32819438854672556,707,0,0,0.024647997742168144,0.024647997742168144,122,0,0,0.24491184195714055,0.33312449956617046,707,338.03882913061926,0.5632573267046262,414.25,207.3609139451136,0.5140253041791865,693,sym,445.72514619883043,505.0,280.45746329325993,171,0.986117580085908,1.0,0.009717693939864401,6,521.25
sym6,1,periodization,5.744256499035033e-20,252.50268486906603,9394595.223826488,0.5833333333333334,425.7136707479741,108,raw,1.8914723285577027e-10,-1.108609871108298e-10,"[2, 5, 11, 17, 22, 25, 29, 38, 44, 52, 55, 60, 65, 74, 78, 84, 89, 95, 98, 101, 105]","[38.000000000124544, 368.00000000048544, 461.00000000012335, 193.00000000047555, 950.9999999999867, 154.0000000006885, 881.0000000011825, 243.00000000035726, 491.0000000001166, 186.00000000016803, 321.0000000003388, 942.9999999999145, 810.0000000011092, 205.0000000003961, 478.0000000004497, 276.0000000002533, 347.0000000002808, 78.99999999956583, 1008.0000000004876, 114.00000000063028, 893.0000000010449]",21,5.608002020819922,95467.34242116315,0.8259982166795989,4.365923718245351e-06,1.0,0.4907407407407407,67631.0,0.12910941990478442,0.15147910127183414,188156.12126459257,82872438.25057891,8,12069.579557418334,0.027777777777777776,"[0.0, 0.009259259259259259, 0.018518518518518517, 0.027777777777777776, 0.037037037037037035, 0.046296296296296294, 0.05555555555555555, 0.06481481481481481, 0.07407407407407407, 0.08333333333333333, 0.09259259259259259, 0.10185185185185185, 0.1111111111111111, 0.12037037037037036, 0.12962962962962962, 0.1388888888888889, 0.14814814814814814, 0.15740740740740738, 0.16666666666666666, 0.17592592592592593, 0.18518518518518517, 0.19444444444444442, 0.2037037037037037, 0.21296296296296297, 0.2222222222222222, 0.23148148148148145, 0.24074074074074073]","[67631.0, 1786.6346316370036, 1155.9831840869479, 12069.579557418334, 1906.5778542068995, 950.5914327636434, 9083.877197385744, 2481.2296367746926, 778.6316126030302, 8965.162396387253, 2042.6423114782822, 1606.7171021545166, 6927.939836300326, 1790.9411989184462, 2115.064375990621, 4469.146453399286, 811.3124818664629, 852.4454942257927, 2613.518509598529, 1125.8336361559625, 622.5282936177136, 1595.9028958492531, 1672.083632238628, 807.7671822553331, 3024.634439418088, 842.7313814762198, 842.8235732288307]",3.0,0.3,145.1499999997627,15,0.5,1721880.1384886305,0.1444554161557242,0.1241257545377736,16430975.452721214,84089526828.84613,"[0.046875, 0.03125]",2,1721880.1384886305,0.046875,"[0.0, 0.015625, 0.03125, 0.046875, 0.0625, 0.078125, 0.09375, 0.109375, 0.125, 0.140625, 0.15625, 0.171875, 0.1875, 0.203125, 0.21875, 0.234375]","[154749.38571156072, 876106.906708304, 1710291.3768916319, 1721880.1384886305, 1236443.3975594826, 1200279.6938558682, 1385236.610143358, 1437054.047423082, 1048940.293646929, 664501.8455349817, 393060.2971513447, 165807.0810692475, 58528.066628676585, 51528.95639412902, 141871.9518119283, 339557.73472605686]",3.0,0.3,flattop,64,32,145.1499999997627,15,21,449.52380952419895,38.000000000124544,1008.0000000004876,"[2, 5, 11, 17, 22, 25, 29, 38, 44, 52, 55, 60, 65, 74, 78, 84, 89, 95, 98, 101, 105]","[38.000000000124544, 368.00000000048544, 461.00000000012335, 193.00000000047555, 950.9999999999867, 154.0000000006885, 881.0000000011825, 243.00000000035726, 491.0000000001166, 186.00000000016803, 321.0000000003388, 942.9999999999145, 810.0000000011092, 205.0000000003961, 478.0000000004497, 276.0000000002533, 347.0000000002808, 78.99999999956583, 1008.0000000004876, 114.00000000063028, 893.0000000010449]","[1, 1, 1, 15, 1, 24, 27, 35, 35, 49, 35, 35, 63, 73, 73, 73, 35, 92, 35, 99, 99]","[3, 8, 18, 18, 35, 27, 35, 39, 49, 53, 56, 73, 73, 75, 81, 85, 92, 97, 106, 102, 106]",0.05,30,52684909.00000827,1016.0000000001355,-1016.0000000001355,DWT,uc1.l0082987033,1.2177042663097382e-07,0.0,3.894342626153957e-10,1.6540288925170898e-06,0.0,4.876028469880112e-10,1.5813857316970825e-05,1.355147105641663e-10,1.0,84,0.0,2.0372681319713593e-10,1.0,84,,0.0,0.0,1.0,84,0.0,0.0,8.27014446258545e-06,0.0224761962890625,0.0,0.0,0.0,0.0,3.894342626153957e-10,8.17817635834217e-09,4.4025633932116236e-10,0.0,1.355147105641663e-10,0.0,2.3729285203444306e-10,0.0,0.0,0.0,2.3729285203444306e-10,1.2454393072403036e-10,4.696243394164412e-14,1.2177042663097382e-07,5.773159728050814e-15,6.480926906249351e-15,7.703783921897411e-08,0.0,0.0,8.126832540256146e-14,0.25142865584694696,0.2097756251656165,0.025802686106431435,0.7234636871508384,0.019898032618292844,0.034808241086267996,0.017404120543133998,0.034808241086267996,97,0.5659910370518447,0.3200097132456756,709,0,0,0.034808241086267996,0.034808241086267996,96,0,0,0.24607373737762522,0.33470488795165704,703,351.9037510456517,0.5453439908970908,401.25,169.78752148190102,0.5134665690919562,694,sym,445.72514619883043,505.0,280.45746329325993,171,0.986117580085908,1.0,0.009717693939864401,6,522.0
db25,1,zero,4.085493097897282e-26,313.9825783005116,9437076.6916432,0.5961538461538461,175.73450551155565,108,raw,1.4385200849439443e-13,-1.1839107472155842e-10,"[2, 5, 11, 17, 22, 25, 29, 38, 44, 52, 55, 60, 65, 74, 78, 84, 89, 95, 98, 101, 105]","[37.99999999999997, 367.99999999999983, 460.9999999999998, 193.00000000000023, 951.0000000000001, 153.99999999999966, 881.0000000000002, 243.0, 491.00000000000017, 185.99999999999966, 321.0000000000002, 943.0, 809.9999999999998, 204.99999999999994, 477.99999999999966, 275.9999999999999, 347.0, 79.00000000000011, 1007.9999999999999, 114.00000000000023, 892.9999999999998]",21,5.582757322154008,149671.54478961212,0.9215850335797002,4.3659237182512925e-06,1.0,0.4907407407407407,67631.0,0.1291094199047374,0.15147910127183992,188156.1212645155,82872438.25058056,8,12069.579557418134,0.027777777777777776,"[0.0, 0.009259259259259259, 0.018518518518518517, 0.027777777777777776, 0.037037037037037035, 0.046296296296296294, 0.05555555555555555, 0.06481481481481481, 0.07407407407407407, 0.08333333333333333, 0.09259259259259259, 0.10185185185185185, 0.1111111111111111, 0.12037037037037036, 0.12962962962962962, 0.1388888888888889, 0.14814814814814814, 0.15740740740740738, 0.16666666666666666, 0.17592592592592593, 0.18518518518518517, 0.19444444444444442, 0.2037037037037037, 0.21296296296296297, 0.2222222222222222, 0.23148148148148145, 0.24074074074074073]","[67631.0, 1786.6346316369984, 1155.983184086938, 12069.579557418134, 1906.577854206841, 950.5914327635999, 9083.87719738518, 2481.2296367744866, 778.6316126029462, 8965.162396385995, 2042.6423114779182, 1606.717102154149, 6927.939836298323, 1790.941198917795, 2115.064375989647, 4469.146453396726, 811.312481865884, 852.4454942250568, 2613.518509595829, 1125.8336361545933, 622.528293616837, 1595.902895846698, 1672.0836322356415, 807.7671822537578, 3024.6344394117586, 842.7313814743665, 842.8235732269216]",3.0,0.3,145.15000000000003,15,0.5,1721880.1384885097,0.14445541615564295,0.1241257545377801,16430975.452705408,84089526828.8238,"[0.046875, 0.03125]",2,1721880.1384885097,0.046875,"[0.0, 0.015625, 0.03125, 0.046875, 0.0625, 0.078125, 0.09375, 0.109375, 0.125, 0.140625, 0.15625, 0.171875, 0.1875, 0.203125, 0.21875, 0.234375]","[154749.38571156518, 876106.906708278, 1710291.3768915331, 1721880.1384885097, 1236443.3975593033, 1200279.693855528, 1385236.6101427828, 1437054.0474222812, 1048940.2936461223, 664501.8455342907, 393060.2971508253, 165807.0810689747, 58528.0666285327, 51528.95639390752, 141871.95181127617, 339557.7347245398]",3.0,0.3,flattop,64,32,145.15000000000003,15,21,449.5238095238095,37.99999999999997,1007.9999999999999,"[2, 5, 11, 17, 22, 25, 29, 38, 44, 52, 55, 60, 65, 74, 78, 84, 89, 95, 98, 101, 105]","[37.99999999999997, 367.99999999999983, 460.9999999999998, 193.00000000000023, 951.0000000000001, 153.99999999999966, 881.0000000000002, 243.0, 491.00000000000017, 185.99999999999966, 321.0000000000002, 943.0, 809.9999999999998, 204.99999999999994, 477.99999999999966, 275.9999999999999, 347.0, 79.00000000000011, 1007.9999999999999, 114.00000000000023, 892.9999999999998]","[1, 1, 1, 15, 1, 24, 27, 35, 35, 49, 35, 35, 63, 73, 73, 73, 35, 92, 35, 99, 99]","[3, 8, 18, 18, 35, 27, 35, 39, 49, 53, 56, 73, 73, 75, 81, 85, 92, 97, 106, 102, 106]",0.05,30,52684909.0,1015.9999999999998,-1015.9999999999998,DWT,uc1.l0082987033,9.313225746154785e-10,0.0,0.0,0.0,0.0,1.1368683772161603e-13,7.450580596923828e-09,2.2737367544323206e-13,1.0,84,0.0,3.637978807091713e-12,1.0,84,,0.0,0.0,1.0,84,0.0,0.0,0.0,0.000152587890625,0.0,0.0,0.0,0.0,0.0,0.0,1.664700123780806e-13,0.0,2.2737367544323206e-13,0.0,2.842170943040401e-14,0.0,0.0,0.0,2.842170943040401e-14,2.842170943040401e-14,5.551115123125783e-17,9.313225746154785e-10,0.0,2.7755575615628914e-17,2.9103830456733704e-11,0.0,0.0,2.7755575615628914e-17,0.8826225550672927,0.17742849529629498,0.029923539985989463,0.8665663944993554,0.1666235287155229,0.0,0.0,0.0,718,1.046525519967469,0.5917025352442016,244,0,0,0.0,0.0,711,0,0,0.4246329027128911,0.5775777197425875,197,285.8700170823563,0.6306588926584544,467.5,334.06465071890057,0.513326862349899,695,db,413.2962962962963,398.0,188.41229481502944,243,0.9143723369387087,0.671803462110104,0.15839832550987273,5,522.5
sym2,1,antisymmetric,2.3686528994721035e-20,256.3500088696761,9470025.90925973,0.5818181818181818,364.2672432438468,108,raw,1.1815812525936864e-10,-7.632794399115401e-11,"[2, 5, 11, 17, 22, 25, 29, 38, 44, 52, 55, 60, 65, 74, 78, 84, 89, 95, 98, 101, 105]","[37.99999999992707, 367.999999999636, 460.99999999982316, 192.99999999974574, 950.9999999998317, 153.99999999964552, 880.999999999246, 242.9999999997782, 490.99999999981833, 185.99999999986358, 320.9999999997167, 942.999999999898, 809.9999999992935, 204.9999999997833, 477.9999999996684, 275.9999999998272, 346.9999999997841, 79.0000000001412, 1007.9999999996575, 113.99999999971294, 892.9999999992485]",21,5.563539998936126,101450.72259067361,0.8658448134636252,4.365923718255742e-06,1.0,0.4907407407407407,67630.99999999997,0.12910941990470456,0.15147910127184275,188156.12126445587,82872438.250581,8,12069.579557417757,0.027777777777777776,"[0.0, 0.009259259259259259, 0.018518518518518517, 0.027777777777777776, 0.037037037037037035, 0.046296296296296294, 0.05555555555555555, 0.06481481481481481, 0.07407407407407407, 0.08333333333333333, 0.09259259259259259, 0.10185185185185185, 0.1111111111111111, 0.12037037037037036, 0.12962962962962962, 0.1388888888888889, 0.14814814814814814, 0.15740740740740738, 0.16666666666666666, 0.17592592592592593, 0.18518518518518517, 0.19444444444444442, 0.2037037037037037, 0.21296296296296297, 0.2222222222222222, 0.23148148148148145, 0.24074074074074073]","[67630.99999999997, 1786.634631636967, 1155.9831840869128, 12069.579557417757, 1906.5778542067333, 950.5914327634733, 9083.877197383994, 2481.229636774048, 778.6316126027906, 8965.16239638344, 2042.6423114771856, 1606.717102153519, 6927.9398362950615, 1790.9411989168466, 2115.0643759883583, 4469.146453393731, 811.3124818652892, 852.445494224381, 2613.5185095935744, 1125.833636153558, 622.5282936162356, 1595.9028958450808, 1672.083632233879, 807.7671822528796, 3024.6344394083817, 842.7313814734243, 842.8235732259653]",3.0,0.3,145.15000000014962,15,0.5,1721880.1384882429,0.1444554161555976,0.12412575453778628,16430975.452691946,84089526828.76021,"[0.046875, 0.03125]",2,1721880.1384882429,0.046875,"[0.0, 0.015625, 0.03125, 0.046875, 0.0625, 0.078125, 0.09375, 0.109375, 0.125, 0.140625, 0.15625, 0.171875, 0.1875, 0.203125, 0.21875, 0.234375]","[154749.3857115643, 876106.9067081964, 1710291.3768912998, 1721880.1384882429, 1236443.3975589292, 1200279.6938548726, 1385236.6101417767, 1437054.0474210475, 1048940.2936450313, 664501.8455334727, 393060.29715028073, 165807.08106872026, 58528.06662842755, 51528.95639379196, 141871.951810949, 339557.7347237662]",3.0,0.3,flattop,64,32,145.15000000014962,15,21,449.52380952352604,37.99999999992707,1007.9999999996575,"[2, 5, 11, 17, 22, 25, 29, 38, 44, 52, 55, 60, 65, 74, 78, 84, 89, 95, 98, 101, 105]","[37.99999999992707, 367.999999999636, 460.99999999982316, 192.99999999974574, 950.9999999998317, 153.99999999964552, 880.999999999246, 242.9999999997782, 490.99999999981833, 185.99999999986358, 320.9999999997167, 942.999999999898, 809.9999999992935, 204.9999999997833, 477.9999999996684, 275.9999999998272, 346.9999999997841, 79.0000000001412, 1007.9999999996575, 113.99999999971294, 892.9999999992485]","[1, 1, 1, 15, 1, 24, 27, 35, 35, 49, 35, 35, 63, 73, 73, 73, 35, 92, 35, 99, 99]","[3, 8, 18, 18, 35, 27, 35, 39, 49, 53, 56, 73, 73, 75, 81, 85, 92, 97, 106, 102, 106]",0.05,30,52684908.99999278,1015.9999999998986,-1015.9999999998986,DWT,uc1.l0082987033,2.658925950527191e-07,0.0,2.8347812985884957e-10,4.3213367462158203e-07,0.0,3.425384420552291e-10,1.3453885912895203e-05,1.014086592476815e-10,1.0,84,0.0,3.728928277269006e-10,1.0,84,,0.0,0.0,1.0,84,0.0,0.0,7.2196125984191895e-06,0.063446044921875,2.9103830456733704e-11,0.0,0.0,0.0,2.8347812985884957e-10,5.953552317805588e-09,2.9693648598151325e-10,0.0,1.014086592476815e-10,0.0,1.496118784416467e-10,0.0,0.0,0.0,1.496118784416467e-10,7.293010639841668e-11,3.289035710452026e-14,2.658925950527191e-07,2.831068712794149e-15,6.203371150093062e-15,5.966285243630409e-08,0.0,0.0,4.5324854980322016e-14,0.2909278693616376,0.1528045036180379,0.033119731601337944,0.7065515490096493,0.03609445993110882,0.03038665370503936,0.01519332685251968,0.03038665370503936,101,0.5645772428029738,0.3192103580217375,714,0,0,0.03038665370503936,0.03038665370503936,102,0,0,0.24389962270435434,0.33174769790014624,709,352.1898162449713,0.5449743976163162,406.5,177.6521648488723,0.5098902995833519,696,sym,445.72514619883043,505.0,280.45746329325993,171,0.986117580085908,1.0,0.009717693939864401,6,523.5
db6,1,antireflect,9.976607000047882e-27,320.1051944641805,9648032.878996875,0.5508474576271186,462.0352056306855,108,raw,6.659693372899645e-14,-1.1057155191451846e-10,"[2, 5, 11, 17, 22, 25, 29, 38, 44, 52, 55, 60, 65, 74, 78, 84, 89, 95, 98, 101, 105]","[37.99999999999994, 368.0000000000002, 460.99999999999994, 193.0, 950.9999999999999, 153.9999999999999, 880.9999999999998, 242.99999999999986, 491.0, 186.0, 320.9999999999999, 942.9999999999999, 810.0000000000003, 205.00000000000003, 477.99999999999966, 276.0, 347.0, 79.0, 1008.0000000000001, 114.0, 893.0000000000001]",21,5.750567533933601,176375.41939031868,0.8558836156004253,4.365923718251291e-06,1.0,0.4907407407407407,67631.0,0.12910941990473745,0.15147910127183992,188156.1212645155,82872438.25058056,8,12069.57955741813,0.027777777777777776,"[0.0, 0.009259259259259259, 0.018518518518518517, 0.027777777777777776, 0.037037037037037035, 0.046296296296296294, 0.05555555555555555, 0.06481481481481481, 0.07407407407407407, 0.08333333333333333, 0.09259259259259259, 0.10185185185185185, 0.1111111111111111, 0.12037037037037036, 0.12962962962962962, 0.1388888888888889, 0.14814814814814814, 0.15740740740740738, 0.16666666666666666, 0.17592592592592593, 0.18518518518518517, 0.19444444444444442, 0.2037037037037037, 0.21296296296296297, 0.2222222222222222, 0.23148148148148145, 0.24074074074074073]","[67631.0, 1786.6346316370032, 1155.9831840869385, 12069.57955741813, 1906.5778542068444, 950.5914327636023, 9083.877197385176, 2481.2296367744834, 778.6316126029452, 8965.162396385991, 2042.6423114779172, 1606.7171021541496, 6927.939836298323, 1790.9411989177943, 2115.064375989649, 4469.146453396726, 811.3124818658861, 852.4454942250564, 2613.518509595828, 1125.833636154594, 622.5282936168364, 1595.9028958466974, 1672.0836322356424, 807.767182253756, 3024.634439411759, 842.7313814743661, 842.8235732269184]",3.0,0.3,145.15000000000003,15,0.5,1721880.1384885085,0.14445541615564295,0.1241257545377801,16430975.452705404,84089526828.82368,"[0.046875, 0.03125]",2,1721880.1384885085,0.046875,"[0.0, 0.015625, 0.03125, 0.046875, 0.0625, 0.078125, 0.09375, 0.109375, 0.125, 0.140625, 0.15625, 0.171875, 0.1875, 0.203125, 0.21875, 0.234375]","[154749.3857115656, 876106.9067082779, 1710291.3768915324, 1721880.1384885085, 1236443.3975593029, 1200279.693855527, 1385236.6101427816, 1437054.047422281, 1048940.2936461223, 664501.8455342909, 393060.29715082515, 165807.0810689745, 58528.06662853264, 51528.95639390756, 141871.95181127626, 339557.73472453986]",3.0,0.3,flattop,64,32,145.15000000000003,15,21,449.5238095238095,37.99999999999994,1008.0000000000001,"[2, 5, 11, 17, 22, 25, 29, 38, 44, 52, 55, 60, 65, 74, 78, 84, 89, 95, 98, 101, 105]","[37.99999999999994, 368.0000000000002, 460.99999999999994, 193.0, 950.9999999999999, 153.9999999999999, 880.9999999999998, 242.99999999999986, 491.0, 186.0, 320.9999999999999, 942.9999999999999, 810.0000000000003, 205.00000000000003, 477.99999999999966, 276.0, 347.0, 79.0, 1008.0000000000001, 114.0, 893.0000000000001]","[1, 1, 1, 15, 1, 24, 27, 35, 35, 49, 35, 35, 63, 73, 73, 73, 35, 92, 35, 99, 99]","[3, 8, 18, 18, 35, 27, 35, 39, 49, 53, 56, 73, 73, 75, 81, 85, 92, 97, 106, 102, 106]",0.05,30,52684909.0,1016.0,-1016.0,DWT,uc1.l0082987033,2.3283064365386963e-10,0.0,0.0,0.0,0.0,1.1368683772161603e-13,3.725290298461914e-09,0.0,1.0,84,0.0,0.0,1.0,84,,0.0,0.0,1.0,84,0.0,0.0,0.0,3.0517578125e-05,0.0,0.0,0.0,0.0,0.0,0.0,1.0015269037380456e-13,0.0,0.0,0.0,2.842170943040401e-14,0.0,0.0,0.0,2.842170943040401e-14,5.684341886080802e-14,0.0,2.3283064365386963e-10,0.0,2.7755575615628914e-17,2.9103830456733704e-11,0.0,0.0,2.7755575615628914e-17,0.9454814468785635,0.3924510149020533,0.050387042490749115,0.36085597954739124,0.23890831619147612,0.0,0.0,0.0,754,1.028613615119086,0.5815751954826537,255,0,0,0.0,0.0,690,0,0,0.39761676000204665,0.5408308685130203,267,267.48270972158184,0.6544151037188866,491.5,383.0528865221342,0.5097010919111229,697,db,413.2962962962963,398.0,188.41229481502944,243,0.9143723369387087,0.671803462110104,0.15839832550987273,5,524.0
bior4.4,1,smooth,5.456915054083732e-20,252.72555117858786,9279793.32196898,0.5775862068965517,354.46320186948185,108,raw,1.8841941998407159e-10,1.5808354616850672e-10,"[2, 5, 11, 17, 22, 25, 29, 38, 44, 52, 55, 60, 65, 74, 78, 84, 89, 95, 98, 101, 105]","[37.99999999991903, 367.99999999948636, 460.99999999961904, 192.99999999978434, 950.9999999995179, 153.99999999974796, 880.9999999990476, 242.99999999975205, 490.9999999995465, 185.99999999980196, 320.99999999955776, 942.9999999995626, 809.9999999991213, 204.99999999982583, 477.9999999995222, 275.99999999979593, 346.9999999996694, 78.99999999993679, 1007.9999999994757, 113.9999999998638, 892.9999999988873]",21,5.640045502091505,102984.547212546,0.81110915291533,4.365923718258232e-06,1.0,0.4907407407407407,67630.99999999974,0.12910941990469232,0.15147910127184097,188156.12126442094,82872438.25057918,8,12069.579557416904,0.027777777777777776,"[0.0, 0.009259259259259259, 0.018518518518518517, 0.027777777777777776, 0.037037037037037035, 0.046296296296296294, 0.05555555555555555, 0.06481481481481481, 0.07407407407407407, 0.08333333333333333, 0.09259259259259259, 0.10185185185185185, 0.1111111111111111, 0.12037037037037036, 0.12962962962962962, 0.1388888888888889, 0.14814814814814814, 0.15740740740740738, 0.16666666666666666, 0.17592592592592593, 0.18518518518518517, 0.19444444444444442, 0.2037037037037037, 0.21296296296296297, 0.2222222222222222, 0.23148148148148145, 0.24074074074074073]","[67630.99999999974, 1786.634631636805, 1155.9831840868364, 12069.579557416904, 1906.5778542064554, 950.5914327630285, 9083.877197381418, 2481.2296367731974, 778.6316126025512, 8965.162396378819, 2042.6423114757754, 1606.717102152657, 6927.9398362907505, 1790.9411989158814, 2115.064375987074, 4469.146453391177, 811.3124818650017, 852.4454942239612, 2613.518509592406, 1125.833636153249, 622.5282936162389, 1595.9028958447434, 1672.0836322337002, 807.7671822530622, 3024.634439408696, 842.7313814734742, 842.8235732259957]",3.0,0.3,145.15000000023167,15,0.5,1721880.138487588,0.1444554161556016,0.12412575453778944,16430975.45268133,84089526828.63249,"[0.046875, 0.03125]",2,1721880.138487588,0.046875,"[0.0, 0.015625, 0.03125, 0.046875, 0.0625, 0.078125, 0.09375, 0.109375, 0.125, 0.140625, 0.15625, 0.171875, 0.1875, 0.203125, 0.21875, 0.234375]","[154749.38571153872, 876106.9067079551, 1710291.376890708, 1721880.138487588, 1236443.3975581392, 1200279.6938536982, 1385236.6101401956, 1437054.0474193553, 1048940.2936437747, 664501.8455326962, 393060.29714985646, 165807.08106856328, 58528.066628393906, 51528.95639380595, 141871.95181100664, 339557.7347238836]",3.0,0.3,flattop,64,32,145.15000000023167,15,21,449.5238095234019,37.99999999991903,1007.9999999994757,"[2, 5, 11, 17, 22, 25, 29, 38, 44, 52, 55, 60, 65, 74, 78, 84, 89, 95, 98, 101, 105]","[37.99999999991903, 367.99999999948636, 460.99999999961904, 192.99999999978434, 950.9999999995179, 153.99999999974796, 880.9999999990476, 242.99999999975205, 490.9999999995465, 185.99999999980196, 320.99999999955776, 942.9999999995626, 809.9999999991213, 204.99999999982583, 477.9999999995222, 275.99999999979593, 346.9999999996694, 78.99999999993679, 1007.9999999994757, 113.9999999998638, 892.9999999988873]","[1, 1, 1, 15, 1, 24, 27, 35, 35, 49, 35, 35, 63, 73, 73, 73, 35, 92, 35, 99, 99]","[3, 8, 18, 18, 35, 27, 35, 39, 49, 53, 56, 73, 73, 75, 81, 85, 92, 97, 106, 102, 106]",0.05,30,52684908.99998669,1015.9999999998413,-1015.9999999998413,DWT,uc1.l0082987033,9.208451956510544e-07,0.0,4.076241566508543e-10,1.385807991027832e-06,0.0,5.243236955720931e-10,2.4070963263511658e-05,1.5870682545937598e-10,1.0,84,0.0,1.2259988579899073e-09,1.0,84,,0.0,0.0,1.0,84,0.0,0.0,1.3306736946105957e-05,0.191162109375,2.6193447411060333e-10,0.0,0.0,0.0,4.076241566508543e-10,8.5601641330868e-09,4.075524256699108e-10,0.0,1.5870682545937598e-10,0.0,2.3166535356722306e-10,0.0,0.0,0.0,2.3166535356722306e-10,8.097345016722102e-11,4.5130565951012613e-14,9.208451956510544e-07,1.0547118733938987e-15,9.367506770274758e-15,9.458744898438454e-08,0.0,0.0,4.132805209167145e-14,0.2537167511421802,0.2508343307526485,0.014666492209100011,0.6593141976497784,0.04024637378163655,0.05600677349556274,0.02800338674778137,0.05600677349556274,86,0.5648046907387483,0.3193389564339749,713,0,0,0.05600677349556274,0.05600677349556274,87,0,0,0.24375562910706872,0.3315518405065095,710,360.84622763720284,0.5337904035695054,399.0,154.24282427767946,0.5091432638002565,698,bior,385.74074074074076,410.0,199.97417605530825,135,0.8534087184529663,0.7130285416801533,0.18870533457887761,4,524.5
db7,1,periodization,1.959691912883858e-26,317.1731451077015,9396090.690632649,0.5370370370370371,396.1453367234945,108,raw,1.024283538644912e-13,-1.0677747575016445e-10,"[2, 5, 11, 17, 22, 25, 29, 38, 44, 52, 55, 60, 65, 74, 78, 84, 89, 95, 98, 101, 105]","[38.0, 368.00000000000017, 460.99999999999983, 193.00000000000023, 951.0, 153.9999999999999, 881.0000000000005, 242.99999999999997, 491.0000000000002, 186.0, 320.99999999999966, 943.0000000000002, 809.9999999999999, 205.00000000000006, 478.0, 276.0000000000002, 347.00000000000057, 79.0, 1007.9999999999999, 113.99999999999989, 892.9999999999999]",21,5.607109460163444,95467.34242112482,0.7899490127779735,4.365923718251291e-06,1.0,0.4907407407407407,67631.0,0.1291094199047374,0.15147910127183992,188156.12126451556,82872438.25058056,8,12069.57955741813,0.027777777777777776,"[0.0, 0.009259259259259259, 0.018518518518518517, 0.027777777777777776, 0.037037037037037035, 0.046296296296296294, 0.05555555555555555, 0.06481481481481481, 0.07407407407407407, 0.08333333333333333, 0.09259259259259259, 0.10185185185185185, 0.1111111111111111, 0.12037037037037036, 0.12962962962962962, 0.1388888888888889, 0.14814814814814814, 0.15740740740740738, 0.16666666666666666, 0.17592592592592593, 0.18518518518518517, 0.19444444444444442, 0.2037037037037037, 0.21296296296296297, 0.2222222222222222, 0.23148148148148145, 0.24074074074074073]","[67631.0, 1786.6346316370002, 1155.9831840869379, 12069.57955741813, 1906.5778542068456, 950.5914327636035, 9083.877197385176, 2481.229636774484, 778.6316126029478, 8965.162396385991, 2042.6423114779166, 1606.7171021541483, 6927.939836298324, 1790.9411989177945, 2115.0643759896493, 4469.146453396725, 811.312481865885, 852.4454942250574, 2613.518509595829, 1125.8336361545942, 622.5282936168368, 1595.9028958466965, 1672.083632235643, 807.7671822537561, 3024.63443941176, 842.7313814743663, 842.8235732269204]",3.0,0.3,145.15,15,0.5,1721880.138488509,0.14445541615564295,0.1241257545377801,16430975.4527054,84089526828.82367,"[0.046875, 0.03125]",2,1721880.138488509,0.046875,"[0.0, 0.015625, 0.03125, 0.046875, 0.0625, 0.078125, 0.09375, 0.109375, 0.125, 0.140625, 0.15625, 0.171875, 0.1875, 0.203125, 0.21875, 0.234375]","[154749.38571156567, 876106.9067082785, 1710291.3768915334, 1721880.138488509, 1236443.3975593022, 1200279.6938555262, 1385236.6101427814, 1437054.0474222805, 1048940.2936461219, 664501.8455342907, 393060.29715082503, 165807.08106897437, 58528.06662853263, 51528.956393907574, 141871.9518112763, 339557.7347245399]",3.0,0.3,flattop,64,32,145.15,15,21,449.52380952380963,38.0,1007.9999999999999,"[2, 5, 11, 17, 22, 25, 29, 38, 44, 52, 55, 60, 65, 74, 78, 84, 89, 95, 98, 101, 105]","[38.0, 368.00000000000017, 460.99999999999983, 193.00000000000023, 951.0, 153.9999999999999, 881.0000000000005, 242.99999999999997, 491.0000000000002, 186.0, 320.99999999999966, 943.0000000000002, 809.9999999999999, 205.00000000000006, 478.0, 276.0000000000002, 347.00000000000057, 79.0, 1007.9999999999999, 113.99999999999989, 892.9999999999999]","[1, 1, 1, 15, 1, 24, 27, 35, 35, 49, 35, 35, 63, 73, 73, 73, 35, 92, 35, 99, 99]","[3, 8, 18, 18, 35, 27, 35, 39, 49, 53, 56, 73, 73, 75, 81, 85, 92, 97, 106, 102, 106]",0.05,30,52684909.0,1015.9999999999998,-1015.9999999999998,DWT,uc1.l0082987033,2.3283064365386963e-10,0.0,1.1368683772161603e-13,0.0,0.0,1.1368683772161603e-13,0.0,2.2737367544323206e-13,1.0,84,0.0,0.0,1.0,84,,0.0,0.0,1.0,84,0.0,0.0,0.0,1.52587890625e-05,0.0,0.0,0.0,0.0,1.1368683772161603e-13,1.8189894035458565e-12,1.5564269449983152e-13,0.0,2.2737367544323206e-13,0.0,0.0,0.0,0.0,0.0,0.0,0.0,5.551115123125783e-17,2.3283064365386963e-10,0.0,2.7755575615628914e-17,2.9103830456733704e-11,0.0,0.0,2.7755575615628914e-17,0.9153790579066934,0.20863194839397314,0.02594775171990093,0.20670391061452598,0.019898032618189086,0.0,0.0,0.0,734,0.7571580620940391,0.4280950023421845,622,0,0,0.0,0.0,358,0,0,0.27531214025065653,0.3744744158248627,668,164.87065637442382,0.786988816053716,595.5,550.9325474557564,0.5088044855462378,699,db,413.2962962962963,398.0,188.41229481502944,243,0.9143723369387087,0.671803462110104,0.15839832550987273,5,525.5
sym14,1,periodization,4.7403921316035726e-21,263.33688042599124,9347410.52406428,0.5648148148148148,455.19634422704866,108,raw,5.482452352183559e-11,-8.908662697158658e-11,"[2, 5, 11, 17, 22, 25, 29, 38, 44, 52, 55, 60, 65, 74, 78, 84, 89, 95, 98, 101, 105]","[37.9999999999695, 367.999999999849, 460.99999999989933, 192.99999999991843, 950.9999999998474, 153.99999999989836, 880.999999999696, 242.99999999991854, 490.99999999987995, 185.99999999994338, 320.99999999987244, 942.9999999998964, 809.9999999997182, 204.99999999993457, 477.99999999985704, 275.9999999999354, 346.9999999999013, 79.00000000001228, 1007.9999999998294, 113.99999999992849, 892.9999999996655]",21,5.636310597931299,95467.34242110717,0.7710877470363253,4.365923718253379e-06,0.9999999999999994,0.4907407407407407,67630.99999999997,0.12910941990472352,0.15147910127184044,188156.12126448745,82872438.2505803,8,12069.579557417706,0.027777777777777776,"[0.0, 0.009259259259259259, 0.018518518518518517, 0.027777777777777776, 0.037037037037037035, 0.046296296296296294, 0.05555555555555555, 0.06481481481481481, 0.07407407407407407, 0.08333333333333333, 0.09259259259259259, 0.10185185185185185, 0.1111111111111111, 0.12037037037037036, 0.12962962962962962, 0.1388888888888889, 0.14814814814814814, 0.15740740740740738, 0.16666666666666666, 0.17592592592592593, 0.18518518518518517, 0.19444444444444442, 0.2037037037037037, 0.21296296296296297, 0.2222222222222222, 0.23148148148148145, 0.24074074074074073]","[67630.99999999997, 1786.6346316369952, 1155.9831840869206, 12069.579557417706, 1906.5778542067287, 950.5914327635192, 9083.877197384078, 2481.229636774101, 778.6316126027976, 8965.16239638406, 2042.6423114774173, 1606.7171021537195, 6927.939836296318, 1790.941198917245, 2115.064375988966, 4469.146453395229, 811.3124818656073, 852.4454942247581, 2613.518509594894, 1125.8336361541853, 622.5282936166108, 1595.9028958461108, 1672.0836322350274, 807.7671822534564, 3024.6344394106336, 842.7313814740511, 842.8235732266066]",3.0,0.3,145.15000000007313,15,0.5,1721880.1384882538,0.14445541615562812,0.12412575453778259,16430975.452698492,84089526828.77412,"[0.046875, 0.03125]",2,1721880.1384882538,0.046875,"[0.0, 0.015625, 0.03125, 0.046875, 0.0625, 0.078125, 0.09375, 0.109375, 0.125, 0.140625, 0.15625, 0.171875, 0.1875, 0.203125, 0.21875, 0.234375]","[154749.38571156046, 876106.9067081922, 1710291.3768913066, 1721880.1384882538, 1236443.3975589895, 1200279.6938550468, 1385236.6101421078, 1437054.0474215178, 1048940.2936455072, 664501.8455338681, 393060.2971505631, 165807.08106886013, 58528.066628490735, 51528.95639386918, 141871.95181116994, 339557.7347242861]",3.0,0.3,flattop,64,32,145.15000000007313,15,21,449.52380952368435,37.9999999999695,1007.9999999998294,"[2, 5, 11, 17, 22, 25, 29, 38, 44, 52, 55, 60, 65, 74, 78, 84, 89, 95, 98, 101, 105]","[37.9999999999695, 367.999999999849, 460.99999999989933, 192.99999999991843, 950.9999999998474, 153.99999999989836, 880.999999999696, 242.99999999991854, 490.99999999987995, 185.99999999994338, 320.99999999987244, 942.9999999998964, 809.9999999997182, 204.99999999993457, 477.99999999985704, 275.9999999999354, 346.9999999999013, 79.00000000001228, 1007.9999999998294, 113.99999999992849, 892.9999999996655]","[1, 1, 1, 15, 1, 24, 27, 35, 35, 49, 35, 35, 63, 73, 73, 73, 35, 92, 35, 99, 99]","[3, 8, 18, 18, 35, 27, 35, 39, 49, 53, 56, 73, 73, 75, 81, 85, 92, 97, 106, 102, 106]",0.05,30,52684908.999996156,1015.9999999999512,-1015.9999999999512,DWT,uc1.l0082987033,2.5494955480098724e-07,0.0,1.2516920833149925e-10,2.682209014892578e-07,0.0,1.7064394342014566e-10,6.90855085849762e-06,4.8771653382573277e-11,1.0,84,0.0,4.2382453102618456e-10,1.0,84,,0.0,0.0,1.0,84,0.0,0.0,3.844499588012695e-06,0.049530029296875,2.9103830456733704e-11,0.0,0.0,0.0,1.2516920833149925e-10,2.6284396881237626e-09,1.2635885988337186e-10,0.0,4.8771653382573277e-11,0.0,7.312905836442951e-11,0.0,0.0,0.0,7.312905836442951e-11,3.04964942188235e-11,1.3933298959045715e-14,2.5494955480098724e-07,5.273559366969494e-16,2.5118795932144167e-15,2.8085196390748024e-08,0.0,0.0,1.479372180313021e-14,0.36265978779607366,0.24604863568381494,0.021225601955059827,0.5167597765363124,0.019898032618141305,0.01618112828875161,0.008090564144375804,0.01618112828875161,141,0.5658961151588631,0.3199560446789223,710,0,0,0.01618112828875161,0.01618112828875161,141,0,0,0.23331836691788044,0.31735527199504193,722,332.012549963602,0.5710432171012894,428.5,235.6005450017602,0.5087128230209289,700,sym,445.72514619883043,505.0,280.45746329325993,171,0.986117580085908,1.0,0.009717693939864401,6,526.5
sym6,1,smooth,5.669507879290661e-20,252.5595694798293,9381364.624487948,0.576271186440678,324.497032687812,108,raw,1.8560650958563572e-10,1.121235326297184e-10,"[2, 5, 11, 17, 22, 25, 29, 38, 44, 52, 55, 60, 65, 74, 78, 84, 89, 95, 98, 101, 105]","[38.0000000001279, 368.0000000004806, 461.0000000001233, 193.0000000004752, 951.0000000001436, 154.00000000068803, 881.0000000011821, 243.00000000035726, 491.00000000011613, 186.00000000016814, 321.0000000003387, 942.9999999999146, 810.0000000011091, 205.0000000003961, 478.00000000044946, 276.0000000002533, 347.00000000028115, 78.99999999956572, 1008.0000000004807, 114.0000000006296, 893.0000000010518]",21,5.629542455232326,110001.03136606744,0.8241140545442655,4.365923718245333e-06,1.0,0.4907407407407407,67630.99999999977,0.12910941990478417,0.1514791012718341,188156.12126459286,82872438.25057858,8,12069.579557418556,0.027777777777777776,"[0.0, 0.009259259259259259, 0.018518518518518517, 0.027777777777777776, 0.037037037037037035, 0.046296296296296294, 0.05555555555555555, 0.06481481481481481, 0.07407407407407407, 0.08333333333333333, 0.09259259259259259, 0.10185185185185185, 0.1111111111111111, 0.12037037037037036, 0.12962962962962962, 0.1388888888888889, 0.14814814814814814, 0.15740740740740738, 0.16666666666666666, 0.17592592592592593, 0.18518518518518517, 0.19444444444444442, 0.2037037037037037, 0.21296296296296297, 0.2222222222222222, 0.23148148148148145, 0.24074074074074073]","[67630.99999999977, 1786.6346316368704, 1155.9831840869215, 12069.579557418556, 1906.5778542069088, 950.5914327634099, 9083.877197385978, 2481.229636774825, 778.6316126031725, 8965.162396387483, 2042.6423114780291, 1606.717102154724, 6927.939836300616, 1790.9411989187456, 2115.0643759906834, 4469.14645339945, 811.3124818666928, 852.4454942257717, 2613.518509598202, 1125.833636155967, 622.5282936179411, 1595.9028958489519, 1672.083632238367, 807.767182255611, 3024.6344394180733, 842.7313814760197, 842.8235732285501]",3.0,0.3,145.14999999980535,15,0.5,1721880.1384886282,0.14445541615572452,0.12412575453777361,16430975.45272117,84089526828.84569,"[0.046875, 0.03125]",2,1721880.1384886282,0.046875,"[0.0, 0.015625, 0.03125, 0.046875, 0.0625, 0.078125, 0.09375, 0.109375, 0.125, 0.140625, 0.15625, 0.171875, 0.1875, 0.203125, 0.21875, 0.234375]","[154749.38571154984, 876106.9067082859, 1710291.3768916219, 1721880.1384886282, 1236443.3975594814, 1200279.6938558663, 1385236.6101433577, 1437054.0474230815, 1048940.2936469293, 664501.8455349816, 393060.2971513446, 165807.0810692474, 58528.06662867647, 51528.9563941289, 141871.95181192821, 339557.73472605686]",3.0,0.3,flattop,64,32,145.14999999980535,15,21,449.52380952420623,38.0000000001279,1008.0000000004807,"[2, 5, 11, 17, 22, 25, 29, 38, 44, 52, 55, 60, 65, 74, 78, 84, 89, 95, 98, 101, 105]","[38.0000000001279, 368.0000000004806, 461.0000000001233, 193.0000000004752, 951.0000000001436, 154.00000000068803, 881.0000000011821, 243.00000000035726, 491.00000000011613, 186.00000000016814, 321.0000000003387, 942.9999999999146, 810.0000000011091, 205.0000000003961, 478.00000000044946, 276.0000000002533, 347.00000000028115, 78.99999999956572, 1008.0000000004807, 114.0000000006296, 893.0000000010518]","[1, 1, 1, 15, 1, 24, 27, 35, 35, 49, 35, 35, 63, 73, 73, 73, 35, 92, 35, 99, 99]","[3, 8, 18, 18, 35, 27, 35, 39, 49, 53, 56, 73, 73, 75, 81, 85, 92, 97, 106, 102, 106]",0.05,30,52684909.000008285,1016.0000000001357,-1016.0000000001357,DWT,uc1.l0082987033,1.1944212019443512e-07,0.0,3.9671022022957914e-10,1.9818544387817383e-06,0.0,4.806679498869926e-10,1.5769153833389282e-05,1.3574208423960954e-10,1.0,84,0.0,4.256435204297304e-10,1.0,84,,0.0,0.0,1.0,84,0.0,0.0,8.285045623779297e-06,0.02203369140625,2.3283064365386963e-10,0.0,0.0,0.0,3.9671022022957914e-10,8.330971468240023e-09,4.4627903489093843e-10,0.0,1.3574208423960954e-10,0.0,1.9466028788883705e-10,0.0,0.0,0.0,1.9466028788883705e-10,1.2789769243681803e-10,4.671263376110346e-14,1.1944212019443512e-07,5.828670879282072e-15,6.467049118441537e-15,7.732887752354145e-08,0.0,0.0,8.1601392309949e-14,0.2520126714863581,0.23737632021057137,0.024519270786406762,0.6446359246283498,0.05923931295055669,0.034870958637774785,0.017435479318887392,0.034870958637774785,95,0.5637054934218665,0.31871747341543105,715,0,0,0.034870958637774785,0.034870958637774785,95,0,0,0.24355670001244856,0.33128126087848936,711,356.80620323456634,0.5390100733403536,404.0,167.66073598333622,0.508523124525474,701,sym,445.72514619883043,505.0,280.45746329325993,171,0.986117580085908,1.0,0.009717693939864401,6,527.25
sym6,1,zero,5.661060323498518e-20,252.56604528489078,9381884.663880976,0.576271186440678,300.19934622449455,108,raw,1.8586977224833425e-10,5.166500555653153e-11,"[2, 5, 11, 17, 22, 25, 29, 38, 44, 52, 55, 60, 65, 74, 78, 84, 89, 95, 98, 101, 105]","[38.00000000012227, 368.0000000004838, 461.0000000001233, 193.0000000004752, 951.000000000119, 154.00000000068803, 881.0000000011821, 243.00000000035726, 491.00000000011613, 186.00000000016814, 321.0000000003387, 942.9999999999146, 810.0000000011091, 205.0000000003961, 478.00000000044946, 276.0000000002533, 347.00000000028115, 78.99999999956572, 1008.0000000004736, 114.00000000062869, 893.0000000010482]",21,5.615599731558642,117809.54984203454,0.8358184729447103,4.365923718245342e-06,1.0,0.4907407407407407,67630.99999999984,0.1291094199047842,0.15147910127183412,188156.12126459274,82872438.2505787,8,12069.5795574185,0.027777777777777776,"[0.0, 0.009259259259259259, 0.018518518518518517, 0.027777777777777776, 0.037037037037037035, 0.046296296296296294, 0.05555555555555555, 0.06481481481481481, 0.07407407407407407, 0.08333333333333333, 0.09259259259259259, 0.10185185185185185, 0.1111111111111111, 0.12037037037037036, 0.12962962962962962, 0.1388888888888889, 0.14814814814814814, 0.15740740740740738, 0.16666666666666666, 0.17592592592592593, 0.18518518518518517, 0.19444444444444442, 0.2037037037037037, 0.21296296296296297, 0.2222222222222222, 0.23148148148148145, 0.24074074074074073]","[67630.99999999984, 1786.6346316369074, 1155.9831840869301, 12069.5795574185, 1906.5778542069029, 950.5914327634675, 9083.877197385924, 2481.229636774801, 778.6316126031313, 8965.162396387437, 2042.6423114780805, 1606.7171021546667, 6927.939836300551, 1790.9411989186813, 2115.064375990696, 4469.146453399391, 811.3124818666647, 852.4454942257432, 2613.518509598278, 1125.8336361560018, 622.5282936179225, 1595.902895848994, 1672.0836322383952, 807.7671822555768, 3024.6344394180483, 842.7313814760735, 842.8235732286073]",3.0,0.3,145.14999999979662,15,0.5,1721880.1384886287,0.14445541615572446,0.12412575453777362,16430975.452721177,84089526828.84575,"[0.046875, 0.03125]",2,1721880.1384886287,0.046875,"[0.0, 0.015625, 0.03125, 0.046875, 0.0625, 0.078125, 0.09375, 0.109375, 0.125, 0.140625, 0.15625, 0.171875, 0.1875, 0.203125, 0.21875, 0.234375]","[154749.38571155188, 876106.9067082892, 1710291.3768916233, 1721880.1384886287, 1236443.3975594814, 1200279.6938558663, 1385236.6101433577, 1437054.0474230815, 1048940.2936469293, 664501.8455349816, 393060.2971513446, 165807.0810692474, 58528.066628676475, 51528.9563941289, 141871.95181192824, 339557.7347260567]",3.0,0.3,flattop,64,32,145.14999999979662,15,21,449.5238095242045,38.00000000012227,1008.0000000004736,"[2, 5, 11, 17, 22, 25, 29, 38, 44, 52, 55, 60, 65, 74, 78, 84, 89, 95, 98, 101, 105]","[38.00000000012227, 368.0000000004838, 461.0000000001233, 193.0000000004752, 951.000000000119, 154.00000000068803, 881.0000000011821, 243.00000000035726, 491.00000000011613, 186.00000000016814, 321.0000000003387, 942.9999999999146, 810.0000000011091, 205.0000000003961, 478.00000000044946, 276.0000000002533, 347.00000000028115, 78.99999999956572, 1008.0000000004736, 114.00000000062869, 893.0000000010482]","[1, 1, 1, 15, 1, 24, 27, 35, 35, 49, 35, 35, 63, 73, 73, 73, 35, 92, 35, 99, 99]","[3, 8, 18, 18, 35, 27, 35, 39, 49, 53, 56, 73, 73, 75, 81, 85, 92, 97, 106, 102, 106]",0.05,30,52684909.000008285,1016.0000000001357,-1016.0000000001357,DWT,uc1.l0082987033,1.1990778148174286e-07,0.0,3.950049176637549e-10,1.862645149230957e-06,0.0,4.736193659482524e-10,1.5776604413986206e-05,1.3574208423960954e-10,1.0,84,0.0,3.6925484891980886e-10,1.0,84,,0.0,0.0,1.0,84,0.0,0.0,8.285045623779297e-06,0.0220947265625,1.6007106751203537e-10,0.0,0.0,0.0,3.950049176637549e-10,8.294591680169106e-09,4.444410976811057e-10,0.0,1.3574208423960954e-10,0.0,2.0338575268397108e-10,0.0,0.0,0.0,2.0338575268397108e-10,1.2227019396959804e-10,4.674038933671909e-14,1.1990778148174286e-07,5.800915303666443e-15,6.453171330633722e-15,7.721246220171452e-08,0.0,0.0,8.154588115871775e-14,0.25207915645273027,0.2195109022321935,0.024569716462143048,0.6446359246283498,0.08037621188290867,0.034870958637774785,0.017435479318887392,0.034870958637774785,93,0.56329265782331,0.3184840573489862,719,0,0,0.034870958637774785,0.034870958637774785,93,0,0,0.24423438233166506,0.33220303167425735,708,358.27398733371643,0.5371137114551467,403.25,164.55063932951862,0.5080594397069016,702,sym,445.72514619883043,505.0,280.45746329325993,171,0.986117580085908,1.0,0.009717693939864401,6,528.0
bior6.8,1,zero,2.409675335131957e-21,266.2754377883908,9374103.909601849,0.5564516129032258,263.4550625529884,108,raw,3.8852912656697875e-11,-8.055345280028092e-11,"[2, 5, 11, 17, 22, 25, 29, 38, 44, 52, 55, 60, 65, 74, 78, 84, 89, 95, 98, 101, 105]","[37.99999999997979, 367.99999999988347, 460.9999999999313, 192.99999999994037, 950.9999999999194, 153.99999999992428, 880.9999999997787, 242.9999999999401, 490.99999999991866, 185.99999999995555, 320.99999999990723, 942.9999999999283, 809.9999999997983, 204.99999999995268, 477.9999999998963, 275.9999999999559, 346.9999999999319, 79.00000000000671, 1007.9999999998946, 113.99999999995066, 892.9999999997559]",21,5.611619070255209,126589.78557126527,0.8638145674554171,4.365923718252734e-06,1.0,0.4907407407407407,67630.99999999997,0.1291094199047275,0.15147910127184055,188156.12126449586,82872438.25058049,8,12069.579557417996,0.027777777777777776,"[0.0, 0.009259259259259259, 0.018518518518518517, 0.027777777777777776, 0.037037037037037035, 0.046296296296296294, 0.05555555555555555, 0.06481481481481481, 0.07407407407407407, 0.08333333333333333, 0.09259259259259259, 0.10185185185185185, 0.1111111111111111, 0.12037037037037036, 0.12962962962962962, 0.1388888888888889, 0.14814814814814814, 0.15740740740740738, 0.16666666666666666, 0.17592592592592593, 0.18518518518518517, 0.19444444444444442, 0.2037037037037037, 0.21296296296296297, 0.2222222222222222, 0.23148148148148145, 0.24074074074074073]","[67630.99999999997, 1786.6346316369795, 1155.983184086927, 12069.579557417996, 1906.5778542067994, 950.5914327635212, 9083.877197384663, 2481.2296367742915, 778.6316126028884, 8965.162396384767, 2042.642311477517, 1606.717102153874, 6927.939836296824, 1790.9411989174114, 2115.0643759891104, 4469.146453395539, 811.3124818657058, 852.4454942248128, 2613.5185095950765, 1125.8336361543031, 622.5282936167068, 1595.902895846246, 1672.0836322351786, 807.7671822535747, 3024.6344394109533, 842.7313814741282, 842.8235732266741]",3.0,0.3,145.15000000004588,15,0.5,1721880.1384883912,0.14445541615563157,0.12412575453778249,16430975.452700602,84089526828.7917,"[0.046875, 0.03125]",2,1721880.1384883912,0.046875,"[0.0, 0.015625, 0.03125, 0.046875, 0.0625, 0.078125, 0.09375, 0.109375, 0.125, 0.140625, 0.15625, 0.171875, 0.1875, 0.203125, 0.21875, 0.234375]","[154749.38571156433, 876106.9067082405, 1710291.3768914281, 1721880.1384883912, 1236443.3975591268, 1200279.6938552116, 1385236.6101423032, 1437054.0474217164, 1048940.2936456478, 664501.8455339572, 393060.2971506184, 165807.08106888563, 58528.06662850137, 51528.95639388031, 141871.95181120033, 339557.7347243579]",3.0,0.3,flattop,64,32,145.15000000004588,15,21,449.5238095237214,37.99999999997979,1007.9999999998946,"[2, 5, 11, 17, 22, 25, 29, 38, 44, 52, 55, 60, 65, 74, 78, 84, 89, 95, 98, 101, 105]","[37.99999999997979, 367.99999999988347, 460.9999999999313, 192.99999999994037, 950.9999999999194, 153.99999999992428, 880.9999999997787, 242.9999999999401, 490.99999999991866, 185.99999999995555, 320.99999999990723, 942.9999999999283, 809.9999999997983, 204.99999999995268, 477.9999999998963, 275.9999999999559, 346.9999999999319, 79.00000000000671, 1007.9999999998946, 113.99999999995066, 892.9999999997559]","[1, 1, 1, 15, 1, 24, 27, 35, 35, 49, 35, 35, 63, 73, 73, 73, 35, 92, 35, 99, 99]","[3, 8, 18, 18, 35, 27, 35, 39, 49, 53, 56, 73, 73, 75, 81, 85, 92, 97, 106, 102, 106]",0.05,30,52684908.99999742,1015.9999999999703,-1015.9999999999703,DWT,uc1.l0082987033,1.1757947504520416e-07,0.0,8.810729923425242e-11,7.450580596923828e-08,0.0,1.0538769856793806e-10,4.798173904418945e-06,2.9672264645341784e-11,1.0,84,0.0,1.3460521586239338e-10,1.0,84,,0.0,0.0,1.0,84,0.0,0.0,2.5779008865356445e-06,0.031951904296875,2.9103830456733704e-11,0.0,0.0,0.0,8.810729923425242e-11,1.849912223406136e-09,8.87325768417213e-11,0.0,2.9672264645341784e-11,0.0,4.587263902067207e-11,0.0,0.0,0.0,4.587263902067207e-11,2.020783540501725e-11,9.96425164601078e-15,1.1757947504520416e-07,6.38378239159465e-16,2.4147350785597155e-15,1.9674189388751984e-08,0.0,0.0,1.1352030426792226e-14,0.39282899232997304,0.21441030785188564,0.02381495554862264,0.42340962335555915,0.10414345477055392,0.010850136410674527,0.005425068205337264,0.010850136410674527,153,0.5658312583486832,0.31991937482397936,711,0,0,0.010850136410674527,0.010850136410674527,154,0,0,0.23172146677131888,0.31518319832996555,725,325.96459419186414,0.578857113447204,435.75,252.92069160510866,0.5079363086615865,703,bior,385.74074074074076,410.0,199.97417605530825,135,0.8534087184529663,0.7130285416801533,0.18870533457887761,4,528.25
sym12,1,periodization,1.5052731443951925e-22,278.31886997737064,9340510.449679386,0.5462962962962963,425.88631824609354,108,raw,9.934884191040883e-12,-1.001341232156378e-10,"[2, 5, 11, 17, 22, 25, 29, 38, 44, 52, 55, 60, 65, 74, 78, 84, 89, 95, 98, 101, 105]","[38.000000000004576, 368.0000000000268, 461.00000000002046, 193.00000000001063, 951.0000000000326, 154.00000000001228, 881.000000000048, 243.00000000001273, 491.00000000002365, 186.0000000000108, 321.0000000000233, 943.0000000000232, 810.0000000000451, 205.00000000000904, 478.00000000002507, 276.00000000001114, 347.0000000000176, 79.00000000000409, 1008.0000000000292, 114.00000000000625, 893.0000000000565]",21,5.640474284979655,95467.34242112799,0.7709886926270507,4.365923718250932e-06,0.9999999999999998,0.4907407407407407,67630.99999999999,0.1291094199047398,0.15147910127183986,188156.12126452045,82872438.25058053,8,12069.579557418201,0.027777777777777776,"[0.0, 0.009259259259259259, 0.018518518518518517, 0.027777777777777776, 0.037037037037037035, 0.046296296296296294, 0.05555555555555555, 0.06481481481481481, 0.07407407407407407, 0.08333333333333333, 0.09259259259259259, 0.10185185185185185, 0.1111111111111111, 0.12037037037037036, 0.12962962962962962, 0.1388888888888889, 0.14814814814814814, 0.15740740740740738, 0.16666666666666666, 0.17592592592592593, 0.18518518518518517, 0.19444444444444442, 0.2037037037037037, 0.21296296296296297, 0.2222222222222222, 0.23148148148148145, 0.24074074074074073]","[67630.99999999999, 1786.634631637002, 1155.9831840869429, 12069.579557418201, 1906.5778542068658, 950.591432763617, 9083.877197385382, 2481.2296367745557, 778.6316126029748, 8965.162396386373, 2042.6423114780168, 1606.7171021542363, 6927.93983629873, 1790.9411989179025, 2115.0643759897885, 4469.146453397025, 811.3124818659444, 852.4454942251166, 2613.5185095960055, 1125.8336361546646, 622.5282936168741, 1595.9028958467964, 1672.0836322357377, 807.7671822537989, 3024.6344394119096, 842.7313814744031, 842.8235732269573]",3.0,0.3,145.14999999998858,15,0.5,1721880.138488555,0.14445541615564506,0.12412575453777956,16430975.452706639,84089526828.83359,"[0.046875, 0.03125]",2,1721880.138488555,0.046875,"[0.0, 0.015625, 0.03125, 0.046875, 0.0625, 0.078125, 0.09375, 0.109375, 0.125, 0.140625, 0.15625, 0.171875, 0.1875, 0.203125, 0.21875, 0.234375]","[154749.3857115661, 876106.9067082929, 1710291.376891573, 1721880.138488555, 1236443.397559362, 1200279.6938556216, 1385236.610142917, 1437054.0474224342, 1048940.2936462464, 664501.8455343756, 393060.2971508773, 165807.08106899692, 58528.06662854027, 51528.95639391259, 141871.95181128886, 339557.7347245711]",3.0,0.3,flattop,64,32,145.14999999998858,15,21,449.5238095238311,38.000000000004576,1008.0000000000292,"[2, 5, 11, 17, 22, 25, 29, 38, 44, 52, 55, 60, 65, 74, 78, 84, 89, 95, 98, 101, 105]","[38.000000000004576, 368.0000000000268, 461.00000000002046, 193.00000000001063, 951.0000000000326, 154.00000000001228, 881.000000000048, 243.00000000001273, 491.00000000002365, 186.0000000000108, 321.0000000000233, 943.0000000000232, 810.0000000000451, 205.00000000000904, 478.00000000002507, 276.00000000001114, 347.0000000000176, 79.00000000000409, 1008.0000000000292, 114.00000000000625, 893.0000000000565]","[1, 1, 1, 15, 1, 24, 27, 35, 35, 49, 35, 35, 63, 73, 73, 73, 35, 92, 35, 99, 99]","[3, 8, 18, 18, 35, 27, 35, 39, 49, 53, 56, 73, 73, 75, 81, 85, 92, 97, 106, 102, 106]",0.05,30,52684909.00000067,1016.0000000000083,-1016.0000000000083,DWT,uc1.l0082987033,4.6333298087120056e-08,0.0,2.1600499167107046e-11,2.9802322387695312e-08,0.0,2.921751729445532e-11,1.2386590242385864e-06,8.29913915367797e-12,1.0,84,0.0,7.09405867382884e-11,1.0,84,,0.0,0.0,1.0,84,0.0,0.0,6.705522537231445e-07,0.0099334716796875,1.4551915228366852e-11,0.0,0.0,0.0,2.1600499167107046e-11,4.5292836148291826e-10,2.1574784287146203e-11,0.0,8.29913915367797e-12,0.0,1.1425527191022411e-11,0.0,0.0,0.0,1.1425527191022411e-11,4.575895218295045e-12,2.3314683517128287e-15,4.6333298087120056e-08,5.551115123125783e-17,5.134781488891349e-16,4.918547347187996e-09,0.0,0.0,2.1371793224034263e-15,0.5164749601264934,0.25138374890781406,0.020556270132042066,0.31005586592178774,0.019898032618197677,0.002822289817805513,0.0014111449089027565,0.002822289817805513,193,0.5778365450118184,0.32670712956036774,708,0,0,0.002822289817805513,0.002822289817805513,193,0,0,0.22367377554126702,0.30423687947396166,734,305.02568197885677,0.6059099716035442,457.0,304.471433233408,0.5077353475588781,704,sym,445.72514619883043,505.0,280.45746329325993,171,0.986117580085908,1.0,0.009717693939864401,6,529.5
sym2,1,zero,2.3725665228952994e-20,256.3428391300308,9470337.86018404,0.5818181818181818,364.2672432438468,108,raw,1.1835997202911973e-10,-9.812850534753131e-11,"[2, 5, 11, 17, 22, 25, 29, 38, 44, 52, 55, 60, 65, 74, 78, 84, 89, 95, 98, 101, 105]","[37.99999999992707, 367.999999999636, 460.99999999982316, 192.99999999974574, 950.9999999998186, 153.99999999964552, 880.999999999246, 242.9999999997782, 490.99999999981833, 185.99999999986358, 320.9999999997167, 942.999999999898, 809.9999999992935, 204.9999999997833, 477.9999999996684, 275.9999999998272, 346.9999999997841, 79.0000000001412, 1007.9999999996533, 113.99999999971294, 892.9999999992485]",21,5.563149887344416,100735.61157021509,0.8649792915051355,4.365923718255749e-06,1.0,0.4907407407407407,67630.99999999999,0.1291094199047046,0.15147910127184278,188156.12126445572,82872438.25058101,8,12069.579557417735,0.027777777777777776,"[0.0, 0.009259259259259259, 0.018518518518518517, 0.027777777777777776, 0.037037037037037035, 0.046296296296296294, 0.05555555555555555, 0.06481481481481481, 0.07407407407407407, 0.08333333333333333, 0.09259259259259259, 0.10185185185185185, 0.1111111111111111, 0.12037037037037036, 0.12962962962962962, 0.1388888888888889, 0.14814814814814814, 0.15740740740740738, 0.16666666666666666, 0.17592592592592593, 0.18518518518518517, 0.19444444444444442, 0.2037037037037037, 0.21296296296296297, 0.2222222222222222, 0.23148148148148145, 0.24074074074074073]","[67630.99999999999, 1786.63463163698, 1155.9831840869151, 12069.579557417735, 1906.5778542067326, 950.5914327634935, 9083.877197383974, 2481.2296367740373, 778.6316126027809, 8965.162396383424, 2042.642311477202, 1606.717102153508, 6927.939836295048, 1790.9411989168327, 2115.0643759883537, 4469.146453393726, 811.3124818652797, 852.4454942243842, 2613.5185095935817, 1125.8336361535544, 622.5282936162272, 1595.9028958450883, 1672.0836322338878, 807.7671822528713, 3024.6344394083903, 842.7313814734212, 842.8235732259659]",3.0,0.3,145.15000000014962,15,0.5,1721880.1384882429,0.14445541615559757,0.12412575453778628,16430975.452691948,84089526828.76021,"[0.046875, 0.03125]",2,1721880.1384882429,0.046875,"[0.0, 0.015625, 0.03125, 0.046875, 0.0625, 0.078125, 0.09375, 0.109375, 0.125, 0.140625, 0.15625, 0.171875, 0.1875, 0.203125, 0.21875, 0.234375]","[154749.38571156494, 876106.9067081974, 1710291.3768913003, 1721880.1384882429, 1236443.3975589287, 1200279.6938548726, 1385236.610141777, 1437054.0474210472, 1048940.2936450313, 664501.8455334727, 393060.29715028073, 165807.0810687203, 58528.06662842755, 51528.95639379196, 141871.951810949, 339557.73472376616]",3.0,0.3,flattop,64,32,145.15000000014962,15,21,449.52380952352513,37.99999999992707,1007.9999999996533,"[2, 5, 11, 17, 22, 25, 29, 38, 44, 52, 55, 60, 65, 74, 78, 84, 89, 95, 98, 101, 105]","[37.99999999992707, 367.999999999636, 460.99999999982316, 192.99999999974574, 950.9999999998186, 153.99999999964552, 880.999999999246, 242.9999999997782, 490.99999999981833, 185.99999999986358, 320.9999999997167, 942.999999999898, 809.9999999992935, 204.9999999997833, 477.9999999996684, 275.9999999998272, 346.9999999997841, 79.0000000001412, 1007.9999999996533, 113.99999999971294, 892.9999999992485]","[1, 1, 1, 15, 1, 24, 27, 35, 35, 49, 35, 35, 63, 73, 73, 73, 35, 92, 35, 99, 99]","[3, 8, 18, 18, 35, 27, 35, 39, 49, 53, 56, 73, 73, 75, 81, 85, 92, 97, 106, 102, 106]",0.05,30,52684908.99999278,1015.9999999998986,-1015.9999999998986,DWT,uc1.l0082987033,2.658925950527191e-07,0.0,2.843876245606225e-10,4.470348358154297e-07,0.0,3.467448550509289e-10,1.3452023267745972e-05,1.014086592476815e-10,1.0,84,0.0,3.9472070056945086e-10,1.0,84,,0.0,0.0,1.0,84,0.0,0.0,7.2196125984191895e-06,0.063446044921875,1.4551915228366852e-11,0.0,0.0,0.0,2.843876245606225e-10,5.971742211841047e-09,2.9776477579919925e-10,0.0,1.014086592476815e-10,0.0,1.496118784416467e-10,0.0,0.0,0.0,1.496118784416467e-10,7.293010639841668e-11,3.2862601528904634e-14,2.658925950527191e-07,2.858824288409778e-15,6.203371150093062e-15,5.980837158858776e-08,0.0,0.0,4.5352610555937645e-14,0.29085425999651815,0.1523046366761669,0.033149991953504314,0.7065515490096493,0.03415872405350741,0.03038665370503936,0.01519332685251968,0.03038665370503936,103,0.5635239795380091,0.3186148459847462,718,0,0,0.03038665370503936,0.03038665370503936,103,0,0,0.24340383233786922,0.3310733331311532,712,353.34685508717916,0.5434795153912414,409.0,180.0607255399146,0.5075278713907112,705,sym,445.72514619883043,505.0,280.45746329325993,171,0.986117580085908,1.0,0.009717693939864401,6,530.25
db9,1,antireflect,1.478722688543843e-26,318.3961557472893,10029078.961871484,0.5241935483870968,317.6423737088131,108,raw,8.66138436692752e-14,-1.0792355897848503e-10,"[2, 5, 11, 17, 22, 25, 29, 38, 44, 52, 55, 60, 65, 74, 78, 84, 89, 95, 98, 101, 105]","[38.000000000000114, 368.0000000000001, 461.00000000000006, 193.00000000000017, 951.0000000000001, 154.0000000000001, 881.0, 243.00000000000006, 491.0000000000002, 186.0, 320.9999999999999, 943.0000000000001, 810.0, 205.00000000000003, 478.0000000000001, 275.9999999999998, 347.0000000000001, 78.99999999999943, 1008.0, 113.99999999999989, 892.9999999999998]",21,5.799337285089818,235708.79813532962,0.916052307862821,4.365923718251291e-06,1.0,0.4907407407407407,67631.0,0.12910941990473743,0.15147910127183992,188156.12126451553,82872438.25058056,8,12069.579557418134,0.027777777777777776,"[0.0, 0.009259259259259259, 0.018518518518518517, 0.027777777777777776, 0.037037037037037035, 0.046296296296296294, 0.05555555555555555, 0.06481481481481481, 0.07407407407407407, 0.08333333333333333, 0.09259259259259259, 0.10185185185185185, 0.1111111111111111, 0.12037037037037036, 0.12962962962962962, 0.1388888888888889, 0.14814814814814814, 0.15740740740740738, 0.16666666666666666, 0.17592592592592593, 0.18518518518518517, 0.19444444444444442, 0.2037037037037037, 0.21296296296296297, 0.2222222222222222, 0.23148148148148145, 0.24074074074074073]","[67631.0, 1786.6346316370002, 1155.983184086938, 12069.579557418134, 1906.5778542068435, 950.591432763603, 9083.877197385176, 2481.229636774484, 778.6316126029465, 8965.162396385991, 2042.6423114779182, 1606.7171021541487, 6927.939836298321, 1790.9411989177936, 2115.0643759896493, 4469.146453396725, 811.3124818658857, 852.4454942250566, 2613.518509595828, 1125.8336361545944, 622.5282936168364, 1595.902895846697, 1672.0836322356422, 807.7671822537569, 3024.6344394117605, 842.731381474366, 842.82357322692]",3.0,0.3,145.14999999999995,15,0.5,1721880.1384885088,0.14445541615564295,0.1241257545377801,16430975.4527054,84089526828.82367,"[0.046875, 0.03125]",2,1721880.1384885088,0.046875,"[0.0, 0.015625, 0.03125, 0.046875, 0.0625, 0.078125, 0.09375, 0.109375, 0.125, 0.140625, 0.15625, 0.171875, 0.1875, 0.203125, 0.21875, 0.234375]","[154749.38571156544, 876106.9067082778, 1710291.376891533, 1721880.1384885088, 1236443.3975593024, 1200279.6938555264, 1385236.610142781, 1437054.0474222805, 1048940.2936461219, 664501.8455342904, 393060.29715082503, 165807.08106897445, 58528.06662853257, 51528.956393907545, 141871.95181127623, 339557.7347245399]",3.0,0.3,flattop,64,32,145.14999999999995,15,21,449.5238095238095,38.000000000000114,1008.0,"[2, 5, 11, 17, 22, 25, 29, 38, 44, 52, 55, 60, 65, 74, 78, 84, 89, 95, 98, 101, 105]","[38.000000000000114, 368.0000000000001, 461.00000000000006, 193.00000000000017, 951.0000000000001, 154.0000000000001, 881.0, 243.00000000000006, 491.0000000000002, 186.0, 320.9999999999999, 943.0000000000001, 810.0, 205.00000000000003, 478.0000000000001, 275.9999999999998, 347.0000000000001, 78.99999999999943, 1008.0, 113.99999999999989, 892.9999999999998]","[1, 1, 1, 15, 1, 24, 27, 35, 35, 49, 35, 35, 63, 73, 73, 73, 35, 92, 35, 99, 99]","[3, 8, 18, 18, 35, 27, 35, 39, 49, 53, 56, 73, 73, 75, 81, 85, 92, 97, 106, 102, 106]",0.05,30,52684909.0,1016.0,-1016.0,DWT,uc1.l0082987033,0.0,0.0,0.0,0.0,0.0,0.0,0.0,0.0,1.0,84,0.0,3.637978807091713e-12,1.0,84,,0.0,0.0,1.0,84,0.0,0.0,0.0,1.52587890625e-05,0.0,0.0,0.0,0.0,0.0,0.0,1.2316074086508402e-13,0.0,0.0,0.0,5.684341886080802e-14,0.0,0.0,0.0,5.684341886080802e-14,1.1368683772161603e-13,2.7755575615628914e-17,0.0,0.0,2.7755575615628914e-17,0.0,0.0,0.0,2.7755575615628914e-17,0.9279353069712788,0.45494181723730776,0.08734987145134562,0.06334474680122548,0.3995179931370035,0.0,0.0,0.0,763,1.0130521245023854,0.5727767732039816,268,0,0,0.0,0.0,692,0,0,0.38661794711963227,0.5258704892679962,292,260.16965618611255,0.6638634932995962,503.75,403.56332238316804,0.5065118500089711,706,db,413.2962962962963,398.0,188.41229481502944,243,0.9143723369387087,0.671803462110104,0.15839832550987273,5,530.75
sym2,1,periodic,2.3801637596976634e-20,256.3289547282868,9470013.512332153,0.5818181818181818,364.2672432438468,108,raw,1.1856218064933814e-10,-1.1996548201936442e-10,"[2, 5, 11, 17, 22, 25, 29, 38, 44, 52, 55, 60, 65, 74, 78, 84, 89, 95, 98, 101, 105]","[37.99999999992707, 367.999999999636, 460.99999999982316, 192.99999999974574, 950.9999999998142, 153.99999999964552, 880.999999999246, 242.9999999997782, 490.99999999981833, 185.99999999986358, 320.9999999997167, 942.999999999898, 809.9999999992935, 204.9999999997833, 477.9999999996684, 275.9999999998272, 346.9999999997841, 79.0000000001412, 1007.99999999964, 113.99999999971294, 892.9999999992485]",21,5.563510336522199,100330.52665264913,0.8644910632136922,4.365923718255763e-06,1.0,0.4907407407407407,67631.0,0.12910941990470443,0.15147910127184272,188156.1212644556,82872438.25058107,8,12069.579557417715,0.027777777777777776,"[0.0, 0.009259259259259259, 0.018518518518518517, 0.027777777777777776, 0.037037037037037035, 0.046296296296296294, 0.05555555555555555, 0.06481481481481481, 0.07407407407407407, 0.08333333333333333, 0.09259259259259259, 0.10185185185185185, 0.1111111111111111, 0.12037037037037036, 0.12962962962962962, 0.1388888888888889, 0.14814814814814814, 0.15740740740740738, 0.16666666666666666, 0.17592592592592593, 0.18518518518518517, 0.19444444444444442, 0.2037037037037037, 0.21296296296296297, 0.2222222222222222, 0.23148148148148145, 0.24074074074074073]","[67631.0, 1786.634631636994, 1155.9831840869206, 12069.579557417715, 1906.5778542067262, 950.5914327635119, 9083.877197383958, 2481.2296367740364, 778.6316126027637, 8965.162396383419, 2042.642311477209, 1606.7171021534923, 6927.93983629504, 1790.9411989168264, 2115.064375988365, 4469.146453393715, 811.3124818652872, 852.4454942243744, 2613.51850959358, 1125.8336361535617, 622.528293616236, 1595.90289584508, 1672.0836322338805, 807.7671822528783, 3024.634439408393, 842.7313814734121, 842.823573225956]",3.0,0.3,145.15000000014962,15,0.5,1721880.1384882429,0.14445541615559757,0.12412575453778628,16430975.45269195,84089526828.76024,"[0.046875, 0.03125]",2,1721880.1384882429,0.046875,"[0.0, 0.015625, 0.03125, 0.046875, 0.0625, 0.078125, 0.09375, 0.109375, 0.125, 0.140625, 0.15625, 0.171875, 0.1875, 0.203125, 0.21875, 0.234375]","[154749.38571156526, 876106.9067081979, 1710291.3768913005, 1721880.1384882429, 1236443.3975589292, 1200279.6938548728, 1385236.6101417772, 1437054.0474210475, 1048940.2936450313, 664501.8455334727, 393060.2971502808, 165807.08106872026, 58528.066628427536, 51528.95639379196, 141871.95181094896, 339557.73472376616]",3.0,0.3,flattop,64,32,145.15000000014962,15,21,449.5238095235244,37.99999999992707,1007.99999999964,"[2, 5, 11, 17, 22, 25, 29, 38, 44, 52, 55, 60, 65, 74, 78, 84, 89, 95, 98, 101, 105]","[37.99999999992707, 367.999999999636, 460.99999999982316, 192.99999999974574, 950.9999999998142, 153.99999999964552, 880.999999999246, 242.9999999997782, 490.99999999981833, 185.99999999986358, 320.9999999997167, 942.999999999898, 809.9999999992935, 204.9999999997833, 477.9999999996684, 275.9999999998272, 346.9999999997841, 79.0000000001412, 1007.99999999964, 113.99999999971294, 892.9999999992485]","[1, 1, 1, 15, 1, 24, 27, 35, 35, 49, 35, 35, 63, 73, 73, 73, 35, 92, 35, 99, 99]","[3, 8, 18, 18, 35, 27, 35, 39, 49, 53, 56, 73, 73, 75, 81, 85, 92, 97, 106, 102, 106]",0.05,30,52684908.99999278,1015.9999999998986,-1015.9999999998986,DWT,uc1.l0082987033,2.658925950527191e-07,0.0,2.85126589005813e-10,5.066394805908203e-07,0.0,3.6004621506435797e-10,1.345016062259674e-05,1.014086592476815e-10,1.0,84,0.0,4.147295840084553e-10,1.0,84,,0.0,0.0,1.0,84,0.0,0.0,7.2196125984191895e-06,0.06341552734375,0.0,0.0,0.0,0.0,2.85126589005813e-10,5.9881131164729595e-09,2.9860389293476355e-10,0.0,1.014086592476815e-10,0.0,1.496118784416467e-10,0.0,0.0,0.0,1.496118784416467e-10,7.293010639841668e-11,3.302913498259841e-14,2.658925950527191e-07,2.8033131371785203e-15,6.203371150093062e-15,5.99247869104147e-08,0.0,0.0,4.5352610555937645e-14,0.29071171339817514,0.15276649587755234,0.03311852905515195,0.7065515490096493,0.03306219863860772,0.03038665370503936,0.01519332685251968,0.03038665370503936,102,0.5632150395645601,0.31844017220752785,720,0,0,0.03038665370503936,0.03038665370503936,104,0,0,0.2432420971958273,0.3308533440206863,713,354.2168591884544,0.5423554790846843,409.75,180.09321935359185,0.5064813571134016,707,sym,445.72514619883043,505.0,280.45746329325993,171,0.986117580085908,1.0,0.009717693939864401,6,531.75
bior4.4,1,antisymmetric,5.198801578253678e-20,252.93599069073287,9437152.419785628,0.5603448275862069,372.6683572521128,108,raw,1.8272675553724323e-10,8.443077347661905e-10,"[2, 5, 11, 17, 22, 25, 29, 38, 44, 52, 55, 60, 65, 74, 78, 84, 89, 95, 98, 101, 105]","[37.999999999919055, 367.9999999994851, 460.99999999961904, 192.99999999978434, 950.9999999996201, 153.99999999974796, 880.9999999990476, 242.99999999975205, 490.9999999995465, 185.99999999980196, 320.99999999955776, 942.9999999995626, 809.9999999991213, 204.99999999982583, 477.9999999995222, 275.99999999979593, 346.9999999996694, 78.99999999993679, 1007.9999999996774, 113.99999999986426, 892.9999999988717]",21,5.680735726823554,142683.7621348785,0.853702780124223,4.365923718258075e-06,0.9999999999999998,0.4907407407407407,67630.99999999904,0.12910941990469363,0.15147910127184072,188156.12126442304,82872438.25057785,8,12069.579557417512,0.027777777777777776,"[0.0, 0.009259259259259259, 0.018518518518518517, 0.027777777777777776, 0.037037037037037035, 0.046296296296296294, 0.05555555555555555, 0.06481481481481481, 0.07407407407407407, 0.08333333333333333, 0.09259259259259259, 0.10185185185185185, 0.1111111111111111, 0.12037037037037036, 0.12962962962962962, 0.1388888888888889, 0.14814814814814814, 0.15740740740740738, 0.16666666666666666, 0.17592592592592593, 0.18518518518518517, 0.19444444444444442, 0.2037037037037037, 0.21296296296296297, 0.2222222222222222, 0.23148148148148145, 0.24074074074074073]","[67630.99999999904, 1786.6346316363718, 1155.9831840867041, 12069.579557417512, 1906.5778542065937, 950.5914327624477, 9083.87719738196, 2481.2296367733265, 778.6316126029908, 8965.162396379112, 2042.6423114754848, 1606.7171021530812, 6927.939836291048, 1790.9411989161374, 2115.0643759868635, 4469.146453391474, 811.3124818649096, 852.4454942241964, 2613.518509592331, 1125.8336361530405, 622.5282936160675, 1595.9028958448873, 1672.0836322338662, 807.7671822529005, 3024.634439408788, 842.7313814735164, 842.8235732261128]",3.0,0.3,145.15000000020538,15,0.5,1721880.1384875872,0.14445541615560192,0.12412575453778942,16430975.452681283,84089526828.63208,"[0.046875, 0.03125]",2,1721880.1384875872,0.046875,"[0.0, 0.015625, 0.03125, 0.046875, 0.0625, 0.078125, 0.09375, 0.109375, 0.125, 0.140625, 0.15625, 0.171875, 0.1875, 0.203125, 0.21875, 0.234375]","[154749.38571152574, 876106.9067079336, 1710291.3768906961, 1721880.1384875872, 1236443.3975581392, 1200279.6938536984, 1385236.610140195, 1437054.0474193555, 1048940.2936437747, 664501.8455326963, 393060.29714985646, 165807.08106856322, 58528.06662839389, 51528.956393805965, 141871.95181100658, 339557.73472388356]",3.0,0.3,flattop,64,32,145.15000000020538,15,21,449.52380952341565,37.999999999919055,1007.9999999996774,"[2, 5, 11, 17, 22, 25, 29, 38, 44, 52, 55, 60, 65, 74, 78, 84, 89, 95, 98, 101, 105]","[37.999999999919055, 367.9999999994851, 460.99999999961904, 192.99999999978434, 950.9999999996201, 153.99999999974796, 880.9999999990476, 242.99999999975205, 490.9999999995465, 185.99999999980196, 320.99999999955776, 942.9999999995626, 809.9999999991213, 204.99999999982583, 477.9999999995222, 275.99999999979593, 346.9999999996694, 78.99999999993679, 1007.9999999996774, 113.99999999986426, 892.9999999988717]","[1, 1, 1, 15, 1, 24, 27, 35, 35, 49, 35, 35, 63, 73, 73, 73, 35, 92, 35, 99, 99]","[3, 8, 18, 18, 35, 27, 35, 39, 49, 53, 56, 73, 73, 75, 81, 85, 92, 97, 106, 102, 106]",0.05,30,52684908.999986574,1015.9999999998413,-1015.9999999998413,DWT,uc1.l0082987033,9.21543687582016e-07,0.0,3.9386804928653874e-10,2.7120113372802734e-06,0.0,3.226432454539463e-10,2.411752939224243e-05,1.5870682545937598e-10,1.0,84,0.0,6.184563972055912e-10,1.0,84,,0.0,0.0,1.0,84,0.0,0.0,1.3425946235656738e-05,0.1915740966796875,9.604264050722122e-10,0.0,0.0,0.0,3.9386804928653874e-10,8.27094481792301e-09,3.938653424570691e-10,0.0,1.5870682545937598e-10,0.0,2.0537527234409936e-10,0.0,0.0,0.0,2.0537527234409936e-10,8.094502845779061e-11,4.3826053897078054e-14,9.21543687582016e-07,8.049116928532385e-16,9.33975119465913e-15,9.249197319149971e-08,0.0,0.0,4.0994985184283905e-14,0.25587726458498483,0.3029724846374746,0.02993088588587361,0.4668657291465995,0.14770828170817638,0.05650851390761705,0.028254256953808524,0.05650851390761705,76,0.5658076483545753,0.31990602580085076,712,0,0,0.05650851390761705,0.05650851390761705,76,0,0,0.24067092919262179,0.32735608946768563,718,368.9349536164878,0.5233398532086722,395.5,137.39546923735227,0.5061789705319847,708,bior,385.74074074074076,410.0,199.97417605530825,135,0.8534087184529663,0.7130285416801533,0.18870533457887761,4,532.0
sym2,1,symmetric,2.3768531603311513e-20,256.33499958914376,9470058.97223529,0.5818181818181818,364.2672432438468,108,raw,1.1856195038085895e-10,-1.1994250040253532e-10,"[2, 5, 11, 17, 22, 25, 29, 38, 44, 52, 55, 60, 65, 74, 78, 84, 89, 95, 98, 101, 105]","[37.99999999992707, 367.999999999636, 460.99999999982316, 192.99999999974574, 950.9999999998054, 153.99999999964552, 880.999999999246, 242.9999999997782, 490.99999999981833, 185.99999999986358, 320.9999999997167, 942.999999999898, 809.9999999992935, 204.9999999997833, 477.9999999996684, 275.9999999998272, 346.9999999997841, 79.0000000001412, 1007.9999999996489, 113.99999999971294, 892.9999999992485]",21,5.56352057485571,100055.4700059895,0.8641123454913514,4.3659237182557555e-06,1.0,0.4907407407407407,67631.00000000001,0.12910941990470454,0.15147910127184278,188156.12126445564,82872438.25058109,8,12069.579557417715,0.027777777777777776,"[0.0, 0.009259259259259259, 0.018518518518518517, 0.027777777777777776, 0.037037037037037035, 0.046296296296296294, 0.05555555555555555, 0.06481481481481481, 0.07407407407407407, 0.08333333333333333, 0.09259259259259259, 0.10185185185185185, 0.1111111111111111, 0.12037037037037036, 0.12962962962962962, 0.1388888888888889, 0.14814814814814814, 0.15740740740740738, 0.16666666666666666, 0.17592592592592593, 0.18518518518518517, 0.19444444444444442, 0.2037037037037037, 0.21296296296296297, 0.2222222222222222, 0.23148148148148145, 0.24074074074074073]","[67631.00000000001, 1786.6346316369927, 1155.9831840869172, 12069.579557417715, 1906.5778542067326, 950.5914327635138, 9083.877197383954, 2481.229636774027, 778.6316126027712, 8965.16239638341, 2042.6423114772176, 1606.717102153497, 6927.939836295032, 1790.9411989168188, 2115.0643759883496, 4469.1464533937215, 811.31248186527, 852.445494224388, 2613.5185095935904, 1125.8336361535503, 622.5282936162191, 1595.9028958450958, 1672.0836322338962, 807.7671822528627, 3024.634439408398, 842.7313814734181, 842.8235732259668]",3.0,0.3,145.15000000014962,15,0.5,1721880.1384882429,0.14445541615559754,0.12412575453778628,16430975.45269195,84089526828.76022,"[0.046875, 0.03125]",2,1721880.1384882429,0.046875,"[0.0, 0.015625, 0.03125, 0.046875, 0.0625, 0.078125, 0.09375, 0.109375, 0.125, 0.140625, 0.15625, 0.171875, 0.1875, 0.203125, 0.21875, 0.234375]","[154749.38571156558, 876106.9067081986, 1710291.376891301, 1721880.1384882429, 1236443.3975589287, 1200279.6938548728, 1385236.6101417767, 1437054.0474210475, 1048940.2936450313, 664501.8455334727, 393060.2971502807, 165807.0810687202, 58528.066628427536, 51528.95639379196, 141871.951810949, 339557.7347237662]",3.0,0.3,flattop,64,32,145.15000000014962,15,21,449.5238095235244,37.99999999992707,1007.9999999996489,"[2, 5, 11, 17, 22, 25, 29, 38, 44, 52, 55, 60, 65, 74, 78, 84, 89, 95, 98, 101, 105]","[37.99999999992707, 367.999999999636, 460.99999999982316, 192.99999999974574, 950.9999999998054, 153.99999999964552, 880.999999999246, 242.9999999997782, 490.99999999981833, 185.99999999986358, 320.9999999997167, 942.999999999898, 809.9999999992935, 204.9999999997833, 477.9999999996684, 275.9999999998272, 346.9999999997841, 79.0000000001412, 1007.9999999996489, 113.99999999971294, 892.9999999992485]","[1, 1, 1, 15, 1, 24, 27, 35, 35, 49, 35, 35, 63, 73, 73, 73, 35, 92, 35, 99, 99]","[3, 8, 18, 18, 35, 27, 35, 39, 49, 53, 56, 73, 73, 75, 81, 85, 92, 97, 106, 102, 106]",0.05,30,52684908.99999278,1015.9999999998986,-1015.9999999998986,DWT,uc1.l0082987033,2.658925950527191e-07,0.0,2.85126589005813e-10,5.21540641784668e-07,0.0,3.510649548843503e-10,1.345016062259674e-05,1.014086592476815e-10,1.0,84,0.0,4.147295840084553e-10,1.0,84,,0.0,0.0,1.0,84,0.0,0.0,7.2196125984191895e-06,0.0634307861328125,1.4551915228366852e-11,0.0,0.0,0.0,2.85126589005813e-10,5.9881131164729595e-09,2.985984792758245e-10,0.0,1.014086592476815e-10,0.0,1.496118784416467e-10,0.0,0.0,0.0,1.496118784416467e-10,7.293010639841668e-11,3.291811268013589e-14,2.658925950527191e-07,2.858824288409778e-15,6.203371150093062e-15,5.989568307995796e-08,0.0,0.0,4.5380366131553274e-14,0.29077377400175763,0.15277961469937315,0.033122938827879624,0.7065515490096493,0.03231764708775847,0.03038665370503936,0.01519332685251968,0.03038665370503936,105,0.562963219603644,0.31829779392199525,722,0,0,0.03038665370503936,0.03038665370503936,101,0,0,0.24310910472528363,0.33067245015356295,715,355.3743331568371,0.540860034681089,410.75,180.1116844151389,0.5050876400795625,709,sym,445.72514619883043,505.0,280.45746329325993,171,0.986117580085908,1.0,0.009717693939864401,6,533.25
sym18,1,smooth,1.36008919071443e-18,238.7593492210221,9658423.512408137,0.5704225352112676,266.6994773898306,108,raw,8.957410451231414e-10,-1.45373492590797e-10,"[2, 5, 11, 17, 22, 25, 29, 38, 44, 52, 55, 60, 65, 74, 78, 84, 89, 95, 98, 101, 105]","[38.000000000564455, 368.00000000268375, 461.00000000131104, 193.00000000192472, 951.000000001615, 154.0000000025999, 881.0000000057285, 243.0000000016521, 491.0000000014367, 186.00000000096782, 321.0000000020748, 943.0000000008604, 810.0000000053169, 205.00000000157266, 478.0000000024612, 276.00000000123464, 347.00000000164573, 78.99999999893089, 1008.0000000026764, 114.00000000210719, 893.0000000057337]",21,5.7778927015727755,111274.05046077076,0.8554653984007411,4.365923718217175e-06,0.9999999999999997,0.4907407407407407,67631.00000000003,0.12910941990498348,0.15147910127182015,188156.1212649718,82872438.25057827,8,12069.5795574224,0.027777777777777776,"[0.0, 0.009259259259259259, 0.018518518518518517, 0.027777777777777776, 0.037037037037037035, 0.046296296296296294, 0.05555555555555555, 0.06481481481481481, 0.07407407407407407, 0.08333333333333333, 0.09259259259259259, 0.10185185185185185, 0.1111111111111111, 0.12037037037037036, 0.12962962962962962, 0.1388888888888889, 0.14814814814814814, 0.15740740740740738, 0.16666666666666666, 0.17592592592592593, 0.18518518518518517, 0.19444444444444442, 0.2037037037037037, 0.21296296296296297, 0.2222222222222222, 0.23148148148148145, 0.24074074074074073]","[67631.00000000003, 1786.634631637066, 1155.9831840871332, 12069.5795574224, 1906.577854207961, 950.5914327643322, 9083.877197396494, 2481.2296367785634, 778.6316126045656, 8965.162396407455, 2042.6423114833065, 1606.717102159489, 6927.939836323834, 1790.9411989254393, 2115.064375999318, 4469.146453419082, 811.3124818705504, 852.4454942299865, 2613.5185096116857, 1125.8336361620002, 622.5282936214321, 1595.9028958580375, 1672.0836322481814, 807.767182260599, 3024.63443943706, 842.7313814812687, 842.8235732338659]",3.0,0.3,145.14999999886354,15,0.5,1721880.1384910461,0.14445541615597735,0.12412575453773585,16430975.45280972,84089526829.3528,"[0.046875, 0.03125]",2,1721880.1384910461,0.046875,"[0.0, 0.015625, 0.03125, 0.046875, 0.0625, 0.078125, 0.09375, 0.109375, 0.125, 0.140625, 0.15625, 0.171875, 0.1875, 0.203125, 0.21875, 0.234375]","[154749.38571158468, 876106.9067090731, 1710291.3768937583, 1721880.1384910461, 1236443.3975625897, 1200279.6938609045, 1385236.6101507486, 1437054.0474318385, 1048940.2936543792, 664501.8455403724, 393060.2971548304, 165807.08107082744, 58528.066629297755, 51528.956394779285, 141871.95181377925, 339557.73473044886]",3.0,0.3,flattop,64,32,145.14999999886354,15,21,449.52380952595695,38.000000000564455,1008.0000000026764,"[2, 5, 11, 17, 22, 25, 29, 38, 44, 52, 55, 60, 65, 74, 78, 84, 89, 95, 98, 101, 105]","[38.000000000564455, 368.00000000268375, 461.00000000131104, 193.00000000192472, 951.000000001615, 154.0000000025999, 881.0000000057285, 243.0000000016521, 491.0000000014367, 186.00000000096782, 321.0000000020748, 943.0000000008604, 810.0000000053169, 205.00000000157266, 478.0000000024612, 276.00000000123464, 347.00000000164573, 78.99999999893089, 1008.0000000026764, 114.00000000210719, 893.0000000057337]","[1, 1, 1, 15, 1, 24, 27, 35, 35, 49, 35, 35, 63, 73, 73, 73, 35, 92, 35, 99, 99]","[3, 8, 18, 18, 35, 27, 35, 39, 49, 53, 56, 73, 73, 75, 81, 85, 92, 97, 106, 102, 106]",0.05,30,52684909.00005655,1016.0000000007856,-1016.0000000007856,DWT,uc1.l0082987033,2.5373883545398712e-06,0.0,2.147430677723605e-09,2.294778823852539e-06,0.0,2.6764155336422846e-09,0.00010431930422782898,7.855760486563668e-10,1.0,84,0.0,4.269168130122125e-09,1.0,84,,0.0,0.0,1.0,84,0.0,0.0,5.6549906730651855e-05,0.529144287109375,2.9103830456733704e-11,0.0,0.0,0.0,2.147430677723605e-09,4.5096385292708874e-08,2.2493658153031163e-09,0.0,7.855760486563668e-10,0.0,1.1364704732841346e-09,0.0,0.0,0.0,1.1364704732841346e-09,5.644551492878236e-10,2.460254222569347e-13,2.5373883545398712e-06,1.9761969838327786e-14,4.4228509743504674e-14,4.5626075007021427e-07,0.0,0.0,3.344269305927128e-13,0.11033033683870497,0.4274639401115287,0.051394970987678784,0.579353214257613,0.06268525164257797,0.23801310796826491,0.11900655398413246,0.23801310796826491,23,0.5624430440129031,0.3180036881310317,725,0,0,0.23801310796826491,0.23801310796826491,23,0,0,0.2462455427676207,0.33493857442474734,702,398.7709242158962,0.4847920875763615,368.25,44.56311428057495,0.504508446888956,710,sym,445.72514619883043,505.0,280.45746329325993,171,0.986117580085908,1.0,0.009717693939864401,6,534.0
sym2,1,constant,2.3785311736046437e-20,256.331934634203,9469914.826029798,0.5818181818181818,364.2672432438468,108,raw,1.1868369661535192e-10,-1.330904275940041e-10,"[2, 5, 11, 17, 22, 25, 29, 38, 44, 52, 55, 60, 65, 74, 78, 84, 89, 95, 98, 101, 105]","[37.99999999992707, 367.999999999636, 460.99999999982316, 192.99999999974574, 950.9999999998054, 153.99999999964552, 880.999999999246, 242.9999999997782, 490.99999999981833, 185.99999999986358, 320.9999999997167, 942.999999999898, 809.9999999992935, 204.9999999997833, 477.9999999996684, 275.9999999998272, 346.9999999997841, 79.0000000001412, 1007.9999999996489, 113.99999999971294, 892.9999999992485]",21,5.563818537122412,99793.1528481488,0.8637454463463907,4.365923718255754e-06,1.0,0.4907407407407407,67631.00000000003,0.12910941990470456,0.15147910127184278,188156.12126445564,82872438.2505811,8,12069.579557417703,0.027777777777777776,"[0.0, 0.009259259259259259, 0.018518518518518517, 0.027777777777777776, 0.037037037037037035, 0.046296296296296294, 0.05555555555555555, 0.06481481481481481, 0.07407407407407407, 0.08333333333333333, 0.09259259259259259, 0.10185185185185185, 0.1111111111111111, 0.12037037037037036, 0.12962962962962962, 0.1388888888888889, 0.14814814814814814, 0.15740740740740738, 0.16666666666666666, 0.17592592592592593, 0.18518518518518517, 0.19444444444444442, 0.2037037037037037, 0.21296296296296297, 0.2222222222222222, 0.23148148148148145, 0.24074074074074073]","[67631.00000000003, 1786.634631637001, 1155.9831840869192, 12069.579557417703, 1906.5778542067312, 950.5914327635267, 9083.877197383941, 2481.2296367740205, 778.631612602763, 8965.162396383397, 2042.642311477229, 1606.7171021534864, 6927.93983629502, 1790.9411989168066, 2115.06437598835, 4469.146453393712, 811.3124818652643, 852.4454942243842, 2613.518509593603, 1125.8336361535555, 622.5282936162163, 1595.9028958451022, 1672.0836322338996, 807.7671822528588, 3024.6344394083903, 842.7313814734296, 842.8235732259777]",3.0,0.3,145.15000000014962,15,0.5,1721880.1384882429,0.1444554161555975,0.12412575453778626,16430975.452691952,84089526828.76025,"[0.046875, 0.03125]",2,1721880.1384882429,0.046875,"[0.0, 0.015625, 0.03125, 0.046875, 0.0625, 0.078125, 0.09375, 0.109375, 0.125, 0.140625, 0.15625, 0.171875, 0.1875, 0.203125, 0.21875, 0.234375]","[154749.38571156625, 876106.9067081998, 1710291.3768913017, 1721880.1384882429, 1236443.3975589287, 1200279.6938548726, 1385236.610141777, 1437054.0474210472, 1048940.2936450313, 664501.8455334727, 393060.29715028073, 165807.08106872026, 58528.066628427536, 51528.95639379197, 141871.95181094902, 339557.7347237662]",3.0,0.3,flattop,64,32,145.15000000014962,15,21,449.5238095235244,37.99999999992707,1007.9999999996489,"[2, 5, 11, 17, 22, 25, 29, 38, 44, 52, 55, 60, 65, 74, 78, 84, 89, 95, 98, 101, 105]","[37.99999999992707, 367.999999999636, 460.99999999982316, 192.99999999974574, 950.9999999998054, 153.99999999964552, 880.999999999246, 242.9999999997782, 490.99999999981833, 185.99999999986358, 320.9999999997167, 942.999999999898, 809.9999999992935, 204.9999999997833, 477.9999999996684, 275.9999999998272, 346.9999999997841, 79.0000000001412, 1007.9999999996489, 113.99999999971294, 892.9999999992485]","[1, 1, 1, 15, 1, 24, 27, 35, 35, 49, 35, 35, 63, 73, 73, 73, 35, 92, 35, 99, 99]","[3, 8, 18, 18, 35, 27, 35, 39, 49, 53, 56, 73, 73, 75, 81, 85, 92, 97, 106, 102, 106]",0.05,30,52684908.99999278,1015.9999999998986,-1015.9999999998986,DWT,uc1.l0082987033,2.658925950527191e-07,0.0,2.85126589005813e-10,5.364418029785156e-07,0.0,3.510649548843503e-10,1.344829797744751e-05,1.014086592476815e-10,1.0,84,0.0,4.2746250983327627e-10,1.0,84,,0.0,0.0,1.0,84,0.0,0.0,7.2196125984191895e-06,0.0634002685546875,2.9103830456733704e-11,0.0,0.0,0.0,2.85126589005813e-10,5.9881131164729595e-09,2.985984792758245e-10,0.0,1.014086592476815e-10,0.0,1.496118784416467e-10,0.0,0.0,0.0,1.496118784416467e-10,7.293010639841668e-11,3.289035710452026e-14,2.658925950527191e-07,2.858824288409778e-15,6.189493362285248e-15,5.989568307995796e-08,0.0,0.0,4.54081217071689e-14,0.29074230711474736,0.15316140670508124,0.03310895613187935,0.7065515490096493,0.03160758009226304,0.03038665370503936,0.01519332685251968,0.03038665370503936,104,0.5628442173280936,0.3182305103758232,723,0,0,0.03038665370503936,0.03038665370503936,105,0,0,0.24303435981072405,0.3305707835209542,716,355.0821501192834,0.5412375321456286,412.0,182.4903431210045,0.5044688952717807,711,sym,445.72514619883043,505.0,280.45746329325993,171,0.986117580085908,1.0,0.009717693939864401,6,534.75
bior6.8,1,constant,2.4192756293893706e-21,266.25816960594574,9372089.973538047,0.5564516129032258,263.4536568776942,108,raw,3.898187945278804e-11,-9.388501088002365e-11,"[2, 5, 11, 17, 22, 25, 29, 38, 44, 52, 55, 60, 65, 74, 78, 84, 89, 95, 98, 101, 105]","[37.999999999979764, 367.99999999988336, 460.99999999993116, 192.99999999994037, 950.9999999999152, 153.99999999992428, 880.9999999997787, 242.9999999999401, 490.99999999991866, 185.99999999995555, 320.99999999990723, 942.9999999999283, 809.9999999997983, 204.99999999995268, 477.9999999998963, 275.9999999999559, 346.9999999999319, 79.00000000000671, 1007.9999999998931, 113.99999999995066, 892.9999999997563]",21,5.614773273784243,122294.45272258128,0.8589880706450883,4.3659237182527375e-06,1.0,0.4907407407407407,67630.99999999999,0.1291094199047274,0.15147910127184055,188156.12126449583,82872438.2505805,8,12069.579557417983,0.027777777777777776,"[0.0, 0.009259259259259259, 0.018518518518518517, 0.027777777777777776, 0.037037037037037035, 0.046296296296296294, 0.05555555555555555, 0.06481481481481481, 0.07407407407407407, 0.08333333333333333, 0.09259259259259259, 0.10185185185185185, 0.1111111111111111, 0.12037037037037036, 0.12962962962962962, 0.1388888888888889, 0.14814814814814814, 0.15740740740740738, 0.16666666666666666, 0.17592592592592593, 0.18518518518518517, 0.19444444444444442, 0.2037037037037037, 0.21296296296296297, 0.2222222222222222, 0.23148148148148145, 0.24074074074074073]","[67630.99999999999, 1786.6346316369873, 1155.9831840869285, 12069.579557417983, 1906.5778542067985, 950.5914327635345, 9083.877197384649, 2481.229636774285, 778.631612602882, 8965.162396384756, 2042.6423114775266, 1606.717102153868, 6927.939836296815, 1790.9411989174039, 2115.064375989107, 4469.146453395537, 811.3124818657004, 852.4454942248153, 2613.518509595079, 1125.8336361543018, 622.5282936167039, 1595.9028958462488, 1672.0836322351813, 807.7671822535714, 3024.6344394109533, 842.7313814741298, 842.8235732266763]",3.0,0.3,145.15000000004704,15,0.5,1721880.1384883912,0.14445541615563154,0.12412575453778249,16430975.452700602,84089526828.7917,"[0.046875, 0.03125]",2,1721880.1384883912,0.046875,"[0.0, 0.015625, 0.03125, 0.046875, 0.0625, 0.078125, 0.09375, 0.109375, 0.125, 0.140625, 0.15625, 0.171875, 0.1875, 0.203125, 0.21875, 0.234375]","[154749.38571156457, 876106.9067082411, 1710291.376891429, 1721880.1384883912, 1236443.3975591268, 1200279.6938552114, 1385236.610142303, 1437054.047421716, 1048940.2936456478, 664501.8455339572, 393060.2971506184, 165807.08106888557, 58528.06662850139, 51528.95639388031, 141871.95181120033, 339557.73472435796]",3.0,0.3,flattop,64,32,145.15000000004704,15,21,449.5238095237212,37.999999999979764,1007.9999999998931,"[2, 5, 11, 17, 22, 25, 29, 38, 44, 52, 55, 60, 65, 74, 78, 84, 89, 95, 98, 101, 105]","[37.999999999979764, 367.99999999988336, 460.99999999993116, 192.99999999994037, 950.9999999999152, 153.99999999992428, 880.9999999997787, 242.9999999999401, 490.99999999991866, 185.99999999995555, 320.99999999990723, 942.9999999999283, 809.9999999997983, 204.99999999995268, 477.9999999998963, 275.9999999999559, 346.9999999999319, 79.00000000000671, 1007.9999999998931, 113.99999999995066, 892.9999999997563]","[1, 1, 1, 15, 1, 24, 27, 35, 35, 49, 35, 35, 63, 73, 73, 73, 35, 92, 35, 99, 99]","[3, 8, 18, 18, 35, 27, 35, 39, 49, 53, 56, 73, 73, 75, 81, 85, 92, 97, 106, 102, 106]",0.05,30,52684908.99999743,1015.9999999999702,-1015.9999999999702,DWT,uc1.l0082987033,1.1757947504520416e-07,0.0,8.833467290969566e-11,5.960464477539063e-08,0.0,1.0686562745831907e-10,4.798173904418945e-06,2.97859514830634e-11,1.0,84,0.0,1.4733814168721437e-10,1.0,84,,0.0,0.0,1.0,84,0.0,0.0,2.5704503059387207e-06,0.031951904296875,1.4551915228366852e-11,0.0,0.0,0.0,8.833467290969566e-11,1.8553691916167736e-09,8.899919954447318e-11,0.0,2.97859514830634e-11,0.0,4.703792910731863e-11,0.0,0.0,0.0,4.703792910731863e-11,2.0236257114447653e-11,1.0047518372857667e-14,1.1757947504520416e-07,6.38378239159465e-16,2.4147350785597155e-15,1.9703293219208717e-08,0.0,0.0,1.1379786002407855e-14,0.39265170556512063,0.21845192595706425,0.023619596568148927,0.42340962335555915,0.09251640713240379,0.010818777634921133,0.0054093888174605665,0.010818777634921133,157,0.5629971967968642,0.318317004529845,721,0,0,0.010818777634921133,0.010818777634921133,157,0,0,0.23012985171565936,0.31301831334652996,726,327.07529714119346,0.5774220967168043,440.25,258.01080787491435,0.5043118235522006,712,bior,385.74074074074076,410.0,199.97417605530825,135,0.8534087184529663,0.7130285416801533,0.18870533457887761,4,535.0
bior4.4,1,periodic,5.617052268102975e-20,252.59993846066214,9577636.843536131,0.5689655172413793,399.3409095980314,108,raw,1.9100189742584076e-10,-1.2102341360675764e-10,"[2, 5, 11, 17, 22, 25, 29, 38, 44, 52, 55, 60, 65, 74, 78, 84, 89, 95, 98, 101, 105]","[37.999999999909306, 367.9999999994857, 460.99999999961904, 192.99999999978434, 950.9999999993804, 153.99999999974796, 880.9999999990476, 242.99999999975205, 490.9999999995465, 185.99999999980196, 320.99999999955776, 942.9999999995626, 809.9999999991213, 204.99999999982583, 477.9999999995222, 275.99999999979593, 346.9999999996694, 78.99999999993679, 1007.9999999994377, 113.99999999986369, 892.9999999988842]",21,5.678608109003303,101933.1653304678,0.7911332845736662,4.365923718258299e-06,1.0,0.4907407407407407,67631.00000000001,0.129109419904692,0.15147910127184103,188156.12126442013,82872438.25057958,8,12069.57955741664,0.027777777777777776,"[0.0, 0.009259259259259259, 0.018518518518518517, 0.027777777777777776, 0.037037037037037035, 0.046296296296296294, 0.05555555555555555, 0.06481481481481481, 0.07407407407407407, 0.08333333333333333, 0.09259259259259259, 0.10185185185185185, 0.1111111111111111, 0.12037037037037036, 0.12962962962962962, 0.1388888888888889, 0.14814814814814814, 0.15740740740740738, 0.16666666666666666, 0.17592592592592593, 0.18518518518518517, 0.19444444444444442, 0.2037037037037037, 0.21296296296296297, 0.2222222222222222, 0.23148148148148145, 0.24074074074074073]","[67631.00000000001, 1786.6346316369745, 1155.9831840868724, 12069.57955741664, 1906.5778542064356, 950.5914327632948, 9083.877197381156, 2481.229636773068, 778.6316126024011, 8965.16239637861, 2042.6423114759996, 1606.7171021524762, 6927.93983629052, 1790.9411989156586, 2115.06437598703, 4469.146453391069, 811.3124818648519, 852.4454942239805, 2613.518509592584, 1125.833636153234, 622.5282936161105, 1595.9028958449023, 1672.0836322338391, 807.7671822529175, 3024.634439408728, 842.7313814735435, 842.8235732261114]",3.0,0.3,145.15000000022658,15,0.5,1721880.1384875895,0.1444554161556013,0.12412575453778944,16430975.452681366,84089526828.6328,"[0.046875, 0.03125]",2,1721880.1384875895,0.046875,"[0.0, 0.015625, 0.03125, 0.046875, 0.0625, 0.078125, 0.09375, 0.109375, 0.125, 0.140625, 0.15625, 0.171875, 0.1875, 0.203125, 0.21875, 0.234375]","[154749.3857115486, 876106.9067079718, 1710291.3768907166, 1721880.1384875895, 1236443.397558139, 1200279.6938536984, 1385236.610140195, 1437054.0474193553, 1048940.293643775, 664501.8455326962, 393060.29714985634, 165807.08106856322, 58528.0666283939, 51528.95639380596, 141871.95181100658, 339557.7347238836]",3.0,0.3,flattop,64,32,145.15000000022658,15,21,449.52380952339297,37.999999999909306,1007.9999999994377,"[2, 5, 11, 17, 22, 25, 29, 38, 44, 52, 55, 60, 65, 74, 78, 84, 89, 95, 98, 101, 105]","[37.999999999909306, 367.9999999994857, 460.99999999961904, 192.99999999978434, 950.9999999993804, 153.99999999974796, 880.9999999990476, 242.99999999975205, 490.9999999995465, 185.99999999980196, 320.99999999955776, 942.9999999995626, 809.9999999991213, 204.99999999982583, 477.9999999995222, 275.99999999979593, 346.9999999996694, 78.99999999993679, 1007.9999999994377, 113.99999999986369, 892.9999999988842]","[1, 1, 1, 15, 1, 24, 27, 35, 35, 49, 35, 35, 63, 73, 73, 73, 35, 92, 35, 99, 99]","[3, 8, 18, 18, 35, 27, 35, 39, 49, 53, 56, 73, 73, 75, 81, 85, 92, 97, 106, 102, 106]",0.05,30,52684908.99998669,1015.9999999998413,-1015.9999999998413,DWT,uc1.l0082987033,9.192153811454773e-07,0.0,4.1654857341200113e-10,9.834766387939453e-07,0.0,5.622950993711129e-10,2.403371036052704e-05,1.5870682545937598e-10,1.0,84,0.0,1.4897523215040565e-09,1.0,84,,0.0,0.0,1.0,84,0.0,0.0,1.3306736946105957e-05,0.19085693359375,1.4551915228366852e-11,0.0,0.0,0.0,4.1654857341200113e-10,8.747520041652024e-09,4.165580473151445e-10,0.0,1.5870682545937598e-10,0.0,2.2657786757918075e-10,0.0,0.0,0.0,2.2657786757918075e-10,9.069367479241919e-11,4.546363285840016e-14,9.192153811454773e-07,1.1102230246251565e-15,9.367506770274758e-15,9.540235623717308e-08,0.0,0.0,4.160560784782774e-14,0.2524271265707322,0.30024627542996046,0.04355837599820883,0.5630899633981896,0.037400385435807565,0.05600677349556274,0.02800338674778137,0.05600677349556274,87,0.5635547411901228,0.3186322385348529,717,0,0,0.05600677349556274,0.05600677349556274,86,0,0,0.23934442536657974,0.3255518038125224,720,364.88765394296365,0.5285689225543105,402.5,154.4058818270275,0.5042715413805144,713,bior,385.74074074074076,410.0,199.97417605530825,135,0.8534087184529663,0.7130285416801533,0.18870533457887761,4,535.75
sym2,1,smooth,2.3847647540203613e-20,256.3205676682884,9469509.59238438,0.5818181818181818,364.2672432438468,108,raw,1.1905074457116726e-10,-1.7273082966619711e-10,"[2, 5, 11, 17, 22, 25, 29, 38, 44, 52, 55, 60, 65, 74, 78, 84, 89, 95, 98, 101, 105]","[37.99999999992707, 367.999999999636, 460.99999999982316, 192.99999999974574, 950.9999999997942, 153.99999999964552, 880.999999999246, 242.9999999997782, 490.99999999981833, 185.99999999986358, 320.9999999997167, 942.999999999898, 809.9999999992935, 204.9999999997833, 477.9999999996684, 275.9999999998272, 346.9999999997841, 79.0000000001412, 1007.9999999996469, 113.99999999971294, 892.9999999992485]",21,5.5655807588948445,98821.78832334623,0.8623665857403651,4.3659237182557555e-06,1.0,0.4907407407407407,67631.00000000006,0.1291094199047046,0.1514791012718428,188156.12126445558,82872438.25058116,8,12069.579557417666,0.027777777777777776,"[0.0, 0.009259259259259259, 0.018518518518518517, 0.027777777777777776, 0.037037037037037035, 0.046296296296296294, 0.05555555555555555, 0.06481481481481481, 0.07407407407407407, 0.08333333333333333, 0.09259259259259259, 0.10185185185185185, 0.1111111111111111, 0.12037037037037036, 0.12962962962962962, 0.1388888888888889, 0.14814814814814814, 0.15740740740740738, 0.16666666666666666, 0.17592592592592593, 0.18518518518518517, 0.19444444444444442, 0.2037037037037037, 0.21296296296296297, 0.2222222222222222, 0.23148148148148145, 0.24074074074074073]","[67631.00000000006, 1786.6346316370248, 1155.9831840869235, 12069.579557417666, 1906.5778542067292, 950.5914327635651, 9083.877197383905, 2481.229636774001, 778.6316126027423, 8965.162396383366, 2042.6423114772624, 1606.7171021534596, 6927.939836294984, 1790.9411989167727, 2115.0643759883446, 4469.146453393694, 811.3124818652435, 852.445494224383, 2613.5185095936313, 1125.8336361535594, 622.5282936162014, 1595.902895845124, 1672.0836322339153, 807.7671822528421, 3024.6344394083853, 842.731381473449, 842.823573226]",3.0,0.3,145.15000000014962,15,0.5,1721880.138488243,0.14445541615559748,0.12412575453778628,16430975.452691957,84089526828.76028,"[0.046875, 0.03125]",2,1721880.138488243,0.046875,"[0.0, 0.015625, 0.03125, 0.046875, 0.0625, 0.078125, 0.09375, 0.109375, 0.125, 0.140625, 0.15625, 0.171875, 0.1875, 0.203125, 0.21875, 0.234375]","[154749.38571156762, 876106.9067082019, 1710291.3768913029, 1721880.138488243, 1236443.3975589287, 1200279.6938548726, 1385236.610141777, 1437054.0474210475, 1048940.2936450313, 664501.8455334727, 393060.2971502808, 165807.08106872026, 58528.066628427536, 51528.95639379197, 141871.951810949, 339557.73472376616]",3.0,0.3,flattop,64,32,145.15000000014962,15,21,449.52380952352377,37.99999999992707,1007.9999999996469,"[2, 5, 11, 17, 22, 25, 29, 38, 44, 52, 55, 60, 65, 74, 78, 84, 89, 95, 98, 101, 105]","[37.99999999992707, 367.999999999636, 460.99999999982316, 192.99999999974574, 950.9999999997942, 153.99999999964552, 880.999999999246, 242.9999999997782, 490.99999999981833, 185.99999999986358, 320.9999999997167, 942.999999999898, 809.9999999992935, 204.9999999997833, 477.9999999996684, 275.9999999998272, 346.9999999997841, 79.0000000001412, 1007.9999999996469, 113.99999999971294, 892.9999999992485]","[1, 1, 1, 15, 1, 24, 27, 35, 35, 49, 35, 35, 63, 73, 73, 73, 35, 92, 35, 99, 99]","[3, 8, 18, 18, 35, 27, 35, 39, 49, 53, 56, 73, 73, 75, 81, 85, 92, 97, 106, 102, 106]",0.05,30,52684908.99999279,1015.9999999998986,-1015.9999999998986,DWT,uc1.l0082987033,2.6565976440906525e-07,0.0,2.857518666132819e-10,5.960464477539062e-07,0.0,3.531113179633394e-10,1.3442710041999817e-05,1.014086592476815e-10,1.0,84,0.0,4.638422979041934e-10,1.0,84,,0.0,0.0,1.0,84,0.0,0.0,7.212162017822266e-06,0.0633697509765625,5.820766091346741e-11,0.0,0.0,0.0,2.857518666132819e-10,6.0008460422977805e-09,2.9922646371276286e-10,0.0,1.014086592476815e-10,0.0,1.496118784416467e-10,0.0,0.0,0.0,1.496118784416467e-10,7.293010639841668e-11,3.2862601528904634e-14,2.6565976440906525e-07,2.886579864025407e-15,6.203371150093062e-15,5.995389074087143e-08,0.0,0.0,4.543587728278453e-14,0.29062560620429545,0.15541941807157833,0.03306964702309206,0.7065515490096493,0.02897819093855662,0.030355294929285966,0.015177647464642983,0.030355294929285966,107,0.5628317922491949,0.31822348527175764,724,0,0,0.030355294929285966,0.030355294929285966,107,0,0,0.24292888224943435,0.3304273149179692,717,354.21591814409845,0.5423566949042655,413.75,186.3281323512269,0.5038979856950268,714,sym,445.72514619883043,505.0,280.45746329325993,171,0.986117580085908,1.0,0.009717693939864401,6,537.0
bior4.4,1,antireflect,5.347760900287043e-20,252.81330329571728,9589056.36270738,0.5517241379310345,389.0888774716896,108,raw,1.82422011652795e-10,1.2180670915633184e-09,"[2, 5, 11, 17, 22, 25, 29, 38, 44, 52, 55, 60, 65, 74, 78, 84, 89, 95, 98, 101, 105]","[37.99999999987435, 367.99999999948636, 460.99999999961904, 192.99999999978434, 950.9999999995672, 153.99999999974796, 880.9999999990476, 242.99999999975205, 490.9999999995465, 185.99999999980196, 320.99999999955776, 942.9999999995626, 809.9999999991213, 204.99999999982583, 477.9999999995222, 275.99999999979593, 346.9999999996694, 78.99999999993679, 1007.9999999996465, 113.9999999998638, 892.9999999987014]",21,5.6955121347973385,161401.70020166875,0.8687417895400384,4.365923718258415e-06,1.0,0.4907407407407407,67630.99999999866,0.1291094199046911,0.15147910127183906,188156.1212644213,82872438.25057727,8,12069.579557417817,0.027777777777777776,"[0.0, 0.009259259259259259, 0.018518518518518517, 0.027777777777777776, 0.037037037037037035, 0.046296296296296294, 0.05555555555555555, 0.06481481481481481, 0.07407407407407407, 0.08333333333333333, 0.09259259259259259, 0.10185185185185185, 0.1111111111111111, 0.12037037037037036, 0.12962962962962962, 0.1388888888888889, 0.14814814814814814, 0.15740740740740738, 0.16666666666666666, 0.17592592592592593, 0.18518518518518517, 0.19444444444444442, 0.2037037037037037, 0.21296296296296297, 0.2222222222222222, 0.23148148148148145, 0.24074074074074073]","[67630.99999999866, 1786.6346316361125, 1155.9831840865738, 12069.579557417817, 1906.5778542067785, 950.5914327621672, 9083.877197382208, 2481.2296367732433, 778.6316126033489, 8965.16239637914, 2042.6423114754393, 1606.7171021533795, 6927.9398362911425, 1790.9411989162134, 2115.064375986609, 4469.146453391701, 811.3124818647548, 852.4454942244041, 2613.5185095923107, 1125.8336361528786, 622.5282936159452, 1595.9028958449633, 1672.0836322339492, 807.7671822528373, 3024.6344394088837, 842.7313814734347, 842.8235732260539]",3.0,0.3,145.1500000002297,15,0.5,1721880.138487587,0.14445541615560203,0.12412575453778942,16430975.452681279,84089526828.63206,"[0.046875, 0.03125]",2,1721880.138487587,0.046875,"[0.0, 0.015625, 0.03125, 0.046875, 0.0625, 0.078125, 0.09375, 0.109375, 0.125, 0.140625, 0.15625, 0.171875, 0.1875, 0.203125, 0.21875, 0.234375]","[154749.38571152475, 876106.9067079319, 1710291.3768906952, 1721880.138487587, 1236443.3975581392, 1200279.6938536984, 1385236.6101401956, 1437054.0474193553, 1048940.2936437747, 664501.8455326963, 393060.29714985634, 165807.08106856328, 58528.066628393906, 51528.95639380595, 141871.9518110066, 339557.73472388356]",3.0,0.3,flattop,64,32,145.1500000002297,15,21,449.52380952340144,37.99999999987435,1007.9999999996465,"[2, 5, 11, 17, 22, 25, 29, 38, 44, 52, 55, 60, 65, 74, 78, 84, 89, 95, 98, 101, 105]","[37.99999999987435, 367.99999999948636, 460.99999999961904, 192.99999999978434, 950.9999999995672, 153.99999999974796, 880.9999999990476, 242.99999999975205, 490.9999999995465, 185.99999999980196, 320.99999999955776, 942.9999999995626, 809.9999999991213, 204.99999999982583, 477.9999999995222, 275.99999999979593, 346.9999999996694, 78.99999999993679, 1007.9999999996465, 113.9999999998638, 892.9999999987014]","[1, 1, 1, 15, 1, 24, 27, 35, 35, 49, 35, 35, 63, 73, 73, 73, 35, 92, 35, 99, 99]","[3, 8, 18, 18, 35, 27, 35, 39, 49, 53, 56, 73, 73, 75, 81, 85, 92, 97, 106, 102, 106]",0.05,30,52684908.999986246,1015.9999999998413,-1015.9999999998413,DWT,uc1.l0082987033,9.217765182256699e-07,0.0,4.0807890400174074e-10,3.293156623840332e-06,0.0,3.5345237847650424e-10,2.4121254682540894e-05,1.5870682545937598e-10,1.0,84,0.0,3.128661774098873e-10,1.0,84,,0.0,0.0,1.0,84,0.0,0.0,1.3753771781921387e-05,0.19158935546875,1.3387762010097504e-09,0.0,0.0,0.0,4.0807890400174074e-10,8.56925908010453e-09,4.080504822923103e-10,0.0,1.5870682545937598e-10,0.0,2.297042556165252e-10,0.0,0.0,0.0,2.297042556165252e-10,1.2565237739181612e-10,4.6351811278100286e-14,9.217765182256699e-07,8.604228440844963e-16,9.33975119465913e-15,9.423820301890373e-08,0.0,0.0,4.088396288182139e-14,0.2546176733442904,0.32190613855252337,0.044666110083164734,0.3706414948950107,0.1983759168501639,0.057888300040766415,0.028944150020383207,0.057888300040766415,74,0.5636636930224881,0.3186938395891989,716,0,0,0.057888300040766415,0.057888300040766415,74,0,0,0.23804146674503066,0.3237795439034449,721,372.10784727011605,0.5192405074029509,396.25,134.1802899517918,0.503644801505093,715,bior,385.74074074074076,410.0,199.97417605530825,135,0.8534087184529663,0.7130285416801533,0.18870533457887761,4,537.25
db9,1,periodization,2.4142445228736665e-26,316.2672105637483,9460428.86988812,0.5462962962962963,314.9030307679189,108,raw,1.1839089379632416e-13,-1.0684031437335827e-10,"[2, 5, 11, 17, 22, 25, 29, 38, 44, 52, 55, 60, 65, 74, 78, 84, 89, 95, 98, 101, 105]","[38.00000000000006, 368.0000000000001, 460.99999999999983, 193.00000000000017, 951.0000000000001, 154.0000000000001, 881.0, 243.00000000000006, 491.00000000000017, 185.9999999999999, 320.99999999999966, 943.0, 810.0, 204.99999999999994, 478.00000000000006, 275.99999999999966, 347.00000000000034, 78.99999999999966, 1008.0, 113.99999999999966, 892.9999999999997]",21,5.568976811156243,95467.3424211248,0.8303702378269896,4.3659237182512925e-06,1.0,0.4907407407407407,67631.0,0.1291094199047374,0.15147910127183992,188156.12126451553,82872438.25058056,8,12069.579557418136,0.027777777777777776,"[0.0, 0.009259259259259259, 0.018518518518518517, 0.027777777777777776, 0.037037037037037035, 0.046296296296296294, 0.05555555555555555, 0.06481481481481481, 0.07407407407407407, 0.08333333333333333, 0.09259259259259259, 0.10185185185185185, 0.1111111111111111, 0.12037037037037036, 0.12962962962962962, 0.1388888888888889, 0.14814814814814814, 0.15740740740740738, 0.16666666666666666, 0.17592592592592593, 0.18518518518518517, 0.19444444444444442, 0.2037037037037037, 0.21296296296296297, 0.2222222222222222, 0.23148148148148145, 0.24074074074074073]","[67631.0, 1786.634631637, 1155.9831840869397, 12069.579557418136, 1906.577854206842, 950.5914327636028, 9083.877197385176, 2481.229636774484, 778.6316126029473, 8965.16239638599, 2042.6423114779188, 1606.7171021541478, 6927.939836298322, 1790.9411989177945, 2115.064375989648, 4469.146453396724, 811.3124818658847, 852.4454942250558, 2613.5185095958273, 1125.8336361545944, 622.5282936168378, 1595.9028958466968, 1672.0836322356424, 807.7671822537563, 3024.6344394117596, 842.7313814743673, 842.8235732269202]",3.0,0.3,145.14999999999992,15,0.5,1721880.1384885088,0.14445541615564292,0.12412575453778008,16430975.4527054,84089526828.82365,"[0.046875, 0.03125]",2,1721880.1384885088,0.046875,"[0.0, 0.015625, 0.03125, 0.046875, 0.0625, 0.078125, 0.09375, 0.109375, 0.125, 0.140625, 0.15625, 0.171875, 0.1875, 0.203125, 0.21875, 0.234375]","[154749.38571156544, 876106.906708278, 1710291.3768915324, 1721880.1384885088, 1236443.397559302, 1200279.6938555262, 1385236.6101427812, 1437054.0474222808, 1048940.2936461219, 664501.8455342905, 393060.29715082503, 165807.08106897445, 58528.06662853257, 51528.95639390756, 141871.9518112763, 339557.73472454026]",3.0,0.3,flattop,64,32,145.14999999999992,15,21,449.5238095238095,38.00000000000006,1008.0,"[2, 5, 11, 17, 22, 25, 29, 38, 44, 52, 55, 60, 65, 74, 78, 84, 89, 95, 98, 101, 105]","[38.00000000000006, 368.0000000000001, 460.99999999999983, 193.00000000000017, 951.0000000000001, 154.0000000000001, 881.0, 243.00000000000006, 491.00000000000017, 185.9999999999999, 320.99999999999966, 943.0, 810.0, 204.99999999999994, 478.00000000000006, 275.99999999999966, 347.00000000000034, 78.99999999999966, 1008.0, 113.99999999999966, 892.9999999999997]","[1, 1, 1, 15, 1, 24, 27, 35, 35, 49, 35, 35, 63, 73, 73, 73, 35, 92, 35, 99, 99]","[3, 8, 18, 18, 35, 27, 35, 39, 49, 53, 56, 73, 73, 75, 81, 85, 92, 97, 106, 102, 106]",0.05,30,52684909.0,1016.0,-1016.0,DWT,uc1.l0082987033,0.0,0.0,0.0,0.0,0.0,0.0,0.0,0.0,1.0,84,0.0,5.4569682106375694e-12,1.0,84,,0.0,0.0,1.0,84,0.0,0.0,0.0,0.0,0.0,0.0,0.0,0.0,0.0,0.0,1.542892797650503e-13,0.0,0.0,0.0,8.526512829121202e-14,0.0,0.0,0.0,8.526512829121202e-14,5.684341886080802e-14,5.551115123125783e-17,0.0,0.0,0.0,0.0,0.0,0.0,0.0,0.9060781251086584,0.1597709274714818,0.03218878455644298,0.31005586592178774,0.019898032618189045,0.0,0.0,0.0,760,0.7716082904951482,0.4362651201430957,615,0,0,0.0,0.0,363,0,0,0.285598347135312,0.3884655217407808,660,168.9112192839777,0.7817684505374966,599.5,554.6482291934832,0.5036103234599627,716,db,413.2962962962963,398.0,188.41229481502944,243,0.9143723369387087,0.671803462110104,0.15839832550987273,5,538.25
sym6,1,constant,5.666859226748248e-20,252.56159886930448,9380571.907181537,0.576271186440678,300.19934622449455,108,raw,1.855469687360188e-10,8.625455899995971e-11,"[2, 5, 11, 17, 22, 25, 29, 38, 44, 52, 55, 60, 65, 74, 78, 84, 89, 95, 98, 101, 105]","[38.0000000001223, 368.00000000048203, 461.0000000001233, 193.0000000004752, 951.0000000001368, 154.00000000068803, 881.0000000011821, 243.00000000035726, 491.00000000011613, 186.00000000016814, 321.0000000003387, 942.9999999999146, 810.0000000011091, 205.0000000003961, 478.00000000044946, 276.0000000002533, 347.00000000028115, 78.99999999956572, 1008.0000000004794, 114.00000000062926, 893.0000000010504]",21,5.617552408614077,115057.77171343942,0.8318696088430506,4.3659237182453345e-06,1.0,0.4907407407407407,67630.9999999998,0.12910941990478422,0.1514791012718341,188156.12126459286,82872438.25057861,8,12069.57955741853,0.027777777777777776,"[0.0, 0.009259259259259259, 0.018518518518518517, 0.027777777777777776, 0.037037037037037035, 0.046296296296296294, 0.05555555555555555, 0.06481481481481481, 0.07407407407407407, 0.08333333333333333, 0.09259259259259259, 0.10185185185185185, 0.1111111111111111, 0.12037037037037036, 0.12962962962962962, 0.1388888888888889, 0.14814814814814814, 0.15740740740740738, 0.16666666666666666, 0.17592592592592593, 0.18518518518518517, 0.19444444444444442, 0.2037037037037037, 0.21296296296296297, 0.2222222222222222, 0.23148148148148145, 0.24074074074074073]","[67630.9999999998, 1786.6346316368865, 1155.983184086925, 12069.57955741853, 1906.5778542069065, 950.5914327634345, 9083.877197385957, 2481.2296367748145, 778.6316126031552, 8965.162396387464, 2042.6423114780498, 1606.7171021547, 6927.9398363005885, 1790.9411989187188, 2115.0643759906907, 4469.146453399423, 811.3124818666823, 852.4454942257559, 2613.5185095982392, 1125.8336361559866, 622.5282936179358, 1595.9028958489698, 1672.0836322383777, 807.7671822555967, 3024.634439418054, 842.7313814760527, 842.8235732285831]",3.0,0.3,145.14999999980284,15,0.5,1721880.138488629,0.1444554161557245,0.12412575453777362,16430975.452721175,84089526828.84576,"[0.046875, 0.03125]",2,1721880.138488629,0.046875,"[0.0, 0.015625, 0.03125, 0.046875, 0.0625, 0.078125, 0.09375, 0.109375, 0.125, 0.140625, 0.15625, 0.171875, 0.1875, 0.203125, 0.21875, 0.234375]","[154749.385711551, 876106.9067082877, 1710291.376891623, 1721880.138488629, 1236443.3975594817, 1200279.6938558663, 1385236.610143358, 1437054.0474230815, 1048940.2936469293, 664501.8455349816, 393060.2971513446, 165807.08106924748, 58528.06662867649, 51528.95639412891, 141871.95181192821, 339557.73472605675]",3.0,0.3,flattop,64,32,145.14999999980284,15,21,449.5238095242056,38.0000000001223,1008.0000000004794,"[2, 5, 11, 17, 22, 25, 29, 38, 44, 52, 55, 60, 65, 74, 78, 84, 89, 95, 98, 101, 105]","[38.0000000001223, 368.00000000048203, 461.0000000001233, 193.0000000004752, 951.0000000001368, 154.00000000068803, 881.0000000011821, 243.00000000035726, 491.00000000011613, 186.00000000016814, 321.0000000003387, 942.9999999999146, 810.0000000011091, 205.0000000003961, 478.00000000044946, 276.0000000002533, 347.00000000028115, 78.99999999956572, 1008.0000000004794, 114.00000000062926, 893.0000000010504]","[1, 1, 1, 15, 1, 24, 27, 35, 35, 49, 35, 35, 63, 73, 73, 73, 35, 92, 35, 99, 99]","[3, 8, 18, 18, 35, 27, 35, 39, 49, 53, 56, 73, 73, 75, 81, 85, 92, 97, 106, 102, 106]",0.05,30,52684909.000008285,1016.0000000001357,-1016.0000000001357,DWT,uc1.l0082987033,1.2014061212539673e-07,0.0,3.9608494262211025e-10,1.952052116394043e-06,0.0,4.794173946720548e-10,1.5774741768836975e-05,1.3574208423960954e-10,1.0,84,0.0,4.001776687800884e-10,1.0,84,,0.0,0.0,1.0,84,0.0,0.0,8.285045623779297e-06,0.0221099853515625,2.0372681319713593e-10,0.0,0.0,0.0,3.9608494262211025e-10,8.318238542415202e-09,4.4560909459722175e-10,0.0,1.3574208423960954e-10,0.0,1.971613983187126e-10,0.0,0.0,0.0,1.971613983187126e-10,1.2229861567902844e-10,4.676814491233472e-14,1.2014061212539673e-07,5.828670879282072e-15,6.453171330633722e-15,7.732887752354145e-08,0.0,0.0,8.157363673433338e-14,0.2520335065624193,0.2220129522325085,0.024442374380623178,0.6446359246283498,0.07292741652340635,0.034870958637774785,0.017435479318887392,0.034870958637774785,94,0.5614731037047199,0.3174552866554467,726,0,0,0.034870958637774785,0.034870958637774785,94,0,0,0.24321043486546146,0.33081027751204406,714,361.45446923967245,0.5330045617058495,407.0,166.28859266539715,0.5035823842120979,717,sym,445.72514619883043,505.0,280.45746329325993,171,0.986117580085908,1.0,0.009717693939864401,6,539.25
db7,1,zero,1.345820077963497e-26,318.80515308032966,9396138.46128407,0.5583333333333333,301.60500203434515,108,raw,8.319271197857834e-14,-1.075596278710129e-10,"[2, 5, 11, 17, 22, 25, 29, 38, 44, 52, 55, 60, 65, 74, 78, 84, 89, 95, 98, 101, 105]","[37.99999999999997, 368.0, 460.9999999999998, 193.0000000000001, 951.0, 153.9999999999999, 881.0000000000002, 242.99999999999991, 491.0000000000001, 186.0000000000001, 320.9999999999999, 943.0000000000002, 810.0, 205.00000000000006, 478.0, 276.0000000000001, 347.00000000000057, 78.99999999999977, 1008.0, 113.99999999999977, 893.0]",21,5.607080953211083,121232.63819444443,0.8513515725615073,4.365923718251291e-06,1.0,0.4907407407407407,67631.0,0.12910941990473743,0.15147910127183992,188156.12126451556,82872438.25058056,8,12069.57955741813,0.027777777777777776,"[0.0, 0.009259259259259259, 0.018518518518518517, 0.027777777777777776, 0.037037037037037035, 0.046296296296296294, 0.05555555555555555, 0.06481481481481481, 0.07407407407407407, 0.08333333333333333, 0.09259259259259259, 0.10185185185185185, 0.1111111111111111, 0.12037037037037036, 0.12962962962962962, 0.1388888888888889, 0.14814814814814814, 0.15740740740740738, 0.16666666666666666, 0.17592592592592593, 0.18518518518518517, 0.19444444444444442, 0.2037037037037037, 0.21296296296296297, 0.2222222222222222, 0.23148148148148145, 0.24074074074074073]","[67631.0, 1786.6346316370007, 1155.9831840869372, 12069.57955741813, 1906.5778542068444, 950.5914327636028, 9083.877197385176, 2481.229636774483, 778.6316126029484, 8965.162396385991, 2042.6423114779177, 1606.7171021541487, 6927.939836298322, 1790.9411989177936, 2115.0643759896493, 4469.1464533967255, 811.3124818658849, 852.4454942250582, 2613.518509595828, 1125.8336361545942, 622.5282936168375, 1595.9028958466968, 1672.0836322356436, 807.7671822537565, 3024.63443941176, 842.7313814743651, 842.8235732269194]",3.0,0.3,145.15000000000006,15,0.5,1721880.138488508,0.14445541615564297,0.1241257545377801,16430975.4527054,84089526828.82364,"[0.046875, 0.03125]",2,1721880.138488508,0.046875,"[0.0, 0.015625, 0.03125, 0.046875, 0.0625, 0.078125, 0.09375, 0.109375, 0.125, 0.140625, 0.15625, 0.171875, 0.1875, 0.203125, 0.21875, 0.234375]","[154749.38571156558, 876106.9067082785, 1710291.376891533, 1721880.138488508, 1236443.397559302, 1200279.6938555264, 1385236.6101427812, 1437054.0474222805, 1048940.2936461219, 664501.8455342908, 393060.29715082503, 165807.0810689744, 58528.066628532615, 51528.956393907574, 141871.9518112763, 339557.73472454]",3.0,0.3,flattop,64,32,145.15000000000006,15,21,449.5238095238095,37.99999999999997,1008.0,"[2, 5, 11, 17, 22, 25, 29, 38, 44, 52, 55, 60, 65, 74, 78, 84, 89, 95, 98, 101, 105]","[37.99999999999997, 368.0, 460.9999999999998, 193.0000000000001, 951.0, 153.9999999999999, 881.0000000000002, 242.99999999999991, 491.0000000000001, 186.0000000000001, 320.9999999999999, 943.0000000000002, 810.0, 205.00000000000006, 478.0, 276.0000000000001, 347.00000000000057, 78.99999999999977, 1008.0, 113.99999999999977, 893.0]","[1, 1, 1, 15, 1, 24, 27, 35, 35, 49, 35, 35, 63, 73, 73, 73, 35, 92, 35, 99, 99]","[3, 8, 18, 18, 35, 27, 35, 39, 49, 53, 56, 73, 73, 75, 81, 85, 92, 97, 106, 102, 106]",0.05,30,52684909.0,1016.0,-1016.0,DWT,uc1.l0082987033,6.984919309616089e-10,0.0,0.0,0.0,0.0,0.0,0.0,0.0,1.0,84,0.0,0.0,1.0,84,,0.0,0.0,1.0,84,0.0,0.0,0.0,1.52587890625e-05,0.0,0.0,0.0,0.0,0.0,0.0,1.2180732613030296e-13,0.0,0.0,0.0,5.684341886080802e-14,0.0,0.0,0.0,5.684341886080802e-14,2.842170943040401e-14,2.7755575615628914e-17,6.984919309616089e-10,0.0,2.7755575615628914e-17,2.9103830456733704e-11,0.0,0.0,5.551115123125783e-17,0.9321343484302613,0.20859542119662428,0.025952385643452838,0.4444134078212294,0.08964217862987701,0.0,0.0,0.0,767,0.890176747058638,0.5033033863009909,461,0,0,0.0,0.0,734,0,0,0.340147548344289,0.4626623233705478,477,163.2122850768287,0.7891314146294203,609.75,577.0496749114915,0.5006703584775009,718,db,413.2962962962963,398.0,188.41229481502944,243,0.9143723369387087,0.671803462110104,0.15839832550987273,5,539.75
sym4,1,periodization,2.289256710240572e-20,256.49807815322777,9402618.215255799,0.5740740740740741,413.89113468302793,108,raw,1.2086940501974284e-10,-8.283540522262651e-11,"[2, 5, 11, 17, 22, 25, 29, 38, 44, 52, 55, 60, 65, 74, 78, 84, 89, 95, 98, 101, 105]","[38.0000000000735, 368.00000000032213, 461.0000000000881, 193.000000000302, 950.9999999999837, 154.0000000004444, 881.0000000007382, 243.0000000002315, 491.00000000006384, 186.00000000011664, 321.0000000002285, 942.9999999999405, 810.0000000006974, 205.0000000002603, 478.00000000029104, 276.00000000017246, 347.0000000001796, 78.99999999973488, 1008.0000000002984, 114.00000000039745, 893.0000000006494]",21,5.603216869373777,95467.34242114774,0.8304971998072515,4.365923718247611e-06,1.0,0.4907407407407407,67630.99999999997,0.12910941990476754,0.15147910127183603,188156.12126456384,82872438.25057922,8,12069.579557418085,0.027777777777777776,"[0.0, 0.009259259259259259, 0.018518518518518517, 0.027777777777777776, 0.037037037037037035, 0.046296296296296294, 0.05555555555555555, 0.06481481481481481, 0.07407407407407407, 0.08333333333333333, 0.09259259259259259, 0.10185185185185185, 0.1111111111111111, 0.12037037037037036, 0.12962962962962962, 0.1388888888888889, 0.14814814814814814, 0.15740740740740738, 0.16666666666666666, 0.17592592592592593, 0.18518518518518517, 0.19444444444444442, 0.2037037037037037, 0.21296296296296297, 0.2222222222222222, 0.23148148148148145, 0.24074074074074073]","[67630.99999999997, 1786.6346316369995, 1155.9831840869356, 12069.579557418085, 1906.5778542068338, 950.5914327635979, 9083.877197385185, 2481.2296367745103, 778.6316126029639, 8965.162396386451, 2042.6423114780923, 1606.7171021543604, 6927.939836299619, 1790.941198918251, 2115.0643759903537, 4469.146453398615, 811.3124818663077, 852.4454942255899, 2613.5185095977513, 1125.8336361555469, 622.5282936174317, 1595.9028958483857, 1672.083632237569, 807.7671822547513, 3024.634439415698, 842.7313814755057, 842.8235732280846]",3.0,0.3,145.1499999998679,15,0.5,1721880.1384884939,0.14445541615569515,0.12412575453777515,16430975.452714983,84089526828.83035,"[0.046875, 0.03125]",2,1721880.1384884939,0.046875,"[0.0, 0.015625, 0.03125, 0.046875, 0.0625, 0.078125, 0.09375, 0.109375, 0.125, 0.140625, 0.15625, 0.171875, 0.1875, 0.203125, 0.21875, 0.234375]","[154749.38571155822, 876106.9067082597, 1710291.3768915124, 1721880.1384884939, 1236443.397559333, 1200279.6938556673, 1385236.6101430927, 1437054.047422776, 1048940.2936466704, 664501.8455347805, 393060.2971511973, 165807.0810691691, 58528.06662863007, 51528.95639404418, 141871.95181167388, 339557.7347254694]",3.0,0.3,flattop,64,32,145.1499999998679,15,21,449.52380952405787,38.0000000000735,1008.0000000002984,"[2, 5, 11, 17, 22, 25, 29, 38, 44, 52, 55, 60, 65, 74, 78, 84, 89, 95, 98, 101, 105]","[38.0000000000735, 368.00000000032213, 461.0000000000881, 193.000000000302, 950.9999999999837, 154.0000000004444, 881.0000000007382, 243.0000000002315, 491.00000000006384, 186.00000000011664, 321.0000000002285, 942.9999999999405, 810.0000000006974, 205.0000000002603, 478.00000000029104, 276.00000000017246, 347.0000000001796, 78.99999999973488, 1008.0000000002984, 114.00000000039745, 893.0000000006494]","[1, 1, 1, 15, 1, 24, 27, 35, 35, 49, 35, 35, 63, 73, 73, 73, 35, 92, 35, 99, 99]","[3, 8, 18, 18, 35, 27, 35, 39, 49, 53, 56, 73, 73, 75, 81, 85, 92, 97, 106, 102, 106]",0.05,30,52684909.0000049,1016.0000000000834,-1016.0000000000834,DWT,uc1.l0082987033,1.4901161193847656e-08,0.0,2.483488970028702e-10,1.341104507446289e-06,0.0,2.984279490192421e-10,9.583309292793274e-06,8.344613888766617e-11,1.0,84,0.0,4.547473508864641e-11,1.0,84,,0.0,0.0,1.0,84,0.0,0.0,4.902482032775879e-06,0.0066986083984375,2.9103830456733704e-11,0.0,0.0,0.0,2.483488970028702e-10,5.2150426199659705e-09,2.807455855093264e-10,0.0,8.344613888766617e-11,0.0,1.3210410543251783e-10,0.0,0.0,0.0,1.3210410543251783e-10,7.349854058702476e-11,3.008704396734174e-14,1.4901161193847656e-08,3.885780586188048e-15,4.926614671774132e-15,4.831235855817795e-08,0.0,0.0,5.2235993308613615e-14,0.29244804812616243,0.20364420259166402,0.026580944887408104,0.6201117318435755,0.01989803261825112,0.02063407444573364,0.01031703722286682,0.02063407444573364,129,0.5465853083999641,0.3090377697789404,731,0,0,0.02063407444573364,0.02063407444573364,131,0,0,0.23253659201341226,0.31629191641475146,724,344.9795887681859,0.5542899369920078,428.75,220.57124283682342,0.5001746842582778,719,sym,445.72514619883043,505.0,280.45746329325993,171,0.986117580085908,1.0,0.009717693939864401,6,540.75
sym13,1,periodization,6.179372335543304e-22,272.185579469433,9408365.305867031,0.5555555555555556,354.4673975982347,108,raw,1.9901874387179075e-11,-1.0975598208174442e-10,"[2, 5, 11, 17, 22, 25, 29, 38, 44, 52, 55, 60, 65, 74, 78, 84, 89, 95, 98, 101, 105]","[37.99999999998917, 367.9999999999501, 460.99999999996186, 192.99999999997556, 950.9999999999369, 153.99999999997215, 880.999999999897, 242.99999999997385, 490.99999999995237, 185.99999999998136, 320.9999999999558, 942.9999999999558, 809.9999999999055, 204.99999999998147, 477.99999999995146, 275.9999999999793, 346.99999999996487, 78.99999999999818, 1007.9999999999375, 113.99999999998192, 892.9999999998823]",21,5.599794149908817,95467.34242111817,0.8119397770090587,4.365923718252041e-06,1.0,0.4907407407407407,67631.0,0.12910941990473263,0.15147910127183997,188156.12126450552,82872438.25058043,8,12069.57955741793,0.027777777777777776,"[0.0, 0.009259259259259259, 0.018518518518518517, 0.027777777777777776, 0.037037037037037035, 0.046296296296296294, 0.05555555555555555, 0.06481481481481481, 0.07407407407407407, 0.08333333333333333, 0.09259259259259259, 0.10185185185185185, 0.1111111111111111, 0.12037037037037036, 0.12962962962962962, 0.1388888888888889, 0.14814814814814814, 0.15740740740740738, 0.16666666666666666, 0.17592592592592593, 0.18518518518518517, 0.19444444444444442, 0.2037037037037037, 0.21296296296296297, 0.2222222222222222, 0.23148148148148145, 0.24074074074074073]","[67631.0, 1786.6346316369966, 1155.9831840869272, 12069.57955741793, 1906.5778542067899, 950.5914327635633, 9083.877197384687, 2481.2296367743165, 778.631612602882, 8965.162396385196, 2042.6423114777187, 1606.7171021539816, 6927.939836297561, 1790.9411989175887, 2115.0643759894037, 4469.146453396197, 811.3124818657896, 852.445494224959, 2613.5185095955244, 1125.833636154464, 622.5282936167632, 1595.9028958465126, 1672.0836322354492, 807.7671822536632, 3024.6344394114058, 842.7313814742664, 842.8235732268217]",3.0,0.3,145.15000000002811,15,0.5,1721880.138488393,0.14445541615563856,0.12412575453778085,16430975.452702831,84089526828.80305,"[0.046875, 0.03125]",2,1721880.138488393,0.046875,"[0.0, 0.015625, 0.03125, 0.046875, 0.0625, 0.078125, 0.09375, 0.109375, 0.125, 0.140625, 0.15625, 0.171875, 0.1875, 0.203125, 0.21875, 0.234375]","[154749.38571156256, 876106.9067082381, 1710291.3768914295, 1721880.138488393, 1236443.3975591674, 1200279.69385533, 1385236.6101425153, 1437054.0474219874, 1048940.2936458946, 664501.8455341395, 393060.29715073423, 165807.08106893583, 58528.066628519045, 51528.95639389554, 141871.95181124326, 339557.7347244609]",3.0,0.3,flattop,64,32,145.15000000002811,15,21,449.52380952376586,37.99999999998917,1007.9999999999375,"[2, 5, 11, 17, 22, 25, 29, 38, 44, 52, 55, 60, 65, 74, 78, 84, 89, 95, 98, 101, 105]","[37.99999999998917, 367.9999999999501, 460.99999999996186, 192.99999999997556, 950.9999999999369, 153.99999999997215, 880.999999999897, 242.99999999997385, 490.99999999995237, 185.99999999998136, 320.9999999999558, 942.9999999999558, 809.9999999999055, 204.99999999998147, 477.99999999995146, 275.9999999999793, 346.99999999996487, 78.99999999999818, 1007.9999999999375, 113.99999999998192, 892.9999999998823]","[1, 1, 1, 15, 1, 24, 27, 35, 35, 49, 35, 35, 63, 73, 73, 73, 35, 92, 35, 99, 99]","[3, 8, 18, 18, 35, 27, 35, 39, 49, 53, 56, 73, 73, 75, 81, 85, 92, 97, 106, 102, 106]",0.05,30,52684908.999998555,1015.9999999999819,-1015.9999999999819,DWT,uc1.l0082987033,1.157168298959732e-07,0.0,4.3655745685100555e-11,1.341104507446289e-07,0.0,6.252776074688882e-11,2.5685876607894897e-06,1.807620719773695e-11,1.0,84,0.0,2.000888343900442e-10,1.0,84,,0.0,0.0,1.0,84,0.0,0.0,1.4454126358032227e-06,0.020599365234375,0.0,0.0,0.0,0.0,4.3655745685100555e-11,9.167706593871117e-10,4.3600255680974515e-11,0.0,1.807620719773695e-11,0.0,2.8109070626669563e-11,0.0,0.0,0.0,2.8109070626669563e-11,1.0828671292983927e-11,4.829470157119431e-15,1.157168298959732e-07,5.551115123125783e-17,7.771561172376096e-16,1.0011717677116394e-08,0.0,0.0,4.3576253716537394e-15,0.45350647832401475,0.1992585233445272,0.027138433172503373,0.41340782122905073,0.019898032618171087,0.00608360249615855,0.003041801248079275,0.00608360249615855,185,0.5586247067918129,0.3158448111891616,727,0,0,0.00608360249615855,0.00608360249615855,185,0,0,0.2226418577376534,0.3028332842081094,738,316.1311700333687,0.5915617958225211,458.75,295.39173722934027,0.49943076871229414,720,sym,445.72514619883043,505.0,280.45746329325993,171,0.986117580085908,1.0,0.009717693939864401,6,541.5
rbio4.4,1,periodic,5.617209865359227e-20,252.59981661266193,9749019.944151351,0.5603448275862069,421.72721330164416,108,raw,1.9102322193178783e-10,-1.2080103593492703e-10,"[2, 5, 11, 17, 22, 25, 29, 38, 44, 52, 55, 60, 65, 74, 78, 84, 89, 95, 98, 101, 105]","[37.99999999990939, 367.99999999948585, 460.99999999961915, 192.99999999978422, 950.9999999993803, 153.99999999974784, 880.9999999990472, 242.99999999975205, 490.9999999995465, 185.99999999980207, 320.999999999558, 942.9999999995623, 809.9999999991213, 204.9999999998259, 477.9999999995224, 275.99999999979605, 346.99999999966917, 78.99999999993724, 1007.9999999994377, 113.9999999998638, 892.9999999988844]",21,5.693030925494041,112687.82348166124,0.7770343899894079,4.365923718258298e-06,1.0,0.4907407407407407,67631.0,0.129109419904692,0.15147910127184105,188156.12126442013,82872438.25057957,8,12069.579557416635,0.027777777777777776,"[0.0, 0.009259259259259259, 0.018518518518518517, 0.027777777777777776, 0.037037037037037035, 0.046296296296296294, 0.05555555555555555, 0.06481481481481481, 0.07407407407407407, 0.08333333333333333, 0.09259259259259259, 0.10185185185185185, 0.1111111111111111, 0.12037037037037036, 0.12962962962962962, 0.1388888888888889, 0.14814814814814814, 0.15740740740740738, 0.16666666666666666, 0.17592592592592593, 0.18518518518518517, 0.19444444444444442, 0.2037037037037037, 0.21296296296296297, 0.2222222222222222, 0.23148148148148145, 0.24074074074074073]","[67631.0, 1786.634631636977, 1155.9831840868742, 12069.579557416635, 1906.5778542064352, 950.5914327632954, 9083.877197381156, 2481.229636773069, 778.6316126023981, 8965.162396378608, 2042.642311475999, 1606.7171021524782, 6927.93983629052, 1790.9411989156572, 2115.0643759870272, 4469.1464533910685, 811.3124818648538, 852.4454942239781, 2613.5185095925804, 1125.8336361532324, 622.5282936161094, 1595.9028958449067, 1672.0836322338391, 807.7671822529184, 3024.6344394087296, 842.7313814735431, 842.8235732261134]",3.0,0.3,145.15000000022653,15,0.5,1721880.1384875884,0.1444554161556013,0.12412575453778946,16430975.452681363,84089526828.63277,"[0.046875, 0.03125]",2,1721880.1384875884,0.046875,"[0.0, 0.015625, 0.03125, 0.046875, 0.0625, 0.078125, 0.09375, 0.109375, 0.125, 0.140625, 0.15625, 0.171875, 0.1875, 0.203125, 0.21875, 0.234375]","[154749.38571154868, 876106.9067079714, 1710291.376890716, 1721880.1384875884, 1236443.3975581387, 1200279.6938536982, 1385236.610140195, 1437054.0474193555, 1048940.2936437747, 664501.8455326965, 393060.2971498563, 165807.08106856322, 58528.06662839386, 51528.95639380593, 141871.95181100644, 339557.73472388345]",3.0,0.3,flattop,64,32,145.15000000022653,15,21,449.52380952339297,37.99999999990939,1007.9999999994377,"[2, 5, 11, 17, 22, 25, 29, 38, 44, 52, 55, 60, 65, 74, 78, 84, 89, 95, 98, 101, 105]","[37.99999999990939, 367.99999999948585, 460.99999999961915, 192.99999999978422, 950.9999999993803, 153.99999999974784, 880.9999999990472, 242.99999999975205, 490.9999999995465, 185.99999999980207, 320.999999999558, 942.9999999995623, 809.9999999991213, 204.9999999998259, 477.9999999995224, 275.99999999979605, 346.99999999966917, 78.99999999993724, 1007.9999999994377, 113.9999999998638, 892.9999999988844]","[1, 1, 1, 15, 1, 24, 27, 35, 35, 49, 35, 35, 63, 73, 73, 73, 35, 92, 35, 99, 99]","[3, 8, 18, 18, 35, 27, 35, 39, 49, 53, 56, 73, 73, 75, 81, 85, 92, 97, 106, 102, 106]",0.05,30,52684908.99998668,1015.9999999998413,-1015.9999999998413,DWT,uc1.l0082987033,9.203795343637466e-07,0.0,4.1654857341200113e-10,9.98377799987793e-07,0.0,5.622950993711129e-10,2.40374356508255e-05,1.5870682545937598e-10,1.0,84,0.0,1.495209289714694e-09,1.0,84,,0.0,0.0,1.0,84,0.0,0.0,1.3321638107299805e-05,0.190887451171875,0.0,0.0,0.0,0.0,4.1654857341200113e-10,8.747520041652024e-09,4.165323324351837e-10,0.0,1.5870682545937598e-10,0.0,2.2652102416031994e-10,0.0,0.0,0.0,2.2652102416031994e-10,9.060840966412798e-11,4.546363285840016e-14,9.203795343637466e-07,1.1379786002407855e-15,9.381384558082573e-15,9.540235623717308e-08,0.0,0.0,4.160560784782774e-14,0.25242587559728247,0.31872685720601585,0.060183147960138905,0.4668657291465995,0.06651219750277165,0.05606949104706953,0.028034745523534764,0.05606949104706953,81,0.5542616986011952,0.31337797883923485,728,0,0,0.05606949104706953,0.05606949104706953,81,0,0,0.23294276148256168,0.31684438051803127,723,372.10784727011605,0.5192405074029509,403.25,145.72952242272603,0.4991228376808036,721,rbio,366.5925925925926,360.0,210.3588723315502,135,0.8110455588331695,0.7500562468954116,0.20725123474815782,3,541.5
sym4,1,symmetric,2.2106596872921914e-20,256.6498041948819,9549577.125900079,0.5614035087719298,364.9320708445818,108,raw,1.1777870859667155e-10,-8.684908349735174e-11,"[2, 5, 11, 17, 22, 25, 29, 38, 44, 52, 55, 60, 65, 74, 78, 84, 89, 95, 98, 101, 105]","[38.00000000007009, 368.0000000003221, 461.0000000000879, 193.00000000030207, 951.0000000000719, 154.00000000044452, 881.0000000007382, 243.00000000023147, 491.00000000006395, 186.00000000011653, 321.00000000022817, 942.9999999999407, 810.0000000006971, 205.00000000026034, 478.0000000002914, 276.0000000001726, 347.00000000017917, 78.99999999973454, 1008.0000000002103, 114.00000000039768, 893.000000000648]",21,5.661676777959448,105140.15490679487,0.796204818538901,4.365923718247666e-06,0.9999999999999998,0.4907407407407407,67630.99999999997,0.12910941990476685,0.1514791012718359,188156.12126456335,82872438.25057927,8,12069.579557418107,0.027777777777777776,"[0.0, 0.009259259259259259, 0.018518518518518517, 0.027777777777777776, 0.037037037037037035, 0.046296296296296294, 0.05555555555555555, 0.06481481481481481, 0.07407407407407407, 0.08333333333333333, 0.09259259259259259, 0.10185185185185185, 0.1111111111111111, 0.12037037037037036, 0.12962962962962962, 0.1388888888888889, 0.14814814814814814, 0.15740740740740738, 0.16666666666666666, 0.17592592592592593, 0.18518518518518517, 0.19444444444444442, 0.2037037037037037, 0.21296296296296297, 0.2222222222222222, 0.23148148148148145, 0.24074074074074073]","[67630.99999999997, 1786.6346316370132, 1155.9831840869708, 12069.579557418107, 1906.5778542067653, 950.5914327635721, 9083.87719738522, 2481.2296367746235, 778.631612602878, 8965.162396386562, 2042.642311477982, 1606.717102154301, 6927.939836299704, 1790.9411989183448, 2115.064375990558, 4469.146453398523, 811.3124818665459, 852.4454942253997, 2613.518509597613, 1125.8336361557137, 622.5282936176874, 1595.9028958481258, 1672.0836322373125, 807.7671822550101, 3024.6344394156067, 842.7313814753985, 842.8235732278843]",3.0,0.3,145.14999999987242,15,0.5,1721880.1384884934,0.14445541615569538,0.12412575453777513,16430975.452714954,84089526828.83011,"[0.046875, 0.03125]",2,1721880.1384884934,0.046875,"[0.0, 0.015625, 0.03125, 0.046875, 0.0625, 0.078125, 0.09375, 0.109375, 0.125, 0.140625, 0.15625, 0.171875, 0.1875, 0.203125, 0.21875, 0.234375]","[154749.38571155063, 876106.906708247, 1710291.3768915057, 1721880.1384884934, 1236443.3975593334, 1200279.6938556666, 1385236.6101430922, 1437054.0474227755, 1048940.2936466704, 664501.8455347805, 393060.2971511971, 165807.08106916898, 58528.06662863001, 51528.956394044195, 141871.9518116739, 339557.7347254692]",3.0,0.3,flattop,64,32,145.14999999987242,15,21,449.5238095240576,38.00000000007009,1008.0000000002103,"[2, 5, 11, 17, 22, 25, 29, 38, 44, 52, 55, 60, 65, 74, 78, 84, 89, 95, 98, 101, 105]","[38.00000000007009, 368.0000000003221, 461.0000000000879, 193.00000000030207, 951.0000000000719, 154.00000000044452, 881.0000000007382, 243.00000000023147, 491.00000000006395, 186.00000000011653, 321.00000000022817, 942.9999999999407, 810.0000000006971, 205.00000000026034, 478.0000000002914, 276.0000000001726, 347.00000000017917, 78.99999999973454, 1008.0000000002103, 114.00000000039768, 893.000000000648]","[1, 1, 1, 15, 1, 24, 27, 35, 35, 49, 35, 35, 63, 73, 73, 73, 35, 92, 35, 99, 99]","[3, 8, 18, 18, 35, 27, 35, 39, 49, 53, 56, 73, 73, 75, 81, 85, 92, 97, 106, 102, 106]",0.05,30,52684909.0000049,1016.0000000000836,-1016.0000000000836,DWT,uc1.l0082987033,1.5366822481155396e-08,0.0,2.480646799085662e-10,1.296401023864746e-06,0.0,2.1032064978498966e-10,9.553506970405579e-06,8.355982572538778e-11,1.0,84,0.0,2.3646862246096134e-11,1.0,84,,0.0,0.0,1.0,84,0.0,0.0,4.902482032775879e-06,0.0064544677734375,2.9103830456733704e-11,0.0,0.0,0.0,2.480646799085662e-10,5.209585651755333e-09,2.7896043147415004e-10,0.0,8.355982572538778e-11,0.0,1.275850536330836e-10,0.0,0.0,0.0,1.275850536330836e-10,7.008793545537628e-11,2.939315457695102e-14,1.5366822481155396e-08,4.0245584642661925e-15,4.9404924595819466e-15,4.7817593440413475e-08,0.0,0.0,5.2458037913538647e-14,0.29400576962663505,0.2785514249037564,0.04083648331835325,0.4786827403704791,0.04608139384483691,0.02063407444573364,0.01031703722286682,0.02063407444573364,133,0.5460030695731621,0.3087085736118492,732,0,0,0.02063407444573364,0.02063407444573364,130,0,0,0.22763156241281216,0.3096201870365407,730,346.1246162872557,0.5528105732722794,431.25,222.87738370057264,0.49782001531831027,722,sym,445.72514619883043,505.0,280.45746329325993,171,0.986117580085908,1.0,0.009717693939864401,6,543.0
db23,1,periodization,5.379457258170723e-26,312.78763849952736,9413870.794059152,0.5740740740740741,441.8440237244371,108,raw,1.793626975338865e-13,-1.2307443952863723e-10,"[2, 5, 11, 17, 22, 25, 29, 38, 44, 52, 55, 60, 65, 74, 78, 84, 89, 95, 98, 101, 105]","[37.99999999999994, 368.0, 460.9999999999999, 192.99999999999977, 950.9999999999997, 154.0, 880.9999999999997, 243.00000000000006, 491.0000000000002, 185.9999999999999, 320.99999999999955, 943.0000000000001, 810.0000000000002, 205.00000000000017, 477.99999999999943, 276.0000000000002, 346.9999999999999, 79.00000000000034, 1007.9999999999998, 113.99999999999943, 893.0]",21,5.596519237681494,95467.34242112483,0.8049409915895107,4.365923718251292e-06,0.9999999999999998,0.4907407407407407,67631.0,0.1291094199047374,0.15147910127183992,188156.12126451553,82872438.25058056,8,12069.579557418136,0.027777777777777776,"[0.0, 0.009259259259259259, 0.018518518518518517, 0.027777777777777776, 0.037037037037037035, 0.046296296296296294, 0.05555555555555555, 0.06481481481481481, 0.07407407407407407, 0.08333333333333333, 0.09259259259259259, 0.10185185185185185, 0.1111111111111111, 0.12037037037037036, 0.12962962962962962, 0.1388888888888889, 0.14814814814814814, 0.15740740740740738, 0.16666666666666666, 0.17592592592592593, 0.18518518518518517, 0.19444444444444442, 0.2037037037037037, 0.21296296296296297, 0.2222222222222222, 0.23148148148148145, 0.24074074074074073]","[67631.0, 1786.634631637002, 1155.9831840869415, 12069.579557418136, 1906.5778542068447, 950.5914327636013, 9083.877197385178, 2481.229636774483, 778.6316126029443, 8965.162396385991, 2042.6423114779166, 1606.717102154151, 6927.939836298325, 1790.9411989177918, 2115.0643759896457, 4469.146453396728, 811.3124818658838, 852.4454942250557, 2613.51850959583, 1125.8336361545944, 622.5282936168383, 1595.902895846697, 1672.0836322356413, 807.7671822537571, 3024.63443941176, 842.7313814743668, 842.8235732269185]",3.0,0.3,145.15000000000015,15,0.5,1721880.1384885083,0.14445541615564297,0.1241257545377801,16430975.4527054,84089526828.82367,"[0.046875, 0.03125]",2,1721880.1384885083,0.046875,"[0.0, 0.015625, 0.03125, 0.046875, 0.0625, 0.078125, 0.09375, 0.109375, 0.125, 0.140625, 0.15625, 0.171875, 0.1875, 0.203125, 0.21875, 0.234375]","[154749.38571156494, 876106.9067082767, 1710291.3768915315, 1721880.1384885083, 1236443.397559303, 1200279.693855527, 1385236.6101427819, 1437054.047422281, 1048940.2936461223, 664501.8455342909, 393060.2971508254, 165807.08106897466, 58528.06662853264, 51528.95639390758, 141871.9518112763, 339557.7347245401]",3.0,0.3,flattop,64,32,145.15000000000015,15,21,449.52380952380946,37.99999999999994,1007.9999999999998,"[2, 5, 11, 17, 22, 25, 29, 38, 44, 52, 55, 60, 65, 74, 78, 84, 89, 95, 98, 101, 105]","[37.99999999999994, 368.0, 460.9999999999999, 192.99999999999977, 950.9999999999997, 154.0, 880.9999999999997, 243.00000000000006, 491.0000000000002, 185.9999999999999, 320.99999999999955, 943.0000000000001, 810.0000000000002, 205.00000000000017, 477.99999999999943, 276.0000000000002, 346.9999999999999, 79.00000000000034, 1007.9999999999998, 113.99999999999943, 893.0]","[1, 1, 1, 15, 1, 24, 27, 35, 35, 49, 35, 35, 63, 73, 73, 73, 35, 92, 35, 99, 99]","[3, 8, 18, 18, 35, 27, 35, 39, 49, 53, 56, 73, 73, 75, 81, 85, 92, 97, 106, 102, 106]",0.05,30,52684909.0,1015.9999999999999,-1015.9999999999999,DWT,uc1.l0082987033,4.656612873077393e-10,0.0,5.684341886080802e-14,0.0,0.0,2.2737367544323206e-13,0.0,1.1368683772161603e-13,1.0,84,0.0,5.4569682106375694e-12,1.0,84,,0.0,0.0,1.0,84,0.0,0.0,0.0,1.52587890625e-05,0.0,0.0,0.0,0.0,5.684341886080802e-14,1.8189894035458565e-12,2.1383952809542062e-13,0.0,1.1368683772161603e-13,0.0,1.4210854715202004e-13,0.0,0.0,0.0,1.4210854715202004e-13,5.684341886080802e-14,5.551115123125783e-17,4.656612873077393e-10,0.0,2.7755575615628914e-17,0.0,0.0,0.0,5.551115123125783e-17,0.8703545000948512,0.19506223593663308,0.02767248516131991,0.6201117318435755,0.01989803261818912,0.0,0.0,0.0,735,0.8895839663905931,0.5029682298070176,464,0,0,0.0,0.0,773,0,0,0.3466197971309138,0.4714657549273177,458,169.89114161721324,0.7805024010113524,607.5,572.0182564018662,0.49780934004055993,723,db,413.2962962962963,398.0,188.41229481502944,243,0.9143723369387087,0.671803462110104,0.15839832550987273,5,543.5
sym2,1,reflect,2.5836359687311878e-20,255.9727098913008,9480646.230937624,0.5727272727272728,388.38300158922345,108,raw,1.2142704948532644e-10,-4.293728706253881e-10,"[2, 5, 11, 17, 22, 25, 29, 38, 44, 52, 55, 60, 65, 74, 78, 84, 89, 95, 98, 101, 105]","[37.99999999992707, 367.999999999636, 460.99999999982316, 192.99999999974574, 950.9999999998166, 153.99999999964552, 880.999999999246, 242.9999999997782, 490.99999999981833, 185.99999999986358, 320.9999999997167, 942.999999999898, 809.9999999992935, 204.9999999997833, 477.9999999996684, 275.9999999998272, 346.9999999997841, 79.0000000001412, 1007.9999999996509, 113.99999999971294, 892.9999999992485]",21,5.581511505362564,103415.94953329954,0.8486830352766518,4.365923718255654e-06,0.9999999999999998,0.4907407407407407,67631.00000000032,0.12910941990470554,0.151479101271844,188156.12126445543,82872438.25058153,8,12069.579557417434,0.027777777777777776,"[0.0, 0.009259259259259259, 0.018518518518518517, 0.027777777777777776, 0.037037037037037035, 0.046296296296296294, 0.05555555555555555, 0.06481481481481481, 0.07407407407407407, 0.08333333333333333, 0.09259259259259259, 0.10185185185185185, 0.1111111111111111, 0.12037037037037036, 0.12962962962962962, 0.1388888888888889, 0.14814814814814814, 0.15740740740740738, 0.16666666666666666, 0.17592592592592593, 0.18518518518518517, 0.19444444444444442, 0.2037037037037037, 0.21296296296296297, 0.2222222222222222, 0.23148148148148145, 0.24074074074074073]","[67631.00000000032, 1786.6346316371921, 1155.9831840869863, 12069.579557417434, 1906.5778542066503, 950.5914327637964, 9083.877197383681, 2481.229636773978, 778.6316126025039, 8965.16239638325, 2042.6423114773959, 1606.7171021531897, 6927.939836294805, 1790.9411989166001, 2115.064375988539, 4469.146453393417, 811.3124818653355, 852.4454942241222, 2613.5185095937604, 1125.8336361538409, 622.5282936164019, 1595.9028958449837, 1672.0836322337043, 807.767182253052, 3024.6344394081075, 842.7313814735785, 842.8235732259748]",3.0,0.3,145.15000000014962,15,0.5,1721880.138488243,0.14445541615559748,0.12412575453778628,16430975.452691957,84089526828.76028,"[0.046875, 0.03125]",2,1721880.138488243,0.046875,"[0.0, 0.015625, 0.03125, 0.046875, 0.0625, 0.078125, 0.09375, 0.109375, 0.125, 0.140625, 0.15625, 0.171875, 0.1875, 0.203125, 0.21875, 0.234375]","[154749.38571156762, 876106.9067082019, 1710291.3768913029, 1721880.138488243, 1236443.3975589287, 1200279.6938548726, 1385236.610141777, 1437054.0474210475, 1048940.2936450313, 664501.8455334727, 393060.2971502808, 165807.08106872026, 58528.066628427536, 51528.95639379197, 141871.951810949, 339557.73472376616]",3.0,0.3,flattop,64,32,145.15000000014962,15,21,449.52380952352496,37.99999999992707,1007.9999999996509,"[2, 5, 11, 17, 22, 25, 29, 38, 44, 52, 55, 60, 65, 74, 78, 84, 89, 95, 98, 101, 105]","[37.99999999992707, 367.999999999636, 460.99999999982316, 192.99999999974574, 950.9999999998166, 153.99999999964552, 880.999999999246, 242.9999999997782, 490.99999999981833, 185.99999999986358, 320.9999999997167, 942.999999999898, 809.9999999992935, 204.9999999997833, 477.9999999996684, 275.9999999998272, 346.9999999997841, 79.0000000001412, 1007.9999999996509, 113.99999999971294, 892.9999999992485]","[1, 1, 1, 15, 1, 24, 27, 35, 35, 49, 35, 35, 63, 73, 73, 73, 35, 92, 35, 99, 99]","[3, 8, 18, 18, 35, 27, 35, 39, 49, 53, 56, 73, 73, 75, 81, 85, 92, 97, 106, 102, 106]",0.05,30,52684908.999992795,1015.9999999998986,-1015.9999999998986,DWT,uc1.l0082987033,2.6565976440906525e-07,0.0,2.845581548172049e-10,9.685754776000977e-07,0.0,3.4913227864308283e-10,1.3442710041999817e-05,1.014086592476815e-10,1.0,84,0.0,6.96672941558063e-10,1.0,84,,0.0,0.0,1.0,84,0.0,0.0,7.204711437225342e-06,0.0633697509765625,3.2014213502407074e-10,0.0,0.0,0.0,2.845581548172049e-10,5.9753801906481385e-09,2.97970494838886e-10,0.0,1.014086592476815e-10,0.0,1.496118784416467e-10,0.0,0.0,0.0,1.496118784416467e-10,7.293010639841668e-11,3.191891195797325e-14,2.6565976440906525e-07,4.08006961549745e-15,6.203371150093062e-15,6.00994098931551e-08,0.0,0.0,4.543587728278453e-14,0.2870542645123041,0.1758321760817329,0.03414994067926655,0.6050787201625194,0.041414137843540824,0.030323936153532564,0.015161968076766282,0.030323936153532564,108,0.5358207602903063,0.3029515250713668,733,0,0,0.030323936153532564,0.030323936153532564,108,0,0,0.22870584785587275,0.3110814099719078,727,359.12022128158327,0.5360203859411069,419.0,188.16188161136188,0.49733835834523044,724,sym,445.72514619883043,505.0,280.45746329325993,171,0.986117580085908,1.0,0.009717693939864401,6,544.5
rbio6.8,1,periodization,2.4666340107556603e-21,266.1739759578251,9350969.765876288,0.5555555555555556,439.0492947675855,108,raw,3.944199699356398e-11,-1.1106704445390136e-10,"[2, 5, 11, 17, 22, 25, 29, 38, 44, 52, 55, 60, 65, 74, 78, 84, 89, 95, 98, 101, 105]","[37.99999999997979, 367.9999999998782, 460.9999999999311, 192.99999999994043, 950.9999999998946, 153.99999999992428, 880.9999999997783, 242.9999999999402, 490.99999999991843, 185.9999999999559, 320.99999999990735, 942.9999999999286, 809.9999999997983, 204.99999999995268, 477.99999999989615, 275.9999999999561, 346.99999999993213, 79.00000000000682, 1007.9999999998896, 113.99999999995123, 892.9999999997515]",21,5.651493810554063,96967.70125934751,0.7468224982080295,4.36592371825275e-06,1.0,0.4907407407407407,67631.0,0.12910941990472738,0.15147910127184053,188156.12126449565,82872438.25058053,8,12069.579557417965,0.027777777777777776,"[0.0, 0.009259259259259259, 0.018518518518518517, 0.027777777777777776, 0.037037037037037035, 0.046296296296296294, 0.05555555555555555, 0.06481481481481481, 0.07407407407407407, 0.08333333333333333, 0.09259259259259259, 0.10185185185185185, 0.1111111111111111, 0.12037037037037036, 0.12962962962962962, 0.1388888888888889, 0.14814814814814814, 0.15740740740740738, 0.16666666666666666, 0.17592592592592593, 0.18518518518518517, 0.19444444444444442, 0.2037037037037037, 0.21296296296296297, 0.2222222222222222, 0.23148148148148145, 0.24074074074074073]","[67631.0, 1786.634631636998, 1155.9831840869317, 12069.579557417965, 1906.5778542067972, 950.591432763563, 9083.87719738462, 2481.229636774272, 778.6316126028569, 8965.162396384718, 2042.6423114775657, 1606.7171021538281, 6927.939836296765, 1790.9411989173504, 2115.0643759890972, 4469.146453395515, 811.3124818656622, 852.4454942248218, 2613.5185095951197, 1125.8336361542918, 622.528293616676, 1595.9028958462839, 1672.0836322352081, 807.767182253545, 3024.6344394109638, 842.7313814741391, 842.823573226692]",3.0,0.3,145.15000000004252,15,0.5,1721880.1384883914,0.14445541615563157,0.1241257545377825,16430975.452700606,84089526828.79175,"[0.046875, 0.03125]",2,1721880.1384883914,0.046875,"[0.0, 0.015625, 0.03125, 0.046875, 0.0625, 0.078125, 0.09375, 0.109375, 0.125, 0.140625, 0.15625, 0.171875, 0.1875, 0.203125, 0.21875, 0.234375]","[154749.3857115656, 876106.9067082428, 1710291.37689143, 1721880.1384883914, 1236443.3975591268, 1200279.6938552107, 1385236.6101423027, 1437054.0474217166, 1048940.2936456485, 664501.8455339577, 393060.2971506186, 165807.08106888557, 58528.06662850137, 51528.95639388023, 141871.95181120033, 339557.7347243581]",3.0,0.3,flattop,64,32,145.15000000004252,15,21,449.52380952371954,37.99999999997979,1007.9999999998896,"[2, 5, 11, 17, 22, 25, 29, 38, 44, 52, 55, 60, 65, 74, 78, 84, 89, 95, 98, 101, 105]","[37.99999999997979, 367.9999999998782, 460.9999999999311, 192.99999999994043, 950.9999999998946, 153.99999999992428, 880.9999999997783, 242.9999999999402, 490.99999999991843, 185.9999999999559, 320.99999999990735, 942.9999999999286, 809.9999999997983, 204.99999999995268, 477.99999999989615, 275.9999999999561, 346.99999999993213, 79.00000000000682, 1007.9999999998896, 113.99999999995123, 892.9999999997515]","[1, 1, 1, 15, 1, 24, 27, 35, 35, 49, 35, 35, 63, 73, 73, 73, 35, 92, 35, 99, 99]","[3, 8, 18, 18, 35, 27, 35, 39, 49, 53, 56, 73, 73, 75, 81, 85, 92, 97, 106, 102, 106]",0.05,30,52684908.99999741,1015.9999999999701,-1015.9999999999701,DWT,uc1.l0082987033,1.1734664440155029e-07,0.0,8.998313205665909e-11,2.9802322387695312e-08,0.0,1.1038991942768916e-10,4.794448614120483e-06,2.9899638320785016e-11,1.0,84,0.0,1.6552803572267294e-10,1.0,84,,0.0,0.0,1.0,84,0.0,0.0,2.592802047729492e-06,0.0319061279296875,0.0,0.0,0.0,0.0,8.998313205665909e-11,1.889929990284145e-09,9.056780722208452e-11,0.0,2.9899638320785016e-11,0.0,4.2518877307884395e-11,0.0,0.0,0.0,4.2518877307884395e-11,2.020783540501725e-11,1.0075273948473296e-14,1.1734664440155029e-07,6.106226635438361e-16,2.42861286636753e-15,1.987791620194912e-08,0.0,0.0,1.1352030426792226e-14,0.39178731699707436,0.2655035460807146,0.02157086110412167,0.41340782122905073,0.023959357852083252,0.010912853962181317,0.005456426981090659,0.010912853962181317,150,0.5535564654231163,0.31297924201777577,730,0,0,0.010912853962181317,0.010912853962181317,147,0,0,0.22324578065260894,0.3036547288439156,736,337.47234454593956,0.5639892189328946,440.75,246.9448840021124,0.49727238724422507,725,rbio,366.5925925925926,360.0,210.3588723315502,135,0.8110455588331695,0.7500562468954116,0.20725123474815782,3,544.5
sym2,1,antireflect,2.3116992874077698e-20,256.4557097205347,9481161.728121722,0.5727272727272728,388.38300158922345,108,raw,1.1594205431122278e-10,1.630046097859026e-10,"[2, 5, 11, 17, 22, 25, 29, 38, 44, 52, 55, 60, 65, 74, 78, 84, 89, 95, 98, 101, 105]","[37.99999999992707, 367.999999999636, 460.99999999982316, 192.99999999974574, 950.9999999997942, 153.99999999964552, 880.999999999246, 242.9999999997782, 490.99999999981833, 185.99999999986358, 320.9999999997167, 942.999999999898, 809.9999999992935, 204.9999999997833, 477.9999999996684, 275.9999999998272, 346.9999999997841, 79.0000000001412, 1007.9999999996469, 113.99999999971294, 892.9999999992485]",21,5.581391340057592,100246.10364151958,0.8471032580161498,4.365923718255855e-06,0.9999999999999997,0.4907407407407407,67630.99999999972,0.12910941990470357,0.15147910127184155,188156.12126445587,82872438.2505807,8,12069.57955741797,0.027777777777777776,"[0.0, 0.009259259259259259, 0.018518518518518517, 0.027777777777777776, 0.037037037037037035, 0.046296296296296294, 0.05555555555555555, 0.06481481481481481, 0.07407407407407407, 0.08333333333333333, 0.09259259259259259, 0.10185185185185185, 0.1111111111111111, 0.12037037037037036, 0.12962962962962962, 0.1388888888888889, 0.14814814814814814, 0.15740740740740738, 0.16666666666666666, 0.17592592592592593, 0.18518518518518517, 0.19444444444444442, 0.2037037037037037, 0.21296296296296297, 0.2222222222222222, 0.23148148148148145, 0.24074074074074073]","[67630.99999999972, 1786.6346316368094, 1155.9831840868524, 12069.57955741797, 1906.5778542068115, 950.5914327632574, 9083.877197384201, 2481.229636774064, 778.6316126030218, 8965.16239638355, 2042.6423114770619, 1606.7171021537824, 6927.939836295233, 1790.9411989170123, 2115.0643759881614, 4469.146453394009, 811.3124818651933, 852.4454942246459, 2613.5185095934426, 1125.8336361532704, 622.5282936160305, 1595.9028958452222, 1672.0836322340947, 807.7671822526656, 3024.634439408674, 842.7313814732806, 842.8235732259801]",3.0,0.3,145.15000000014962,15,0.5,1721880.1384882429,0.14445541615559757,0.12412575453778628,16430975.452691948,84089526828.76021,"[0.046875, 0.03125]",2,1721880.1384882429,0.046875,"[0.0, 0.015625, 0.03125, 0.046875, 0.0625, 0.078125, 0.09375, 0.109375, 0.125, 0.140625, 0.15625, 0.171875, 0.1875, 0.203125, 0.21875, 0.234375]","[154749.38571156494, 876106.9067081974, 1710291.3768913003, 1721880.1384882429, 1236443.3975589287, 1200279.6938548726, 1385236.610141777, 1437054.0474210472, 1048940.2936450313, 664501.8455334727, 393060.2971502807, 165807.0810687203, 58528.06662842755, 51528.95639379196, 141871.951810949, 339557.73472376616]",3.0,0.3,flattop,64,32,145.15000000014962,15,21,449.52380952352377,37.99999999992707,1007.9999999996469,"[2, 5, 11, 17, 22, 25, 29, 38, 44, 52, 55, 60, 65, 74, 78, 84, 89, 95, 98, 101, 105]","[37.99999999992707, 367.999999999636, 460.99999999982316, 192.99999999974574, 950.9999999997942, 153.99999999964552, 880.999999999246, 242.9999999997782, 490.99999999981833, 185.99999999986358, 320.9999999997167, 942.999999999898, 809.9999999992935, 204.9999999997833, 477.9999999996684, 275.9999999998272, 346.9999999997841, 79.0000000001412, 1007.9999999996469, 113.99999999971294, 892.9999999992485]","[1, 1, 1, 15, 1, 24, 27, 35, 35, 49, 35, 35, 63, 73, 73, 73, 35, 92, 35, 99, 99]","[3, 8, 18, 18, 35, 27, 35, 39, 49, 53, 56, 73, 73, 75, 81, 85, 92, 97, 106, 102, 106]",0.05,30,52684908.99999277,1015.9999999998986,-1015.9999999998986,DWT,uc1.l0082987033,2.658925950527191e-07,0.0,2.857518666132819e-10,1.341104507446289e-07,0.0,3.531113179633394e-10,1.3452023267745972e-05,1.014086592476815e-10,1.0,84,0.0,1.6007106751203537e-10,1.0,84,,0.0,0.0,1.0,84,0.0,0.0,7.227063179016113e-06,0.063446044921875,2.764863893389702e-10,0.0,0.0,0.0,2.857518666132819e-10,6.0008460422977805e-09,2.9922646371276286e-10,0.0,1.014086592476815e-10,0.0,1.496118784416467e-10,0.0,0.0,0.0,1.496118784416467e-10,7.293010639841668e-11,3.3889557826682903e-14,2.658925950527191e-07,1.6375789613221059e-15,6.203371150093062e-15,5.966285243630409e-08,0.0,0.0,4.5352610555937645e-14,0.29201306532539983,0.17567820305249754,0.03419994574453774,0.6050787201625194,0.032833673770631525,0.030418012480792754,0.015209006240396377,0.030418012480792754,100,0.5353118711670178,0.3026638006168142,734,0,0,0.030418012480792754,0.030418012480792754,100,0,0,0.22796072161111722,0.31006790321202954,728,364.31625455548004,0.5293071646570024,415.5,175.93225472959182,0.49624272961532295,726,sym,445.72514619883043,505.0,280.45746329325993,171,0.986117580085908,1.0,0.009717693939864401,6,546.0
sym7,1,periodization,8.18449591922226e-20,250.96510374684095,9354453.641274827,0.5740740740740741,503.5279271986606,108,raw,2.2291928796707653e-10,-1.0796241686511119e-10,"[2, 5, 11, 17, 22, 25, 29, 38, 44, 52, 55, 60, 65, 74, 78, 84, 89, 95, 98, 101, 105]","[37.99999999985354, 367.9999999995356, 461.00000000004644, 192.99999999941127, 951.0000000003129, 153.99999999913643, 880.9999999986991, 242.99999999961062, 491.0000000000387, 185.99999999986937, 320.99999999975546, 943.0000000003296, 809.9999999987998, 204.99999999953454, 477.99999999959346, 275.99999999977376, 346.99999999976524, 79.00000000068474, 1007.9999999995764, 113.99999999915417, 892.9999999989552]",21,5.632066929866909,95467.3424210973,0.825295262971905,4.365923718256632e-06,0.9999999999999998,0.4907407407407407,67631.0,0.12910941990469163,0.15147910127184777,188156.12126444958,82872438.25058311,8,12069.579557418556,0.027777777777777776,"[0.0, 0.009259259259259259, 0.018518518518518517, 0.027777777777777776, 0.037037037037037035, 0.046296296296296294, 0.05555555555555555, 0.06481481481481481, 0.07407407407407407, 0.08333333333333333, 0.09259259259259259, 0.10185185185185185, 0.1111111111111111, 0.12037037037037036, 0.12962962962962962, 0.1388888888888889, 0.14814814814814814, 0.15740740740740738, 0.16666666666666666, 0.17592592592592593, 0.18518518518518517, 0.19444444444444442, 0.2037037037037037, 0.21296296296296297, 0.2222222222222222, 0.23148148148148145, 0.24074074074074073]","[67631.0, 1786.6346316370123, 1155.9831840869592, 12069.579557418556, 1906.577854206952, 950.5914327636784, 9083.877197386118, 2481.229636774786, 778.6316126030475, 8965.162396387206, 2042.6423114781767, 1606.717102154321, 6927.939836298825, 1790.9411989178252, 2115.0643759895224, 4469.146453395988, 811.3124818656357, 852.4454942246388, 2613.518509593945, 1125.8336361534775, 622.5282936160269, 1595.9028958440767, 1672.0836322323185, 807.7671822518824, 3024.6344394038615, 842.7313814719721, 842.8235732244008]",3.0,0.3,145.15000000025148,15,0.5,1721880.1384887474,0.14445541615554428,0.12412575453778489,16430975.452693377,84089526828.87476,"[0.046875, 0.03125]",2,1721880.1384887474,0.046875,"[0.0, 0.015625, 0.03125, 0.046875, 0.0625, 0.078125, 0.09375, 0.109375, 0.125, 0.140625, 0.15625, 0.171875, 0.1875, 0.203125, 0.21875, 0.234375]","[154749.38571158142, 876106.9067083824, 1710291.3768917602, 1721880.1384887474, 1236443.397559543, 1200279.693855805, 1385236.6101430561, 1437054.0474224328, 1048940.293646068, 664501.8455340951, 393060.29715059156, 165807.08106881252, 58528.06662840402, 51528.95639362538, 141871.9518104152, 339557.73472256085]",3.0,0.3,flattop,64,32,145.15000000025148,15,21,449.52380952344936,37.99999999985354,1007.9999999995764,"[2, 5, 11, 17, 22, 25, 29, 38, 44, 52, 55, 60, 65, 74, 78, 84, 89, 95, 98, 101, 105]","[37.99999999985354, 367.9999999995356, 461.00000000004644, 192.99999999941127, 951.0000000003129, 153.99999999913643, 880.9999999986991, 242.99999999961062, 491.0000000000387, 185.99999999986937, 320.99999999975546, 943.0000000003296, 809.9999999987998, 204.99999999953454, 477.99999999959346, 275.99999999977376, 346.99999999976524, 79.00000000068474, 1007.9999999995764, 113.99999999915417, 892.9999999989552]","[1, 1, 1, 15, 1, 24, 27, 35, 35, 49, 35, 35, 63, 73, 73, 73, 35, 92, 35, 99, 99]","[3, 8, 18, 18, 35, 27, 35, 39, 49, 53, 56, 73, 73, 75, 81, 85, 92, 97, 106, 102, 106]",0.05,30,52684908.99999404,1015.9999999998913,-1015.9999999998913,DWT,uc1.l0082987033,2.3865140974521637e-07,0.0,3.601599019020796e-10,2.5480985641479492e-06,0.0,4.2359715735074133e-10,1.2023374438285828e-05,1.0868461686186492e-10,1.0,84,0.0,4.256435204297304e-10,1.0,84,,0.0,0.0,1.0,84,0.0,0.0,5.9604644775390625e-06,0.0511016845703125,0.0,0.0,0.0,0.0,3.601599019020796e-10,7.563357939943671e-09,4.94683912880386e-10,0.0,1.0868461686186492e-10,0.0,2.5147528504021466e-10,0.0,0.0,0.0,2.5147528504021466e-10,1.4645706869487185e-10,4.5824455341403336e-14,2.3865140974521637e-07,7.854827899222983e-15,4.8155923693116165e-15,6.594927981495857e-08,0.0,0.0,9.864331573794516e-14,0.23564281482256344,0.2406110393069379,0.021908809442298404,0.6201117318435755,0.019898032618114597,0.02508702060271567,0.012543510301357835,0.02508702060271567,114,0.5286495190528322,0.29889692579012506,736,0,0,0.02508702060271567,0.02508702060271567,114,0,0,0.22763448560669797,0.3096241631101048,729,357.10257629986376,0.5386271624032768,423.25,197.29413643115305,0.4958962685401397,727,sym,445.72514619883043,505.0,280.45746329325993,171,0.986117580085908,1.0,0.009717693939864401,6,546.75
sym15,1,smooth,1.1664003156709426e-20,259.4265468267198,9565984.074234229,0.5441176470588235,313.21654641536696,108,raw,8.586441845603044e-11,-6.242040219688699e-11,"[2, 5, 11, 17, 22, 25, 29, 38, 44, 52, 55, 60, 65, 74, 78, 84, 89, 95, 98, 101, 105]","[37.999999999954554, 367.9999999997561, 460.999999999842, 192.99999999986335, 950.9999999998048, 153.9999999998247, 880.9999999995107, 242.9999999998658, 490.99999999981816, 185.99999999990848, 320.99999999979605, 942.9999999998478, 809.9999999995442, 204.9999999998876, 477.9999999997702, 275.9999999998922, 346.9999999998423, 79.00000000002888, 1007.999999999746, 113.99999999987415, 892.9999999994677]",21,5.757763260698439,110270.67382577703,0.877488603214478,4.365923718254573e-06,1.0,0.4907407407407407,67630.99999999996,0.12910941990471514,0.15147910127184092,188156.12126447138,82872438.25058031,8,12069.579557417588,0.027777777777777776,"[0.0, 0.009259259259259259, 0.018518518518518517, 0.027777777777777776, 0.037037037037037035, 0.046296296296296294, 0.05555555555555555, 0.06481481481481481, 0.07407407407407407, 0.08333333333333333, 0.09259259259259259, 0.10185185185185185, 0.1111111111111111, 0.12037037037037036, 0.12962962962962962, 0.1388888888888889, 0.14814814814814814, 0.15740740740740738, 0.16666666666666666, 0.17592592592592593, 0.18518518518518517, 0.19444444444444442, 0.2037037037037037, 0.21296296296296297, 0.2222222222222222, 0.23148148148148145, 0.24074074074074073]","[67630.99999999996, 1786.6346316369347, 1155.9831840868987, 12069.579557417588, 1906.5778542066785, 950.5914327633916, 9083.877197383608, 2481.2296367739505, 778.6316126027695, 8965.162396383157, 2042.6423114771258, 1606.7171021535382, 6927.939836295325, 1790.9411989169878, 2115.0643759885957, 4469.1464533943945, 811.3124818654602, 852.4454942245716, 2613.518509594282, 1125.8336361539266, 622.5282936164759, 1595.9028958457054, 1672.0836322345972, 807.7671822532741, 3024.6344394098774, 842.7313814738397, 842.8235732263862]",3.0,0.3,145.15000000011042,15,0.5,1721880.1384881274,0.14445541615561844,0.12412575453778411,16430975.452694606,84089526828.7495,"[0.046875, 0.03125]",2,1721880.1384881274,0.046875,"[0.0, 0.015625, 0.03125, 0.046875, 0.0625, 0.078125, 0.09375, 0.109375, 0.125, 0.140625, 0.15625, 0.171875, 0.1875, 0.203125, 0.21875, 0.234375]","[154749.385711555, 876106.9067081454, 1710291.376891192, 1721880.1384881274, 1236443.3975588342, 1200279.6938548072, 1385236.6101417672, 1437054.0474211213, 1048940.293645176, 664501.8455336312, 393060.2971504111, 165807.0810687913, 58528.06662846409, 51528.956393843655, 141871.9518110999, 339557.73472411896]",3.0,0.3,flattop,64,32,145.15000000011042,15,21,449.5238095236117,37.999999999954554,1007.999999999746,"[2, 5, 11, 17, 22, 25, 29, 38, 44, 52, 55, 60, 65, 74, 78, 84, 89, 95, 98, 101, 105]","[37.999999999954554, 367.9999999997561, 460.999999999842, 192.99999999986335, 950.9999999998048, 153.9999999998247, 880.9999999995107, 242.9999999998658, 490.99999999981816, 185.99999999990848, 320.99999999979605, 942.9999999998478, 809.9999999995442, 204.9999999998876, 477.9999999997702, 275.9999999998922, 346.9999999998423, 79.00000000002888, 1007.999999999746, 113.99999999987415, 892.9999999994677]","[1, 1, 1, 15, 1, 24, 27, 35, 35, 49, 35, 35, 63, 73, 73, 73, 35, 92, 35, 99, 99]","[3, 8, 18, 18, 35, 27, 35, 39, 49, 53, 56, 73, 73, 75, 81, 85, 92, 97, 106, 102, 106]",0.05,30,52684908.99999411,1015.9999999999231,-1015.9999999999231,DWT,uc1.l0082987033,3.8137659430503845e-07,0.0,1.978150976356119e-10,2.5331974029541016e-07,0.0,2.539763954700902e-10,1.0794028639793396e-05,7.685230229981244e-11,1.0,84,0.0,5.420588422566652e-10,1.0,84,,0.0,0.0,1.0,84,0.0,0.0,5.893409252166748e-06,0.07415771484375,4.3655745685100555e-11,0.0,0.0,0.0,1.978150976356119e-10,4.154571797698736e-09,2.0057335686509584e-10,0.0,7.685230229981244e-11,0.0,1.1041834113711957e-10,0.0,0.0,0.0,1.1041834113711957e-10,4.544631337921601e-11,2.2315482794965646e-14,3.8137659430503845e-07,9.992007221626409e-16,4.038436252074007e-15,4.415051080286503e-08,0.0,0.0,2.4480417692984702e-14,0.32251367540034115,0.401671212427352,0.04242801581874139,0.28573775879066676,0.05996920882469644,0.024804791620935122,0.012402395810467561,0.024804791620935122,117,0.5538406064093966,0.31313989451859015,729,0,0,0.024804791620935122,0.024804791620935122,117,0,0,0.22246397425235953,0.30259133042365344,739,356.24850876880873,0.5397306088258285,425.5,201.82714946470512,0.4949945033793225,728,sym,445.72514619883043,505.0,280.45746329325993,171,0.986117580085908,1.0,0.009717693939864401,6,547.5
db27,1,constant,3.886294032500751e-26,314.1996665545819,9340600.000956189,0.5875,176.1372300845311,108,raw,1.4376976975182954e-13,-1.0662504212888342e-10,"[2, 5, 11, 17, 22, 25, 29, 38, 44, 52, 55, 60, 65, 74, 78, 84, 89, 95, 98, 101, 105]","[38.00000000000003, 367.99999999999994, 461.0, 193.00000000000023, 950.9999999999999, 154.00000000000023, 881.0, 242.99999999999997, 491.00000000000017, 186.00000000000057, 320.9999999999998, 942.9999999999998, 810.0, 205.00000000000006, 478.0000000000005, 276.00000000000034, 347.0000000000002, 79.00000000000023, 1008.0000000000002, 113.99999999999989, 893.0000000000002]",21,5.651233816666204,139093.31161460213,0.9024881900659611,4.365923718251288e-06,1.0,0.4907407407407407,67631.0,0.12910941990473743,0.15147910127183992,188156.12126451556,82872438.25058056,8,12069.579557418134,0.027777777777777776,"[0.0, 0.009259259259259259, 0.018518518518518517, 0.027777777777777776, 0.037037037037037035, 0.046296296296296294, 0.05555555555555555, 0.06481481481481481, 0.07407407407407407, 0.08333333333333333, 0.09259259259259259, 0.10185185185185185, 0.1111111111111111, 0.12037037037037036, 0.12962962962962962, 0.1388888888888889, 0.14814814814814814, 0.15740740740740738, 0.16666666666666666, 0.17592592592592593, 0.18518518518518517, 0.19444444444444442, 0.2037037037037037, 0.21296296296296297, 0.2222222222222222, 0.23148148148148145, 0.24074074074074073]","[67631.0, 1786.6346316370004, 1155.98318408694, 12069.579557418134, 1906.5778542068442, 950.5914327635995, 9083.877197385174, 2481.229636774482, 778.6316126029473, 8965.162396385991, 2042.6423114779172, 1606.7171021541474, 6927.939836298322, 1790.9411989177945, 2115.064375989648, 4469.1464533967255, 811.3124818658863, 852.4454942250586, 2613.5185095958254, 1125.833636154596, 622.5282936168389, 1595.9028958467, 1672.0836322356415, 807.7671822537594, 3024.63443941176, 842.7313814743661, 842.8235732269205]",3.0,0.3,145.14999999999998,15,0.5,1721880.1384885083,0.14445541615564297,0.12412575453778012,16430975.4527054,84089526828.82365,"[0.046875, 0.03125]",2,1721880.1384885083,0.046875,"[0.0, 0.015625, 0.03125, 0.046875, 0.0625, 0.078125, 0.09375, 0.109375, 0.125, 0.140625, 0.15625, 0.171875, 0.1875, 0.203125, 0.21875, 0.234375]","[154749.38571156556, 876106.9067082778, 1710291.376891532, 1721880.1384885083, 1236443.3975593024, 1200279.693855527, 1385236.610142781, 1437054.04742228, 1048940.2936461216, 664501.8455342902, 393060.29715082474, 165807.0810689744, 58528.066628532615, 51528.95639390749, 141871.95181127617, 339557.7347245399]",3.0,0.3,flattop,64,32,145.14999999999998,15,21,449.52380952380963,38.00000000000003,1008.0000000000002,"[2, 5, 11, 17, 22, 25, 29, 38, 44, 52, 55, 60, 65, 74, 78, 84, 89, 95, 98, 101, 105]","[38.00000000000003, 367.99999999999994, 461.0, 193.00000000000023, 950.9999999999999, 154.00000000000023, 881.0, 242.99999999999997, 491.00000000000017, 186.00000000000057, 320.9999999999998, 942.9999999999998, 810.0, 205.00000000000006, 478.0000000000005, 276.00000000000034, 347.0000000000002, 79.00000000000023, 1008.0000000000002, 113.99999999999989, 893.0000000000002]","[1, 1, 1, 15, 1, 24, 27, 35, 35, 49, 35, 35, 63, 73, 73, 73, 35, 92, 35, 99, 99]","[3, 8, 18, 18, 35, 27, 35, 39, 49, 53, 56, 73, 73, 75, 81, 85, 92, 97, 106, 102, 106]",0.05,30,52684909.0,1016.0000000000001,-1016.0000000000001,DWT,uc1.l0082987033,4.656612873077393e-10,0.0,1.1368683772161603e-13,0.0,0.0,2.2737367544323206e-13,0.0,1.1368683772161603e-13,1.0,84,0.0,3.637978807091713e-12,1.0,84,,0.0,0.0,1.0,84,0.0,0.0,0.0,0.0,0.0,0.0,0.0,0.0,1.1368683772161603e-13,1.8189894035458565e-12,1.8135757446067318e-13,0.0,1.1368683772161603e-13,0.0,2.842170943040401e-14,0.0,0.0,0.0,2.842170943040401e-14,2.842170943040401e-14,2.7755575615628914e-17,4.656612873077393e-10,0.0,4.163336342344337e-17,2.9103830456733704e-11,0.0,0.0,5.551115123125783e-17,0.8848513289625233,0.26517040460942587,0.020564956925257998,0.7699720670391064,0.1379892818745629,0.0,0.0,0.0,771,1.0369630177103235,0.5862959238230034,249,0,0,0.0,0.0,716,0,0,0.4157096078821753,0.5654404212713939,217,295.8799024379092,0.6177262242404273,488.25,353.41857967820323,0.4934561353760276,729,db,413.2962962962963,398.0,188.41229481502944,243,0.9143723369387087,0.671803462110104,0.15839832550987273,5,548.0
sym5,1,periodization,3.027260105064102e-21,265.28452573627806,9363722.749823393,0.5555555555555556,398.85929312724477,108,raw,4.4203134979486296e-11,-1.416098349721383e-10,"[2, 5, 11, 17, 22, 25, 29, 38, 44, 52, 55, 60, 65, 74, 78, 84, 89, 95, 98, 101, 105]","[37.999999999973994, 367.99999999988484, 460.99999999997465, 192.99999999988836, 951.0000000000199, 153.99999999983424, 880.9999999997358, 242.99999999991616, 490.99999999998545, 185.99999999995862, 320.999999999921, 943.0000000000325, 809.9999999997502, 204.99999999990362, 477.99999999989785, 275.9999999999385, 346.9999999999386, 79.00000000010277, 1007.9999999998989, 113.9999999998505, 892.999999999772]",21,5.626491771234138,95467.34242111741,0.8190143261523514,4.365923718252554e-06,0.9999999999999997,0.4907407407407407,67631.00000000003,0.12910941990472674,0.15147910127184144,188156.12126449903,82872438.25058115,8,12069.579557418207,0.027777777777777776,"[0.0, 0.009259259259259259, 0.018518518518518517, 0.027777777777777776, 0.037037037037037035, 0.046296296296296294, 0.05555555555555555, 0.06481481481481481, 0.07407407407407407, 0.08333333333333333, 0.09259259259259259, 0.10185185185185185, 0.1111111111111111, 0.12037037037037036, 0.12962962962962962, 0.1388888888888889, 0.14814814814814814, 0.15740740740740738, 0.16666666666666666, 0.17592592592592593, 0.18518518518518517, 0.19444444444444442, 0.2037037037037037, 0.21296296296296297, 0.2222222222222222, 0.23148148148148145, 0.24074074074074073]","[67631.00000000003, 1786.6346316370032, 1155.9831840869415, 12069.579557418207, 1906.577854206862, 950.591432763612, 9083.877197385293, 2481.229636774512, 778.63161260295, 8965.162396385982, 2042.6423114778895, 1606.7171021541, 6927.9398362979655, 1790.9411989176558, 2115.0643759894215, 4469.146453396095, 811.3124818657402, 852.4454942248702, 2613.518509595151, 1125.8336361542556, 622.5282936166227, 1595.902895846087, 1672.0836322349412, 807.7671822533921, 3024.634439410311, 842.7313814739447, 842.8235732264898]",3.0,0.3,145.1500000000445,15,0.5,1721880.138488545,0.14445541615562363,0.12412575453778191,16430975.452702245,84089526828.82565,"[0.046875, 0.03125]",2,1721880.138488545,0.046875,"[0.0, 0.015625, 0.03125, 0.046875, 0.0625, 0.078125, 0.09375, 0.109375, 0.125, 0.140625, 0.15625, 0.171875, 0.1875, 0.203125, 0.21875, 0.234375]","[154749.38571156954, 876106.9067082966, 1710291.3768915685, 1721880.138488545, 1236443.3975593224, 1200279.6938555143, 1385236.6101427153, 1437054.047422148, 1048940.293645955, 664501.8455341309, 393060.2971506997, 165807.08106890734, 58528.066628497865, 51528.956393857094, 141871.9518111291, 339557.7347241965]",3.0,0.3,flattop,64,32,145.1500000000445,15,21,449.52380952372283,37.999999999973994,1007.9999999998989,"[2, 5, 11, 17, 22, 25, 29, 38, 44, 52, 55, 60, 65, 74, 78, 84, 89, 95, 98, 101, 105]","[37.999999999973994, 367.99999999988484, 460.99999999997465, 192.99999999988836, 951.0000000000199, 153.99999999983424, 880.9999999997358, 242.99999999991616, 490.99999999998545, 185.99999999995862, 320.999999999921, 943.0000000000325, 809.9999999997502, 204.99999999990362, 477.99999999989785, 275.9999999999385, 346.9999999999386, 79.00000000010277, 1007.9999999998989, 113.9999999998505, 892.999999999772]","[1, 1, 1, 15, 1, 24, 27, 35, 35, 49, 35, 35, 63, 73, 73, 73, 35, 92, 35, 99, 99]","[3, 8, 18, 18, 35, 27, 35, 39, 49, 53, 56, 73, 73, 75, 81, 85, 92, 97, 106, 102, 106]",0.05,30,52684908.999998435,1015.9999999999723,-1015.9999999999723,DWT,uc1.l0082987033,3.632158041000366e-08,0.0,8.668621376273222e-11,5.811452865600586e-07,0.0,1.0106759873451665e-10,3.155320882797241e-06,2.773958840407431e-11,1.0,84,0.0,7.639755494892597e-11,1.0,84,,0.0,0.0,1.0,84,0.0,0.0,1.564621925354004e-06,0.0019989013671875,2.9103830456733704e-11,0.0,0.0,0.0,8.668621376273222e-11,1.8208083929494023e-09,1.0151963925593353e-10,0.0,2.773958840407431e-11,0.0,4.4508396968012676e-11,0.0,0.0,0.0,4.4508396968012676e-11,2.6005864128819667e-11,1.071365218763276e-14,3.632158041000366e-08,1.5265566588595902e-15,1.8318679906315083e-15,1.650187186896801e-08,0.0,0.0,1.9290125052862095e-14,0.38265562332999425,0.2334673461805935,0.022807946027860983,0.41340782122905073,0.01989803261816904,0.0065853429082128635,0.0032926714541064318,0.0065853429082128635,175,0.5310533616411117,0.300256051512981,735,0,0,0.0065853429082128635,0.0065853429082128635,174,0,0,0.2144473538771337,0.2916872735623424,748,327.40087558424966,0.5770014527335275,458.0,282.5087245075604,0.49263509329182836,730,sym,445.72514619883043,505.0,280.45746329325993,171,0.986117580085908,1.0,0.009717693939864401,6,549.0
db20,1,zero,2.2171081826589356e-26,316.6371542637354,9325625.156858068,0.5821917808219178,230.6915696933646,108,raw,1.08489349191519e-13,-1.1016498824290078e-10,"[2, 5, 11, 17, 22, 25, 29, 38, 44, 52, 55, 60, 65, 74, 78, 84, 89, 95, 98, 101, 105]","[38.00000000000006, 368.00000000000017, 460.9999999999999, 192.9999999999999, 951.0, 153.99999999999977, 881.0000000000003, 243.0, 491.00000000000006, 186.0000000000001, 320.99999999999966, 943.0000000000003, 810.0000000000001, 205.00000000000003, 478.0000000000002, 275.9999999999999, 346.9999999999999, 79.00000000000011, 1008.0000000000001, 114.00000000000023, 893.0]",21,5.649477446694874,146160.51904672547,0.8923339569801061,4.3659237182512925e-06,0.9999999999999998,0.4907407407407407,67631.0,0.12910941990473743,0.15147910127183992,188156.12126451553,82872438.25058056,8,12069.579557418132,0.027777777777777776,"[0.0, 0.009259259259259259, 0.018518518518518517, 0.027777777777777776, 0.037037037037037035, 0.046296296296296294, 0.05555555555555555, 0.06481481481481481, 0.07407407407407407, 0.08333333333333333, 0.09259259259259259, 0.10185185185185185, 0.1111111111111111, 0.12037037037037036, 0.12962962962962962, 0.1388888888888889, 0.14814814814814814, 0.15740740740740738, 0.16666666666666666, 0.17592592592592593, 0.18518518518518517, 0.19444444444444442, 0.2037037037037037, 0.21296296296296297, 0.2222222222222222, 0.23148148148148145, 0.24074074074074073]","[67631.0, 1786.6346316370002, 1155.9831840869397, 12069.579557418132, 1906.5778542068415, 950.5914327636024, 9083.877197385178, 2481.2296367744834, 778.6316126029453, 8965.162396385993, 2042.6423114779172, 1606.717102154151, 6927.939836298324, 1790.9411989177945, 2115.0643759896484, 4469.1464533967255, 811.312481865887, 852.4454942250549, 2613.518509595829, 1125.833636154595, 622.5282936168371, 1595.902895846697, 1672.083632235644, 807.7671822537553, 3024.634439411759, 842.7313814743661, 842.8235732269208]",3.0,0.3,145.15,15,0.5,1721880.1384885092,0.14445541615564292,0.12412575453778008,16430975.452705404,84089526828.82372,"[0.046875, 0.03125]",2,1721880.1384885092,0.046875,"[0.0, 0.015625, 0.03125, 0.046875, 0.0625, 0.078125, 0.09375, 0.109375, 0.125, 0.140625, 0.15625, 0.171875, 0.1875, 0.203125, 0.21875, 0.234375]","[154749.3857115655, 876106.9067082778, 1710291.376891533, 1721880.1384885092, 1236443.3975593029, 1200279.6938555273, 1385236.6101427814, 1437054.0474222805, 1048940.2936461223, 664501.8455342909, 393060.2971508256, 165807.08106897474, 58528.06662853266, 51528.956393907465, 141871.95181127617, 339557.73472453986]",3.0,0.3,flattop,64,32,145.15,15,21,449.5238095238095,38.00000000000006,1008.0000000000001,"[2, 5, 11, 17, 22, 25, 29, 38, 44, 52, 55, 60, 65, 74, 78, 84, 89, 95, 98, 101, 105]","[38.00000000000006, 368.00000000000017, 460.9999999999999, 192.9999999999999, 951.0, 153.99999999999977, 881.0000000000003, 243.0, 491.00000000000006, 186.0000000000001, 320.99999999999966, 943.0000000000003, 810.0000000000001, 205.00000000000003, 478.0000000000002, 275.9999999999999, 346.9999999999999, 79.00000000000011, 1008.0000000000001, 114.00000000000023, 893.0]","[1, 1, 1, 15, 1, 24, 27, 35, 35, 49, 35, 35, 63, 73, 73, 73, 35, 92, 35, 99, 99]","[3, 8, 18, 18, 35, 27, 35, 39, 49, 53, 56, 73, 73, 75, 81, 85, 92, 97, 106, 102, 106]",0.05,30,52684909.0,1016.0000000000001,-1016.0000000000001,DWT,uc1.l0082987033,4.656612873077393e-10,0.0,0.0,0.0,0.0,1.1368683772161603e-13,3.725290298461914e-09,1.1368683772161603e-13,1.0,84,0.0,1.8189894035458565e-12,1.0,84,,0.0,0.0,1.0,84,0.0,0.0,0.0,6.103515625e-05,0.0,0.0,0.0,0.0,0.0,0.0,1.3940171768245779e-13,0.0,1.1368683772161603e-13,0.0,0.0,0.0,0.0,0.0,0.0,5.684341886080802e-14,2.7755575615628914e-17,4.656612873077393e-10,0.0,0.0,0.0,0.0,0.0,0.0,0.9098762157274596,0.262919891410078,0.019112343643067173,0.7107216652636412,0.1571195240180006,0.0,0.0,0.0,774,1.034078322675705,0.584664925502539,251,0,0,0.0,0.0,717,0,0,0.4119499280124494,0.5603265751416072,228,293.21493822791496,0.6211693304548902,492.5,361.7709914711252,0.49243221044708335,731,db,413.2962962962963,398.0,188.41229481502944,243,0.9143723369387087,0.671803462110104,0.15839832550987273,5,549.5
bior4.4,1,zero,5.392912012165796e-20,252.776789765498,9279541.06396915,0.5689655172413793,331.5191231983445,108,raw,1.867810597546951e-10,3.616023035736261e-10,"[2, 5, 11, 17, 22, 25, 29, 38, 44, 52, 55, 60, 65, 74, 78, 84, 89, 95, 98, 101, 105]","[37.99999999991138, 367.99999999948545, 460.99999999961904, 192.99999999978434, 950.9999999995698, 153.99999999974796, 880.9999999990476, 242.99999999975205, 490.9999999995465, 185.99999999980196, 320.99999999955776, 942.9999999995626, 809.9999999991213, 204.99999999982583, 477.9999999995222, 275.99999999979593, 346.9999999996694, 78.99999999993679, 1007.9999999994878, 113.99999999986403, 892.9999999988814]",21,5.626821631599931,110019.4937014968,0.8232696312029518,4.365923718258224e-06,1.0,0.4907407407407407,67630.99999999953,0.12910941990469232,0.15147910127184086,188156.1212644212,82872438.25057882,8,12069.579557417093,0.027777777777777776,"[0.0, 0.009259259259259259, 0.018518518518518517, 0.027777777777777776, 0.037037037037037035, 0.046296296296296294, 0.05555555555555555, 0.06481481481481481, 0.07407407407407407, 0.08333333333333333, 0.09259259259259259, 0.10185185185185185, 0.1111111111111111, 0.12037037037037036, 0.12962962962962962, 0.1388888888888889, 0.14814814814814814, 0.15740740740740738, 0.16666666666666666, 0.17592592592592593, 0.18518518518518517, 0.19444444444444442, 0.2037037037037037, 0.21296296296296297, 0.2222222222222222, 0.23148148148148145, 0.24074074074074073]","[67630.99999999953, 1786.6346316366864, 1155.9831840868221, 12069.579557417093, 1906.5778542064472, 950.5914327628454, 9083.877197381595, 2481.2296367733065, 778.6316126026119, 8965.162396378963, 2042.6423114756403, 1606.717102152725, 6927.939836290862, 1790.9411989159833, 2115.0643759871264, 4469.146453391192, 811.3124818650815, 852.4454942239271, 2613.5185095923443, 1125.8336361532752, 622.5282936162961, 1595.9028958446836, 1672.0836322336477, 807.7671822531127, 3024.634439408686, 842.7313814734467, 842.8235732259527]",3.0,0.3,145.15000000021521,15,0.5,1721880.138487588,0.14445541615560184,0.12412575453778942,16430975.452681301,84089526828.63222,"[0.046875, 0.03125]",2,1721880.138487588,0.046875,"[0.0, 0.015625, 0.03125, 0.046875, 0.0625, 0.078125, 0.09375, 0.109375, 0.125, 0.140625, 0.15625, 0.171875, 0.1875, 0.203125, 0.21875, 0.234375]","[154749.38571153054, 876106.9067079416, 1710291.3768907003, 1721880.138487588, 1236443.397558139, 1200279.6938536984, 1385236.610140195, 1437054.0474193555, 1048940.2936437747, 664501.8455326965, 393060.29714985634, 165807.08106856322, 58528.06662839388, 51528.95639380596, 141871.95181100658, 339557.7347238836]",3.0,0.3,flattop,64,32,145.15000000021521,15,21,449.5238095234042,37.99999999991138,1007.9999999994878,"[2, 5, 11, 17, 22, 25, 29, 38, 44, 52, 55, 60, 65, 74, 78, 84, 89, 95, 98, 101, 105]","[37.99999999991138, 367.99999999948545, 460.99999999961904, 192.99999999978434, 950.9999999995698, 153.99999999974796, 880.9999999990476, 242.99999999975205, 490.9999999995465, 185.99999999980196, 320.99999999955776, 942.9999999995626, 809.9999999991213, 204.99999999982583, 477.9999999995222, 275.99999999979593, 346.9999999996694, 78.99999999993679, 1007.9999999994878, 113.99999999986403, 892.9999999988814]","[1, 1, 1, 15, 1, 24, 27, 35, 35, 49, 35, 35, 63, 73, 73, 73, 35, 92, 35, 99, 99]","[3, 8, 18, 18, 35, 27, 35, 39, 49, 53, 56, 73, 73, 75, 81, 85, 92, 97, 106, 102, 106]",0.05,30,52684908.99998663,1015.9999999998413,-1015.9999999998413,DWT,uc1.l0082987033,9.208451956510544e-07,0.0,4.0529357647756115e-10,1.7434358596801758e-06,0.0,5.121592039358802e-10,2.4098902940750122e-05,1.5870682545937598e-10,1.0,84,0.0,1.0368239600211382e-09,1.0,84,,0.0,0.0,1.0,84,0.0,0.0,1.3366341590881348e-05,0.191436767578125,4.656612873077393e-10,0.0,0.0,0.0,4.0529357647756115e-10,8.511051419191062e-09,4.051771828103699e-10,0.0,1.5870682545937598e-10,0.0,2.1520918380701914e-10,0.0,0.0,0.0,2.1520918380701914e-10,8.86188900039997e-11,4.5130565951012613e-14,9.208451956510544e-07,9.43689570931383e-16,9.33975119465913e-15,9.432551451027393e-08,0.0,0.0,4.107825191113079e-14,0.2542428009067006,0.23389001060738154,0.014642022283490708,0.5630899633981896,0.059289288694255905,0.05625764370158989,0.028128821850794947,0.05625764370158989,78,0.5257633978264347,0.2972651211049086,739,0,0,0.05625764370158989,0.05625764370158989,78,0,0,0.2250308171780037,0.3060827020871756,732,379.61855855582195,0.5095367460519096,406.75,141.04210309919324,0.49200997509313826,732,bior,385.74074074074076,410.0,199.97417605530825,135,0.8534087184529663,0.7130285416801533,0.18870533457887761,4,550.0
bior4.4,1,constant,5.4144731516021894e-20,252.75946106634976,9278504.423920663,0.5689655172413793,331.5191231983445,108,raw,1.8736087578527418e-10,2.844262602387645e-10,"[2, 5, 11, 17, 22, 25, 29, 38, 44, 52, 55, 60, 65, 74, 78, 84, 89, 95, 98, 101, 105]","[37.99999999991138, 367.9999999994859, 460.99999999961904, 192.99999999978434, 950.9999999995504, 153.99999999974796, 880.9999999990476, 242.99999999975205, 490.9999999995465, 185.99999999980196, 320.99999999955776, 942.9999999995626, 809.9999999991213, 204.99999999982583, 477.9999999995222, 275.99999999979593, 346.9999999996694, 78.99999999993679, 1007.9999999994815, 113.99999999986392, 892.9999999988844]",21,5.628859718531937,107522.30263848022,0.8190973349908843,4.36592371825823e-06,1.0,0.4907407407407407,67630.99999999962,0.12910941990469224,0.1514791012718409,188156.12126442112,82872438.25057898,8,12069.57955741702,0.027777777777777776,"[0.0, 0.009259259259259259, 0.018518518518518517, 0.027777777777777776, 0.037037037037037035, 0.046296296296296294, 0.05555555555555555, 0.06481481481481481, 0.07407407407407407, 0.08333333333333333, 0.09259259259259259, 0.10185185185185185, 0.1111111111111111, 0.12037037037037036, 0.12962962962962962, 0.1388888888888889, 0.14814814814814814, 0.15740740740740738, 0.16666666666666666, 0.17592592592592593, 0.18518518518518517, 0.19444444444444442, 0.2037037037037037, 0.21296296296296297, 0.2222222222222222, 0.23148148148148145, 0.24074074074074073]","[67630.99999999962, 1786.6346316367315, 1155.983184086828, 12069.57955741702, 1906.577854206449, 950.5914327629126, 9083.877197381531, 2481.2296367732683, 778.6316126025905, 8965.162396378917, 2042.642311475684, 1606.7171021527047, 6927.93983629083, 1790.9411989159546, 2115.064375987109, 4469.146453391192, 811.3124818650585, 852.4454942239403, 2613.518509592357, 1125.833636153264, 622.5282936162796, 1595.9028958446995, 1672.083632233662, 807.7671822530993, 3024.634439408692, 842.7313814734506, 842.8235732259619]",3.0,0.3,145.15000000022374,15,0.5,1721880.1384875875,0.14445541615560176,0.12412575453778944,16430975.452681309,84089526828.63231,"[0.046875, 0.03125]",2,1721880.1384875875,0.046875,"[0.0, 0.015625, 0.03125, 0.046875, 0.0625, 0.078125, 0.09375, 0.109375, 0.125, 0.140625, 0.15625, 0.171875, 0.1875, 0.203125, 0.21875, 0.234375]","[154749.3857115333, 876106.9067079462, 1710291.376890703, 1721880.1384875875, 1236443.3975581392, 1200279.6938536984, 1385236.6101401956, 1437054.0474193555, 1048940.293643775, 664501.8455326963, 393060.2971498564, 165807.08106856322, 58528.066628393884, 51528.95639380596, 141871.9518110066, 339557.7347238837]",3.0,0.3,flattop,64,32,145.15000000022374,15,21,449.52380952340326,37.99999999991138,1007.9999999994815,"[2, 5, 11, 17, 22, 25, 29, 38, 44, 52, 55, 60, 65, 74, 78, 84, 89, 95, 98, 101, 105]","[37.99999999991138, 367.9999999994859, 460.99999999961904, 192.99999999978434, 950.9999999995504, 153.99999999974796, 880.9999999990476, 242.99999999975205, 490.9999999995465, 185.99999999980196, 320.99999999955776, 942.9999999995626, 809.9999999991213, 204.99999999982583, 477.9999999995222, 275.99999999979593, 346.9999999996694, 78.99999999993679, 1007.9999999994815, 113.99999999986392, 892.9999999988844]","[1, 1, 1, 15, 1, 24, 27, 35, 35, 49, 35, 35, 63, 73, 73, 73, 35, 92, 35, 99, 99]","[3, 8, 18, 18, 35, 27, 35, 39, 49, 53, 56, 73, 73, 75, 81, 85, 92, 97, 106, 102, 106]",0.05,30,52684908.999986656,1015.9999999998413,-1015.9999999998413,DWT,uc1.l0082987033,9.213108569383621e-07,0.0,4.062599145981949e-10,1.5795230865478516e-06,0.0,5.185256668482907e-10,2.4091452360153198e-05,1.5870682545937598e-10,1.0,84,0.0,1.1095835361629725e-09,1.0,84,,0.0,0.0,1.0,84,0.0,0.0,1.3343989849090576e-05,0.19134521484375,3.7834979593753815e-10,0.0,0.0,0.0,4.062599145981949e-10,8.531060302630067e-09,4.0624908728031664e-10,0.0,1.5870682545937598e-10,0.0,2.2373569663614035e-10,0.0,0.0,0.0,2.2373569663614035e-10,8.86188900039997e-11,4.52138326778595e-14,9.213108569383621e-07,9.71445146547012e-16,9.367506770274758e-15,9.441282600164413e-08,0.0,0.0,4.116151863797768e-14,0.2540648928367071,0.23650149999559078,0.014541464501825904,0.5630899633981896,0.052529635723438446,0.056163567374329704,0.028081783687164852,0.056163567374329704,80,0.5242082575993838,0.29638584926924916,741,0,0,0.056163567374329704,0.056163567374329704,80,0,0,0.22414549129115038,0.30487849840043596,733,379.3331868775347,0.5099054433106787,408.5,144.3325090140887,0.49106383276645044,733,bior,385.74074074074076,410.0,199.97417605530825,135,0.8534087184529663,0.7130285416801533,0.18870533457887761,4,550.75
sym4,1,periodic,2.28951010153895e-20,256.49759747165,9379758.789038671,0.5614035087719298,334.5174338707285,108,raw,1.2087098400360006e-10,-8.675105080817558e-11,"[2, 5, 11, 17, 22, 25, 29, 38, 44, 52, 55, 60, 65, 74, 78, 84, 89, 95, 98, 101, 105]","[38.000000000073385, 368.0000000003222, 461.0000000000879, 193.00000000030207, 950.9999999999837, 154.00000000044452, 881.0000000007382, 243.00000000023147, 491.00000000006395, 186.00000000011653, 321.00000000022817, 942.9999999999407, 810.0000000006971, 205.00000000026034, 478.0000000002914, 276.0000000001726, 347.00000000017917, 78.99999999973454, 1008.0000000002984, 114.00000000039779, 893.0000000006493]",21,5.639392025384288,105947.64661941552,0.7955229465989776,4.365923718247611e-06,0.9999999999999998,0.4907407407407407,67630.99999999997,0.12910941990476751,0.151479101271836,188156.12126456384,82872438.25057922,8,12069.579557418087,0.027777777777777776,"[0.0, 0.009259259259259259, 0.018518518518518517, 0.027777777777777776, 0.037037037037037035, 0.046296296296296294, 0.05555555555555555, 0.06481481481481481, 0.07407407407407407, 0.08333333333333333, 0.09259259259259259, 0.10185185185185185, 0.1111111111111111, 0.12037037037037036, 0.12962962962962962, 0.1388888888888889, 0.14814814814814814, 0.15740740740740738, 0.16666666666666666, 0.17592592592592593, 0.18518518518518517, 0.19444444444444442, 0.2037037037037037, 0.21296296296296297, 0.2222222222222222, 0.23148148148148145, 0.24074074074074073]","[67630.99999999997, 1786.634631637, 1155.983184086937, 12069.579557418087, 1906.577854206834, 950.5914327635979, 9083.877197385185, 2481.2296367745107, 778.6316126029662, 8965.162396386451, 2042.6423114780916, 1606.7171021543597, 6927.939836299616, 1790.941198918249, 2115.064375990353, 4469.1464533986145, 811.3124818663106, 852.4454942255917, 2613.5185095977495, 1125.8336361555462, 622.5282936174323, 1595.902895848388, 1672.0836322375687, 807.7671822547541, 3024.634439415697, 842.7313814755043, 842.823573228085]",3.0,0.3,145.149999999868,15,0.5,1721880.1384884939,0.14445541615569515,0.12412575453777515,16430975.452714982,84089526828.83032,"[0.046875, 0.03125]",2,1721880.1384884939,0.046875,"[0.0, 0.015625, 0.03125, 0.046875, 0.0625, 0.078125, 0.09375, 0.109375, 0.125, 0.140625, 0.15625, 0.171875, 0.1875, 0.203125, 0.21875, 0.234375]","[154749.3857115581, 876106.9067082596, 1710291.3768915124, 1721880.1384884939, 1236443.3975593331, 1200279.6938556668, 1385236.6101430922, 1437054.0474227758, 1048940.2936466704, 664501.8455347805, 393060.2971511971, 165807.08106916904, 58528.06662862999, 51528.9563940442, 141871.95181167388, 339557.73472546926]",3.0,0.3,flattop,64,32,145.149999999868,15,21,449.52380952405787,38.000000000073385,1008.0000000002984,"[2, 5, 11, 17, 22, 25, 29, 38, 44, 52, 55, 60, 65, 74, 78, 84, 89, 95, 98, 101, 105]","[38.000000000073385, 368.0000000003222, 461.0000000000879, 193.00000000030207, 950.9999999999837, 154.00000000044452, 881.0000000007382, 243.00000000023147, 491.00000000006395, 186.00000000011653, 321.00000000022817, 942.9999999999407, 810.0000000006971, 205.00000000026034, 478.0000000002914, 276.0000000001726, 347.00000000017917, 78.99999999973454, 1008.0000000002984, 114.00000000039779, 893.0000000006493]","[1, 1, 1, 15, 1, 24, 27, 35, 35, 49, 35, 35, 63, 73, 73, 73, 35, 92, 35, 99, 99]","[3, 8, 18, 18, 35, 27, 35, 39, 49, 53, 56, 73, 73, 75, 81, 85, 92, 97, 106, 102, 106]",0.05,30,52684909.00000491,1016.0000000000836,-1016.0000000000836,DWT,uc1.l0082987033,1.4901161193847656e-08,0.0,2.483488970028702e-10,1.341104507446289e-06,0.0,2.984279490192421e-10,9.581446647644043e-06,8.355982572538778e-11,1.0,84,0.0,4.3655745685100555e-11,1.0,84,,0.0,0.0,1.0,84,0.0,0.0,4.909932613372803e-06,0.0066680908203125,2.9103830456733704e-11,0.0,0.0,0.0,2.483488970028702e-10,5.2150426199659705e-09,2.8073611160618296e-10,0.0,8.355982572538778e-11,0.0,1.3201884030422661e-10,0.0,0.0,0.0,1.3201884030422661e-10,7.338485374930315e-11,3.0059288391726113e-14,1.4901161193847656e-08,3.913536161803677e-15,4.926614671774132e-15,4.831235855817795e-08,0.0,0.0,5.2235993308613615e-14,0.29244311312607685,0.2499970026389462,0.02436349902094814,0.4786827403704791,0.04826719525785857,0.020665433221487034,0.010332716610743517,0.020665433221487034,128,0.5234260929569284,0.29594361561790583,742,0,0,0.020665433221487034,0.020665433221487034,128,0,0,0.21875071008286176,0.29754061805982496,740,353.91665685581967,0.5427433373955819,434.5,218.29223142960083,0.4906869141758271,734,sym,445.72514619883043,505.0,280.45746329325993,171,0.986117580085908,1.0,0.009717693939864401,6,552.0
bior6.8,1,periodization,2.4647135531320684e-21,266.1773585796339,9374412.42572371,0.5555555555555556,417.2306173714596,108,raw,3.943207900121067e-11,-1.0969303243862559e-10,"[2, 5, 11, 17, 22, 25, 29, 38, 44, 52, 55, 60, 65, 74, 78, 84, 89, 95, 98, 101, 105]","[37.99999999997962, 367.99999999987836, 460.9999999999313, 192.99999999994043, 950.9999999998947, 153.9999999999244, 880.9999999997788, 242.99999999994012, 490.99999999991866, 185.99999999995532, 320.999999999907, 942.9999999999281, 809.9999999997985, 204.9999999999527, 477.9999999998964, 275.9999999999559, 346.9999999999317, 79.00000000000671, 1007.9999999998896, 113.99999999995123, 892.999999999752]",21,5.610691191809843,94652.75191557588,0.7911869629441686,4.365923718252749e-06,1.0,0.4907407407407407,67631.0,0.12910941990472735,0.15147910127184053,188156.12126449568,82872438.25058053,8,12069.579557417965,0.027777777777777776,"[0.0, 0.009259259259259259, 0.018518518518518517, 0.027777777777777776, 0.037037037037037035, 0.046296296296296294, 0.05555555555555555, 0.06481481481481481, 0.07407407407407407, 0.08333333333333333, 0.09259259259259259, 0.10185185185185185, 0.1111111111111111, 0.12037037037037036, 0.12962962962962962, 0.1388888888888889, 0.14814814814814814, 0.15740740740740738, 0.16666666666666666, 0.17592592592592593, 0.18518518518518517, 0.19444444444444442, 0.2037037037037037, 0.21296296296296297, 0.2222222222222222, 0.23148148148148145, 0.24074074074074073]","[67631.0, 1786.6346316369977, 1155.983184086933, 12069.579557417965, 1906.5778542067944, 950.5914327635618, 9083.87719738462, 2481.22963677427, 778.6316126028565, 8965.162396384721, 2042.642311477568, 1606.7171021538306, 6927.939836296765, 1790.9411989173534, 2115.0643759890945, 4469.146453395513, 811.3124818656643, 852.4454942248242, 2613.518509595121, 1125.8336361542938, 622.5282936166742, 1595.9028958462814, 1672.0836322352095, 807.7671822535456, 3024.634439410962, 842.7313814741391, 842.8235732266941]",3.0,0.3,145.1500000000426,15,0.5,1721880.1384883907,0.14445541615563157,0.12412575453778249,16430975.452700606,84089526828.79173,"[0.046875, 0.03125]",2,1721880.1384883907,0.046875,"[0.0, 0.015625, 0.03125, 0.046875, 0.0625, 0.078125, 0.09375, 0.109375, 0.125, 0.140625, 0.15625, 0.171875, 0.1875, 0.203125, 0.21875, 0.234375]","[154749.38571156556, 876106.9067082426, 1710291.37689143, 1721880.1384883907, 1236443.3975591268, 1200279.6938552114, 1385236.6101423032, 1437054.0474217162, 1048940.2936456478, 664501.845533957, 393060.29715061834, 165807.0810688855, 58528.06662850144, 51528.95639388029, 141871.9518112003, 339557.73472435813]",3.0,0.3,flattop,64,32,145.1500000000426,15,21,449.5238095237196,37.99999999997962,1007.9999999998896,"[2, 5, 11, 17, 22, 25, 29, 38, 44, 52, 55, 60, 65, 74, 78, 84, 89, 95, 98, 101, 105]","[37.99999999997962, 367.99999999987836, 460.9999999999313, 192.99999999994043, 950.9999999998947, 153.9999999999244, 880.9999999997788, 242.99999999994012, 490.99999999991866, 185.99999999995532, 320.999999999907, 942.9999999999281, 809.9999999997985, 204.9999999999527, 477.9999999998964, 275.9999999999559, 346.9999999999317, 79.00000000000671, 1007.9999999998896, 113.99999999995123, 892.999999999752]","[1, 1, 1, 15, 1, 24, 27, 35, 35, 49, 35, 35, 63, 73, 73, 73, 35, 92, 35, 99, 99]","[3, 8, 18, 18, 35, 27, 35, 39, 49, 53, 56, 73, 73, 75, 81, 85, 92, 97, 106, 102, 106]",0.05,30,52684908.99999741,1015.9999999999702,-1015.9999999999702,DWT,uc1.l0082987033,1.180451363325119e-07,0.0,8.992628863779828e-11,2.9802322387695312e-08,0.0,1.1038991942768916e-10,4.794448614120483e-06,2.97859514830634e-11,1.0,84,0.0,1.6552803572267294e-10,1.0,84,,0.0,0.0,1.0,84,0.0,0.0,2.592802047729492e-06,0.03192138671875,0.0,0.0,0.0,0.0,8.992628863779828e-11,1.888111000880599e-09,9.05623935631454e-11,0.0,2.97859514830634e-11,0.0,4.260414243617561e-11,0.0,0.0,0.0,4.260414243617561e-11,2.0378365661599673e-11,1.0103029524088925e-14,1.180451363325119e-07,6.106226635438361e-16,2.4147350785597155e-15,1.9848812371492386e-08,0.0,0.0,1.1352030426792226e-14,0.39182204526561726,0.21322137686196146,0.023844882712701826,0.41340782122905073,0.017693015464162437,0.010912853962181317,0.005456426981090659,0.010912853962181317,147,0.5260666916239872,0.29743660255042675,738,0,0,0.010912853962181317,0.010912853962181317,149,0,0,0.21199782830669875,0.2883554747677032,749,343.8423815257993,0.5557591969950914,445.75,246.8487059813088,0.48992740211511676,735,bior,385.74074074074076,410.0,199.97417605530825,135,0.8534087184529663,0.7130285416801533,0.18870533457887761,4,552.25
db9,1,periodic,1.3456798360247912e-26,318.80560566292013,10648266.78837328,0.5564516129032258,322.7507189980243,108,raw,8.845599150272731e-14,-1.0769640734764669e-10,"[2, 5, 11, 17, 22, 25, 29, 38, 44, 52, 55, 60, 65, 74, 78, 84, 89, 95, 98, 101, 105]","[38.00000000000003, 368.00000000000034, 460.99999999999983, 193.0000000000001, 951.0000000000002, 154.0000000000001, 881.0, 243.00000000000006, 491.0000000000002, 186.0, 320.9999999999999, 943.0000000000001, 810.0, 205.00000000000003, 478.0000000000001, 275.9999999999998, 347.0000000000002, 78.99999999999966, 1008.0, 114.0, 892.9999999999998]",21,5.7526553517607715,99812.99053526808,0.8381959323315193,4.365923718251291e-06,1.0,0.4907407407407407,67631.0,0.12910941990473743,0.15147910127183992,188156.12126451553,82872438.25058056,8,12069.57955741813,0.027777777777777776,"[0.0, 0.009259259259259259, 0.018518518518518517, 0.027777777777777776, 0.037037037037037035, 0.046296296296296294, 0.05555555555555555, 0.06481481481481481, 0.07407407407407407, 0.08333333333333333, 0.09259259259259259, 0.10185185185185185, 0.1111111111111111, 0.12037037037037036, 0.12962962962962962, 0.1388888888888889, 0.14814814814814814, 0.15740740740740738, 0.16666666666666666, 0.17592592592592593, 0.18518518518518517, 0.19444444444444442, 0.2037037037037037, 0.21296296296296297, 0.2222222222222222, 0.23148148148148145, 0.24074074074074073]","[67631.0, 1786.634631637001, 1155.9831840869392, 12069.57955741813, 1906.5778542068422, 950.5914327636028, 9083.877197385176, 2481.229636774484, 778.6316126029468, 8965.162396385991, 2042.6423114779177, 1606.7171021541487, 6927.939836298321, 1790.941198917794, 2115.0643759896493, 4469.146453396725, 811.312481865886, 852.445494225056, 2613.518509595828, 1125.8336361545946, 622.528293616837, 1595.9028958466968, 1672.0836322356424, 807.7671822537563, 3024.634439411761, 842.7313814743669, 842.8235732269205]",3.0,0.3,145.14999999999998,15,0.5,1721880.1384885088,0.14445541615564297,0.12412575453778012,16430975.4527054,84089526828.82365,"[0.046875, 0.03125]",2,1721880.1384885088,0.046875,"[0.0, 0.015625, 0.03125, 0.046875, 0.0625, 0.078125, 0.09375, 0.109375, 0.125, 0.140625, 0.15625, 0.171875, 0.1875, 0.203125, 0.21875, 0.234375]","[154749.38571156544, 876106.9067082781, 1710291.376891533, 1721880.1384885088, 1236443.3975593024, 1200279.6938555262, 1385236.610142781, 1437054.0474222805, 1048940.2936461219, 664501.8455342904, 393060.29715082503, 165807.08106897445, 58528.06662853256, 51528.956393907545, 141871.95181127623, 339557.73472454003]",3.0,0.3,flattop,64,32,145.14999999999998,15,21,449.5238095238095,38.00000000000003,1008.0,"[2, 5, 11, 17, 22, 25, 29, 38, 44, 52, 55, 60, 65, 74, 78, 84, 89, 95, 98, 101, 105]","[38.00000000000003, 368.00000000000034, 460.99999999999983, 193.0000000000001, 951.0000000000002, 154.0000000000001, 881.0, 243.00000000000006, 491.0000000000002, 186.0, 320.9999999999999, 943.0000000000001, 810.0, 205.00000000000003, 478.0000000000001, 275.9999999999998, 347.0000000000002, 78.99999999999966, 1008.0, 114.0, 892.9999999999998]","[1, 1, 1, 15, 1, 24, 27, 35, 35, 49, 35, 35, 63, 73, 73, 73, 35, 92, 35, 99, 99]","[3, 8, 18, 18, 35, 27, 35, 39, 49, 53, 56, 73, 73, 75, 81, 85, 92, 97, 106, 102, 106]",0.05,30,52684909.0,1016.0,-1016.0,DWT,uc1.l0082987033,0.0,0.0,0.0,0.0,0.0,0.0,0.0,0.0,1.0,84,0.0,0.0,1.0,84,,0.0,0.0,1.0,84,0.0,0.0,0.0,0.0,0.0,0.0,0.0,0.0,0.0,0.0,1.2722098506942746e-13,0.0,0.0,0.0,2.842170943040401e-14,0.0,0.0,0.0,2.842170943040401e-14,2.842170943040401e-14,2.7755575615628914e-17,0.0,0.0,4.163336342344337e-17,0.0,0.0,0.0,5.551115123125783e-17,0.9321389949472615,0.39512622664819974,0.14741329882687593,0.42340962335555915,0.0316612787790219,0.0,0.0,0.0,758,1.012581520559727,0.5725106950810368,269,0,0,0.0,0.0,748,0,0,0.3859498845113837,0.5249618030228834,296,271.89749906904257,0.6487112415128649,517.75,410.17184726040705,0.48989179646702674,736,db,413.2962962962963,398.0,188.41229481502944,243,0.9143723369387087,0.671803462110104,0.15839832550987273,5,553.25
rbio4.4,1,reflect,5.910084410149825e-20,252.37908627491865,9815824.169413714,0.5517241379310345,397.57667138876803,108,raw,1.9232312861613878e-10,-6.474230042048404e-10,"[2, 5, 11, 17, 22, 25, 29, 38, 44, 52, 55, 60, 65, 74, 78, 84, 89, 95, 98, 101, 105]","[37.99999999994853, 367.9999999994856, 460.99999999961915, 192.99999999978422, 950.9999999995333, 153.99999999974784, 880.9999999990472, 242.99999999975205, 490.9999999995465, 185.99999999980207, 320.999999999558, 942.9999999995623, 809.9999999991213, 204.9999999998259, 477.9999999995224, 275.99999999979605, 346.99999999966917, 78.99999999993724, 1007.9999999993165, 113.99999999986414, 892.9999999990677]",21,5.717180492574199,107016.12910835774,0.7592437525481527,4.365923718258045e-06,1.0,0.4907407407407407,67631.00000000054,0.12910941990469352,0.15147910127184278,188156.12126442086,82872438.25058056,8,12069.579557416228,0.027777777777777776,"[0.0, 0.009259259259259259, 0.018518518518518517, 0.027777777777777776, 0.037037037037037035, 0.046296296296296294, 0.05555555555555555, 0.06481481481481481, 0.07407407407407407, 0.08333333333333333, 0.09259259259259259, 0.10185185185185185, 0.1111111111111111, 0.12037037037037036, 0.12962962962962962, 0.1388888888888889, 0.14814814814814814, 0.15740740740740738, 0.16666666666666666, 0.17592592592592593, 0.18518518518518517, 0.19444444444444442, 0.2037037037037037, 0.21296296296296297, 0.2222222222222222, 0.23148148148148145, 0.24074074074074073]","[67631.00000000054, 1786.6346316373529, 1155.9831840870843, 12069.579557416228, 1906.57785420612, 950.5914327636577, 9083.877197380853, 2481.2296367732956, 778.6316126018287, 8965.162396378688, 2042.642311475928, 1606.7171021520314, 6927.939836290517, 1790.9411989156938, 2115.0643759876066, 4469.146453390683, 811.3124818653637, 852.4454942234745, 2613.5185095924007, 1125.8336361536474, 622.528293616613, 1595.9028958444408, 1672.0836322333757, 807.7671822533617, 3024.6344394085004, 842.7313814734657, 842.8235732258714]",3.0,0.3,145.1500000002177,15,0.5,1721880.1384875884,0.1444554161556015,0.12412575453778944,16430975.452681338,84089526828.63257,"[0.046875, 0.03125]",2,1721880.1384875884,0.046875,"[0.0, 0.015625, 0.03125, 0.046875, 0.0625, 0.078125, 0.09375, 0.109375, 0.125, 0.140625, 0.15625, 0.171875, 0.1875, 0.203125, 0.21875, 0.234375]","[154749.38571154213, 876106.9067079605, 1710291.37689071, 1721880.1384875884, 1236443.3975581387, 1200279.6938536982, 1385236.610140195, 1437054.0474193555, 1048940.2936437745, 664501.8455326965, 393060.2971498562, 165807.08106856322, 58528.06662839385, 51528.95639380593, 141871.95181100644, 339557.73472388345]",3.0,0.3,flattop,64,32,145.1500000002177,15,21,449.523809523405,37.99999999994853,1007.9999999993165,"[2, 5, 11, 17, 22, 25, 29, 38, 44, 52, 55, 60, 65, 74, 78, 84, 89, 95, 98, 101, 105]","[37.99999999994853, 367.9999999994856, 460.99999999961915, 192.99999999978422, 950.9999999995333, 153.99999999974784, 880.9999999990472, 242.99999999975205, 490.9999999995465, 185.99999999980207, 320.999999999558, 942.9999999995623, 809.9999999991213, 204.9999999998259, 477.9999999995224, 275.99999999979605, 346.99999999966917, 78.99999999993724, 1007.9999999993165, 113.99999999986414, 892.9999999990677]","[1, 1, 1, 15, 1, 24, 27, 35, 35, 49, 35, 35, 63, 73, 73, 73, 35, 92, 35, 99, 99]","[3, 8, 18, 18, 35, 27, 35, 39, 49, 53, 56, 73, 73, 75, 81, 85, 92, 97, 106, 102, 106]",0.05,30,52684908.99998707,1015.9999999998413,-1015.9999999998413,DWT,uc1.l0082987033,9.203795343637466e-07,0.0,4.0449776861350983e-10,0.0,0.0,6.834852683823556e-10,2.4061650037765503e-05,1.5870682545937598e-10,1.0,84,0.0,1.902662916108966e-09,1.0,84,,0.0,0.0,1.0,84,0.0,0.0,1.2926757335662842e-05,0.1910858154296875,5.384208634495735e-10,0.0,0.0,0.0,4.0449776861350983e-10,8.49468051455915e-09,4.044206239736273e-10,0.0,1.5870682545937598e-10,0.0,2.176818725274643e-10,0.0,0.0,0.0,2.176818725274643e-10,5.147171577846166e-11,4.393707619954057e-14,9.203795343637466e-07,2.858824288409778e-15,9.367506770274758e-15,9.467476047575474e-08,0.0,0.0,4.141131881851834e-14,0.25015970962365797,0.34967074736559806,0.06666339605399067,0.3706414948950107,0.05115947328079843,0.05440747593213961,0.027203737966069806,0.05440747593213961,90,0.5269832847543128,0.2979548416842588,737,0,0,0.05440747593213961,0.05440747593213961,90,0,0,0.21765896424381118,0.29605564582091287,742,374.99455551603234,0.5155109101860047,414.75,160.4699637599057,0.4898290985038551,737,rbio,366.5925925925926,360.0,210.3588723315502,135,0.8110455588331695,0.7500562468954116,0.20725123474815782,3,553.5
sym4,1,zero,2.2701590773926612e-20,256.5344602050288,9376807.797104828,0.5614035087719298,312.1524687010615,108,raw,1.1932570158305848e-10,1.0097345180215281e-10,"[2, 5, 11, 17, 22, 25, 29, 38, 44, 52, 55, 60, 65, 74, 78, 84, 89, 95, 98, 101, 105]","[38.00000000007395, 368.0000000003222, 461.0000000000879, 193.00000000030207, 951.0000000000731, 154.00000000044452, 881.0000000007382, 243.00000000023147, 491.00000000006395, 186.00000000011653, 321.00000000022817, 942.9999999999407, 810.0000000006971, 205.00000000026034, 478.0000000002914, 276.0000000001726, 347.00000000017917, 78.99999999973454, 1008.0000000002998, 114.00000000039768, 893.0000000006489]",21,5.618640174779885,110006.1969837089,0.8151121919859382,4.365923718247598e-06,1.0,0.4907407407407407,67630.99999999978,0.12910941990476743,0.15147910127183586,188156.12126456425,82872438.2505789,8,12069.579557418268,0.027777777777777776,"[0.0, 0.009259259259259259, 0.018518518518518517, 0.027777777777777776, 0.037037037037037035, 0.046296296296296294, 0.05555555555555555, 0.06481481481481481, 0.07407407407407407, 0.08333333333333333, 0.09259259259259259, 0.10185185185185185, 0.1111111111111111, 0.12037037037037036, 0.12962962962962962, 0.1388888888888889, 0.14814814814814814, 0.15740740740740738, 0.16666666666666666, 0.17592592592592593, 0.18518518518518517, 0.19444444444444442, 0.2037037037037037, 0.21296296296296297, 0.2222222222222222, 0.23148148148148145, 0.24074074074074073]","[67630.99999999978, 1786.6346316368893, 1155.983184086921, 12069.579557418268, 1906.577854206831, 950.5914327634164, 9083.877197385365, 2481.22963677462, 778.6316126030437, 8965.162396386615, 2042.6423114779273, 1606.7171021544618, 6927.939836299777, 1790.941198918406, 2115.064375990417, 4469.146453398665, 811.3124818664423, 852.4454942255499, 2613.5185095976153, 1125.8336361555773, 622.5282936175474, 1595.9028958482527, 1672.0836322374496, 807.7671822548755, 3024.634439415678, 842.731381475433, 842.8235732279775]",3.0,0.3,145.14999999986836,15,0.5,1721880.1384884934,0.14445541615569535,0.12412575453777512,16430975.452714955,84089526828.83011,"[0.046875, 0.03125]",2,1721880.1384884934,0.046875,"[0.0, 0.015625, 0.03125, 0.046875, 0.0625, 0.078125, 0.09375, 0.109375, 0.125, 0.140625, 0.15625, 0.171875, 0.1875, 0.203125, 0.21875, 0.234375]","[154749.38571154993, 876106.9067082459, 1710291.3768915054, 1721880.1384884934, 1236443.3975593334, 1200279.6938556668, 1385236.6101430922, 1437054.0474227755, 1048940.2936466706, 664501.8455347805, 393060.2971511971, 165807.08106916895, 58528.06662863001, 51528.9563940442, 141871.95181167388, 339557.73472546926]",3.0,0.3,flattop,64,32,145.14999999986836,15,21,449.52380952406213,38.00000000007395,1008.0000000002998,"[2, 5, 11, 17, 22, 25, 29, 38, 44, 52, 55, 60, 65, 74, 78, 84, 89, 95, 98, 101, 105]","[38.00000000007395, 368.0000000003222, 461.0000000000879, 193.00000000030207, 951.0000000000731, 154.00000000044452, 881.0000000007382, 243.00000000023147, 491.00000000006395, 186.00000000011653, 321.00000000022817, 942.9999999999407, 810.0000000006971, 205.00000000026034, 478.0000000002914, 276.0000000001726, 347.00000000017917, 78.99999999973454, 1008.0000000002998, 114.00000000039768, 893.0000000006489]","[1, 1, 1, 15, 1, 24, 27, 35, 35, 49, 35, 35, 63, 73, 73, 73, 35, 92, 35, 99, 99]","[3, 8, 18, 18, 35, 27, 35, 39, 49, 53, 56, 73, 73, 75, 81, 85, 92, 97, 106, 102, 106]",0.05,30,52684909.0000049,1016.0000000000836,-1016.0000000000836,DWT,uc1.l0082987033,1.5366822481155396e-08,0.0,2.526121534174308e-10,1.6689300537109375e-06,0.0,2.9979219107190147e-10,9.55536961555481e-06,8.355982572538778e-11,1.0,84,0.0,1.382431946694851e-10,1.0,84,,0.0,0.0,1.0,84,0.0,0.0,4.902482032775879e-06,0.0064544677734375,2.1827872842550278e-10,0.0,0.0,0.0,2.526121534174308e-10,5.3041731007397175e-09,2.8351331864195383e-10,0.0,8.355982572538778e-11,0.0,1.3164935808163136e-10,0.0,0.0,0.0,1.3164935808163136e-10,7.395328793791123e-11,2.9976021664879227e-14,1.5366822481155396e-08,4.052314039881821e-15,4.954370247389761e-15,4.871981218457222e-08,0.0,0.0,5.243028233792302e-14,0.29282157071795945,0.22340675430947132,0.024077242279265176,0.4786827403704791,0.059253295774359525,0.02063407444573364,0.01031703722286682,0.02063407444573364,132,0.5146093551830794,0.2909586573021908,744,0,0,0.02063407444573364,0.02063407444573364,129,0,0,0.21564832069030693,0.29332080612425065,744,354.20650756303166,0.5423688532777369,437.25,222.02649842271296,0.4887231863287909,738,sym,445.72514619883043,505.0,280.45746329325993,171,0.986117580085908,1.0,0.009717693939864401,6,555.0
sym6,1,reflect,6.129461243398968e-20,252.22080007838395,9968812.065479893,0.5508474576271186,395.23277720133046,108,raw,1.8925063985067128e-10,2.6525859280804936e-10,"[2, 5, 11, 17, 22, 25, 29, 38, 44, 52, 55, 60, 65, 74, 78, 84, 89, 95, 98, 101, 105]","[38.000000000135486, 368.00000000048374, 461.0000000001233, 193.0000000004752, 951.0000000001286, 154.00000000068803, 881.0000000011821, 243.00000000035726, 491.00000000011613, 186.00000000016814, 321.0000000003387, 942.9999999999146, 810.0000000011091, 205.0000000003961, 478.00000000044946, 276.0000000002533, 347.00000000028115, 78.99999999956572, 1008.0000000003508, 114.00000000062914, 893.0000000011885]",21,5.721486139831708,100622.36648099712,0.7840885092761202,4.365923718245431e-06,1.0,0.4907407407407407,67630.99999999962,0.129109419904783,0.15147910127183262,188156.1212645931,82872438.25057851,8,12069.579557418707,0.027777777777777776,"[0.0, 0.009259259259259259, 0.018518518518518517, 0.027777777777777776, 0.037037037037037035, 0.046296296296296294, 0.05555555555555555, 0.06481481481481481, 0.07407407407407407, 0.08333333333333333, 0.09259259259259259, 0.10185185185185185, 0.1111111111111111, 0.12037037037037036, 0.12962962962962962, 0.1388888888888889, 0.14814814814814814, 0.15740740740740738, 0.16666666666666666, 0.17592592592592593, 0.18518518518518517, 0.19444444444444442, 0.2037037037037037, 0.21296296296296297, 0.2222222222222222, 0.23148148148148145, 0.24074074074074073]","[67630.99999999962, 1786.6346316367794, 1155.9831840869058, 12069.579557418707, 1906.5778542069113, 950.5914327632549, 9083.877197386137, 2481.229636774921, 778.6316126032568, 8965.162396387648, 2042.6423114778456, 1606.717102154879, 6927.939836300839, 1790.9411989189894, 2115.0643759906807, 4469.146453399674, 811.3124818668092, 852.4454942259378, 2613.518509597875, 1125.8336361556717, 622.5282936178355, 1595.902895848969, 1672.0836322385578, 807.7671822553888, 3024.634439418616, 842.7313814756433, 842.8235732284738]",3.0,0.3,145.14999999979364,15,0.5,1721880.1384886294,0.14445541615572446,0.12412575453777361,16430975.452721177,84089526828.84576,"[0.046875, 0.03125]",2,1721880.1384886294,0.046875,"[0.0, 0.015625, 0.03125, 0.046875, 0.0625, 0.078125, 0.09375, 0.109375, 0.125, 0.140625, 0.15625, 0.171875, 0.1875, 0.203125, 0.21875, 0.234375]","[154749.385711551, 876106.9067082877, 1710291.376891623, 1721880.1384886294, 1236443.3975594814, 1200279.6938558668, 1385236.610143358, 1437054.0474230815, 1048940.2936469293, 664501.8455349816, 393060.2971513446, 165807.08106924745, 58528.066628676504, 51528.95639412891, 141871.95181192821, 339557.73472605675]",3.0,0.3,flattop,64,32,145.14999999979364,15,21,449.5238095242064,38.000000000135486,1008.0000000003508,"[2, 5, 11, 17, 22, 25, 29, 38, 44, 52, 55, 60, 65, 74, 78, 84, 89, 95, 98, 101, 105]","[38.000000000135486, 368.00000000048374, 461.0000000001233, 193.0000000004752, 951.0000000001286, 154.00000000068803, 881.0000000011821, 243.00000000035726, 491.00000000011613, 186.00000000016814, 321.0000000003387, 942.9999999999146, 810.0000000011091, 205.0000000003961, 478.00000000044946, 276.0000000002533, 347.00000000028115, 78.99999999956572, 1008.0000000003508, 114.00000000062914, 893.0000000011885]","[1, 1, 1, 15, 1, 24, 27, 35, 35, 49, 35, 35, 63, 73, 73, 73, 35, 92, 35, 99, 99]","[3, 8, 18, 18, 35, 27, 35, 39, 49, 53, 56, 73, 73, 75, 81, 85, 92, 97, 106, 102, 106]",0.05,30,52684909.00000841,1016.0000000001357,-1016.0000000001357,DWT,uc1.l0082987033,1.2060627341270447e-07,0.0,3.9688075048616156e-10,2.0563602447509766e-06,0.0,3.5083758120890707e-10,1.5776604413986206e-05,1.3574208423960954e-10,1.0,84,0.0,5.766196409240365e-10,1.0,84,,0.0,0.0,1.0,84,0.0,0.0,8.411705493927002e-06,0.0221099853515625,3.7834979593753815e-10,0.0,0.0,0.0,3.9688075048616156e-10,8.334609447047114e-09,4.4637783416657747e-10,0.0,1.3574208423960954e-10,0.0,2.063700321741635e-10,0.0,0.0,0.0,2.063700321741635e-10,1.354862888547359e-10,4.554689958524705e-14,1.2060627341270447e-07,7.299716386910404e-15,6.467049118441537e-15,7.756170816719532e-08,0.0,0.0,8.154588115871775e-14,0.248534637164889,0.35518776037705346,0.08150376757198513,0.36085597954739124,0.03385218062753584,0.03540405782558249,0.017702028912791243,0.03540405782558249,91,0.5253498103434234,0.29703127992514394,740,0,0,0.03540405782558249,0.03540405782558249,91,0,0,0.21598686505777095,0.2937812878310198,743,375.5683470865634,0.5147695774075408,416.25,162.1056331924772,0.4884894398665611,739,sym,445.72514619883043,505.0,280.45746329325993,171,0.986117580085908,1.0,0.009717693939864401,6,555.75
db9,1,zero,1.3741956968950026e-26,318.71453726908476,9456480.16130395,0.5887096774193549,253.70911401431377,108,raw,8.200847408564493e-14,-1.0853240528518946e-10,"[2, 5, 11, 17, 22, 25, 29, 38, 44, 52, 55, 60, 65, 74, 78, 84, 89, 95, 98, 101, 105]","[38.0, 368.0000000000001, 460.99999999999983, 193.0000000000001, 951.0000000000001, 154.0000000000001, 881.0, 243.00000000000006, 491.0000000000002, 186.0, 320.9999999999999, 943.0000000000001, 810.0, 205.00000000000003, 478.0000000000001, 275.9999999999998, 347.0000000000002, 78.99999999999955, 1008.0, 113.99999999999989, 893.0]",21,5.571302228876595,127243.08181581684,0.8887258528828248,4.365923718251291e-06,1.0,0.4907407407407407,67631.0,0.1291094199047374,0.15147910127183992,188156.12126451556,82872438.25058056,8,12069.57955741813,0.027777777777777776,"[0.0, 0.009259259259259259, 0.018518518518518517, 0.027777777777777776, 0.037037037037037035, 0.046296296296296294, 0.05555555555555555, 0.06481481481481481, 0.07407407407407407, 0.08333333333333333, 0.09259259259259259, 0.10185185185185185, 0.1111111111111111, 0.12037037037037036, 0.12962962962962962, 0.1388888888888889, 0.14814814814814814, 0.15740740740740738, 0.16666666666666666, 0.17592592592592593, 0.18518518518518517, 0.19444444444444442, 0.2037037037037037, 0.21296296296296297, 0.2222222222222222, 0.23148148148148145, 0.24074074074074073]","[67631.0, 1786.6346316370013, 1155.9831840869394, 12069.57955741813, 1906.577854206842, 950.591432763603, 9083.877197385176, 2481.229636774485, 778.6316126029467, 8965.162396385991, 2042.6423114779172, 1606.717102154149, 6927.939836298322, 1790.941198917794, 2115.0643759896493, 4469.146453396725, 811.3124818658853, 852.445494225057, 2613.518509595828, 1125.8336361545944, 622.5282936168367, 1595.9028958466977, 1672.0836322356424, 807.7671822537569, 3024.63443941176, 842.7313814743663, 842.8235732269204]",3.0,0.3,145.15,15,0.5,1721880.1384885088,0.14445541615564297,0.12412575453778012,16430975.4527054,84089526828.82365,"[0.046875, 0.03125]",2,1721880.1384885088,0.046875,"[0.0, 0.015625, 0.03125, 0.046875, 0.0625, 0.078125, 0.09375, 0.109375, 0.125, 0.140625, 0.15625, 0.171875, 0.1875, 0.203125, 0.21875, 0.234375]","[154749.38571156544, 876106.9067082781, 1710291.376891533, 1721880.1384885088, 1236443.3975593024, 1200279.6938555262, 1385236.610142781, 1437054.0474222805, 1048940.2936461219, 664501.8455342904, 393060.29715082503, 165807.08106897445, 58528.06662853256, 51528.956393907545, 141871.95181127623, 339557.73472454003]",3.0,0.3,flattop,64,32,145.15,15,21,449.5238095238095,38.0,1008.0,"[2, 5, 11, 17, 22, 25, 29, 38, 44, 52, 55, 60, 65, 74, 78, 84, 89, 95, 98, 101, 105]","[38.0, 368.0000000000001, 460.99999999999983, 193.0000000000001, 951.0000000000001, 154.0000000000001, 881.0, 243.00000000000006, 491.0000000000002, 186.0, 320.9999999999999, 943.0000000000001, 810.0, 205.00000000000003, 478.0000000000001, 275.9999999999998, 347.0000000000002, 78.99999999999955, 1008.0, 113.99999999999989, 893.0]","[1, 1, 1, 15, 1, 24, 27, 35, 35, 49, 35, 35, 63, 73, 73, 73, 35, 92, 35, 99, 99]","[3, 8, 18, 18, 35, 27, 35, 39, 49, 53, 56, 73, 73, 75, 81, 85, 92, 97, 106, 102, 106]",0.05,30,52684909.0,1016.0,-1016.0,DWT,uc1.l0082987033,0.0,0.0,0.0,0.0,0.0,0.0,0.0,0.0,1.0,84,0.0,0.0,1.0,84,,0.0,0.0,1.0,84,0.0,0.0,0.0,0.0,0.0,0.0,0.0,0.0,0.0,0.0,1.0962659351727261e-13,0.0,0.0,0.0,0.0,0.0,0.0,0.0,0.0,0.0,5.551115123125783e-17,0.0,0.0,4.163336342344337e-17,2.9103830456733704e-11,0.0,0.0,5.551115123125783e-17,0.9312040256200167,0.16275058628999756,0.03180574574152907,0.783474499909894,0.10591186407079081,0.0,0.0,0.0,755,1.0117551269800473,0.5720434545151103,271,0,0,0.0,0.0,754,0,0,0.4030293443264456,0.5481929643186639,256,283.54541082514453,0.6336622599158339,509.0,390.35624283071945,0.488019760448873,740,db,413.2962962962963,398.0,188.41229481502944,243,0.9143723369387087,0.671803462110104,0.15839832550987273,5,556.25
db7,1,constant,1.461800161273324e-26,318.4461430572044,9393903.06857126,0.5583333333333333,301.60500203434515,108,raw,8.654805267522325e-14,-1.0705880626460447e-10,"[2, 5, 11, 17, 22, 25, 29, 38, 44, 52, 55, 60, 65, 74, 78, 84, 89, 95, 98, 101, 105]","[38.0, 367.9999999999999, 460.9999999999998, 193.0000000000001, 951.0, 153.9999999999999, 881.0000000000002, 242.99999999999991, 491.0000000000001, 186.0000000000001, 320.9999999999999, 943.0000000000002, 810.0, 205.00000000000006, 478.0, 276.0000000000001, 347.00000000000057, 78.99999999999977, 1008.0, 113.99999999999966, 893.0000000000001]",21,5.610902867066203,116538.58611576707,0.8453919868907127,4.365923718251291e-06,1.0,0.4907407407407407,67631.0,0.12910941990473743,0.15147910127183992,188156.12126451556,82872438.25058056,8,12069.57955741813,0.027777777777777776,"[0.0, 0.009259259259259259, 0.018518518518518517, 0.027777777777777776, 0.037037037037037035, 0.046296296296296294, 0.05555555555555555, 0.06481481481481481, 0.07407407407407407, 0.08333333333333333, 0.09259259259259259, 0.10185185185185185, 0.1111111111111111, 0.12037037037037036, 0.12962962962962962, 0.1388888888888889, 0.14814814814814814, 0.15740740740740738, 0.16666666666666666, 0.17592592592592593, 0.18518518518518517, 0.19444444444444442, 0.2037037037037037, 0.21296296296296297, 0.2222222222222222, 0.23148148148148145, 0.24074074074074073]","[67631.0, 1786.634631637, 1155.9831840869374, 12069.57955741813, 1906.577854206844, 950.5914327636027, 9083.877197385176, 2481.229636774483, 778.631612602948, 8965.162396385991, 2042.6423114779177, 1606.7171021541487, 6927.939836298324, 1790.9411989177931, 2115.0643759896493, 4469.1464533967255, 811.3124818658852, 852.445494225058, 2613.518509595829, 1125.8336361545946, 622.528293616838, 1595.902895846697, 1672.0836322356424, 807.767182253757, 3024.6344394117605, 842.7313814743649, 842.8235732269193]",3.0,0.3,145.15,15,0.5,1721880.138488508,0.14445541615564297,0.1241257545377801,16430975.4527054,84089526828.82364,"[0.046875, 0.03125]",2,1721880.138488508,0.046875,"[0.0, 0.015625, 0.03125, 0.046875, 0.0625, 0.078125, 0.09375, 0.109375, 0.125, 0.140625, 0.15625, 0.171875, 0.1875, 0.203125, 0.21875, 0.234375]","[154749.38571156558, 876106.9067082785, 1710291.376891533, 1721880.138488508, 1236443.397559302, 1200279.6938555264, 1385236.6101427812, 1437054.0474222805, 1048940.2936461219, 664501.8455342908, 393060.29715082503, 165807.0810689744, 58528.066628532615, 51528.956393907574, 141871.9518112763, 339557.73472454]",3.0,0.3,flattop,64,32,145.15,15,21,449.5238095238095,38.0,1008.0,"[2, 5, 11, 17, 22, 25, 29, 38, 44, 52, 55, 60, 65, 74, 78, 84, 89, 95, 98, 101, 105]","[38.0, 367.9999999999999, 460.9999999999998, 193.0000000000001, 951.0, 153.9999999999999, 881.0000000000002, 242.99999999999991, 491.0000000000001, 186.0000000000001, 320.9999999999999, 943.0000000000002, 810.0, 205.00000000000006, 478.0, 276.0000000000001, 347.00000000000057, 78.99999999999977, 1008.0, 113.99999999999966, 893.0000000000001]","[1, 1, 1, 15, 1, 24, 27, 35, 35, 49, 35, 35, 63, 73, 73, 73, 35, 92, 35, 99, 99]","[3, 8, 18, 18, 35, 27, 35, 39, 49, 53, 56, 73, 73, 75, 81, 85, 92, 97, 106, 102, 106]",0.05,30,52684909.0,1016.0,-1016.0,DWT,uc1.l0082987033,6.984919309616089e-10,0.0,0.0,0.0,0.0,0.0,0.0,0.0,1.0,84,0.0,0.0,1.0,84,,0.0,0.0,1.0,84,0.0,0.0,0.0,1.52587890625e-05,0.0,0.0,0.0,0.0,0.0,0.0,1.366948882128955e-13,0.0,0.0,0.0,0.0,0.0,0.0,0.0,0.0,0.0,2.7755575615628914e-17,6.984919309616089e-10,0.0,2.7755575615628914e-17,2.9103830456733704e-11,0.0,0.0,5.551115123125783e-17,0.9284485102853349,0.21349260557014388,0.02573554457824625,0.4444134078212294,0.0769358368730418,0.0,0.0,0.0,772,0.8852228791231046,0.5005024835415329,469,0,0,0.0,0.0,768,0,0,0.3378051810255993,0.45947627922256734,483,169.84502740243335,0.7805619801002153,623.0,588.23445867885,0.48782620968835055,741,db,413.2962962962963,398.0,188.41229481502944,243,0.9143723369387087,0.671803462110104,0.15839832550987273,5,557.0
sym4,1,constant,2.2721861974923546e-20,256.5305839381287,9376010.064208405,0.5614035087719298,312.1524687010615,108,raw,1.191275884522198e-10,1.194970788787084e-10,"[2, 5, 11, 17, 22, 25, 29, 38, 44, 52, 55, 60, 65, 74, 78, 84, 89, 95, 98, 101, 105]","[38.00000000007398, 368.0000000003221, 461.0000000000879, 193.00000000030207, 951.0000000000845, 154.00000000044452, 881.0000000007382, 243.00000000023147, 491.00000000006395, 186.00000000011653, 321.00000000022817, 942.9999999999407, 810.0000000006971, 205.00000000026034, 478.0000000002914, 276.0000000001726, 347.00000000017917, 78.99999999973454, 1008.0000000003035, 114.00000000039779, 893.0000000006504]",21,5.619763487803258,108322.21673427062,0.8122159865776285,4.365923718247593e-06,0.9999999999999998,0.4907407407407407,67630.99999999977,0.12910941990476746,0.15147910127183586,188156.1212645643,82872438.2505789,8,12069.579557418288,0.027777777777777776,"[0.0, 0.009259259259259259, 0.018518518518518517, 0.027777777777777776, 0.037037037037037035, 0.046296296296296294, 0.05555555555555555, 0.06481481481481481, 0.07407407407407407, 0.08333333333333333, 0.09259259259259259, 0.10185185185185185, 0.1111111111111111, 0.12037037037037036, 0.12962962962962962, 0.1388888888888889, 0.14814814814814814, 0.15740740740740738, 0.16666666666666666, 0.17592592592592593, 0.18518518518518517, 0.19444444444444442, 0.2037037037037037, 0.21296296296296297, 0.2222222222222222, 0.23148148148148145, 0.24074074074074073]","[67630.99999999977, 1786.6346316368774, 1155.9831840869174, 12069.579557418288, 1906.577854206835, 950.5914327633961, 9083.877197385384, 2481.2296367746276, 778.6316126030612, 8965.162396386633, 2042.6423114779057, 1606.7171021544857, 6927.9398362998045, 1790.9411989184325, 2115.064375990414, 4469.146453398687, 811.3124818664551, 852.4454942255575, 2613.518509597588, 1125.8336361555691, 622.5282936175565, 1595.902895848237, 1672.083632237438, 807.7671822548887, 3024.634439415681, 842.7313814754215, 842.823573227963]",3.0,0.3,145.14999999987265,15,0.5,1721880.1384884932,0.1444554161556954,0.12412575453777512,16430975.45271495,84089526828.83008,"[0.046875, 0.03125]",2,1721880.1384884932,0.046875,"[0.0, 0.015625, 0.03125, 0.046875, 0.0625, 0.078125, 0.09375, 0.109375, 0.125, 0.140625, 0.15625, 0.171875, 0.1875, 0.203125, 0.21875, 0.234375]","[154749.38571154923, 876106.9067082447, 1710291.376891505, 1721880.1384884932, 1236443.3975593334, 1200279.6938556666, 1385236.610143092, 1437054.0474227755, 1048940.2936466704, 664501.8455347804, 393060.2971511971, 165807.08106916898, 58528.06662863, 51528.95639404419, 141871.95181167388, 339557.73472546926]",3.0,0.3,flattop,64,32,145.14999999987265,15,21,449.523809524063,38.00000000007398,1008.0000000003035,"[2, 5, 11, 17, 22, 25, 29, 38, 44, 52, 55, 60, 65, 74, 78, 84, 89, 95, 98, 101, 105]","[38.00000000007398, 368.0000000003221, 461.0000000000879, 193.00000000030207, 951.0000000000845, 154.00000000044452, 881.0000000007382, 243.00000000023147, 491.00000000006395, 186.00000000011653, 321.00000000022817, 942.9999999999407, 810.0000000006971, 205.00000000026034, 478.0000000002914, 276.0000000001726, 347.00000000017917, 78.99999999973454, 1008.0000000003035, 114.00000000039779, 893.0000000006504]","[1, 1, 1, 15, 1, 24, 27, 35, 35, 49, 35, 35, 63, 73, 73, 73, 35, 92, 35, 99, 99]","[3, 8, 18, 18, 35, 27, 35, 39, 49, 53, 56, 73, 73, 75, 81, 85, 92, 97, 106, 102, 106]",0.05,30,52684909.0000049,1016.0000000000836,-1016.0000000000836,DWT,uc1.l0082987033,1.5599653124809265e-08,0.0,2.5346480470034294e-10,1.6689300537109375e-06,0.0,3.035438567167148e-10,9.549781680107117e-06,8.355982572538778e-11,1.0,84,0.0,1.5825207810848951e-10,1.0,84,,0.0,0.0,1.0,84,0.0,0.0,4.902482032775879e-06,0.0064239501953125,2.3283064365386963e-10,0.0,0.0,0.0,2.5346480470034294e-10,5.322362994775176e-09,2.843050662618008e-10,0.0,8.355982572538778e-11,0.0,1.2735767995764036e-10,0.0,0.0,0.0,1.2735767995764036e-10,7.398170964734163e-11,3.0003777240494856e-14,1.5599653124809265e-08,4.052314039881821e-15,4.954370247389761e-15,4.877801984548569e-08,0.0,0.0,5.2485793489154275e-14,0.2927817743571898,0.2248461041203691,0.02399985934336336,0.4786827403704791,0.054694925265791915,0.02063407444573364,0.01031703722286682,0.02063407444573364,131,0.5134431126006885,0.2902992670823213,746,0,0,0.02063407444573364,0.02063407444573364,132,0,0,0.21500108069143867,0.292440442402353,746,354.78197530314304,0.5416253549054999,438.75,223.58471631236404,0.4873824448946104,742,sym,445.72514619883043,505.0,280.45746329325993,171,0.986117580085908,1.0,0.009717693939864401,6,558.0
sym4,1,smooth,2.27260360571011e-20,256.52978619788536,9375262.28129849,0.5614035087719298,312.1524687010615,108,raw,1.1902998751254388e-10,1.227894452582023e-10,"[2, 5, 11, 17, 22, 25, 29, 38, 44, 52, 55, 60, 65, 74, 78, 84, 89, 95, 98, 101, 105]","[38.00000000007785, 368.0000000003221, 461.0000000000879, 193.00000000030207, 951.0000000000866, 154.00000000044452, 881.0000000007382, 243.00000000023147, 491.00000000006395, 186.00000000011653, 321.00000000022817, 942.9999999999407, 810.0000000006971, 205.00000000026034, 478.0000000002914, 276.0000000001726, 347.00000000017917, 78.99999999973454, 1008.0000000003039, 114.00000000039779, 893.0000000006518]",21,5.623324057196637,106294.44300770937,0.8086342037091249,4.365923718247592e-06,1.0,0.4907407407407407,67630.99999999977,0.12910941990476746,0.1514791012718359,188156.1212645643,82872438.2505789,8,12069.579557418292,0.027777777777777776,"[0.0, 0.009259259259259259, 0.018518518518518517, 0.027777777777777776, 0.037037037037037035, 0.046296296296296294, 0.05555555555555555, 0.06481481481481481, 0.07407407407407407, 0.08333333333333333, 0.09259259259259259, 0.10185185185185185, 0.1111111111111111, 0.12037037037037036, 0.12962962962962962, 0.1388888888888889, 0.14814814814814814, 0.15740740740740738, 0.16666666666666666, 0.17592592592592593, 0.18518518518518517, 0.19444444444444442, 0.2037037037037037, 0.21296296296296297, 0.2222222222222222, 0.23148148148148145, 0.24074074074074073]","[67630.99999999977, 1786.6346316368745, 1155.9831840869147, 12069.579557418292, 1906.5778542068397, 950.5914327633911, 9083.877197385389, 2481.2296367746258, 778.6316126030737, 8965.162396386639, 2042.6423114778975, 1606.7171021545037, 6927.93983629982, 1790.9411989184496, 2115.0643759904065, 4469.146453398707, 811.3124818664602, 852.4454942255701, 2613.5185095975667, 1125.8336361555555, 622.5282936175596, 1595.9028958482263, 1672.0836322374319, 807.7671822548967, 3024.634439415693, 842.7313814754017, 842.8235732279442]",3.0,0.3,145.14999999987614,15,0.5,1721880.1384884932,0.1444554161556954,0.12412575453777512,16430975.45271495,84089526828.83008,"[0.046875, 0.03125]",2,1721880.1384884932,0.046875,"[0.0, 0.015625, 0.03125, 0.046875, 0.0625, 0.078125, 0.09375, 0.109375, 0.125, 0.140625, 0.15625, 0.171875, 0.1875, 0.203125, 0.21875, 0.234375]","[154749.38571154923, 876106.9067082447, 1710291.376891505, 1721880.1384884932, 1236443.3975593334, 1200279.6938556666, 1385236.610143092, 1437054.0474227755, 1048940.2936466704, 664501.8455347804, 393060.2971511971, 165807.08106916898, 58528.06662863, 51528.95639404419, 141871.95181167388, 339557.73472546926]",3.0,0.3,flattop,64,32,145.14999999987614,15,21,449.5238095240633,38.00000000007785,1008.0000000003039,"[2, 5, 11, 17, 22, 25, 29, 38, 44, 52, 55, 60, 65, 74, 78, 84, 89, 95, 98, 101, 105]","[38.00000000007785, 368.0000000003221, 461.0000000000879, 193.00000000030207, 951.0000000000866, 154.00000000044452, 881.0000000007382, 243.00000000023147, 491.00000000006395, 186.00000000011653, 321.00000000022817, 942.9999999999407, 810.0000000006971, 205.00000000026034, 478.0000000002914, 276.0000000001726, 347.00000000017917, 78.99999999973454, 1008.0000000003039, 114.00000000039779, 893.0000000006518]","[1, 1, 1, 15, 1, 24, 27, 35, 35, 49, 35, 35, 63, 73, 73, 73, 35, 92, 35, 99, 99]","[3, 8, 18, 18, 35, 27, 35, 39, 49, 53, 56, 73, 73, 75, 81, 85, 92, 97, 106, 102, 106]",0.05,30,52684909.0000049,1016.0000000000836,-1016.0000000000836,DWT,uc1.l0082987033,1.5599653124809265e-08,0.0,2.538058652135078e-10,1.6689300537109375e-06,0.0,3.0388491722987965e-10,9.549781680107117e-06,8.355982572538778e-11,1.0,84,0.0,1.6189005691558123e-10,1.0,84,,0.0,0.0,1.0,84,0.0,0.0,4.902482032775879e-06,0.0064239501953125,2.3283064365386963e-10,0.0,0.0,0.0,2.538058652135078e-10,5.3296389523893595e-09,2.8467319506966125e-10,0.0,8.355982572538778e-11,0.0,1.2386180969770066e-10,0.0,0.0,0.0,1.2386180969770066e-10,7.784706212987658e-11,3.0003777240494856e-14,1.5599653124809265e-08,4.0245584642661925e-15,4.954370247389761e-15,4.877801984548569e-08,0.0,0.0,5.2485793489154275e-14,0.29277358421978616,0.22940841647357108,0.023927321734289093,0.4786827403704791,0.04920593930156321,0.02063407444573364,0.01031703722286682,0.02063407444573364,130,0.5134874915046187,0.2903243587876508,745,0,0,0.02063407444573364,0.02063407444573364,133,0,0,0.21479960041993776,0.29216639271133016,747,354.7847939244296,0.5416217132759307,438.75,223.56267108890634,0.4873806240798258,743,sym,445.72514619883043,505.0,280.45746329325993,171,0.986117580085908,1.0,0.009717693939864401,6,558.75
sym19,1,zero,5.525828497734277e-19,242.67104909364352,9368131.464176614,0.5694444444444444,212.66638822270798,108,raw,6.06220588131826e-10,-4.327202597301932e-09,"[2, 5, 11, 17, 22, 25, 29, 38, 44, 52, 55, 60, 65, 74, 78, 84, 89, 95, 98, 101, 105]","[38.000000000271854, 368.0000000011284, 461.0000000012319, 193.0000000003236, 951.0000000015157, 154.0000000001296, 881.0000000024621, 243.00000000049255, 491.00000000175027, 186.000000000382, 321.0000000011088, 943.0000000018247, 810.0000000022405, 205.0000000001439, 478.00000000123055, 276.0000000004035, 347.0000000010001, 79.00000000049477, 1008.0000000015477, 113.9999999999252, 893.0000000032608]",21,5.623843901154618,145167.2360148294,0.911754229090515,4.36592371822978e-06,0.9999999999999998,0.4907407407407407,67631.00000000422,0.12910941990485308,0.15147910127185052,188156.1212647994,82872438.25059785,8,12069.579557424426,0.027777777777777776,"[0.0, 0.009259259259259259, 0.018518518518518517, 0.027777777777777776, 0.037037037037037035, 0.046296296296296294, 0.05555555555555555, 0.06481481481481481, 0.07407407407407407, 0.08333333333333333, 0.09259259259259259, 0.10185185185185185, 0.1111111111111111, 0.12037037037037036, 0.12962962962962962, 0.1388888888888889, 0.14814814814814814, 0.15740740740740738, 0.16666666666666666, 0.17592592592592593, 0.18518518518518517, 0.19444444444444442, 0.2037037037037037, 0.21296296296296297, 0.2222222222222222, 0.23148148148148145, 0.24074074074074073]","[67631.00000000422, 1786.634631639625, 1155.9831840877077, 12069.579557424426, 1906.5778542095643, 950.5914327688232, 9083.877197404625, 2481.2296367799954, 778.6316126044891, 8965.162396415557, 2042.6423114873064, 1606.7171021590068, 6927.939836321275, 1790.9411989225305, 2115.064375995734, 4469.146453409626, 811.3124818672612, 852.4454942275469, 2613.518509602686, 1125.8336361569304, 622.5282936176801, 1595.902895850601, 1672.083632239556, 807.7671822549768, 3024.634439417987, 842.7313814762865, 842.8235732289619]",3.0,0.3,145.14999999941892,15,0.5,1721880.1384940888,0.14445541615569146,0.12412575453777215,16430975.452787565,84089526829.66318,"[0.046875, 0.03125]",2,1721880.1384940888,0.046875,"[0.0, 0.015625, 0.03125, 0.046875, 0.0625, 0.078125, 0.09375, 0.109375, 0.125, 0.140625, 0.15625, 0.171875, 0.1875, 0.203125, 0.21875, 0.234375]","[154749.38571189847, 876106.9067105262, 1710291.3768966668, 1721880.1384940888, 1236443.397565261, 1200279.6938632857, 1385236.6101524187, 1437054.047432118, 1048940.2936530162, 664501.845538409, 393060.2971530976, 165807.0810698633, 58528.06662881078, 51528.95639411747, 141871.95181184425, 339557.7347259098]",3.0,0.3,flattop,64,32,145.14999999941892,15,21,449.5238095248986,38.000000000271854,1008.0000000015477,"[2, 5, 11, 17, 22, 25, 29, 38, 44, 52, 55, 60, 65, 74, 78, 84, 89, 95, 98, 101, 105]","[38.000000000271854, 368.0000000011284, 461.0000000012319, 193.0000000003236, 951.0000000015157, 154.0000000001296, 881.0000000024621, 243.00000000049255, 491.00000000175027, 186.000000000382, 321.0000000011088, 943.0000000018247, 810.0000000022405, 205.0000000001439, 478.00000000123055, 276.0000000004035, 347.0000000010001, 79.00000000049477, 1008.0000000015477, 113.9999999999252, 893.0000000032608]","[1, 1, 1, 15, 1, 24, 27, 35, 35, 49, 35, 35, 63, 73, 73, 73, 35, 92, 35, 99, 99]","[3, 8, 18, 18, 35, 27, 35, 39, 49, 53, 56, 73, 73, 75, 81, 85, 92, 97, 106, 102, 106]",0.05,30,52684909.00004865,1016.0000000005762,-1016.0000000005762,DWT,uc1.l0082987033,5.5800192058086395e-06,0.0,1.0890630619542208e-09,1.728534698486328e-05,0.0,1.5477326087420806e-09,8.216500282287598e-05,5.7616489357315e-10,1.0,84,0.0,6.295522325672209e-09,1.0,84,,0.0,0.0,1.0,84,0.0,0.0,4.86522912979126e-05,0.8395233154296875,4.220055416226387e-09,0.0,0.0,0.0,1.0890630619542208e-09,2.2870153770782053e-08,1.0960981117456131e-09,0.0,5.7616489357315e-10,0.0,5.810818493046099e-10,0.0,0.0,0.0,5.810818493046099e-10,2.7185365070181433e-10,1.1562972801471005e-13,5.5800192058086395e-06,1.0602629885170245e-14,7.924216838262055e-15,2.8387876227498055e-07,0.0,0.0,4.854450175173497e-14,0.15049047631475665,0.23007451513623062,0.023235607042887987,0.568435754189944,0.1544308036005456,0.20477280566966666,0.10238640283483333,0.20477280566966666,30,0.5060959699946092,0.2861452136704628,748,0,0,0.20477280566966666,0.20477280566966666,30,0,0,0.22533343125687294,0.30649431208847,731,409.6888046635722,0.4706862988842736,384.75,57.66052167677552,0.4867966378142298,744,sym,445.72514619883043,505.0,280.45746329325993,171,0.986117580085908,1.0,0.009717693939864401,6,559.5
sym19,1,smooth,5.606454700859005e-19,242.60813993700316,9889959.125738518,0.5486111111111112,285.66879056267874,108,raw,6.12323821277035e-10,-3.1598803584759102e-09,"[2, 5, 11, 17, 22, 25, 29, 38, 44, 52, 55, 60, 65, 74, 78, 84, 89, 95, 98, 101, 105]","[38.00000000023172, 368.0000000010802, 461.000000001231, 193.0000000003235, 951.0000000017413, 154.00000000012938, 881.000000002462, 243.00000000049255, 491.00000000175027, 186.000000000382, 321.0000000011088, 943.0000000018247, 810.0000000022405, 205.0000000001439, 478.00000000123066, 276.00000000040336, 347.000000001, 79.00000000049454, 1008.0000000015956, 113.99999999993406, 893.0000000032231]",21,5.813060438668461,109765.51988678603,0.8831578249782195,4.365923718229775e-06,1.0,0.4907407407407407,67631.00000000306,0.12910941990485325,0.1514791012718501,188156.1212647996,82872438.25059587,8,12069.579557425483,0.027777777777777776,"[0.0, 0.009259259259259259, 0.018518518518518517, 0.027777777777777776, 0.037037037037037035, 0.046296296296296294, 0.05555555555555555, 0.06481481481481481, 0.07407407407407407, 0.08333333333333333, 0.09259259259259259, 0.10185185185185185, 0.1111111111111111, 0.12037037037037036, 0.12962962962962962, 0.1388888888888889, 0.14814814814814814, 0.15740740740740738, 0.16666666666666666, 0.17592592592592593, 0.18518518518518517, 0.19444444444444442, 0.2037037037037037, 0.21296296296296297, 0.2222222222222222, 0.23148148148148145, 0.24074074074074073]","[67631.00000000306, 1786.6346316389827, 1155.9831840877027, 12069.579557425483, 1906.5778542093863, 950.5914327679247, 9083.87719740543, 2481.2296367806052, 778.6316126045544, 8965.162396416137, 2042.6423114868048, 1606.7171021590768, 6927.939836321588, 1790.9411989227954, 2115.064375996016, 4469.146453409555, 811.312481867545, 852.4454942273621, 2613.518509602534, 1125.833636157065, 622.5282936178884, 1595.9028958503952, 1672.083632239369, 807.7671822551566, 3024.634439417941, 842.731381476199, 842.8235732288163]",3.0,0.3,145.1499999992913,15,0.5,1721880.138494085,0.14445541615569277,0.12412575453777211,16430975.452787397,84089526829.66176,"[0.046875, 0.03125]",2,1721880.138494085,0.046875,"[0.0, 0.015625, 0.03125, 0.046875, 0.0625, 0.078125, 0.09375, 0.109375, 0.125, 0.140625, 0.15625, 0.171875, 0.1875, 0.203125, 0.21875, 0.234375]","[154749.38571185284, 876106.9067104515, 1710291.376896625, 1721880.138494085, 1236443.39756526, 1200279.6938632869, 1385236.6101524183, 1437054.0474321186, 1048940.293653016, 664501.845538409, 393060.2971530975, 165807.08106986323, 58528.066628810775, 51528.95639411748, 141871.95181184425, 339557.73472590966]",3.0,0.3,flattop,64,32,145.1499999992913,15,21,449.52380952490586,38.00000000023172,1008.0000000015956,"[2, 5, 11, 17, 22, 25, 29, 38, 44, 52, 55, 60, 65, 74, 78, 84, 89, 95, 98, 101, 105]","[38.00000000023172, 368.0000000010802, 461.000000001231, 193.0000000003235, 951.0000000017413, 154.00000000012938, 881.000000002462, 243.00000000049255, 491.00000000175027, 186.000000000382, 321.0000000011088, 943.0000000018247, 810.0000000022405, 205.0000000001439, 478.00000000123066, 276.00000000040336, 347.000000001, 79.00000000049454, 1008.0000000015956, 113.99999999993406, 893.0000000032231]","[1, 1, 1, 15, 1, 24, 27, 35, 35, 49, 35, 35, 63, 73, 73, 73, 35, 92, 35, 99, 99]","[3, 8, 18, 18, 35, 27, 35, 39, 49, 53, 56, 73, 73, 75, 81, 85, 92, 97, 106, 102, 106]",0.05,30,52684909.00004813,1016.0000000005757,-1016.0000000005757,DWT,uc1.l0082987033,5.576293915510178e-06,0.0,1.0963390195684042e-09,1.5303492546081543e-05,0.0,1.595594767422881e-09,8.199736475944519e-05,5.757101462222636e-10,1.0,84,0.0,7.352355169132352e-09,1.0,84,,0.0,0.0,1.0,84,0.0,0.0,4.813075065612793e-05,0.838104248046875,3.055902197957039e-09,0.0,0.0,0.0,1.0963390195684042e-09,2.3022948880679905e-08,1.102621570767258e-09,0.0,5.757101462222636e-10,0.0,7.086953246471239e-10,0.0,0.0,0.0,7.086953246471239e-10,2.3172219698608387e-10,1.1579626146840383e-13,5.576293915510178e-06,1.0186296250935811e-14,7.965850201685498e-15,2.840824890881777e-07,0.0,0.0,4.984901380566953e-14,0.1498446086389974,0.4725258905074865,0.07385475120442997,0.3358938547486041,0.05860180631593694,0.20257769136692902,0.10128884568346451,0.20257769136692902,32,0.5208953504651731,0.29451274105264114,743,0,0,0.20257769136692902,0.20257769136692902,32,0,0,0.218144182283091,0.29671563030848963,741,409.91950429322094,0.47038823734725976,387.0,61.35400056067574,0.4851941186736299,745,sym,445.72514619883043,505.0,280.45746329325993,171,0.986117580085908,1.0,0.009717693939864401,6,560.25
sym19,1,constant,5.536861468727786e-19,242.66238653503504,9362636.37027857,0.5694444444444444,217.88872771628553,108,raw,6.07449629691709e-10,-3.986300735017897e-09,"[2, 5, 11, 17, 22, 25, 29, 38, 44, 52, 55, 60, 65, 74, 78, 84, 89, 95, 98, 101, 105]","[38.00000000027171, 368.0000000011073, 461.00000000123174, 193.0000000003235, 951.0000000015689, 154.00000000012972, 881.0000000024621, 243.00000000049255, 491.00000000175027, 186.000000000382, 321.0000000011088, 943.0000000018247, 810.0000000022405, 205.0000000001439, 478.00000000123055, 276.00000000040336, 347.000000001, 79.00000000049454, 1008.0000000015648, 113.99999999993054, 893.0000000032456]",21,5.631914597706124,137985.1741683244,0.9070675150136669,4.365923718229777e-06,1.0,0.4907407407407407,67631.00000000387,0.1291094199048532,0.1514791012718504,188156.12126479927,82872438.25059722,8,12069.57955742472,0.027777777777777776,"[0.0, 0.009259259259259259, 0.018518518518518517, 0.027777777777777776, 0.037037037037037035, 0.046296296296296294, 0.05555555555555555, 0.06481481481481481, 0.07407407407407407, 0.08333333333333333, 0.09259259259259259, 0.10185185185185185, 0.1111111111111111, 0.12037037037037036, 0.12962962962962962, 0.1388888888888889, 0.14814814814814814, 0.15740740740740738, 0.16666666666666666, 0.17592592592592593, 0.18518518518518517, 0.19444444444444442, 0.2037037037037037, 0.21296296296296297, 0.2222222222222222, 0.23148148148148145, 0.24074074074074073]","[67631.00000000387, 1786.6346316394379, 1155.9831840877034, 12069.57955742472, 1906.577854209517, 950.5914327685894, 9083.877197404825, 2481.229636780144, 778.6316126044862, 8965.16239641567, 2042.6423114872166, 1606.717102158988, 6927.9398363213095, 1790.9411989225512, 2115.0643759957966, 4469.146453409585, 811.3124818673044, 852.4454942275017, 2613.5185096026817, 1125.8336361569634, 622.5282936177125, 1595.9028958505733, 1672.083632239527, 807.7671822550033, 3024.6344394179746, 842.7313814762775, 842.8235732289429]",3.0,0.3,145.14999999937413,15,0.5,1721880.1384940883,0.14445541615569182,0.12412575453777215,16430975.452787519,84089526829.66277,"[0.046875, 0.03125]",2,1721880.1384940883,0.046875,"[0.0, 0.015625, 0.03125, 0.046875, 0.0625, 0.078125, 0.09375, 0.109375, 0.125, 0.140625, 0.15625, 0.171875, 0.1875, 0.203125, 0.21875, 0.234375]","[154749.38571188608, 876106.9067105063, 1710291.3768966552, 1721880.1384940883, 1236443.3975652603, 1200279.6938632862, 1385236.6101524183, 1437054.047432118, 1048940.293653016, 664501.845538409, 393060.2971530976, 165807.08106986328, 58528.066628810775, 51528.956394117486, 141871.9518118442, 339557.7347259098]",3.0,0.3,flattop,64,32,145.14999999937413,15,21,449.5238095249003,38.00000000027171,1008.0000000015648,"[2, 5, 11, 17, 22, 25, 29, 38, 44, 52, 55, 60, 65, 74, 78, 84, 89, 95, 98, 101, 105]","[38.00000000027171, 368.0000000011073, 461.00000000123174, 193.0000000003235, 951.0000000015689, 154.00000000012972, 881.0000000024621, 243.00000000049255, 491.00000000175027, 186.000000000382, 321.0000000011088, 943.0000000018247, 810.0000000022405, 205.0000000001439, 478.00000000123055, 276.00000000040336, 347.000000001, 79.00000000049454, 1008.0000000015648, 113.99999999993054, 893.0000000032456]","[1, 1, 1, 15, 1, 24, 27, 35, 35, 49, 35, 35, 63, 73, 73, 73, 35, 92, 35, 99, 99]","[3, 8, 18, 18, 35, 27, 35, 39, 49, 53, 56, 73, 73, 75, 81, 85, 92, 97, 106, 102, 106]",0.05,30,52684909.00004845,1016.0000000005758,-1016.0000000005758,DWT,uc1.l0082987033,5.579553544521332e-06,0.0,1.090768364520045e-09,1.665949821472168e-05,0.0,1.564785634400323e-09,8.21184366941452e-05,5.758238330599852e-10,1.0,84,0.0,6.590198609046638e-09,1.0,84,,0.0,0.0,1.0,84,0.0,0.0,4.8451125621795654e-05,0.839111328125,3.8708094507455826e-09,0.0,0.0,0.0,1.090768364520045e-09,2.290653355885297e-08,1.0974285184299029e-09,0.0,5.758238330599852e-10,0.0,6.258744633669266e-10,0.0,0.0,0.0,6.258744633669266e-10,2.717115421546623e-10,1.1574075031717257e-13,5.579553544521332e-06,1.049160758270773e-14,7.924216838262055e-15,2.837332431226969e-07,0.0,0.0,4.8905324234738146e-14,0.1504015406670166,0.24041584948695238,0.022702563337666064,0.568435754189944,0.1349896617446731,0.203926118724325,0.1019630593621625,0.203926118724325,31,0.5031702971863661,0.28449104663401414,749,0,0,0.203926118724325,0.203926118724325,31,0,0,0.22338907388525045,0.30384963361468315,735,410.5358287246884,0.4695919525520822,386.5,59.51337100731104,0.4851189736920618,746,sym,445.72514619883043,505.0,280.45746329325993,171,0.986117580085908,1.0,0.009717693939864401,6,561.0
db9,1,constant,1.3176314482835997e-26,318.89708359466994,9452801.486463323,0.5887096774193549,253.73926674660692,108,raw,7.950841631167424e-14,-1.0763190338991598e-10,"[2, 5, 11, 17, 22, 25, 29, 38, 44, 52, 55, 60, 65, 74, 78, 84, 89, 95, 98, 101, 105]","[38.00000000000003, 368.0000000000002, 460.99999999999994, 193.0000000000001, 951.0000000000001, 154.0000000000001, 881.0, 243.00000000000006, 491.0000000000002, 186.0, 320.9999999999999, 943.0000000000001, 810.0, 205.00000000000003, 478.0000000000001, 275.9999999999998, 347.0000000000001, 78.99999999999966, 1008.0, 114.00000000000011, 892.9999999999999]",21,5.576763016687306,121385.50026583821,0.8832985990160523,4.365923718251291e-06,1.0,0.4907407407407407,67631.0,0.12910941990473743,0.15147910127183992,188156.12126451553,82872438.25058056,8,12069.57955741813,0.027777777777777776,"[0.0, 0.009259259259259259, 0.018518518518518517, 0.027777777777777776, 0.037037037037037035, 0.046296296296296294, 0.05555555555555555, 0.06481481481481481, 0.07407407407407407, 0.08333333333333333, 0.09259259259259259, 0.10185185185185185, 0.1111111111111111, 0.12037037037037036, 0.12962962962962962, 0.1388888888888889, 0.14814814814814814, 0.15740740740740738, 0.16666666666666666, 0.17592592592592593, 0.18518518518518517, 0.19444444444444442, 0.2037037037037037, 0.21296296296296297, 0.2222222222222222, 0.23148148148148145, 0.24074074074074073]","[67631.0, 1786.634631637001, 1155.9831840869383, 12069.57955741813, 1906.5778542068429, 950.5914327636033, 9083.877197385176, 2481.229636774485, 778.6316126029457, 8965.162396385991, 2042.6423114779177, 1606.7171021541487, 6927.939836298322, 1790.941198917794, 2115.0643759896493, 4469.1464533967255, 811.3124818658858, 852.4454942250568, 2613.518509595828, 1125.8336361545937, 622.5282936168355, 1595.902895846698, 1672.0836322356429, 807.7671822537563, 3024.6344394117596, 842.7313814743666, 842.8235732269206]",3.0,0.3,145.14999999999998,15,0.5,1721880.1384885088,0.14445541615564297,0.12412575453778012,16430975.4527054,84089526828.82365,"[0.046875, 0.03125]",2,1721880.1384885088,0.046875,"[0.0, 0.015625, 0.03125, 0.046875, 0.0625, 0.078125, 0.09375, 0.109375, 0.125, 0.140625, 0.15625, 0.171875, 0.1875, 0.203125, 0.21875, 0.234375]","[154749.38571156544, 876106.906708278, 1710291.376891533, 1721880.1384885088, 1236443.3975593024, 1200279.6938555262, 1385236.610142781, 1437054.0474222805, 1048940.2936461219, 664501.8455342904, 393060.29715082503, 165807.0810689744, 58528.06662853257, 51528.956393907545, 141871.95181127623, 339557.73472454003]",3.0,0.3,flattop,64,32,145.14999999999998,15,21,449.5238095238095,38.00000000000003,1008.0,"[2, 5, 11, 17, 22, 25, 29, 38, 44, 52, 55, 60, 65, 74, 78, 84, 89, 95, 98, 101, 105]","[38.00000000000003, 368.0000000000002, 460.99999999999994, 193.0000000000001, 951.0000000000001, 154.0000000000001, 881.0, 243.00000000000006, 491.0000000000002, 186.0, 320.9999999999999, 943.0000000000001, 810.0, 205.00000000000003, 478.0000000000001, 275.9999999999998, 347.0000000000001, 78.99999999999966, 1008.0, 114.00000000000011, 892.9999999999999]","[1, 1, 1, 15, 1, 24, 27, 35, 35, 49, 35, 35, 63, 73, 73, 73, 35, 92, 35, 99, 99]","[3, 8, 18, 18, 35, 27, 35, 39, 49, 53, 56, 73, 73, 75, 81, 85, 92, 97, 106, 102, 106]",0.05,30,52684909.0,1016.0,-1016.0,DWT,uc1.l0082987033,0.0,0.0,0.0,0.0,0.0,0.0,0.0,0.0,1.0,84,0.0,0.0,1.0,84,,0.0,0.0,1.0,84,0.0,0.0,0.0,0.0,0.0,0.0,0.0,0.0,0.0,0.0,1.0556634931292916e-13,0.0,0.0,0.0,2.842170943040401e-14,0.0,0.0,0.0,2.842170943040401e-14,2.842170943040401e-14,2.7755575615628914e-17,0.0,0.0,4.163336342344337e-17,0.0,0.0,0.0,5.551115123125783e-17,0.9330781688659372,0.16974773110996683,0.03144890116275801,0.783474499909894,0.09005596136774013,0.0,0.0,0.0,756,1.0098574019669786,0.5709704862214523,274,0,0,0.0,0.0,762,0,0,0.4015610524832593,0.5461958212586557,259,284.42148887405347,0.6325303761317138,512.75,394.2546772622708,0.4850313379366579,747,db,413.2962962962963,398.0,188.41229481502944,243,0.9143723369387087,0.671803462110104,0.15839832550987273,5,561.5
sym7,1,smooth,7.869385336572481e-20,251.13561499453155,9360405.572574342,0.5583333333333333,362.3780518847215,108,raw,2.1566077319019111e-10,-5.476507026321333e-10,"[2, 5, 11, 17, 22, 25, 29, 38, 44, 52, 55, 60, 65, 74, 78, 84, 89, 95, 98, 101, 105]","[37.99999999984681, 367.9999999995673, 461.0000000000464, 192.99999999941144, 951.00000000002, 153.99999999913632, 880.9999999986992, 242.99999999961062, 491.0000000000387, 185.99999999986915, 320.9999999997556, 943.0000000003297, 809.9999999987999, 204.9999999995346, 477.99999999959346, 275.99999999977376, 346.9999999997651, 79.00000000068451, 1007.9999999995762, 113.99999999915292, 892.9999999989584]",21,5.661413523848317,109330.34379943604,0.8625037795829933,4.365923718256662e-06,1.0,0.4907407407407407,67631.00000000044,0.12910941990469207,0.1514791012718478,188156.12126444932,82872438.25058377,8,12069.579557418134,0.027777777777777776,"[0.0, 0.009259259259259259, 0.018518518518518517, 0.027777777777777776, 0.037037037037037035, 0.046296296296296294, 0.05555555555555555, 0.06481481481481481, 0.07407407407407407, 0.08333333333333333, 0.09259259259259259, 0.10185185185185185, 0.1111111111111111, 0.12037037037037036, 0.12962962962962962, 0.1388888888888889, 0.14814814814814814, 0.15740740740740738, 0.16666666666666666, 0.17592592592592593, 0.18518518518518517, 0.19444444444444442, 0.2037037037037037, 0.21296296296296297, 0.2222222222222222, 0.23148148148148145, 0.24074074074074073]","[67631.00000000044, 1786.634631637277, 1155.983184087013, 12069.579557418134, 1906.5778542069236, 950.5914327641059, 9083.87719738569, 2481.2296367745694, 778.6316126027947, 8965.162396386835, 2042.6423114785794, 1606.7171021539725, 6927.939836298371, 1790.9411989173584, 2115.064375989454, 4469.146453395697, 811.312481865279, 852.4454942246379, 2613.5185095945026, 1125.8336361534978, 622.5282936156358, 1595.9028958446231, 1672.083632232803, 807.7671822513471, 3024.634439403897, 842.7313814723492, 842.823573224948]",3.0,0.3,145.1500000001618,15,0.5,1721880.1384887497,0.1444554161555437,0.12412575453778489,16430975.452693453,84089526828.87544,"[0.046875, 0.03125]",2,1721880.1384887497,0.046875,"[0.0, 0.015625, 0.03125, 0.046875, 0.0625, 0.078125, 0.09375, 0.109375, 0.125, 0.140625, 0.15625, 0.171875, 0.1875, 0.203125, 0.21875, 0.234375]","[154749.38571160173, 876106.9067084163, 1710291.3768917788, 1721880.1384887497, 1236443.397559543, 1200279.693855805, 1385236.6101430557, 1437054.0474224328, 1048940.2936460678, 664501.8455340953, 393060.29715059133, 165807.08106881267, 58528.066628403925, 51528.95639362546, 141871.9518104153, 339557.7347225612]",3.0,0.3,flattop,64,32,145.1500000001618,15,21,449.5238095234366,37.99999999984681,1007.9999999995762,"[2, 5, 11, 17, 22, 25, 29, 38, 44, 52, 55, 60, 65, 74, 78, 84, 89, 95, 98, 101, 105]","[37.99999999984681, 367.9999999995673, 461.0000000000464, 192.99999999941144, 951.00000000002, 153.99999999913632, 880.9999999986992, 242.99999999961062, 491.0000000000387, 185.99999999986915, 320.9999999997556, 943.0000000003297, 809.9999999987999, 204.9999999995346, 477.99999999959346, 275.99999999977376, 346.9999999997651, 79.00000000068451, 1007.9999999995762, 113.99999999915292, 892.9999999989584]","[1, 1, 1, 15, 1, 24, 27, 35, 35, 49, 35, 35, 63, 73, 73, 73, 35, 92, 35, 99, 99]","[3, 8, 18, 18, 35, 27, 35, 39, 49, 53, 56, 73, 73, 75, 81, 85, 92, 97, 106, 102, 106]",0.05,30,52684908.999994114,1015.9999999998914,-1015.9999999998914,DWT,uc1.l0082987033,2.4097971618175507e-07,0.0,3.728928277269006e-10,3.203749656677246e-06,0.0,4.2382453102618456e-10,1.1947005987167358e-05,1.0857093002414331e-10,1.0,84,0.0,3.637978807091713e-12,1.0,84,,0.0,0.0,1.0,84,0.0,0.0,5.885958671569824e-06,0.051788330078125,4.3655745685100555e-10,0.0,0.0,0.0,3.728928277269006e-10,7.830749382264912e-09,4.794539368698939e-10,0.0,1.0857093002414331e-10,0.0,1.6180479178729001e-10,0.0,0.0,0.0,1.6180479178729001e-10,1.531930138298776e-10,4.5380366131553274e-14,2.4097971618175507e-07,7.882583474838611e-15,4.8155923693116165e-15,6.621121428906918e-08,0.0,0.0,9.922618282587337e-14,0.2373933978714876,0.27821410596665713,0.02248616800467888,0.4444134078212294,0.057423827035436636,0.024773432845181728,0.012386716422590864,0.024773432845181728,118,0.493521069651227,0.2790354009887293,750,0,0,0.024773432845181728,0.024773432845181728,118,0,0,0.20798618133989794,0.28289890771250326,750,364.8853701278435,0.5285718732198404,434.0,203.91705069124427,0.4839241795039771,748,sym,445.72514619883043,505.0,280.45746329325993,171,0.986117580085908,1.0,0.009717693939864401,6,562.5
bior5.5,1,periodization,1.0848264132871175e-19,249.74142060354814,9128597.930194553,0.5648148148148148,468.7441944963709,108,raw,2.582763303638347e-10,-1.2940915028802688e-10,"[2, 5, 11, 17, 22, 25, 29, 38, 44, 52, 55, 60, 65, 74, 78, 84, 89, 95, 98, 101, 105]","[38.00000000009891, 368.0000000005565, 461.0000000005286, 193.00000000008458, 951.0000000010814, 153.99999999999602, 881.0000000009719, 243.0000000001934, 491.0000000007319, 186.00000000020475, 321.00000000050113, 943.0000000008064, 810.0000000008622, 205.00000000002768, 478.0000000005247, 276.0000000001471, 347.0000000003846, 79.00000000032685, 1008.0000000006868, 113.99999999986358, 893.0000000013463]",21,5.704636854692956,89823.14968280705,0.6849158929926137,4.365923718242624e-06,1.0,0.4907407407407407,67631.00000000003,0.12910941990478586,0.1514791012718421,188156.1212646335,82872438.25058407,8,12069.579557420953,0.027777777777777776,"[0.0, 0.009259259259259259, 0.018518518518518517, 0.027777777777777776, 0.037037037037037035, 0.046296296296296294, 0.05555555555555555, 0.06481481481481481, 0.07407407407407407, 0.08333333333333333, 0.09259259259259259, 0.10185185185185185, 0.1111111111111111, 0.12037037037037036, 0.12962962962962962, 0.1388888888888889, 0.14814814814814814, 0.15740740740740738, 0.16666666666666666, 0.17592592592592593, 0.18518518518518517, 0.19444444444444442, 0.2037037037037037, 0.21296296296296297, 0.2222222222222222, 0.23148148148148145, 0.24074074074074073]","[67631.00000000003, 1786.63463163705, 1155.9831840870627, 12069.579557420953, 1906.577854207607, 950.5914327641713, 9083.877197392594, 2481.2296367770596, 778.6316126039177, 8965.1623963989, 2042.642311481173, 1606.7171021568856, 6927.939836310516, 1790.941198920955, 2115.064375993284, 4469.146453404015, 811.3124818671093, 852.4454942262187, 2613.5185095989877, 1125.833636155782, 622.528293617406, 1595.9028958479646, 1672.0836322368032, 807.7671822542567, 3024.6344394134603, 842.731381474809, 842.823573227348]",3.0,0.3,145.1499999997018,15,0.5,1721880.1384902303,0.14445541615566485,0.12412575453777022,16430975.452738304,84089526829.15703,"[0.046875, 0.03125]",2,1721880.1384902303,0.046875,"[0.0, 0.015625, 0.03125, 0.046875, 0.0625, 0.078125, 0.09375, 0.109375, 0.125, 0.140625, 0.15625, 0.171875, 0.1875, 0.203125, 0.21875, 0.234375]","[154749.38571160566, 876106.9067088658, 1710291.376893065, 1721880.1384902303, 1236443.3975614042, 1200279.6938586747, 1385236.6101470403, 1437054.0474268566, 1048940.2936495477, 664501.8455364411, 393060.29715203017, 165807.0810694403, 58528.06662866145, 51528.95639396386, 141871.9518114116, 339557.7347248879]",3.0,0.3,flattop,64,32,145.1499999997018,15,21,449.5238095242821,38.00000000009891,1008.0000000006868,"[2, 5, 11, 17, 22, 25, 29, 38, 44, 52, 55, 60, 65, 74, 78, 84, 89, 95, 98, 101, 105]","[38.00000000009891, 368.0000000005565, 461.0000000005286, 193.00000000008458, 951.0000000010814, 153.99999999999602, 881.0000000009719, 243.0000000001934, 491.0000000007319, 186.00000000020475, 321.00000000050113, 943.0000000008064, 810.0000000008622, 205.00000000002768, 478.0000000005247, 276.0000000001471, 347.0000000003846, 79.00000000032685, 1008.0000000006868, 113.99999999986358, 893.0000000013463]","[1, 1, 1, 15, 1, 24, 27, 35, 35, 49, 35, 35, 63, 73, 73, 73, 35, 92, 35, 99, 99]","[3, 8, 18, 18, 35, 27, 35, 39, 49, 53, 56, 73, 73, 75, 81, 85, 92, 97, 106, 102, 106]",0.05,30,52684909.00001867,1016.0000000001886,-1016.0000000001886,DWT,uc1.l0082987033,1.721549779176712e-06,0.0,4.725961844087578e-10,3.5017728805541992e-06,0.0,6.867821866762824e-10,3.2903626561164856e-05,1.88606463780161e-10,1.0,84,0.0,2.8230715543031693e-09,1.0,84,,0.0,0.0,1.0,84,0.0,0.0,1.8671154975891113e-05,0.3333740234375,2.9103830456733704e-11,0.0,0.0,0.0,4.725961844087578e-10,9.924406185746193e-09,4.860044641862345e-10,0.0,1.88606463780161e-10,0.0,2.9820057534379885e-10,0.0,0.0,0.0,2.9820057534379885e-10,9.890754881780595e-11,4.8405723873656825e-14,1.721549779176712e-06,2.192690473634684e-15,9.853229343548264e-15,1.179578248411417e-07,0.0,0.0,2.1926904736346842e-14,0.22307966138303337,0.3335980388358595,0.0,0.5167597765363124,0.004619752643348907,0.07858509203800684,0.03929254601900342,0.07858509203800684,55,0.5091986279196143,0.28789944758563585,747,0,0,0.07858509203800684,0.07858509203800684,55,0,0,0.21561144587971084,0.2932706496976432,745,398.949871537766,0.48456088948609044,400.5,102.44692868319541,0.48355951451048707,749,bior,385.74074074074076,410.0,199.97417605530825,135,0.8534087184529663,0.7130285416801533,0.18870533457887761,4,562.75
sym2,1,periodization,2.3798710599198166e-20,256.32948883319716,9313467.363479957,0.5555555555555556,453.36940534741603,108,raw,1.185441785885907e-10,-1.1892975495969042e-10,"[2, 5, 11, 17, 22, 25, 29, 38, 44, 52, 55, 60, 65, 74, 78, 84, 89, 95, 98, 101, 105]","[37.9999999999271, 367.999999999636, 460.9999999998233, 192.99999999974597, 950.9999999998141, 153.99999999964564, 880.9999999992458, 242.99999999977814, 490.99999999981844, 185.9999999998638, 320.9999999997167, 942.9999999998979, 809.9999999992935, 204.99999999978334, 477.99999999966843, 275.9999999998273, 346.9999999997847, 79.0000000001412, 1007.99999999964, 113.99999999971305, 892.9999999992483]",21,5.65685227035689,95467.34242109142,0.7419842349438696,4.365923718255763e-06,1.0,0.4907407407407407,67631.0,0.12910941990470448,0.15147910127184275,188156.12126445558,82872438.25058107,8,12069.579557417714,0.027777777777777776,"[0.0, 0.009259259259259259, 0.018518518518518517, 0.027777777777777776, 0.037037037037037035, 0.046296296296296294, 0.05555555555555555, 0.06481481481481481, 0.07407407407407407, 0.08333333333333333, 0.09259259259259259, 0.10185185185185185, 0.1111111111111111, 0.12037037037037036, 0.12962962962962962, 0.1388888888888889, 0.14814814814814814, 0.15740740740740738, 0.16666666666666666, 0.17592592592592593, 0.18518518518518517, 0.19444444444444442, 0.2037037037037037, 0.21296296296296297, 0.2222222222222222, 0.23148148148148145, 0.24074074074074073]","[67631.0, 1786.634631636994, 1155.9831840869206, 12069.579557417714, 1906.5778542067262, 950.5914327635114, 9083.877197383956, 2481.2296367740373, 778.6316126027648, 8965.16239638342, 2042.64231147721, 1606.7171021534912, 6927.939836295038, 1790.9411989168252, 2115.064375988365, 4469.146453393716, 811.3124818652869, 852.4454942243743, 2613.518509593577, 1125.8336361535628, 622.5282936162336, 1595.9028958450806, 1672.0836322338812, 807.7671822528791, 3024.634439408393, 842.7313814734113, 842.8235732259558]",3.0,0.3,145.15000000014956,15,0.5,1721880.1384882422,0.14445541615559757,0.12412575453778629,16430975.452691946,84089526828.76018,"[0.046875, 0.03125]",2,1721880.1384882422,0.046875,"[0.0, 0.015625, 0.03125, 0.046875, 0.0625, 0.078125, 0.09375, 0.109375, 0.125, 0.140625, 0.15625, 0.171875, 0.1875, 0.203125, 0.21875, 0.234375]","[154749.38571156518, 876106.9067081976, 1710291.3768913, 1721880.1384882422, 1236443.3975589285, 1200279.6938548726, 1385236.6101417772, 1437054.0474210475, 1048940.2936450318, 664501.845533473, 393060.2971502808, 165807.08106872038, 58528.066628427565, 51528.95639379193, 141871.95181094896, 339557.7347237661]",3.0,0.3,flattop,64,32,145.15000000014956,15,21,449.5238095235244,37.9999999999271,1007.99999999964,"[2, 5, 11, 17, 22, 25, 29, 38, 44, 52, 55, 60, 65, 74, 78, 84, 89, 95, 98, 101, 105]","[37.9999999999271, 367.999999999636, 460.9999999998233, 192.99999999974597, 950.9999999998141, 153.99999999964564, 880.9999999992458, 242.99999999977814, 490.99999999981844, 185.9999999998638, 320.9999999997167, 942.9999999998979, 809.9999999992935, 204.99999999978334, 477.99999999966843, 275.9999999998273, 346.9999999997847, 79.0000000001412, 1007.99999999964, 113.99999999971305, 892.9999999992483]","[1, 1, 1, 15, 1, 24, 27, 35, 35, 49, 35, 35, 63, 73, 73, 73, 35, 92, 35, 99, 99]","[3, 8, 18, 18, 35, 27, 35, 39, 49, 53, 56, 73, 73, 75, 81, 85, 92, 97, 106, 102, 106]",0.05,30,52684908.99999279,1015.9999999998986,-1015.9999999998986,DWT,uc1.l0082987033,2.665910869836807e-07,0.0,2.85126589005813e-10,5.066394805908203e-07,0.0,3.6004621506435797e-10,1.3453885912895203e-05,1.014086592476815e-10,1.0,84,0.0,4.1654857341200113e-10,1.0,84,,0.0,0.0,1.0,84,0.0,0.0,7.212162017822266e-06,0.0634765625,0.0,0.0,0.0,0.0,2.85126589005813e-10,5.9881131164729595e-09,2.9855787683378104e-10,0.0,1.014086592476815e-10,0.0,1.495550350227859e-10,0.0,0.0,0.0,1.495550350227859e-10,7.290168468898628e-11,3.297362383136715e-14,2.665910869836807e-07,2.831068712794149e-15,6.217248937900877e-15,5.995389074087143e-08,0.0,0.0,4.5352610555937645e-14,0.2907171968780925,0.2723695735756526,0.01793299432714397,0.41340782122905073,0.019898032618098686,0.030355294929285966,0.015177647464642983,0.030355294929285966,106,0.49290394361711354,0.27868647969442445,751,0,0,0.030355294929285966,0.030355294929285966,106,0,0,0.2028651237256077,0.27593334107686257,756,373.8398721377911,0.5170027491759805,429.75,185.85431428893486,0.48088509551822284,750,sym,445.72514619883043,505.0,280.45746329325993,171,0.986117580085908,1.0,0.009717693939864401,6,564.0
bior4.4,1,periodization,5.6165569973892e-20,252.6003214067538,9280776.856559662,0.5648148148148148,432.2637644030652,108,raw,1.9099297452227248e-10,-1.2164858019191849e-10,"[2, 5, 11, 17, 22, 25, 29, 38, 44, 52, 55, 60, 65, 74, 78, 84, 89, 95, 98, 101, 105]","[37.99999999990925, 367.99999999948574, 460.99999999961904, 192.99999999978422, 950.9999999993805, 153.99999999974796, 880.9999999990478, 242.99999999975208, 490.99999999954656, 185.99999999980196, 320.99999999955764, 942.9999999995626, 809.9999999991213, 204.9999999998259, 477.9999999995224, 275.9999999997958, 346.99999999966917, 78.9999999999369, 1007.9999999994376, 113.99999999986369, 892.9999999988842]",21,5.627029826432934,91192.33486864028,0.7709466454272625,4.365923718258298e-06,1.0,0.4907407407407407,67631.0,0.129109419904692,0.151479101271841,188156.12126442013,82872438.25057955,8,12069.57955741664,0.027777777777777776,"[0.0, 0.009259259259259259, 0.018518518518518517, 0.027777777777777776, 0.037037037037037035, 0.046296296296296294, 0.05555555555555555, 0.06481481481481481, 0.07407407407407407, 0.08333333333333333, 0.09259259259259259, 0.10185185185185185, 0.1111111111111111, 0.12037037037037036, 0.12962962962962962, 0.1388888888888889, 0.14814814814814814, 0.15740740740740738, 0.16666666666666666, 0.17592592592592593, 0.18518518518518517, 0.19444444444444442, 0.2037037037037037, 0.21296296296296297, 0.2222222222222222, 0.23148148148148145, 0.24074074074074073]","[67631.0, 1786.634631636975, 1155.983184086873, 12069.57955741664, 1906.5778542064354, 950.5914327632952, 9083.877197381154, 2481.229636773067, 778.6316126024016, 8965.162396378606, 2042.6423114760003, 1606.717102152477, 6927.939836290521, 1790.9411989156586, 2115.0643759870295, 4469.1464533910685, 811.3124818648521, 852.4454942239806, 2613.5185095925854, 1125.8336361532345, 622.5282936161109, 1595.9028958449016, 1672.0836322338384, 807.7671822529179, 3024.634439408729, 842.7313814735434, 842.8235732261113]",3.0,0.3,145.15000000022664,15,0.5,1721880.1384875893,0.14445541615560134,0.12412575453778946,16430975.452681366,84089526828.6328,"[0.046875, 0.03125]",2,1721880.1384875893,0.046875,"[0.0, 0.015625, 0.03125, 0.046875, 0.0625, 0.078125, 0.09375, 0.109375, 0.125, 0.140625, 0.15625, 0.171875, 0.1875, 0.203125, 0.21875, 0.234375]","[154749.38571154827, 876106.9067079711, 1710291.3768907166, 1721880.1384875893, 1236443.3975581392, 1200279.6938536984, 1385236.610140195, 1437054.0474193555, 1048940.293643775, 664501.8455326962, 393060.29714985646, 165807.08106856325, 58528.06662839395, 51528.956393805995, 141871.95181100664, 339557.7347238838]",3.0,0.3,flattop,64,32,145.15000000022664,15,21,449.52380952339297,37.99999999990925,1007.9999999994376,"[2, 5, 11, 17, 22, 25, 29, 38, 44, 52, 55, 60, 65, 74, 78, 84, 89, 95, 98, 101, 105]","[37.99999999990925, 367.99999999948574, 460.99999999961904, 192.99999999978422, 950.9999999993805, 153.99999999974796, 880.9999999990478, 242.99999999975208, 490.99999999954656, 185.99999999980196, 320.99999999955764, 942.9999999995626, 809.9999999991213, 204.9999999998259, 477.9999999995224, 275.9999999997958, 346.99999999966917, 78.9999999999369, 1007.9999999994376, 113.99999999986369, 892.9999999988842]","[1, 1, 1, 15, 1, 24, 27, 35, 35, 49, 35, 35, 63, 73, 73, 73, 35, 92, 35, 99, 99]","[3, 8, 18, 18, 35, 27, 35, 39, 49, 53, 56, 73, 73, 75, 81, 85, 92, 97, 106, 102, 106]",0.05,30,52684908.99998669,1015.9999999998412,-1015.9999999998412,DWT,uc1.l0082987033,9.194482117891312e-07,0.0,4.1654857341200113e-10,1.0132789611816406e-06,0.0,5.624087862088345e-10,2.403371036052704e-05,1.588205122970976e-10,1.0,84,0.0,1.4897523215040565e-09,1.0,84,,0.0,0.0,1.0,84,0.0,0.0,1.3306736946105957e-05,0.19085693359375,0.0,0.0,0.0,0.0,4.1654857341200113e-10,8.747520041652024e-09,4.1655669390040975e-10,0.0,1.588205122970976e-10,0.0,2.2663471099804156e-10,0.0,0.0,0.0,2.2663471099804156e-10,9.075051821128e-11,4.546363285840016e-14,9.194482117891312e-07,1.0824674490095276e-15,9.381384558082573e-15,9.540235623717308e-08,0.0,0.0,4.157785227221211e-14,0.2524310581526412,0.2341567796978107,0.014761898571968128,0.5167597765363124,0.008326003577082679,0.05600677349556274,0.02800338674778137,0.05600677349556274,88,0.48595228607183216,0.274756032404596,752,0,0,0.05600677349556274,0.05600677349556274,88,0,0,0.20528710330716302,0.2792276723334389,755,384.22855611384915,0.503580676855492,420.75,157.59470593059422,0.4799880128463507,751,bior,385.74074074074076,410.0,199.97417605530825,135,0.8534087184529663,0.7130285416801533,0.18870533457887761,4,564.25
sym4,1,reflect,2.4554661839863137e-20,256.193683536589,9671509.35805506,0.543859649122807,396.3037261203223,108,raw,1.2157514501293715e-10,1.45552680995101e-10,"[2, 5, 11, 17, 22, 25, 29, 38, 44, 52, 55, 60, 65, 74, 78, 84, 89, 95, 98, 101, 105]","[38.000000000090836, 368.0000000003222, 461.0000000000879, 193.00000000030207, 951.0000000000625, 154.00000000044452, 881.0000000007382, 243.00000000023147, 491.00000000006395, 186.00000000011653, 321.00000000022817, 942.9999999999407, 810.0000000006971, 205.00000000026034, 478.0000000002914, 276.0000000001726, 347.00000000017917, 78.99999999973454, 1008.0000000002163, 114.00000000039768, 893.0000000007436]",21,5.676140961216187,102418.54669761992,0.7773883443387192,4.365923718247659e-06,1.0,0.4907407407407407,67630.99999999974,0.12910941990476654,0.15147910127183487,188156.1212645645,82872438.250579,8,12069.579557418334,0.027777777777777776,"[0.0, 0.009259259259259259, 0.018518518518518517, 0.027777777777777776, 0.037037037037037035, 0.046296296296296294, 0.05555555555555555, 0.06481481481481481, 0.07407407407407407, 0.08333333333333333, 0.09259259259259259, 0.10185185185185185, 0.1111111111111111, 0.12037037037037036, 0.12962962962962962, 0.1388888888888889, 0.14814814814814814, 0.15740740740740738, 0.16666666666666666, 0.17592592592592593, 0.18518518518518517, 0.19444444444444442, 0.2037037037037037, 0.21296296296296297, 0.2222222222222222, 0.23148148148148145, 0.24074074074074073]","[67630.99999999974, 1786.6346316368683, 1155.983184086932, 12069.579557418334, 1906.5778542068051, 950.5914327633294, 9083.877197385465, 2481.229636774707, 778.6316126030978, 8965.162396386755, 2042.6423114777645, 1606.7171021546137, 6927.939836299984, 1790.9411989186265, 2115.0643759903755, 4469.146453398892, 811.312481866506, 852.4454942257277, 2613.5185095973566, 1125.833636155319, 622.5282936174426, 1595.9028958482804, 1672.0836322375947, 807.7671822547201, 3024.634439416041, 842.7313814751816, 842.8235732279138]",3.0,0.3,145.1499999998687,15,0.5,1721880.1384884932,0.1444554161556953,0.12412575453777512,16430975.452714957,84089526828.83011,"[0.046875, 0.03125]",2,1721880.1384884932,0.046875,"[0.0, 0.015625, 0.03125, 0.046875, 0.0625, 0.078125, 0.09375, 0.109375, 0.125, 0.140625, 0.15625, 0.171875, 0.1875, 0.203125, 0.21875, 0.234375]","[154749.38571155127, 876106.906708248, 1710291.3768915064, 1721880.1384884932, 1236443.3975593331, 1200279.6938556668, 1385236.6101430922, 1437054.0474227755, 1048940.2936466704, 664501.8455347804, 393060.29715119704, 165807.08106916904, 58528.06662862998, 51528.9563940442, 141871.95181167388, 339557.73472546926]",3.0,0.3,flattop,64,32,145.1499999998687,15,21,449.523809524063,38.000000000090836,1008.0000000002163,"[2, 5, 11, 17, 22, 25, 29, 38, 44, 52, 55, 60, 65, 74, 78, 84, 89, 95, 98, 101, 105]","[38.000000000090836, 368.0000000003222, 461.0000000000879, 193.00000000030207, 951.0000000000625, 154.00000000044452, 881.0000000007382, 243.00000000023147, 491.00000000006395, 186.00000000011653, 321.00000000022817, 942.9999999999407, 810.0000000006971, 205.00000000026034, 478.0000000002914, 276.0000000001726, 347.00000000017917, 78.99999999973454, 1008.0000000002163, 114.00000000039768, 893.0000000007436]","[1, 1, 1, 15, 1, 24, 27, 35, 35, 49, 35, 35, 63, 73, 73, 73, 35, 92, 35, 99, 99]","[3, 8, 18, 18, 35, 27, 35, 39, 49, 53, 56, 73, 73, 75, 81, 85, 92, 97, 106, 102, 106]",0.05,30,52684909.00000507,1016.0000000000836,-1016.0000000000836,DWT,uc1.l0082987033,1.5599653124809265e-08,0.0,2.5346480470034294e-10,1.564621925354004e-06,0.0,2.163460521842353e-10,9.55723226070404e-06,8.355982572538778e-11,1.0,84,0.0,2.0372681319713593e-10,1.0,84,,0.0,0.0,1.0,84,0.0,0.0,5.066394805908203e-06,0.0064544677734375,2.6193447411060333e-10,0.0,0.0,0.0,2.5346480470034294e-10,5.322362994775176e-09,2.8434972894804856e-10,0.0,8.355982572538778e-11,0.0,1.3130829756846651e-10,0.0,0.0,0.0,1.3130829756846651e-10,9.083578333957121e-11,2.90878432451791e-14,1.5599653124809265e-08,5.051514762044462e-15,4.954370247389761e-15,4.898174665868282e-08,0.0,0.0,5.237477118669176e-14,0.2893229284446823,0.2970850117154361,0.052664344683382575,0.2828579829461928,0.038714265518529724,0.02132396751230832,0.01066198375615416,0.02132396751230832,127,0.47709733465210774,0.269749468202819,753,0,0,0.02132396751230832,0.02132396751230832,127,0,0,0.19212890666164473,0.26133013974496316,762,364.03788722237874,0.5296668123741877,442.25,217.52857549047485,0.4791421917168096,752,sym,445.72514619883043,505.0,280.45746329325993,171,0.986117580085908,1.0,0.009717693939864401,6,565.5
bior6.8,1,smooth,2.4327394423007877e-21,266.23406714717555,9397294.455480384,0.532258064516129,276.28241143773243,108,raw,3.9152113649897235e-11,-1.0850986776115643e-10,"[2, 5, 11, 17, 22, 25, 29, 38, 44, 52, 55, 60, 65, 74, 78, 84, 89, 95, 98, 101, 105]","[37.99999999998079, 367.9999999998828, 460.9999999999313, 192.99999999994037, 950.9999999999104, 153.99999999992428, 880.9999999997787, 242.9999999999401, 490.99999999991866, 185.99999999995555, 320.99999999990723, 942.9999999999283, 809.9999999997983, 204.99999999995268, 477.9999999998963, 275.9999999999559, 346.9999999999319, 79.00000000000671, 1007.9999999998922, 113.99999999995043, 892.9999999997564]",21,5.6551794785227445,110450.57915669914,0.843841135327218,4.3659237182527375e-06,1.0,0.4907407407407407,67631.0,0.1291094199047274,0.15147910127184055,188156.12126449583,82872438.25058052,8,12069.579557417968,0.027777777777777776,"[0.0, 0.009259259259259259, 0.018518518518518517, 0.027777777777777776, 0.037037037037037035, 0.046296296296296294, 0.05555555555555555, 0.06481481481481481, 0.07407407407407407, 0.08333333333333333, 0.09259259259259259, 0.10185185185185185, 0.1111111111111111, 0.12037037037037036, 0.12962962962962962, 0.1388888888888889, 0.14814814814814814, 0.15740740740740738, 0.16666666666666666, 0.17592592592592593, 0.18518518518518517, 0.19444444444444442, 0.2037037037037037, 0.21296296296296297, 0.2222222222222222, 0.23148148148148145, 0.24074074074074073]","[67631.0, 1786.6346316369961, 1155.9831840869306, 12069.579557417968, 1906.5778542067974, 950.59143276355, 9083.877197384632, 2481.2296367742765, 778.631612602873, 8965.162396384743, 2042.6423114775419, 1606.7171021538568, 6927.9398362967995, 1790.9411989173893, 2115.0643759891027, 4469.146453395532, 811.3124818656909, 852.4454942248174, 2613.5185095950906, 1125.8336361543002, 622.5282936166964, 1595.9028958462575, 1672.083632235188, 807.7671822535651, 3024.634439410955, 842.7313814741347, 842.8235732266827]",3.0,0.3,145.15000000004719,15,0.5,1721880.1384883912,0.14445541615563154,0.1241257545377825,16430975.452700602,84089526828.79173,"[0.046875, 0.03125]",2,1721880.1384883912,0.046875,"[0.0, 0.015625, 0.03125, 0.046875, 0.0625, 0.078125, 0.09375, 0.109375, 0.125, 0.140625, 0.15625, 0.171875, 0.1875, 0.203125, 0.21875, 0.234375]","[154749.38571156524, 876106.9067082423, 1710291.3768914293, 1721880.1384883912, 1236443.3975591266, 1200279.6938552111, 1385236.6101423027, 1437054.0474217162, 1048940.2936456478, 664501.8455339571, 393060.2971506184, 165807.08106888557, 58528.06662850136, 51528.956393880304, 141871.95181120027, 339557.73472435796]",3.0,0.3,flattop,64,32,145.15000000004719,15,21,449.5238095237209,37.99999999998079,1007.9999999998922,"[2, 5, 11, 17, 22, 25, 29, 38, 44, 52, 55, 60, 65, 74, 78, 84, 89, 95, 98, 101, 105]","[37.99999999998079, 367.9999999998828, 460.9999999999313, 192.99999999994037, 950.9999999999104, 153.99999999992428, 880.9999999997787, 242.9999999999401, 490.99999999991866, 185.99999999995555, 320.99999999990723, 942.9999999999283, 809.9999999997983, 204.99999999995268, 477.9999999998963, 275.9999999999559, 346.9999999999319, 79.00000000000671, 1007.9999999998922, 113.99999999995043, 892.9999999997564]","[1, 1, 1, 15, 1, 24, 27, 35, 35, 49, 35, 35, 63, 73, 73, 73, 35, 92, 35, 99, 99]","[3, 8, 18, 18, 35, 27, 35, 39, 49, 53, 56, 73, 73, 75, 81, 85, 92, 97, 106, 102, 106]",0.05,30,52684908.99999743,1015.9999999999702,-1015.9999999999702,DWT,uc1.l0082987033,1.1757947504520416e-07,0.0,8.86188900039997e-11,4.470348358154297e-08,0.0,1.07775122160092e-10,4.798173904418945e-06,2.97859514830634e-11,1.0,84,0.0,1.6189005691558123e-10,1.0,84,,0.0,0.0,1.0,84,0.0,0.0,2.5704503059387207e-06,0.03192138671875,0.0,0.0,0.0,0.0,8.86188900039997e-11,1.8608261598274112e-09,8.924822785567292e-11,0.0,2.97859514830634e-11,0.0,4.718003765447065e-11,0.0,0.0,0.0,4.718003765447065e-11,1.921307557495311e-11,1.0047518372857667e-14,1.1757947504520416e-07,6.38378239159465e-16,2.42861286636753e-15,1.9703293219208717e-08,0.0,0.0,1.1379786002407855e-14,0.3924042535270179,0.270226152676891,0.026064521203108676,0.1533609659398089,0.060456195031977064,0.010818777634921133,0.0054093888174605665,0.010818777634921133,158,0.4691147534449249,0.2652361396236654,755,0,0,0.010818777634921133,0.010818777634921133,158,0,0,0.18050241767576072,0.24551600722207773,766,347.88252327474,0.5505393756140311,459.25,261.6394531624693,0.4785965611920285,753,bior,385.74074074074076,410.0,199.97417605530825,135,0.8534087184529663,0.7130285416801533,0.18870533457887761,4,565.75
sym19,1,periodization,6.099039267615942e-19,242.24240881684932,9367736.093076227,0.5740740740740741,469.9962093361546,108,raw,6.331073114322576e-10,-1.313563715764253e-10,"[2, 5, 11, 17, 22, 25, 29, 38, 44, 52, 55, 60, 65, 74, 78, 84, 89, 95, 98, 101, 105]","[38.00000000031068, 368.0000000010239, 461.0000000012305, 193.00000000032344, 951.0000000024631, 154.0000000001296, 881.0000000024621, 243.00000000049246, 491.00000000175055, 186.000000000382, 321.00000000110845, 943.0000000018248, 810.0000000022402, 205.00000000014387, 478.00000000123043, 276.0000000004035, 347.0000000010001, 79.0000000004951, 1008.0000000019445, 113.99999999996317, 893.0000000031176]",21,5.624081258967517,95467.34242134322,0.8220132774296035,4.36592371822944e-06,1.0,0.4907407407407407,67631.00000000003,0.1291094199048554,0.15147910127184852,188156.1212648036,82872438.25059062,8,12069.57955742821,0.027777777777777776,"[0.0, 0.009259259259259259, 0.018518518518518517, 0.027777777777777776, 0.037037037037037035, 0.046296296296296294, 0.05555555555555555, 0.06481481481481481, 0.07407407407407407, 0.08333333333333333, 0.09259259259259259, 0.10185185185185185, 0.1111111111111111, 0.12037037037037036, 0.12962962962962962, 0.1388888888888889, 0.14814814814814814, 0.15740740740740738, 0.16666666666666666, 0.17592592592592593, 0.18518518518518517, 0.19444444444444442, 0.2037037037037037, 0.21296296296296297, 0.2222222222222222, 0.23148148148148145, 0.24074074074074073]","[67631.00000000003, 1786.6346316371855, 1155.9831840873921, 12069.57955742821, 1906.5778542094574, 950.5914327654456, 9083.87719740772, 2481.2296367817958, 778.6316126055194, 8965.162396417685, 2042.6423114853524, 1606.7171021599775, 6927.939836322753, 1790.9411989238042, 2115.064375996321, 4469.146453409849, 811.3124818680969, 852.4454942272267, 2613.518509602075, 1125.833636157151, 622.5282936181932, 1595.9028958500667, 1672.0836322391037, 807.767182255408, 3024.6344394179, 842.7313814760689, 842.8235732286208]",3.0,0.3,145.14999999899388,15,0.5,1721880.1384940771,0.14445541615569543,0.12412575453777201,16430975.452787055,84089526829.65881,"[0.046875, 0.03125]",2,1721880.1384940771,0.046875,"[0.0, 0.015625, 0.03125, 0.046875, 0.0625, 0.078125, 0.09375, 0.109375, 0.125, 0.140625, 0.15625, 0.171875, 0.1875, 0.203125, 0.21875, 0.234375]","[154749.38571175977, 876106.906710298, 1710291.3768965402, 1721880.1384940771, 1236443.39756526, 1200279.693863287, 1385236.610152417, 1437054.0474321195, 1048940.2936530153, 664501.8455384092, 393060.2971530969, 165807.08106986317, 58528.066628810644, 51528.95639411746, 141871.95181184425, 339557.73472590983]",3.0,0.3,flattop,64,32,145.14999999899388,15,21,449.5238095249543,38.00000000031068,1008.0000000019445,"[2, 5, 11, 17, 22, 25, 29, 38, 44, 52, 55, 60, 65, 74, 78, 84, 89, 95, 98, 101, 105]","[38.00000000031068, 368.0000000010239, 461.0000000012305, 193.00000000032344, 951.0000000024631, 154.0000000001296, 881.0000000024621, 243.00000000049246, 491.00000000175055, 186.000000000382, 321.00000000110845, 943.0000000018248, 810.0000000022402, 205.00000000014387, 478.00000000123043, 276.0000000004035, 347.0000000010001, 79.0000000004951, 1008.0000000019445, 113.99999999996317, 893.0000000031176]","[1, 1, 1, 15, 1, 24, 27, 35, 35, 49, 35, 35, 63, 73, 73, 73, 35, 92, 35, 99, 99]","[3, 8, 18, 18, 35, 27, 35, 39, 49, 53, 56, 73, 73, 75, 81, 85, 92, 97, 106, 102, 106]",0.05,30,52684909.00004718,1016.0000000005742,-1016.0000000005742,DWT,uc1.l0082987033,5.568377673625946e-06,0.0,1.1447696124378126e-09,1.0058283805847168e-05,0.0,1.9444996723905206e-09,8.16546380519867e-05,5.742322173318826e-10,1.0,84,0.0,1.007902028504759e-08,1.0,84,,0.0,0.0,1.0,84,0.0,0.0,4.717707633972168e-05,0.8351593017578125,2.9103830456733704e-11,0.0,0.0,0.0,1.1447696124378126e-09,2.403976395726204e-08,1.1482749566008956e-09,0.0,5.742322173318826e-10,0.0,1.0061285138363019e-09,0.0,0.0,0.0,1.0061285138363019e-09,3.106777057837462e-10,1.1793344079080725e-13,5.568377673625946e-06,8.604228440844963e-15,8.0629947163402e-15,2.880697138607502e-07,0.0,0.0,5.2513549064769904e-14,0.14608976719553368,0.2303786520206094,0.023197254636141522,0.6201117318435755,0.01989803261878026,0.19856376807049453,0.09928188403524726,0.19856376807049453,33,0.470445719430638,0.26598866398455695,754,0,0,0.19856376807049453,0.19856376807049453,33,0,0,0.2079350876629281,0.2828294110502122,751,415.4053241514044,0.4633006147914672,392.75,63.227233239128275,0.4779358371114959,754,sym,445.72514619883043,505.0,280.45746329325993,171,0.986117580085908,1.0,0.009717693939864401,6,567.0
sym16,1,periodization,2.331485897349467e-19,246.41869518336304,9349509.330553835,0.5648148148148148,464.3228518513425,108,raw,3.8136315504710153e-10,-9.034339975486665e-11,"[2, 5, 11, 17, 22, 25, 29, 38, 44, 52, 55, 60, 65, 74, 78, 84, 89, 95, 98, 101, 105]","[37.9999999997745, 367.99999999891855, 460.9999999993413, 192.99999999935034, 950.9999999990699, 153.99999999915974, 880.9999999977681, 242.99999999938655, 490.99999999923295, 185.999999999598, 320.99999999911245, 942.9999999993893, 809.9999999979304, 204.99999999947332, 477.9999999989831, 275.9999999995233, 346.9999999993041, 79.00000000020509, 1007.9999999988057, 113.99999999936665, 892.9999999976254]",21,5.6350453416645925,95467.34242100491,0.7711408715770105,4.365923718265919e-06,1.0,0.4907407407407407,67630.99999999999,0.1291094199046375,0.15147910127184513,188156.12126431928,82872438.25057994,8,12069.579557415467,0.027777777777777776,"[0.0, 0.009259259259259259, 0.018518518518518517, 0.027777777777777776, 0.037037037037037035, 0.046296296296296294, 0.05555555555555555, 0.06481481481481481, 0.07407407407407407, 0.08333333333333333, 0.09259259259259259, 0.10185185185185185, 0.1111111111111111, 0.12037037037037036, 0.12962962962962962, 0.1388888888888889, 0.14814814814814814, 0.15740740740740738, 0.16666666666666666, 0.17592592592592593, 0.18518518518518517, 0.19444444444444442, 0.2037037037037037, 0.21296296296296297, 0.2222222222222222, 0.23148148148148145, 0.24074074074074073]","[67630.99999999999, 1786.6346316369566, 1155.983184086822, 12069.579557415467, 1906.5778542061257, 950.5914327630719, 9083.877197378342, 2481.2296367721156, 778.631612602043, 8965.162396373882, 2042.6423114747804, 1606.717102151407, 6927.939836285394, 1790.9411989141913, 2115.0643759851214, 4469.146453386631, 811.3124818639695, 852.4454942229627, 2613.5185095891848, 1125.8336361516483, 622.5282936151632, 1595.9028958423064, 1672.0836322309385, 807.7671822514362, 3024.634439402918, 842.7313814718678, 842.823573224398]",3.0,0.3,145.15000000051916,15,0.5,1721880.1384869227,0.14445541615552704,0.12412575453779782,16430975.452658195,84089526828.5146,"[0.046875, 0.03125]",2,1721880.1384869227,0.046875,"[0.0, 0.015625, 0.03125, 0.046875, 0.0625, 0.078125, 0.09375, 0.109375, 0.125, 0.140625, 0.15625, 0.171875, 0.1875, 0.203125, 0.21875, 0.234375]","[154749.3857115351, 876106.9067077483, 1710291.3768901266, 1721880.1384869227, 1236443.3975573462, 1200279.693852501, 1385236.6101384955, 1437054.04741736, 1048940.2936420853, 664501.8455314613, 393060.2971490395, 165807.08106818073, 58528.0666282293, 51528.956393604676, 141871.9518104253, 339557.7347225174]",3.0,0.3,flattop,64,32,145.15000000051916,15,21,449.52380952292,37.9999999997745,1007.9999999988057,"[2, 5, 11, 17, 22, 25, 29, 38, 44, 52, 55, 60, 65, 74, 78, 84, 89, 95, 98, 101, 105]","[37.9999999997745, 367.99999999891855, 460.9999999993413, 192.99999999935034, 950.9999999990699, 153.99999999915974, 880.9999999977681, 242.99999999938655, 490.99999999923295, 185.999999999598, 320.99999999911245, 942.9999999993893, 809.9999999979304, 204.99999999947332, 477.9999999989831, 275.9999999995233, 346.9999999993041, 79.00000000020509, 1007.9999999988057, 113.99999999936665, 892.9999999976254]","[1, 1, 1, 15, 1, 24, 27, 35, 35, 49, 35, 35, 63, 73, 73, 73, 35, 92, 35, 99, 99]","[3, 8, 18, 18, 35, 27, 35, 39, 49, 53, 56, 73, 73, 75, 81, 85, 92, 97, 106, 102, 106]",0.05,30,52684908.99997407,1015.9999999996601,-1015.9999999996601,DWT,uc1.l0082987033,1.58604234457016e-06,0.0,8.895426617527846e-10,6.258487701416016e-07,0.0,1.1942802302655764e-09,4.7205016016960144e-05,3.3992364478763193e-10,1.0,84,0.0,2.663000486791134e-09,1.0,84,,0.0,0.0,1.0,84,0.0,0.0,2.5928020477294922e-05,0.309051513671875,1.4551915228366852e-11,0.0,0.0,0.0,8.895426617527846e-10,1.8681021174415946e-08,9.091089785735154e-10,0.0,3.3992364478763193e-10,0.0,5.191509444557596e-10,0.0,0.0,0.0,5.191509444557596e-10,2.254978426208254e-10,9.994782779187972e-14,1.58604234457016e-06,5.218048215738236e-15,1.774969060619469e-14,1.9624712876975536e-07,0.0,0.0,1.1587952819525071e-13,0.18896632941469138,0.2444274078245023,0.02142919366950436,0.5167597765363124,0.019898032617864506,0.10912853962181317,0.054564269810906584,0.10912853962181317,42,0.4609712220574889,0.26063181027301907,756,0,0,0.10912853962181317,0.10912853962181317,42,0,0,0.198296148012575,0.269718705901319,758,412.80624995268664,0.46665859179239455,399.5,79.58447330046525,0.4752543604956805,755,sym,445.72514619883043,505.0,280.45746329325993,171,0.986117580085908,1.0,0.009717693939864401,6,567.75
sym3,1,zero,3.33896581213983e-18,234.85890338870678,9409356.827427963,0.5803571428571429,378.9473921846486,108,raw,1.393536578312385e-09,-6.734588004382795e-09,"[2, 5, 11, 17, 22, 25, 29, 38, 44, 52, 55, 60, 65, 74, 78, 84, 89, 95, 98, 101, 105]","[38.000000000287656, 368.0000000027644, 461.00000000338446, 192.99999999964103, 951.0000000040151, 153.9999999987857, 881.000000003707, 243.00000000063898, 491.00000000432186, 186.00000000114562, 321.00000000280863, 943.0000000052723, 810.0000000032849, 204.99999999959195, 478.00000000260644, 276.00000000071145, 347.0000000019893, 79.00000000309785, 1008.0000000028766, 113.99999999790941, 893.000000006295]",21,5.599204065306062,105570.0508614157,0.8488563128793265,4.365923718209298e-06,0.9999999999999998,0.4907407407407407,67631.00000000662,0.1291094199049596,0.1514791012718646,188156.12126510424,82872438.25061291,8,12069.579557427838,0.027777777777777776,"[0.0, 0.009259259259259259, 0.018518518518518517, 0.027777777777777776, 0.037037037037037035, 0.046296296296296294, 0.05555555555555555, 0.06481481481481481, 0.07407407407407407, 0.08333333333333333, 0.09259259259259259, 0.10185185185185185, 0.1111111111111111, 0.12037037037037036, 0.12962962962962962, 0.1388888888888889, 0.14814814814814814, 0.15740740740740738, 0.16666666666666666, 0.17592592592592593, 0.18518518518518517, 0.19444444444444442, 0.2037037037037037, 0.21296296296296297, 0.2222222222222222, 0.23148148148148145, 0.24074074074074073]","[67631.00000000662, 1786.634631641205, 1155.9831840883041, 12069.579557427838, 1906.577854211057, 950.5914327730809, 9083.877197421332, 2481.2296367858085, 778.6316126056147, 8965.162396455773, 2042.6423115022683, 1606.7171021667905, 6927.939836366635, 1790.9411989321895, 2115.0643760105977, 4469.146453440435, 811.3124818698643, 852.4454942331625, 2613.5185096185364, 1125.8336361604363, 622.5282936164289, 1595.902895854964, 1672.083632241342, 807.7671822506001, 3024.634439409815, 842.7313814747323, 842.8235732279036]",3.0,0.3,145.14999999883142,15,0.5,1721880.1384983123,0.14445541615562368,0.12412575453771964,16430975.452880207,84089526830.81953,"[0.046875, 0.03125]",2,1721880.1384983123,0.046875,"[0.0, 0.015625, 0.03125, 0.046875, 0.0625, 0.078125, 0.09375, 0.109375, 0.125, 0.140625, 0.15625, 0.171875, 0.1875, 0.203125, 0.21875, 0.234375]","[154749.38571205325, 876106.9067120639, 1710291.37690049, 1721880.1384983123, 1236443.3975713598, 1200279.6938738762, 1385236.6101679304, 1437054.047449622, 1048940.293666882, 664501.8455474353, 393060.2971581848, 165807.08107178053, 58528.06662919003, 51528.95639377479, 141871.95181059255, 339557.7347232385]",3.0,0.3,flattop,64,32,145.14999999883142,15,21,449.5238095259589,38.000000000287656,1008.0000000028766,"[2, 5, 11, 17, 22, 25, 29, 38, 44, 52, 55, 60, 65, 74, 78, 84, 89, 95, 98, 101, 105]","[38.000000000287656, 368.0000000027644, 461.00000000338446, 192.99999999964103, 951.0000000040151, 153.9999999987857, 881.000000003707, 243.00000000063898, 491.00000000432186, 186.00000000114562, 321.00000000280863, 943.0000000052723, 810.0000000032849, 204.99999999959195, 478.00000000260644, 276.00000000071145, 347.0000000019893, 79.00000000309785, 1008.0000000028766, 113.99999999790941, 893.000000006295]","[1, 1, 1, 15, 1, 24, 27, 35, 35, 49, 35, 35, 63, 73, 73, 73, 35, 92, 35, 99, 99]","[3, 8, 18, 18, 35, 27, 35, 39, 49, 53, 56, 73, 73, 75, 81, 85, 92, 97, 106, 102, 106]",0.05,30,52684909.00010001,1016.0000000009657,-1016.0000000009657,DWT,uc1.l0082987033,9.803567081689835e-06,0.0,2.1493633539648727e-09,3.235042095184326e-05,0.0,2.8766180548700504e-09,0.00017480738461017609,9.656559996074066e-10,1.0,84,0.0,9.707946446724236e-09,1.0,84,,0.0,0.0,1.0,84,0.0,0.0,0.00010000914335250854,1.995880126953125,6.6211214289069176e-09,0.0,0.0,0.0,2.1493633539648727e-09,4.513640305958688e-08,2.5371139686502007e-09,0.0,9.656559996074066e-10,0.0,1.1685870049404912e-09,0.0,0.0,0.0,1.1685870049404912e-09,2.8765612114511896e-10,2.2215562722749382e-13,9.803567081689835e-06,2.4674706722294104e-14,6.043776590303196e-14,5.887122824788094e-07,0.0,0.0,1.9234613901630837e-14,0.07028573890292478,0.19850242229013149,0.027234614299969567,0.6902434158020756,0.04724508032034623,0.42092884693781557,0.21046442346890779,0.42092884693781557,12,0.45003536008577416,0.2544487051979078,758,0,0,0.42092884693781557,0.42092884693781557,12,0,0,0.20670225432308953,0.2811525342356804,752,428.97824342655576,0.4457645433765429,383.5,23.624505246288916,0.4751432536004162,756,sym,445.72514619883043,505.0,280.45746329325993,171,0.986117580085908,1.0,0.009717693939864401,6,568.5
sym3,1,smooth,3.391634119396298e-18,234.79093315621435,9408034.15782239,0.5803571428571429,378.9473921846486,108,raw,1.4087448244974135e-09,-4.788189628795476e-09,"[2, 5, 11, 17, 22, 25, 29, 38, 44, 52, 55, 60, 65, 74, 78, 84, 89, 95, 98, 101, 105]","[38.00000000017144, 368.0000000027644, 461.00000000338446, 192.99999999964103, 951.0000000044514, 153.9999999987857, 881.000000003707, 243.00000000063898, 491.00000000432186, 186.00000000114562, 321.00000000280863, 943.0000000052723, 810.0000000032849, 204.99999999959195, 478.00000000260644, 276.00000000071145, 347.0000000019893, 79.00000000309785, 1008.0000000029711, 113.99999999790941, 893.0000000062086]",21,5.6077685085777915,100751.13341223635,0.841323121096353,4.3659237182092636e-06,1.0,0.4907407407407407,67631.00000000469,0.12910941990496,0.15147910127186345,188156.12126510643,82872438.25060962,8,12069.579557429666,0.027777777777777776,"[0.0, 0.009259259259259259, 0.018518518518518517, 0.027777777777777776, 0.037037037037037035, 0.046296296296296294, 0.05555555555555555, 0.06481481481481481, 0.07407407407407407, 0.08333333333333333, 0.09259259259259259, 0.10185185185185185, 0.1111111111111111, 0.12037037037037036, 0.12962962962962962, 0.1388888888888889, 0.14814814814814814, 0.15740740740740738, 0.16666666666666666, 0.17592592592592593, 0.18518518518518517, 0.19444444444444442, 0.2037037037037037, 0.21296296296296297, 0.2222222222222222, 0.23148148148148145, 0.24074074074074073]","[67631.00000000469, 1786.6346316400889, 1155.983184088205, 12069.579557429666, 1906.577854210907, 950.5914327713666, 9083.87719742295, 2481.2296367869067, 778.6316126060194, 8965.162396457064, 2042.6423115010691, 1606.717102167179, 6927.939836367498, 1790.9411989329226, 2115.064376011256, 4469.146453440261, 811.31248187057, 852.4454942326189, 2613.5185096183104, 1125.8336361609117, 622.5282936169384, 1595.9028958545584, 1672.0836322409377, 807.7671822509507, 3024.634439409578, 842.7313814747264, 842.8235732277576]",3.0,0.3,145.1499999985909,15,0.5,1721880.1384983053,0.14445541615562585,0.12412575453771957,16430975.452879932,84089526830.81718,"[0.046875, 0.03125]",2,1721880.1384983053,0.046875,"[0.0, 0.015625, 0.03125, 0.046875, 0.0625, 0.078125, 0.09375, 0.109375, 0.125, 0.140625, 0.15625, 0.171875, 0.1875, 0.203125, 0.21875, 0.234375]","[154749.3857119784, 876106.9067119397, 1710291.3769004224, 1721880.1384983053, 1236443.3975713598, 1200279.6938738767, 1385236.61016793, 1437054.0474496228, 1048940.2936668815, 664501.8455474356, 393060.2971581846, 165807.08107178067, 58528.066629189896, 51528.9563937748, 141871.9518105925, 339557.7347232386]",3.0,0.3,flattop,64,32,145.1499999985909,15,21,449.52380952597446,38.00000000017144,1008.0000000029711,"[2, 5, 11, 17, 22, 25, 29, 38, 44, 52, 55, 60, 65, 74, 78, 84, 89, 95, 98, 101, 105]","[38.00000000017144, 368.0000000027644, 461.00000000338446, 192.99999999964103, 951.0000000044514, 153.9999999987857, 881.000000003707, 243.00000000063898, 491.00000000432186, 186.00000000114562, 321.00000000280863, 943.0000000052723, 810.0000000032849, 204.99999999959195, 478.00000000260644, 276.00000000071145, 347.0000000019893, 79.00000000309785, 1008.0000000029711, 113.99999999790941, 893.0000000062086]","[1, 1, 1, 15, 1, 24, 27, 35, 35, 49, 35, 35, 63, 73, 73, 73, 35, 92, 35, 99, 99]","[3, 8, 18, 18, 35, 27, 35, 39, 49, 53, 56, 73, 73, 75, 81, 85, 92, 97, 106, 102, 106]",0.05,30,52684909.000099465,1016.0000000009657,-1016.0000000009657,DWT,uc1.l0082987033,9.796582162380219e-06,0.0,2.164938450732734e-09,2.905726432800293e-05,0.0,2.9710918170167133e-09,0.0001745317131280899,9.656559996074066e-10,1.0,84,0.0,1.1536030797287822e-08,1.0,84,,0.0,0.0,1.0,84,0.0,0.0,9.94652509689331e-05,1.9935302734375,4.685716703534126e-09,0.0,0.0,0.0,2.164938450732734e-09,4.546382115222514e-08,2.5527418485927186e-09,0.0,9.656559996074066e-10,0.0,1.4090915101405699e-09,0.0,0.0,0.0,1.4090915101405699e-09,1.7143975128419697e-10,2.2254420528611263e-13,9.796582162380219e-06,2.353672812205332e-14,6.050715484207103e-14,5.908950697630644e-07,0.0,0.0,1.7069679003611782e-14,0.06958791082152682,0.2094764157782428,0.027106310631202328,0.6902434158020756,0.03420074016796716,0.4186396563078178,0.2093198281539089,0.4186396563078178,15,0.44982177208565577,0.2543279431536418,759,0,0,0.4186396563078178,0.4186396563078178,15,0,0,0.20612295864020294,0.28036458709959944,753,427.82356176349145,0.4472563801505278,385.5,29.416333400243964,0.47459718232332593,757,sym,445.72514619883043,505.0,280.45746329325993,171,0.986117580085908,1.0,0.009717693939864401,6,569.25
sym18,1,periodization,1.3629435209137128e-18,238.75024451725707,9358239.742865624,0.5740740740740741,443.5002268265568,108,raw,8.947015638648705e-10,-1.6134826966300911e-10,"[2, 5, 11, 17, 22, 25, 29, 38, 44, 52, 55, 60, 65, 74, 78, 84, 89, 95, 98, 101, 105]","[38.00000000058529, 368.0000000026897, 461.0000000013074, 193.00000000192568, 951.000000001489, 154.00000000259945, 881.0000000057282, 243.0000000016518, 491.00000000143666, 186.00000000096804, 321.0000000020748, 943.000000000861, 810.0000000053176, 205.0000000015725, 478.00000000246206, 276.0000000012342, 347.0000000016454, 78.99999999893089, 1008.0000000027657, 114.00000000211719, 893.0000000057241]",21,5.6297883413590935,95467.34242138568,0.8198821358528919,4.365923718217089e-06,1.0,0.4907407407407407,67631.00000000006,0.12910941990498462,0.15147910127182043,188156.12126497203,82872438.25057812,8,12069.579557422341,0.027777777777777776,"[0.0, 0.009259259259259259, 0.018518518518518517, 0.027777777777777776, 0.037037037037037035, 0.046296296296296294, 0.05555555555555555, 0.06481481481481481, 0.07407407407407407, 0.08333333333333333, 0.09259259259259259, 0.10185185185185185, 0.1111111111111111, 0.12037037037037036, 0.12962962962962962, 0.1388888888888889, 0.14814814814814814, 0.15740740740740738, 0.16666666666666666, 0.17592592592592593, 0.18518518518518517, 0.19444444444444442, 0.2037037037037037, 0.21296296296296297, 0.2222222222222222, 0.23148148148148145, 0.24074074074074073]","[67631.00000000006, 1786.6346316370764, 1155.9831840871207, 12069.579557422341, 1906.577854207985, 950.5914327644529, 9083.87719739634, 2481.229636778425, 778.6316126044744, 8965.162396407204, 2042.64231148359, 1606.7171021592917, 6927.93983632351, 1790.941198925097, 2115.0643759992117, 4469.146453418906, 811.3124818702659, 852.4454942300134, 2613.518509612083, 1125.8336361620263, 622.5282936211736, 1595.9028958583983, 1672.0836322484924, 807.7671822602451, 3024.6344394370117, 842.7313814816291, 842.8235732343355]",3.0,0.3,145.14999999878265,15,0.5,1721880.1384910475,0.14445541615597707,0.12412575453773589,16430975.452809755,84089526829.35303,"[0.046875, 0.03125]",2,1721880.1384910475,0.046875,"[0.0, 0.015625, 0.03125, 0.046875, 0.0625, 0.078125, 0.09375, 0.109375, 0.125, 0.140625, 0.15625, 0.171875, 0.1875, 0.203125, 0.21875, 0.234375]","[154749.38571159355, 876106.9067090882, 1710291.3768937658, 1721880.1384910475, 1236443.3975625886, 1200279.6938609045, 1385236.6101507472, 1437054.047431838, 1048940.2936543792, 664501.8455403725, 393060.2971548305, 165807.08107082755, 58528.06662929797, 51528.95639477956, 141871.95181377948, 339557.7347304493]",3.0,0.3,flattop,64,32,145.14999999878265,15,21,449.52380952595655,38.00000000058529,1008.0000000027657,"[2, 5, 11, 17, 22, 25, 29, 38, 44, 52, 55, 60, 65, 74, 78, 84, 89, 95, 98, 101, 105]","[38.00000000058529, 368.0000000026897, 461.0000000013074, 193.00000000192568, 951.000000001489, 154.00000000259945, 881.0000000057282, 243.0000000016518, 491.00000000143666, 186.00000000096804, 321.0000000020748, 943.000000000861, 810.0000000053176, 205.0000000015725, 478.00000000246206, 276.0000000012342, 347.0000000016454, 78.99999999893089, 1008.0000000027657, 114.00000000211719, 893.0000000057241]","[1, 1, 1, 15, 1, 24, 27, 35, 35, 49, 35, 35, 63, 73, 73, 73, 35, 92, 35, 99, 99]","[3, 8, 18, 18, 35, 27, 35, 39, 49, 53, 56, 73, 73, 75, 81, 85, 92, 97, 106, 102, 106]",0.05,30,52684909.00005643,1016.0000000007847,-1016.0000000007847,DWT,uc1.l0082987033,2.5387853384017944e-06,0.0,2.1470327737915795e-09,2.4437904357910156e-06,0.0,2.765659701253753e-09,0.00010435469448566437,7.846665539545938e-10,1.0,84,0.0,4.210960469208658e-09,1.0,84,,0.0,0.0,1.0,84,0.0,0.0,5.6430697441101074e-05,0.5293731689453125,5.820766091346741e-11,0.0,0.0,0.0,2.1470327737915795e-09,4.5087290345691144e-08,2.248798734529243e-09,0.0,7.846665539545938e-10,0.0,1.2173586583230644e-09,0.0,0.0,0.0,1.2173586583230644e-09,5.852882623003097e-10,2.471634008571755e-13,2.5387853384017944e-06,1.9484414082171497e-14,4.418687638008123e-14,4.5649358071386814e-07,0.0,0.0,3.341493748365565e-13,0.11023686183167525,0.23769138479426316,0.02227607479895117,0.6201117318435755,0.019898032618895202,0.2375113675562106,0.1187556837781053,0.2375113675562106,24,0.4521297526806006,0.25563286877969416,757,0,0,0.2375113675562106,0.2375113675562106,24,0,0,0.20204281717747208,0.27481485511412335,757,423.1977473159957,0.4532328846046567,390.5,46.52496798975672,0.47435546039018367,758,sym,445.72514619883043,505.0,280.45746329325993,171,0.986117580085908,1.0,0.009717693939864401,6,570.0
sym3,1,constant,3.3516637643447388e-18,234.84241867039398,9408160.818587722,0.5803571428571429,378.9473921846486,108,raw,1.3979566804567655e-09,-6.078521692051167e-09,"[2, 5, 11, 17, 22, 25, 29, 38, 44, 52, 55, 60, 65, 74, 78, 84, 89, 95, 98, 101, 105]","[38.000000000287656, 368.0000000027644, 461.00000000338446, 192.99999999964103, 951.0000000041255, 153.9999999987857, 881.000000003707, 243.00000000063898, 491.00000000432186, 186.00000000114562, 321.00000000280863, 943.0000000052723, 810.0000000032849, 204.99999999959195, 478.00000000260644, 276.00000000071145, 347.0000000019893, 79.00000000309785, 1008.0000000029127, 113.99999999790941, 893.0000000062503]",21,5.600751710189332,103763.74933394344,0.846056956283355,4.3659237182092695e-06,1.0,0.4907407407407407,67631.00000000597,0.12910941990496,0.1514791012718643,188156.1212651046,82872438.25061172,8,12069.579557428438,0.027777777777777776,"[0.0, 0.009259259259259259, 0.018518518518518517, 0.027777777777777776, 0.037037037037037035, 0.046296296296296294, 0.05555555555555555, 0.06481481481481481, 0.07407407407407407, 0.08333333333333333, 0.09259259259259259, 0.10185185185185185, 0.1111111111111111, 0.12037037037037036, 0.12962962962962962, 0.1388888888888889, 0.14814814814814814, 0.15740740740740738, 0.16666666666666666, 0.17592592592592593, 0.18518518518518517, 0.19444444444444442, 0.2037037037037037, 0.21296296296296297, 0.2222222222222222, 0.23148148148148145, 0.24074074074074073]","[67631.00000000597, 1786.63463164083, 1155.9831840882712, 12069.579557428438, 1906.5778542110043, 950.5914327725413, 9083.877197421823, 2481.2296367861463, 778.6316126056958, 8965.162396456122, 2042.64231150197, 1606.7171021668082, 6927.939836366779, 1790.941198932278, 2115.0643760108183, 4469.146453440255, 811.3124818700036, 852.4454942329468, 2613.5185096186347, 1125.8336361606382, 622.5282936165268, 1595.9028958549416, 1672.083632241291, 807.7671822506255, 3024.634439409725, 842.7313814748018, 842.8235732279425]",3.0,0.3,145.14999999870125,15,0.5,1721880.1384983105,0.14445541615562435,0.12412575453771961,16430975.452880122,84089526830.8188,"[0.046875, 0.03125]",2,1721880.1384983105,0.046875,"[0.0, 0.015625, 0.03125, 0.046875, 0.0625, 0.078125, 0.09375, 0.109375, 0.125, 0.140625, 0.15625, 0.171875, 0.1875, 0.203125, 0.21875, 0.234375]","[154749.38571203005, 876106.9067120256, 1710291.3769004685, 1721880.1384983105, 1236443.3975713595, 1200279.6938738765, 1385236.61016793, 1437054.0474496228, 1048940.2936668817, 664501.8455474355, 393060.2971581847, 165807.0810717806, 58528.06662918998, 51528.9563937748, 141871.95181059247, 339557.7347232386]",3.0,0.3,flattop,64,32,145.14999999870125,15,21,449.5238095259637,38.000000000287656,1008.0000000029127,"[2, 5, 11, 17, 22, 25, 29, 38, 44, 52, 55, 60, 65, 74, 78, 84, 89, 95, 98, 101, 105]","[38.000000000287656, 368.0000000027644, 461.00000000338446, 192.99999999964103, 951.0000000041255, 153.9999999987857, 881.000000003707, 243.00000000063898, 491.00000000432186, 186.00000000114562, 321.00000000280863, 943.0000000052723, 810.0000000032849, 204.99999999959195, 478.00000000260644, 276.00000000071145, 347.0000000019893, 79.00000000309785, 1008.0000000029127, 113.99999999790941, 893.0000000062503]","[1, 1, 1, 15, 1, 24, 27, 35, 35, 49, 35, 35, 63, 73, 73, 73, 35, 92, 35, 99, 99]","[3, 8, 18, 18, 35, 27, 35, 39, 49, 53, 56, 73, 73, 75, 81, 85, 92, 97, 106, 102, 106]",0.05,30,52684909.00009975,1016.0000000009657,-1016.0000000009657,DWT,uc1.l0082987033,9.801704436540604e-06,0.0,2.1541950445680413e-09,3.115832805633545e-05,0.0,2.9126567824278027e-09,0.00017472170293331146,9.656559996074066e-10,1.0,84,0.0,1.0308212949894369e-08,1.0,84,,0.0,0.0,1.0,84,0.0,0.0,9.974837303161621e-05,1.995147705078125,5.966285243630409e-09,0.0,0.0,0.0,2.1541950445680413e-09,4.523826646618545e-08,2.541959193400717e-09,0.0,9.656559996074066e-10,0.0,1.2987584341317415e-09,0.0,0.0,0.0,1.2987584341317415e-09,2.8765612114511896e-10,2.2254420528611263e-13,9.801704436540604e-06,2.4397150966137815e-14,6.046552147864759e-14,5.890615284442902e-07,0.0,0.0,1.8568480086855743e-14,0.07011649570732603,0.20048548696019297,0.027118597177148967,0.6902434158020756,0.04235559802674053,0.41983128978644674,0.20991564489322337,0.41983128978644674,13,0.4489115450245931,0.2538133033771599,760,0,0,0.41983128978644674,0.41983128978644674,13,0,0,0.20606391873469682,0.2802842821261078,754,429.55558429614206,0.4450186249403849,385.0,25.56103218324152,0.4738013021342752,759,sym,445.72514619883043,505.0,280.45746329325993,171,0.986117580085908,1.0,0.009717693939864401,6,570.75
sym17,1,periodization,1.0045214007036425e-19,250.07543117625363,9362758.542215588,0.5555555555555556,380.42694568346434,108,raw,2.500483606179725e-10,-1.2514000959180238e-10,"[2, 5, 11, 17, 22, 25, 29, 38, 44, 52, 55, 60, 65, 74, 78, 84, 89, 95, 98, 101, 105]","[38.000000000134264, 368.00000000077415, 461.00000000043127, 193.00000000043735, 951.0000000005688, 154.00000000058992, 881.0000000014717, 243.0000000004186, 491.00000000046725, 186.00000000029286, 321.00000000060936, 943.0000000003653, 810.000000001368, 205.0000000003714, 478.0000000006853, 276.0000000003299, 347.000000000447, 78.99999999986824, 1008.0000000007348, 114.00000000042746, 893.0000000015705]",21,5.627071205826566,95467.34242119917,0.8051068090835606,4.365923718241918e-06,1.0,0.4907407407407407,67631.00000000001,0.12910941990480404,0.15147910127183525,188156.12126464298,82872438.2505802,8,12069.579557419145,0.027777777777777776,"[0.0, 0.009259259259259259, 0.018518518518518517, 0.027777777777777776, 0.037037037037037035, 0.046296296296296294, 0.05555555555555555, 0.06481481481481481, 0.07407407407407407, 0.08333333333333333, 0.09259259259259259, 0.10185185185185185, 0.1111111111111111, 0.12037037037037036, 0.12962962962962962, 0.1388888888888889, 0.14814814814814814, 0.15740740740740738, 0.16666666666666666, 0.17592592592592593, 0.18518518518518517, 0.19444444444444442, 0.2037037037037037, 0.21296296296296297, 0.2222222222222222, 0.23148148148148145, 0.24074074074074073]","[67631.00000000001, 1786.6346316370161, 1155.9831840869792, 12069.579557419145, 1906.5778542071332, 950.5914327638297, 9083.87719738834, 2481.2296367756653, 778.6316126034295, 8965.162396392967, 2042.6423114798415, 1606.7171021559213, 6927.9398363070495, 1790.9411989203038, 2115.0643759928744, 4469.1464534040115, 811.3124818672802, 852.4454942265722, 2613.518509600605, 1125.833636156694, 622.5282936180139, 1595.9028958497345, 1672.0836322388486, 807.7671822553117, 3024.634439417595, 842.7313814759929, 842.8235732285484]",3.0,0.3,145.14999999971621,15,0.5,1721880.138489187,0.1444554161557246,0.12412575453776559,16430975.452735102,84089526828.99948,"[0.046875, 0.03125]",2,1721880.138489187,0.046875,"[0.0, 0.015625, 0.03125, 0.046875, 0.0625, 0.078125, 0.09375, 0.109375, 0.125, 0.140625, 0.15625, 0.171875, 0.1875, 0.203125, 0.21875, 0.234375]","[154749.3857115657, 876106.9067084823, 1710291.3768921257, 1721880.138489187, 1236443.3975602882, 1200279.6938572794, 1385236.610145454, 1437054.0474254866, 1048940.2936488772, 664501.8455362823, 393060.2971520994, 165807.0810695435, 58528.06662874619, 51528.95639410617, 141871.95181182586, 339557.73472585285]",3.0,0.3,flattop,64,32,145.14999999971621,15,21,449.5238095243982,38.000000000134264,1008.0000000007348,"[2, 5, 11, 17, 22, 25, 29, 38, 44, 52, 55, 60, 65, 74, 78, 84, 89, 95, 98, 101, 105]","[38.000000000134264, 368.00000000077415, 461.00000000043127, 193.00000000043735, 951.0000000005688, 154.00000000058992, 881.0000000014717, 243.0000000004186, 491.00000000046725, 186.00000000029286, 321.00000000060936, 943.0000000003653, 810.000000001368, 205.0000000003714, 478.0000000006853, 276.0000000003299, 347.000000000447, 78.99999999986824, 1008.0000000007348, 114.00000000042746, 893.0000000015705]","[1, 1, 1, 15, 1, 24, 27, 35, 35, 49, 35, 35, 63, 73, 73, 73, 35, 92, 35, 99, 99]","[3, 8, 18, 18, 35, 27, 35, 39, 49, 53, 56, 73, 73, 75, 81, 85, 92, 97, 106, 102, 106]",0.05,30,52684909.00001606,1016.0000000002041,-1016.0000000002041,DWT,uc1.l0082987033,6.782356649637222e-07,0.0,5.886704457225278e-10,3.5762786865234375e-07,0.0,7.347580321948044e-10,2.970173954963684e-05,2.0406787371030077e-10,1.0,84,0.0,1.014996087178588e-09,1.0,84,,0.0,0.0,1.0,84,0.0,0.0,1.6063451766967773e-05,0.1758270263671875,1.4551915228366852e-11,0.0,0.0,0.0,5.886704457225278e-10,1.236185198649764e-08,6.012775039770141e-10,0.0,2.0406787371030077e-10,0.0,2.83790768662584e-10,0.0,0.0,0.0,2.83790768662584e-10,1.3426415534922853e-10,6.658562590189376e-14,6.782356649637222e-07,4.6629367034256575e-15,1.4488410471358293e-14,1.274456735700369e-07,0.0,0.0,8.168465903679589e-14,0.22650883837082192,0.23420980091376803,0.022714414451257544,0.41340782122905073,0.019898032618390328,0.06760952052431873,0.03380476026215937,0.06760952052431873,67,0.43768975224398243,0.24746853384064754,761,0,0,0.06760952052431873,0.06760952052431873,65,0,0,0.18334778151665773,0.24938621781707365,765,402.4172792844098,0.4800810345162664,414.5,121.46521604412233,0.4722756593769962,760,sym,445.72514619883043,505.0,280.45746329325993,171,0.986117580085908,1.0,0.009717693939864401,6,571.5
sym3,1,antisymmetric,3.247762204298679e-18,234.9791808776236,9422099.494132759,0.5714285714285714,383.3492016101742,108,raw,1.3611659618370002e-09,-1.3336493581691662e-08,"[2, 5, 11, 17, 22, 25, 29, 38, 44, 52, 55, 60, 65, 74, 78, 84, 89, 95, 98, 101, 105]","[38.00000000017147, 368.0000000027644, 461.00000000338446, 192.99999999964103, 951.0000000034967, 153.9999999987857, 881.000000003707, 243.00000000063898, 491.00000000432186, 186.00000000114562, 321.00000000280863, 943.0000000052723, 810.0000000032849, 204.99999999959195, 478.00000000260644, 276.00000000071145, 347.0000000019893, 79.00000000309785, 1008.0000000000375, 113.99999999790941, 893.0000000063187]",21,5.620014566512138,110926.87514608585,0.837023813624436,4.365923718211558e-06,0.9999999999999998,0.4907407407407407,67631.00000001321,0.12910941990494004,0.1514791012718662,188156.12126507604,82872438.2506251,8,12069.579557422087,0.027777777777777776,"[0.0, 0.009259259259259259, 0.018518518518518517, 0.027777777777777776, 0.037037037037037035, 0.046296296296296294, 0.05555555555555555, 0.06481481481481481, 0.07407407407407407, 0.08333333333333333, 0.09259259259259259, 0.10185185185185185, 0.1111111111111111, 0.12037037037037036, 0.12962962962962962, 0.1388888888888889, 0.14814814814814814, 0.15740740740740738, 0.16666666666666666, 0.17592592592592593, 0.18518518518518517, 0.19444444444444442, 0.2037037037037037, 0.21296296296296297, 0.2222222222222222, 0.23148148148148145, 0.24074074074074073]","[67631.00000001321, 1786.634631645522, 1155.983184089943, 12069.579557422087, 1906.5778542090009, 950.5914327785939, 9083.877197416223, 2481.2296367855784, 778.6316126001956, 8965.162396453707, 2042.6423115044533, 1606.71710216155, 6927.939836363954, 1790.9411989299344, 2115.0643760146954, 4469.146453436061, 811.3124818726465, 852.4454942288187, 2613.518509618704, 1125.8336361643182, 622.5282936202642, 1595.9028958515385, 1672.0836322376126, 807.7671822542395, 3024.6344394080056, 842.7313814736169, 842.8235732252207]",3.0,0.3,145.14999999896162,15,0.5,1721880.138498317,0.1444554161556222,0.1241257545377197,16430975.452880394,84089526830.8211,"[0.046875, 0.03125]",2,1721880.138498317,0.046875,"[0.0, 0.015625, 0.03125, 0.046875, 0.0625, 0.078125, 0.09375, 0.109375, 0.125, 0.140625, 0.15625, 0.171875, 0.1875, 0.203125, 0.21875, 0.234375]","[154749.38571210514, 876106.9067121504, 1710291.3769005365, 1721880.138498317, 1236443.3975713593, 1200279.693873876, 1385236.61016793, 1437054.047449622, 1048940.2936668822, 664501.8455474351, 393060.297158185, 165807.08107178047, 58528.06662919006, 51528.95639377479, 141871.9518105925, 339557.7347232385]",3.0,0.3,flattop,64,32,145.14999999896162,15,21,449.52380952579455,38.00000000017147,1008.0000000000375,"[2, 5, 11, 17, 22, 25, 29, 38, 44, 52, 55, 60, 65, 74, 78, 84, 89, 95, 98, 101, 105]","[38.00000000017147, 368.0000000027644, 461.00000000338446, 192.99999999964103, 951.0000000034967, 153.9999999987857, 881.000000003707, 243.00000000063898, 491.00000000432186, 186.00000000114562, 321.00000000280863, 943.0000000052723, 810.0000000032849, 204.99999999959195, 478.00000000260644, 276.00000000071145, 347.0000000019893, 79.00000000309785, 1008.0000000000375, 113.99999999790941, 893.0000000063187]","[1, 1, 1, 15, 1, 24, 27, 35, 35, 49, 35, 35, 63, 73, 73, 73, 35, 92, 35, 99, 99]","[3, 8, 18, 18, 35, 27, 35, 39, 49, 53, 56, 73, 73, 75, 81, 85, 92, 97, 106, 102, 106]",0.05,30,52684909.00010035,1016.0000000009657,-1016.0000000009657,DWT,uc1.l0082987033,9.808223694562912e-06,0.0,1.9850290300382767e-09,4.4539570808410645e-05,0.0,3.751665644813329e-11,0.00017499364912509918,9.656559996074066e-10,1.0,84,0.0,3.956301952712238e-09,1.0,84,,0.0,0.0,1.0,84,0.0,0.0,0.00010035187005996704,1.9974517822265625,1.3213139027357101e-08,0.0,0.0,0.0,1.9850290300382767e-09,4.168578016106039e-08,2.3728310744835265e-09,0.0,9.656559996074066e-10,0.0,1.0383871540398104e-09,0.0,0.0,0.0,1.0383871540398104e-09,1.7146817299362738e-10,2.0258794641847544e-13,9.808223694562912e-06,2.628453010800058e-14,6.036837696399289e-14,5.605106707662344e-07,0.0,0.0,2.070565940925917e-14,0.07152058842820086,0.22516782218526027,0.028470698414410564,0.5905826017557858,0.06174548188204174,0.4223713506224717,0.21118567531123586,0.4223713506224717,11,0.43066284681188693,0.24349554161087236,762,0,0,0.4223713506224717,0.4223713506224717,11,0,0,0.19549743853313986,0.2659119536948206,759,432.7257599604319,0.44092279074879603,385.75,21.686324137349192,0.47126888891444974,761,sym,445.72514619883043,505.0,280.45746329325993,171,0.986117580085908,1.0,0.009717693939864401,6,572.25
rbio4.4,1,periodization,5.61761363437645e-20,252.59950444993638,9446786.029475365,0.5462962962962963,431.93662789930585,108,raw,1.9102577133280736e-10,-1.200436417875294e-10,"[2, 5, 11, 17, 22, 25, 29, 38, 44, 52, 55, 60, 65, 74, 78, 84, 89, 95, 98, 101, 105]","[37.99999999990936, 367.9999999994858, 460.9999999996191, 192.99999999978405, 950.9999999993803, 153.99999999974784, 880.999999999047, 242.9999999997521, 490.9999999995465, 185.99999999980196, 320.9999999995579, 942.9999999995623, 809.9999999991212, 204.9999999998259, 477.9999999995223, 275.99999999979593, 346.99999999966917, 78.99999999993724, 1007.9999999994377, 113.9999999998638, 892.9999999988844]",21,5.6400992928762905,100984.95542849199,0.7555291665903703,4.3659237182583e-06,1.0,0.4907407407407407,67631.0,0.129109419904692,0.15147910127184105,188156.12126442013,82872438.25057955,8,12069.579557416639,0.027777777777777776,"[0.0, 0.009259259259259259, 0.018518518518518517, 0.027777777777777776, 0.037037037037037035, 0.046296296296296294, 0.05555555555555555, 0.06481481481481481, 0.07407407407407407, 0.08333333333333333, 0.09259259259259259, 0.10185185185185185, 0.1111111111111111, 0.12037037037037036, 0.12962962962962962, 0.1388888888888889, 0.14814814814814814, 0.15740740740740738, 0.16666666666666666, 0.17592592592592593, 0.18518518518518517, 0.19444444444444442, 0.2037037037037037, 0.21296296296296297, 0.2222222222222222, 0.23148148148148145, 0.24074074074074073]","[67631.0, 1786.634631636976, 1155.9831840868744, 12069.579557416639, 1906.577854206435, 950.5914327632958, 9083.877197381154, 2481.22963677307, 778.6316126023981, 8965.162396378606, 2042.6423114759984, 1606.7171021524784, 6927.939836290521, 1790.9411989156577, 2115.0643759870272, 4469.146453391068, 811.3124818648532, 852.4454942239774, 2613.5185095925804, 1125.8336361532317, 622.5282936161091, 1595.9028958449073, 1672.0836322338394, 807.7671822529177, 3024.6344394087273, 842.7313814735426, 842.8235732261122]",3.0,0.3,145.15000000022653,15,0.5,1721880.1384875881,0.1444554161556013,0.12412575453778944,16430975.452681359,84089526828.63274,"[0.046875, 0.03125]",2,1721880.1384875881,0.046875,"[0.0, 0.015625, 0.03125, 0.046875, 0.0625, 0.078125, 0.09375, 0.109375, 0.125, 0.140625, 0.15625, 0.171875, 0.1875, 0.203125, 0.21875, 0.234375]","[154749.3857115486, 876106.9067079714, 1710291.3768907161, 1721880.1384875881, 1236443.3975581385, 1200279.6938536977, 1385236.6101401947, 1437054.0474193553, 1048940.2936437745, 664501.8455326962, 393060.29714985634, 165807.0810685632, 58528.06662839386, 51528.956393805915, 141871.95181100638, 339557.7347238834]",3.0,0.3,flattop,64,32,145.15000000022653,15,21,449.52380952339297,37.99999999990936,1007.9999999994377,"[2, 5, 11, 17, 22, 25, 29, 38, 44, 52, 55, 60, 65, 74, 78, 84, 89, 95, 98, 101, 105]","[37.99999999990936, 367.9999999994858, 460.9999999996191, 192.99999999978405, 950.9999999993803, 153.99999999974784, 880.999999999047, 242.9999999997521, 490.9999999995465, 185.99999999980196, 320.9999999995579, 942.9999999995623, 809.9999999991212, 204.9999999998259, 477.9999999995223, 275.99999999979593, 346.99999999966917, 78.99999999993724, 1007.9999999994377, 113.9999999998638, 892.9999999988844]","[1, 1, 1, 15, 1, 24, 27, 35, 35, 49, 35, 35, 63, 73, 73, 73, 35, 92, 35, 99, 99]","[3, 8, 18, 18, 35, 27, 35, 39, 49, 53, 56, 73, 73, 75, 81, 85, 92, 97, 106, 102, 106]",0.05,30,52684908.999986686,1015.9999999998413,-1015.9999999998413,DWT,uc1.l0082987033,9.206123650074005e-07,0.0,4.1654857341200113e-10,1.0132789611816406e-06,0.0,5.622950993711129e-10,2.4041160941123962e-05,1.5870682545937598e-10,1.0,84,0.0,1.4915713109076023e-09,1.0,84,,0.0,0.0,1.0,84,0.0,0.0,1.3314187526702881e-05,0.19091796875,0.0,0.0,0.0,0.0,4.1654857341200113e-10,8.747520041652024e-09,4.165824087803706e-10,0.0,1.5870682545937598e-10,0.0,2.2652102416031994e-10,0.0,0.0,0.0,2.2652102416031994e-10,9.063683137355838e-11,4.546363285840016e-14,9.206123650074005e-07,1.1379786002407855e-15,9.367506770274758e-15,9.540235623717308e-08,0.0,0.0,4.160560784782774e-14,0.25242267072497493,0.25090325522365353,0.03086538038204735,0.31005586592178774,0.03483367359073685,0.05603813227131613,0.028019066135658063,0.05603813227131613,85,0.43029373604284527,0.2432868474379537,763,0,0,0.05603813227131613,0.05603813227131613,85,0,0,0.17581616916864012,0.23914185978885374,770,393.474586218729,0.49163490152618994,425.75,153.02962863654645,0.4707851510214929,762,rbio,366.5925925925926,360.0,210.3588723315502,135,0.8110455588331695,0.7500562468954116,0.20725123474815782,3,572.25
db26,1,antisymmetric,2.794098578979922e-26,315.6326058672962,12152249.71813708,0.5822784810126582,483.57360572246006,108,raw,1.2464103823125092e-13,-1.1418543888197587e-10,"[2, 5, 11, 17, 22, 25, 29, 38, 44, 52, 55, 60, 65, 74, 78, 84, 89, 95, 98, 101, 105]","[37.99999999999994, 368.0000000000001, 461.0, 192.99999999999972, 951.0000000000003, 153.9999999999999, 881.0, 243.00000000000006, 490.9999999999999, 186.00000000000045, 320.9999999999999, 942.9999999999999, 809.9999999999995, 204.99999999999991, 477.99999999999955, 275.9999999999998, 347.00000000000034, 79.00000000000011, 1007.9999999999998, 114.0, 893.0000000000002]",21,6.143249015656322,411176.5972230799,0.9515944607730775,4.365923718251292e-06,1.0,0.4907407407407407,67631.0,0.12910941990473745,0.15147910127183992,188156.12126451553,82872438.25058056,8,12069.57955741813,0.027777777777777776,"[0.0, 0.009259259259259259, 0.018518518518518517, 0.027777777777777776, 0.037037037037037035, 0.046296296296296294, 0.05555555555555555, 0.06481481481481481, 0.07407407407407407, 0.08333333333333333, 0.09259259259259259, 0.10185185185185185, 0.1111111111111111, 0.12037037037037036, 0.12962962962962962, 0.1388888888888889, 0.14814814814814814, 0.15740740740740738, 0.16666666666666666, 0.17592592592592593, 0.18518518518518517, 0.19444444444444442, 0.2037037037037037, 0.21296296296296297, 0.2222222222222222, 0.23148148148148145, 0.24074074074074073]","[67631.0, 1786.6346316370027, 1155.9831840869388, 12069.57955741813, 1906.5778542068447, 950.5914327636007, 9083.877197385174, 2481.2296367744834, 778.6316126029441, 8965.162396385993, 2042.6423114779168, 1606.71710215415, 6927.939836298325, 1790.941198917795, 2115.0643759896484, 4469.146453396726, 811.3124818658839, 852.4454942250564, 2613.51850959583, 1125.833636154594, 622.5282936168378, 1595.9028958466977, 1672.0836322356417, 807.7671822537567, 3024.6344394117614, 842.731381474365, 842.8235732269189]",3.0,0.3,145.15000000000006,15,0.5,1721880.1384885088,0.14445541615564295,0.1241257545377801,16430975.452705402,84089526828.82372,"[0.046875, 0.03125]",2,1721880.1384885088,0.046875,"[0.0, 0.015625, 0.03125, 0.046875, 0.0625, 0.078125, 0.09375, 0.109375, 0.125, 0.140625, 0.15625, 0.171875, 0.1875, 0.203125, 0.21875, 0.234375]","[154749.38571156538, 876106.9067082778, 1710291.3768915324, 1721880.1384885088, 1236443.3975593029, 1200279.6938555273, 1385236.6101427819, 1437054.047422281, 1048940.2936461223, 664501.8455342909, 393060.2971508254, 165807.08106897474, 58528.066628532666, 51528.9563939075, 141871.95181127614, 339557.73472453974]",3.0,0.3,flattop,64,32,145.15000000000006,15,21,449.52380952380946,37.99999999999994,1007.9999999999998,"[2, 5, 11, 17, 22, 25, 29, 38, 44, 52, 55, 60, 65, 74, 78, 84, 89, 95, 98, 101, 105]","[37.99999999999994, 368.0000000000001, 461.0, 192.99999999999972, 951.0000000000003, 153.9999999999999, 881.0, 243.00000000000006, 490.9999999999999, 186.00000000000045, 320.9999999999999, 942.9999999999999, 809.9999999999995, 204.99999999999991, 477.99999999999955, 275.9999999999998, 347.00000000000034, 79.00000000000011, 1007.9999999999998, 114.0, 893.0000000000002]","[1, 1, 1, 15, 1, 24, 27, 35, 35, 49, 35, 35, 63, 73, 73, 73, 35, 92, 35, 99, 99]","[3, 8, 18, 18, 35, 27, 35, 39, 49, 53, 56, 73, 73, 75, 81, 85, 92, 97, 106, 102, 106]",0.05,30,52684909.0,1015.9999999999998,-1015.9999999999998,DWT,uc1.l0082987033,0.0,0.0,5.684341886080802e-14,0.0,0.0,2.2737367544323206e-13,1.862645149230957e-09,2.2737367544323206e-13,1.0,84,0.0,0.0,1.0,84,,0.0,0.0,1.0,84,0.0,0.0,0.0,6.103515625e-05,0.0,0.0,0.0,0.0,5.684341886080802e-14,1.8189894035458565e-12,1.8541781866501657e-13,0.0,2.2737367544323206e-13,0.0,5.684341886080802e-14,0.0,0.0,0.0,5.684341886080802e-14,5.684341886080802e-14,0.0,0.0,0.0,2.7755575615628914e-17,0.0,0.0,0.0,2.7755575615628914e-17,0.8995628468532759,0.895610868567231,0.2933050066568962,0.7116894137614029,0.8744922339760344,0.0,0.0,0.0,748,1.7686683048190042,1.0,1,0,0,0.0,0.0,774,0,0,0.7349320739629681,0.9996408397307533,2,438.62616960991585,0.433299522467809,381.25,2.662001264440485,0.4703642315181422,763,db,413.2962962962963,398.0,188.41229481502944,243,0.9143723369387087,0.671803462110104,0.15839832550987273,5,573.5
sym7,1,zero,7.861994077791913e-20,251.13969598839023,9351887.566623596,0.5416666666666666,326.60734796161125,108,raw,2.161798641332603e-10,-5.590091723523988e-10,"[2, 5, 11, 17, 22, 25, 29, 38, 44, 52, 55, 60, 65, 74, 78, 84, 89, 95, 98, 101, 105]","[37.999999999858346, 367.9999999995631, 461.0000000000465, 192.99999999941144, 951.0000000000309, 153.99999999913632, 880.9999999986992, 242.99999999961062, 491.0000000000387, 185.99999999986915, 320.9999999997556, 943.0000000003297, 809.9999999987999, 204.9999999995346, 477.99999999959346, 275.99999999977376, 346.9999999997651, 79.00000000068462, 1007.9999999995805, 113.99999999915497, 892.9999999989661]",21,5.633612318867775,121232.63819442005,0.876144941812498,4.365923718256652e-06,1.0,0.4907407407407407,67631.00000000044,0.129109419904692,0.15147910127184783,188156.12126444935,82872438.25058377,8,12069.579557418127,0.027777777777777776,"[0.0, 0.009259259259259259, 0.018518518518518517, 0.027777777777777776, 0.037037037037037035, 0.046296296296296294, 0.05555555555555555, 0.06481481481481481, 0.07407407407407407, 0.08333333333333333, 0.09259259259259259, 0.10185185185185185, 0.1111111111111111, 0.12037037037037036, 0.12962962962962962, 0.1388888888888889, 0.14814814814814814, 0.15740740740740738, 0.16666666666666666, 0.17592592592592593, 0.18518518518518517, 0.19444444444444442, 0.2037037037037037, 0.21296296296296297, 0.2222222222222222, 0.23148148148148145, 0.24074074074074073]","[67631.00000000044, 1786.63463163728, 1155.9831840870054, 12069.579557418127, 1906.5778542069397, 950.5914327641065, 9083.877197385693, 2481.229636774555, 778.6316126028278, 8965.162396386839, 2042.6423114785653, 1606.7171021540216, 6927.939836298407, 1790.9411989174005, 2115.064375989418, 4469.146453395768, 811.3124818652799, 852.4454942246927, 2613.518509594431, 1125.8336361534346, 622.5282936156312, 1595.9028958445933, 1672.083632232791, 807.7671822513703, 3024.634439403943, 842.7313814722797, 842.8235732248814]",3.0,0.3,145.15000000018168,15,0.5,1721880.1384887502,0.1444554161555437,0.12412575453778489,16430975.452693453,84089526828.87544,"[0.046875, 0.03125]",2,1721880.1384887502,0.046875,"[0.0, 0.015625, 0.03125, 0.046875, 0.0625, 0.078125, 0.09375, 0.109375, 0.125, 0.140625, 0.15625, 0.171875, 0.1875, 0.203125, 0.21875, 0.234375]","[154749.38571160214, 876106.9067084168, 1710291.3768917788, 1721880.1384887502, 1236443.3975595424, 1200279.693855805, 1385236.6101430561, 1437054.0474224328, 1048940.2936460678, 664501.8455340953, 393060.2971505914, 165807.08106881264, 58528.06662840396, 51528.95639362547, 141871.95181041534, 339557.7347225613]",3.0,0.3,flattop,64,32,145.15000000018168,15,21,449.5238095234383,37.999999999858346,1007.9999999995805,"[2, 5, 11, 17, 22, 25, 29, 38, 44, 52, 55, 60, 65, 74, 78, 84, 89, 95, 98, 101, 105]","[37.999999999858346, 367.9999999995631, 461.0000000000465, 192.99999999941144, 951.0000000000309, 153.99999999913632, 880.9999999986992, 242.99999999961062, 491.0000000000387, 185.99999999986915, 320.9999999997556, 943.0000000003297, 809.9999999987999, 204.9999999995346, 477.99999999959346, 275.99999999977376, 346.9999999997651, 79.00000000068462, 1007.9999999995805, 113.99999999915497, 892.9999999989661]","[1, 1, 1, 15, 1, 24, 27, 35, 35, 49, 35, 35, 63, 73, 73, 73, 35, 92, 35, 99, 99]","[3, 8, 18, 18, 35, 27, 35, 39, 49, 53, 56, 73, 73, 75, 81, 85, 92, 97, 106, 102, 106]",0.05,30,52684908.999994144,1015.9999999998913,-1015.9999999998913,DWT,uc1.l0082987033,2.414453774690628e-07,0.0,3.7124436857993715e-10,3.203749656677246e-06,0.0,4.1950443119276315e-10,1.1947005987167358e-05,1.0868461686186492e-10,1.0,84,0.0,3.637978807091713e-12,1.0,84,,0.0,0.0,1.0,84,0.0,0.0,5.856156349182129e-06,0.051788330078125,4.3655745685100555e-10,0.0,0.0,0.0,3.7124436857993715e-10,7.796188583597541e-09,4.789640007359031e-10,0.0,1.0868461686186492e-10,0.0,1.8167156667914242e-10,0.0,0.0,0.0,1.8167156667914242e-10,1.4165379980113357e-10,4.546363285840016e-14,2.414453774690628e-07,7.91033905045424e-15,4.8155923693116165e-15,6.618211045861244e-08,0.0,0.0,9.922618282587337e-14,0.2374352960967866,0.2425912134168052,0.021659891049756484,0.2583798882681563,0.08964217862981103,0.024647997742168144,0.012323998871084072,0.024647997742168144,122,0.4137955566505397,0.23395882400509532,769,0,0,0.024647997742168144,0.024647997742168144,121,0,0,0.16994169349226312,0.23115150801872908,771,374.41276242492944,0.5162625808463444,445.75,209.8791027671543,0.47017909404074326,764,sym,445.72514619883043,505.0,280.45746329325993,171,0.986117580085908,1.0,0.009717693939864401,6,574.5
sym3,1,periodic,3.7006745164039196e-18,234.41221421695062,9556179.153922604,0.5714285714285714,383.3492016101742,108,raw,1.4517441734348588e-09,-1.325620803031356e-10,"[2, 5, 11, 17, 22, 25, 29, 38, 44, 52, 55, 60, 65, 74, 78, 84, 89, 95, 98, 101, 105]","[38.00000000030846, 368.0000000027644, 461.00000000338446, 192.99999999964103, 951.0000000068544, 153.9999999987857, 881.000000003707, 243.00000000063898, 491.00000000432186, 186.00000000114562, 321.00000000280863, 943.0000000052723, 810.0000000032849, 204.99999999959195, 478.00000000260644, 276.00000000071145, 347.0000000019893, 79.00000000309785, 1008.0000000033951, 113.99999999790941, 893.0000000062741]",21,5.63352585115924,99037.10807804992,0.836618198627524,4.365923718208384e-06,1.0,0.4907407407407407,67631.00000000003,0.1291094199049625,0.15147910127186212,188156.12126511833,82872438.25060225,8,12069.579557434115,0.027777777777777776,"[0.0, 0.009259259259259259, 0.018518518518518517, 0.027777777777777776, 0.037037037037037035, 0.046296296296296294, 0.05555555555555555, 0.06481481481481481, 0.07407407407407407, 0.08333333333333333, 0.09259259259259259, 0.10185185185185185, 0.1111111111111111, 0.12037037037037036, 0.12962962962962962, 0.1388888888888889, 0.14814814814814814, 0.15740740740740738, 0.16666666666666666, 0.17592592592592593, 0.18518518518518517, 0.19444444444444442, 0.2037037037037037, 0.21296296296296297, 0.2222222222222222, 0.23148148148148145, 0.24074074074074073]","[67631.00000000003, 1786.6346316372737, 1155.9831840876354, 12069.579557434115, 1906.5778542111855, 950.5914327668402, 9083.877197427435, 2481.229636789225, 778.6316126085517, 8965.162396460915, 2042.6423114970075, 1606.717102170391, 6927.939836371748, 1790.9411989371051, 2115.0643760121707, 4469.14645344229, 811.3124818735482, 852.44549423224, 2613.5185096146383, 1125.83363616114, 622.5282936195445, 1595.9028958512852, 1672.083632238099, 807.7671822539202, 3024.634439409172, 842.7313814729702, 842.8235732251057]",3.0,0.3,145.149999998789,15,0.5,1721880.1384982853,0.144455416155631,0.12412575453771935,16430975.452879263,84089526830.81145,"[0.046875, 0.03125]",2,1721880.1384982853,0.046875,"[0.0, 0.015625, 0.03125, 0.046875, 0.0625, 0.078125, 0.09375, 0.109375, 0.125, 0.140625, 0.15625, 0.171875, 0.1875, 0.203125, 0.21875, 0.234375]","[154749.38571179585, 876106.9067116338, 1710291.3769002582, 1721880.1384982853, 1236443.3975713644, 1200279.6938738753, 1385236.6101679313, 1437054.047449621, 1048940.293666883, 664501.8455474349, 393060.29715818475, 165807.0810717806, 58528.06662918988, 51528.95639377472, 141871.95181059284, 339557.7347232377]",3.0,0.3,flattop,64,32,145.149999998789,15,21,449.5238095261188,38.00000000030846,1008.0000000033951,"[2, 5, 11, 17, 22, 25, 29, 38, 44, 52, 55, 60, 65, 74, 78, 84, 89, 95, 98, 101, 105]","[38.00000000030846, 368.0000000027644, 461.00000000338446, 192.99999999964103, 951.0000000068544, 153.9999999987857, 881.000000003707, 243.00000000063898, 491.00000000432186, 186.00000000114562, 321.00000000280863, 943.0000000052723, 810.0000000032849, 204.99999999959195, 478.00000000260644, 276.00000000071145, 347.0000000019893, 79.00000000309785, 1008.0000000033951, 113.99999999790941, 893.0000000062741]","[1, 1, 1, 15, 1, 24, 27, 35, 35, 49, 35, 35, 63, 73, 73, 73, 35, 92, 35, 99, 99]","[3, 8, 18, 18, 35, 27, 35, 39, 49, 53, 56, 73, 73, 75, 81, 85, 92, 97, 106, 102, 106]",0.05,30,52684909.00009941,1016.0000000009657,-1016.0000000009657,DWT,uc1.l0082987033,9.776558727025986e-06,0.0,2.3092638912203256e-09,2.168118953704834e-05,0.0,3.395143721718341e-09,0.000173863023519516,9.656559996074066e-10,1.0,84,0.0,1.5985278878360987e-08,1.0,84,,0.0,0.0,1.0,84,0.0,0.0,9.941309690475464e-05,1.98779296875,2.9103830456733704e-11,0.0,0.0,0.0,2.3092638912203256e-09,4.8494257498532534e-08,2.697011799076184e-09,0.0,9.656559996074066e-10,0.0,1.210992195410654e-09,0.0,0.0,0.0,1.210992195410654e-09,3.084608124481747e-10,2.2504220709151923e-13,9.776558727025986e-06,2.220446049250313e-14,6.072919944699606e-14,6.027985364198685e-07,0.0,0.0,1.1907141939104804e-14,0.06569972769952759,0.24248041858282776,0.041476903581300795,0.5905826017557858,0.02956104054150219,0.418420144877544,0.209210072438772,0.418420144877544,16,0.429455954620696,0.24281316821847168,764,0,0,0.418420144877544,0.418420144877544,16,0,0,0.19396013843218882,0.26382094689531294,761,430.993716118151,0.443160573490761,389.25,31.342322491088336,0.47012679837328747,765,sym,445.72514619883043,505.0,280.45746329325993,171,0.986117580085908,1.0,0.009717693939864401,6,575.25
sym3,1,antireflect,3.431038706507382e-18,234.74076693700658,9406287.252762519,0.5714285714285714,390.2050480367268,108,raw,1.3720420684366953e-09,-1.5655931778800793e-08,"[2, 5, 11, 17, 22, 25, 29, 38, 44, 52, 55, 60, 65, 74, 78, 84, 89, 95, 98, 101, 105]","[38.00000000081195, 368.0000000027644, 461.00000000338446, 192.99999999964103, 951.0000000038079, 153.9999999987857, 881.000000003707, 243.00000000063898, 491.00000000432186, 186.00000000114562, 321.00000000280863, 943.0000000052723, 810.0000000032849, 204.99999999959195, 478.00000000260644, 276.00000000071145, 347.0000000019893, 79.00000000309785, 1008.0000000003586, 113.99999999790941, 893.0000000090535]",21,5.623691477618092,108621.63448765535,0.8398831178521681,4.365923718207826e-06,1.0,0.4907407407407407,67631.00000001554,0.1291094199049652,0.15147910127187572,188156.12126510395,82872438.25062953,8,12069.579557420455,0.027777777777777776,"[0.0, 0.009259259259259259, 0.018518518518518517, 0.027777777777777776, 0.037037037037037035, 0.046296296296296294, 0.05555555555555555, 0.06481481481481481, 0.07407407407407407, 0.08333333333333333, 0.09259259259259259, 0.10185185185185185, 0.1111111111111111, 0.12037037037037036, 0.12962962962962962, 0.1388888888888889, 0.14814814814814814, 0.15740740740740738, 0.16666666666666666, 0.17592592592592593, 0.18518518518518517, 0.19444444444444442, 0.2037037037037037, 0.21296296296296297, 0.2222222222222222, 0.23148148148148145, 0.24074074074074073]","[67631.00000001554, 1786.6346316472516, 1155.9831840910579, 12069.579557420455, 1906.57785420729, 950.5914327798704, 9083.877197415313, 2481.229636787085, 778.6316125978705, 8965.162396454722, 2042.642311503415, 1606.7171021605448, 6927.9398363649, 1790.9411989311116, 2115.0643760160424, 4469.146453436383, 811.3124818738733, 852.4454942292195, 2613.5185096170703, 1125.8336361627728, 622.5282936193213, 1595.9028958522997, 1672.0836322394193, 807.7671822520924, 3024.634439410837, 842.7313814727613, 842.8235732264308]",3.0,0.3,145.1499999985909,15,0.5,1721880.1384983212,0.14445541615562146,0.12412575453771972,16430975.452880492,84089526830.82198,"[0.046875, 0.03125]",2,1721880.1384983212,0.046875,"[0.0, 0.015625, 0.03125, 0.046875, 0.0625, 0.078125, 0.09375, 0.109375, 0.125, 0.140625, 0.15625, 0.171875, 0.1875, 0.203125, 0.21875, 0.234375]","[154749.38571213148, 876106.9067121951, 1710291.3769005598, 1721880.1384983212, 1236443.397571358, 1200279.6938738767, 1385236.6101679292, 1437054.0474496232, 1048940.2936668813, 664501.8455474357, 393060.2971581847, 165807.0810717806, 58528.06662919003, 51528.956393774824, 141871.95181059232, 339557.73472323874]",3.0,0.3,flattop,64,32,145.1499999985909,15,21,449.52380952598537,38.00000000081195,1008.0000000003586,"[2, 5, 11, 17, 22, 25, 29, 38, 44, 52, 55, 60, 65, 74, 78, 84, 89, 95, 98, 101, 105]","[38.00000000081195, 368.0000000027644, 461.00000000338446, 192.99999999964103, 951.0000000038079, 153.9999999987857, 881.000000003707, 243.00000000063898, 491.00000000432186, 186.00000000114562, 321.00000000280863, 943.0000000052723, 810.0000000032849, 204.99999999959195, 478.00000000260644, 276.00000000071145, 347.0000000019893, 79.00000000309785, 1008.0000000003586, 113.99999999790941, 893.0000000090535]","[1, 1, 1, 15, 1, 24, 27, 35, 35, 49, 35, 35, 63, 73, 73, 73, 35, 92, 35, 99, 99]","[3, 8, 18, 18, 35, 27, 35, 39, 49, 53, 56, 73, 73, 75, 81, 85, 92, 97, 106, 102, 106]",0.05,30,52684909.00010543,1016.0000000009657,-1016.0000000009657,DWT,uc1.l0082987033,9.812414646148682e-06,0.0,2.175852387154009e-09,4.89652156829834e-05,0.0,3.5856828617397696e-10,0.00017509236931800842,9.656559996074066e-10,1.0,84,0.0,2.3246684577316046e-09,1.0,84,,0.0,0.0,1.0,84,0.0,0.0,0.00010543316602706909,1.998321533203125,1.5541445463895798e-08,0.0,0.0,0.0,2.175852387154009e-09,4.5693013817071915e-08,2.5636666123318715e-09,0.0,9.656559996074066e-10,0.0,1.4090915101405699e-09,0.0,0.0,0.0,1.4090915101405699e-09,8.119513950077817e-10,2.2773449792623524e-13,9.812414646148682e-06,3.58046925441613e-14,6.035449917618507e-14,5.88421244174242e-07,0.0,0.0,2.145505995088115e-14,0.06907287070444867,0.22987920823253497,0.026936854610420623,0.5905826017557858,0.05550541995967314,0.4437580356862868,0.2218790178431434,0.4437580356862868,10,0.42828696253033055,0.2421522234346587,765,0,0,0.4437580356862868,0.4437580356862868,10,0,0,0.19439539105257264,0.2644129693560954,760,434.4608728067465,0.4386810428853404,386.25,19.74109757650354,0.4698250175667012,766,sym,445.72514619883043,505.0,280.45746329325993,171,0.986117580085908,1.0,0.009717693939864401,6,576.0
sym7,1,constant,7.865495836539141e-20,251.13776205674026,9350000.19333646,0.5416666666666666,326.60734796161125,108,raw,2.1583380350454752e-10,-5.722066154907066e-10,"[2, 5, 11, 17, 22, 25, 29, 38, 44, 52, 55, 60, 65, 74, 78, 84, 89, 95, 98, 101, 105]","[37.999999999858346, 367.99999999956674, 461.0000000000464, 192.99999999941144, 951.0000000000148, 153.99999999913632, 880.9999999986992, 242.99999999961062, 491.0000000000387, 185.99999999986915, 320.9999999997556, 943.0000000003297, 809.9999999987999, 204.9999999995346, 477.99999999959346, 275.99999999977376, 346.9999999997651, 79.00000000068451, 1007.9999999995752, 113.99999999915337, 892.9999999989618]",21,5.6364074972401355,117692.50275319057,0.8722942429742145,4.3659237182566584e-06,1.0,0.4907407407407407,67631.00000000047,0.129109419904692,0.15147910127184783,188156.12126444926,82872438.25058383,8,12069.57955741811,0.027777777777777776,"[0.0, 0.009259259259259259, 0.018518518518518517, 0.027777777777777776, 0.037037037037037035, 0.046296296296296294, 0.05555555555555555, 0.06481481481481481, 0.07407407407407407, 0.08333333333333333, 0.09259259259259259, 0.10185185185185185, 0.1111111111111111, 0.12037037037037036, 0.12962962962962962, 0.1388888888888889, 0.14814814814814814, 0.15740740740740738, 0.16666666666666666, 0.17592592592592593, 0.18518518518518517, 0.19444444444444442, 0.2037037037037037, 0.21296296296296297, 0.2222222222222222, 0.23148148148148145, 0.24074074074074073]","[67631.00000000047, 1786.6346316372892, 1155.9831840870106, 12069.57955741811, 1906.5778542069324, 950.5914327641241, 9083.877197385675, 2481.2296367745503, 778.6316126028038, 8965.16239638682, 2042.642311478588, 1606.7171021539864, 6927.939836298372, 1790.9411989173636, 2115.0643759894315, 4469.146453395725, 811.3124818652678, 852.4454942246672, 2613.5185095944807, 1125.8336361534646, 622.5282936156236, 1595.9028958446193, 1672.0836322328068, 807.7671822513483, 3024.634439403928, 842.7313814723107, 842.8235732249148]",3.0,0.3,145.15000000016883,15,0.5,1721880.1384887497,0.14445541615554364,0.12412575453778489,16430975.452693457,84089526828.87544,"[0.046875, 0.03125]",2,1721880.1384887497,0.046875,"[0.0, 0.015625, 0.03125, 0.046875, 0.0625, 0.078125, 0.09375, 0.109375, 0.125, 0.140625, 0.15625, 0.171875, 0.1875, 0.203125, 0.21875, 0.234375]","[154749.38571160278, 876106.9067084179, 1710291.3768917792, 1721880.1384887497, 1236443.3975595427, 1200279.693855805, 1385236.6101430561, 1437054.0474224328, 1048940.2936460678, 664501.8455340953, 393060.2971505914, 165807.0810688127, 58528.066628403976, 51528.95639362547, 141871.9518104153, 339557.73472256126]",3.0,0.3,flattop,64,32,145.15000000016883,15,21,449.52380952343714,37.999999999858346,1007.9999999995752,"[2, 5, 11, 17, 22, 25, 29, 38, 44, 52, 55, 60, 65, 74, 78, 84, 89, 95, 98, 101, 105]","[37.999999999858346, 367.99999999956674, 461.0000000000464, 192.99999999941144, 951.0000000000148, 153.99999999913632, 880.9999999986992, 242.99999999961062, 491.0000000000387, 185.99999999986915, 320.9999999997556, 943.0000000003297, 809.9999999987999, 204.9999999995346, 477.99999999959346, 275.99999999977376, 346.9999999997651, 79.00000000068451, 1007.9999999995752, 113.99999999915337, 892.9999999989618]","[1, 1, 1, 15, 1, 24, 27, 35, 35, 49, 35, 35, 63, 73, 73, 73, 35, 92, 35, 99, 99]","[3, 8, 18, 18, 35, 27, 35, 39, 49, 53, 56, 73, 73, 75, 81, 85, 92, 97, 106, 102, 106]",0.05,30,52684908.99999413,1015.9999999998913,-1015.9999999998913,DWT,uc1.l0082987033,2.4097971618175507e-07,0.0,3.723812369571533e-10,3.2633543014526367e-06,0.0,4.248477125656791e-10,1.1943280696868896e-05,1.0868461686186492e-10,1.0,84,0.0,2.000888343900442e-11,1.0,84,,0.0,0.0,1.0,84,0.0,0.0,5.8710575103759766e-06,0.051788330078125,4.656612873077393e-10,0.0,0.0,0.0,3.723812369571533e-10,7.819835445843637e-09,4.785471489975905e-10,0.0,1.0868461686186492e-10,0.0,1.688249540165998e-10,0.0,0.0,0.0,1.688249540165998e-10,1.4165379980113357e-10,4.546363285840016e-14,2.4097971618175507e-07,7.91033905045424e-15,4.8155923693116165e-15,6.626942194998264e-08,0.0,0.0,9.928169397710462e-14,0.23741544105490486,0.2461727969807533,0.02147680910997926,0.2583798882681563,0.08005937681428002,0.02471071529367494,0.01235535764683747,0.02471071529367494,120,0.4116497737112837,0.23274560446957843,770,0,0,0.02471071529367494,0.02471071529367494,119,0,0,0.16870086244561477,0.22946375287321336,772,376.1448081080831,0.5140247957259908,445.25,206.9243855784342,0.46938319889658714,767,sym,445.72514619883043,505.0,280.45746329325993,171,0.986117580085908,1.0,0.009717693939864401,6,576.75
rbio5.5,1,periodization,1.0848290186210697e-19,249.741410173485,9710816.948070634,0.5555555555555556,400.7355724619409,108,raw,2.582687643995188e-10,-1.300600740473704e-10,"[2, 5, 11, 17, 22, 25, 29, 38, 44, 52, 55, 60, 65, 74, 78, 84, 89, 95, 98, 101, 105]","[38.00000000009902, 368.00000000055667, 461.0000000005286, 193.00000000008458, 951.0000000010814, 153.9999999999958, 881.000000000972, 243.00000000019327, 491.000000000732, 186.00000000020498, 321.00000000050113, 943.0000000008065, 810.0000000008622, 205.0000000000277, 478.0000000005248, 276.00000000014677, 347.0000000003844, 79.00000000032708, 1008.0000000006867, 113.99999999986358, 893.0000000013465]",21,5.558776581608668,107461.35019171354,0.8322708865490557,4.365923718242625e-06,1.0,0.4907407407407407,67631.00000000003,0.12910941990478586,0.1514791012718421,188156.1212646335,82872438.25058407,8,12069.579557420955,0.027777777777777776,"[0.0, 0.009259259259259259, 0.018518518518518517, 0.027777777777777776, 0.037037037037037035, 0.046296296296296294, 0.05555555555555555, 0.06481481481481481, 0.07407407407407407, 0.08333333333333333, 0.09259259259259259, 0.10185185185185185, 0.1111111111111111, 0.12037037037037036, 0.12962962962962962, 0.1388888888888889, 0.14814814814814814, 0.15740740740740738, 0.16666666666666666, 0.17592592592592593, 0.18518518518518517, 0.19444444444444442, 0.2037037037037037, 0.21296296296296297, 0.2222222222222222, 0.23148148148148145, 0.24074074074074073]","[67631.00000000003, 1786.6346316370496, 1155.9831840870606, 12069.579557420955, 1906.5778542076089, 950.5914327641708, 9083.877197392594, 2481.2296367770605, 778.6316126039179, 8965.162396398899, 2042.6423114811723, 1606.717102156885, 6927.9398363105165, 1790.941198920954, 2115.0643759932846, 4469.146453404012, 811.3124818671095, 852.4454942262182, 2613.5185095989887, 1125.8336361557833, 622.5282936174063, 1595.902895847962, 1672.0836322368025, 807.7671822542562, 3024.6344394134603, 842.7313814748097, 842.8235732273465]",3.0,0.3,145.1499999997017,15,0.5,1721880.13849023,0.14445541615566487,0.1241257545377702,16430975.4527383,84089526829.157,"[0.046875, 0.03125]",2,1721880.13849023,0.046875,"[0.0, 0.015625, 0.03125, 0.046875, 0.0625, 0.078125, 0.09375, 0.109375, 0.125, 0.140625, 0.15625, 0.171875, 0.1875, 0.203125, 0.21875, 0.234375]","[154749.38571160546, 876106.9067088652, 1710291.376893065, 1721880.13849023, 1236443.3975614035, 1200279.6938586738, 1385236.61014704, 1437054.0474268568, 1048940.2936495482, 664501.8455364413, 393060.29715203005, 165807.08106944023, 58528.066628661414, 51528.95639396387, 141871.9518114117, 339557.73472488794]",3.0,0.3,flattop,64,32,145.1499999997017,15,21,449.5238095242822,38.00000000009902,1008.0000000006867,"[2, 5, 11, 17, 22, 25, 29, 38, 44, 52, 55, 60, 65, 74, 78, 84, 89, 95, 98, 101, 105]","[38.00000000009902, 368.00000000055667, 461.0000000005286, 193.00000000008458, 951.0000000010814, 153.9999999999958, 881.000000000972, 243.00000000019327, 491.000000000732, 186.00000000020498, 321.00000000050113, 943.0000000008065, 810.0000000008622, 205.0000000000277, 478.0000000005248, 276.00000000014677, 347.0000000003844, 79.00000000032708, 1008.0000000006867, 113.99999999986358, 893.0000000013465]","[1, 1, 1, 15, 1, 24, 27, 35, 35, 49, 35, 35, 63, 73, 73, 73, 35, 92, 35, 99, 99]","[3, 8, 18, 18, 35, 27, 35, 39, 49, 53, 56, 73, 73, 75, 81, 85, 92, 97, 106, 102, 106]",0.05,30,52684909.00001867,1016.0000000001885,-1016.0000000001885,DWT,uc1.l0082987033,1.7213169485330582e-06,0.0,4.727098712464795e-10,3.5017728805541992e-06,0.0,6.866684998385608e-10,3.2899901270866394e-05,1.8849277694243938e-10,1.0,84,0.0,2.824890543706715e-09,1.0,84,,0.0,0.0,1.0,84,0.0,0.0,1.8671154975891113e-05,0.333343505859375,2.9103830456733704e-11,0.0,0.0,0.0,4.727098712464795e-10,9.926225175149739e-09,4.860396529693388e-10,0.0,1.8849277694243938e-10,0.0,2.9831426218152046e-10,0.0,0.0,0.0,2.9831426218152046e-10,9.902123565552756e-11,4.8405723873656825e-14,1.7213169485330582e-06,2.192690473634684e-15,9.880984919163893e-15,1.179578248411417e-07,0.0,0.0,2.195466031196247e-14,0.22307955430099657,0.14670092991521036,0.056477321097253765,0.41340782122905073,0.052364643387062204,0.07858509203800684,0.03929254601900342,0.07858509203800684,54,0.4217458439332752,0.23845389369174813,766,0,0,0.07858509203800684,0.07858509203800684,54,0,0,0.17840605398591475,0.24266457260173444,768,411.6515516793299,0.4681504500267055,410.5,100.8964564415775,0.4688943464603812,768,rbio,366.5925925925926,360.0,210.3588723315502,135,0.8110455588331695,0.7500562468954116,0.20725123474815782,3,576.75
sym3,1,symmetric,3.712443023451158e-18,234.39842514120204,9421515.961071515,0.5714285714285714,383.3492016101742,108,raw,1.4533967116234532e-09,-1.3242707727569052e-10,"[2, 5, 11, 17, 22, 25, 29, 38, 44, 52, 55, 60, 65, 74, 78, 84, 89, 95, 98, 101, 105]","[38.000000000403816, 368.0000000027644, 461.00000000338446, 192.99999999964103, 951.0000000045336, 153.9999999987857, 881.000000003707, 243.00000000063898, 491.00000000432186, 186.00000000114562, 321.00000000280863, 943.0000000052723, 810.0000000032849, 204.99999999959195, 478.00000000260644, 276.00000000071145, 347.0000000019893, 79.00000000309785, 1008.000000005716, 113.99999999790941, 893.0000000062711]",21,5.620362648956311,104901.66547797875,0.8302718140788908,4.36592371820704e-06,1.0,0.4907407407407407,67631.00000000001,0.12910941990497918,0.15147910127186298,188156.12126513247,82872438.25060064,8,12069.579557433592,0.027777777777777776,"[0.0, 0.009259259259259259, 0.018518518518518517, 0.027777777777777776, 0.037037037037037035, 0.046296296296296294, 0.05555555555555555, 0.06481481481481481, 0.07407407407407407, 0.08333333333333333, 0.09259259259259259, 0.10185185185185185, 0.1111111111111111, 0.12037037037037036, 0.12962962962962962, 0.1388888888888889, 0.14814814814814814, 0.15740740740740738, 0.16666666666666666, 0.17592592592592593, 0.18518518518518517, 0.19444444444444442, 0.2037037037037037, 0.21296296296296297, 0.2222222222222222, 0.23148148148148145, 0.24074074074074073]","[67631.00000000001, 1786.6346316368883, 1155.9831840866648, 12069.579557433592, 1906.5778542131138, 950.5914327675677, 9083.877197426438, 2481.229636786038, 778.6316126110339, 8965.16239645784, 2042.6423115000823, 1606.7171021720305, 6927.939836369318, 1790.9411989344435, 2115.064376006501, 4469.146453444809, 811.3124818670817, 852.4454942375056, 2613.5185096183714, 1125.8336361565546, 622.5282936125933, 1595.9028958583913, 1672.083632245071, 807.7671822469604, 3024.634439411625, 842.7313814758476, 842.823573230586]",3.0,0.3,145.14999999870128,15,0.5,1721880.1384983072,0.14445541615562518,0.12412575453771958,16430975.452880016,84089526830.8179,"[0.046875, 0.03125]",2,1721880.1384983072,0.046875,"[0.0, 0.015625, 0.03125, 0.046875, 0.0625, 0.078125, 0.09375, 0.109375, 0.125, 0.140625, 0.15625, 0.171875, 0.1875, 0.203125, 0.21875, 0.234375]","[154749.38571200136, 876106.9067119776, 1710291.3769004429, 1721880.1384983072, 1236443.3975713605, 1200279.6938738762, 1385236.6101679304, 1437054.047449622, 1048940.293666882, 664501.8455474353, 393060.2971581848, 165807.0810717806, 58528.06662919, 51528.95639377479, 141871.9518105925, 339557.7347232385]",3.0,0.3,flattop,64,32,145.14999999870128,15,21,449.5238095261232,38.000000000403816,1008.000000005716,"[2, 5, 11, 17, 22, 25, 29, 38, 44, 52, 55, 60, 65, 74, 78, 84, 89, 95, 98, 101, 105]","[38.000000000403816, 368.0000000027644, 461.00000000338446, 192.99999999964103, 951.0000000045336, 153.9999999987857, 881.000000003707, 243.00000000063898, 491.00000000432186, 186.00000000114562, 321.00000000280863, 943.0000000052723, 810.0000000032849, 204.99999999959195, 478.00000000260644, 276.00000000071145, 347.0000000019893, 79.00000000309785, 1008.000000005716, 113.99999999790941, 893.0000000062711]","[1, 1, 1, 15, 1, 24, 27, 35, 35, 49, 35, 35, 63, 73, 73, 73, 35, 92, 35, 99, 99]","[3, 8, 18, 18, 35, 27, 35, 39, 49, 53, 56, 73, 73, 75, 81, 85, 92, 97, 106, 102, 106]",0.05,30,52684909.000099674,1016.0000000009657,-1016.0000000009657,DWT,uc1.l0082987033,9.79844480752945e-06,0.0,2.3136976778914686e-09,2.0071864128112793e-05,0.0,5.715946826967411e-09,0.0001746155321598053,9.656559996074066e-10,1.0,84,0.0,1.546140993013978e-08,1.0,84,,0.0,0.0,1.0,84,0.0,0.0,9.967386722564697e-05,1.9942474365234375,1.4551915228366852e-11,0.0,0.0,0.0,2.3136976778914686e-09,4.858702595811337e-08,2.7014063367200183e-09,0.0,9.656559996074066e-10,0.0,1.2987300124223111e-09,0.0,0.0,0.0,1.2987300124223111e-09,4.0381564758718014e-10,2.417233080365122e-13,9.79844480752945e-06,2.3064883336587627e-14,6.049327705426322e-14,6.16942998021841e-07,0.0,0.0,1.7735812818386876e-14,0.06555815978191071,0.22561383535324867,0.0284140936264204,0.5905826017557858,0.04543582619089135,0.4195177020289128,0.2097588510144564,0.4195177020289128,14,0.4207562315376518,0.2378943696741994,767,0,0,0.4195177020289128,0.4195177020289128,14,0,0,0.19112090334165138,0.25995907251174794,763,433.593127251805,0.43980216117337856,389.5,27.496787379746987,0.4682860935065859,769,sym,445.72514619883043,505.0,280.45746329325993,171,0.986117580085908,1.0,0.009717693939864401,6,578.25
sym3,1,reflect,3.668325993357729e-18,234.45034387993874,9427435.967977755,0.5714285714285714,383.3492016101742,108,raw,1.4449006600245783e-09,3.4991613973625286e-09,"[2, 5, 11, 17, 22, 25, 29, 38, 44, 52, 55, 60, 65, 74, 78, 84, 89, 95, 98, 101, 105]","[37.999999999763304, 368.0000000027644, 461.00000000338446, 192.99999999964103, 951.000000004443, 153.9999999987857, 881.000000003707, 243.00000000063898, 491.00000000432186, 186.00000000114562, 321.00000000280863, 943.0000000052723, 810.0000000032849, 204.99999999959195, 478.00000000260644, 276.00000000071145, 347.0000000019893, 79.00000000309785, 1008.0000000054667, 113.99999999790941, 893.000000003447]",21,5.619365231433747,103222.49053992625,0.8414237143227205,4.365923718210715e-06,1.0,0.4907407407407407,67630.99999999639,0.12910941990495475,0.15147910127185288,188156.12126510538,82872438.25059396,8,12069.579557436427,0.027777777777777776,"[0.0, 0.009259259259259259, 0.018518518518518517, 0.027777777777777776, 0.037037037037037035, 0.046296296296296294, 0.05555555555555555, 0.06481481481481481, 0.07407407407407407, 0.08333333333333333, 0.09259259259259259, 0.10185185185185185, 0.1111111111111111, 0.12037037037037036, 0.12962962962962962, 0.1388888888888889, 0.14814814814814814, 0.15740740740740738, 0.16666666666666666, 0.17592592592592593, 0.18518518518518517, 0.19444444444444442, 0.2037037037037037, 0.21296296296296297, 0.2222222222222222, 0.23148148148148145, 0.24074074074074073]","[67630.99999999639, 1786.6346316344086, 1155.9831840854852, 12069.579557436427, 1906.577854214719, 950.5914327652117, 9083.877197428335, 2481.2296367852086, 778.6316126135216, 8965.162396457521, 2042.6423115005252, 1606.717102173072, 6927.939836368659, 1790.941198933444, 2115.0643760055927, 4469.146453444127, 811.3124818661336, 852.4454942366738, 2613.5185096201994, 1125.8336361585036, 622.5282936137319, 1595.9028958575839, 1672.0836322431628, 807.7671822491584, 3024.634439408613, 842.7313814768424, 842.823573229455]",3.0,0.3,145.14999999881167,15,0.5,1721880.1384982993,0.14445541615562726,0.12412575453771948,16430975.452879747,84089526830.8156,"[0.046875, 0.03125]",2,1721880.1384982993,0.046875,"[0.0, 0.015625, 0.03125, 0.046875, 0.0625, 0.078125, 0.09375, 0.109375, 0.125, 0.140625, 0.15625, 0.171875, 0.1875, 0.203125, 0.21875, 0.234375]","[154749.38571192804, 876106.906711855, 1710291.3769003772, 1721880.1384982993, 1236443.3975713616, 1200279.6938738758, 1385236.6101679304, 1437054.0474496216, 1048940.2936668822, 664501.8455474353, 393060.2971581847, 165807.08107178065, 58528.066629189896, 51528.95639377477, 141871.9518105926, 339557.73472323833]",3.0,0.3,flattop,64,32,145.14999999881167,15,21,449.523809525942,37.999999999763304,1008.0000000054667,"[2, 5, 11, 17, 22, 25, 29, 38, 44, 52, 55, 60, 65, 74, 78, 84, 89, 95, 98, 101, 105]","[37.999999999763304, 368.0000000027644, 461.00000000338446, 192.99999999964103, 951.000000004443, 153.9999999987857, 881.000000003707, 243.00000000063898, 491.00000000432186, 186.00000000114562, 321.00000000280863, 943.0000000052723, 810.0000000032849, 204.99999999959195, 478.00000000260644, 276.00000000071145, 347.0000000019893, 79.00000000309785, 1008.0000000054667, 113.99999999790941, 893.000000003447]","[1, 1, 1, 15, 1, 24, 27, 35, 35, 49, 35, 35, 63, 73, 73, 73, 35, 92, 35, 99, 99]","[3, 8, 18, 18, 35, 27, 35, 39, 49, 53, 56, 73, 73, 75, 81, 85, 92, 97, 106, 102, 106]",0.05,30,52684909.000094056,1016.0000000009657,-1016.0000000009657,DWT,uc1.l0082987033,9.790528565645218e-06,0.0,2.1324808585632127e-09,1.3396143913269043e-05,0.0,5.466745278681628e-09,0.00017434731125831604,9.656559996074066e-10,1.0,84,0.0,1.829721441026777e-08,1.0,84,,0.0,0.0,1.0,84,0.0,0.0,9.40561294555664e-05,1.991943359375,3.6088749766349792e-09,0.0,0.0,0.0,2.1324808585632127e-09,4.478170012589544e-08,2.5427861298036687e-09,0.0,9.656559996074066e-10,0.0,1.188340092994622e-09,0.0,0.0,0.0,1.188340092994622e-09,2.3669599613640457e-10,2.1729840149475876e-13,9.790528565645218e-06,1.2961853812498703e-14,6.059042156891792e-14,5.89847331866622e-07,0.0,0.0,1.5654144647214707e-14,0.06609119244213102,0.2243358009206223,0.028988355408801406,0.5905826017557858,0.04089046319218778,0.39587318511085334,0.19793659255542667,0.39587318511085334,18,0.4189060196091799,0.236848265142654,768,0,0,0.39587318511085334,0.39587318511085334,18,0,0,0.19017768274390565,0.2586761215237776,764,431.86108877739844,0.44203993698010535,392.0,35.17346388250575,0.46778999432984597,770,sym,445.72514619883043,505.0,280.45746329325993,171,0.986117580085908,1.0,0.009717693939864401,6,579.0
sym20,1,zero,1.493135165933117e-17,228.35403187206592,9368087.606234282,0.5616438356164384,212.3294474448708,108,raw,3.072102276272896e-09,1.0759557889625487e-08,"[2, 5, 11, 17, 22, 25, 29, 38, 44, 52, 55, 60, 65, 74, 78, 84, 89, 95, 98, 101, 105]","[37.999999998210114, 367.99999999175543, 460.9999999943604, 192.99999999520145, 950.9999999936393, 153.99999999415854, 880.9999999825247, 242.99999999537852, 490.99999999309773, 185.99999999706495, 320.99999999304896, 942.9999999941231, 809.999999983803, 204.9999999962776, 477.9999999920177, 275.9999999963602, 346.99999999423176, 79.0000000011214, 1007.9999999909172, 113.99999999569309, 892.9999999807574]",21,5.623870229909611,146160.5190459458,0.9157941384549708,4.365923718371144e-06,1.0,0.4907407407407407,67630.99999998913,0.12910941990395677,0.1514791012718574,188156.12126291814,82872438.25054543,8,12069.579557396077,0.027777777777777776,"[0.0, 0.009259259259259259, 0.018518518518518517, 0.027777777777777776, 0.037037037037037035, 0.046296296296296294, 0.05555555555555555, 0.06481481481481481, 0.07407407407407407, 0.08333333333333333, 0.09259259259259259, 0.10185185185185185, 0.1111111111111111, 0.12037037037037036, 0.12962962962962962, 0.1388888888888889, 0.14814814814814814, 0.15740740740740738, 0.16666666666666666, 0.17592592592592593, 0.18518518518518517, 0.19444444444444442, 0.2037037037037037, 0.21296296296296297, 0.2222222222222222, 0.23148148148148145, 0.24074074074074073]","[67630.99999998913, 1786.6346316301117, 1155.9831840846714, 12069.579557396077, 1906.5778541983168, 950.5914327491688, 9083.877197318996, 2481.229636754299, 778.631612596627, 8965.162396277226, 2042.642311445406, 1606.7171021329943, 6927.939836195417, 1790.9411988919742, 2115.064375955671, 4469.146453320543, 811.3124818531352, 852.4454942088444, 2613.518509544926, 1125.8336361329611, 622.528293605345, 1595.9028958127317, 1672.0836321994345, 807.7671822371342, 3024.634439344832, 842.7313814551262, 842.8235732072408]",3.0,0.3,145.15000000369986,15,0.5,1721880.1384706192,0.14445541615483312,0.1241257545378909,16430975.452303194,84089526825.85408,"[0.046875, 0.03125]",2,1721880.1384706192,0.046875,"[0.0, 0.015625, 0.03125, 0.046875, 0.0625, 0.078125, 0.09375, 0.109375, 0.125, 0.140625, 0.15625, 0.171875, 0.1875, 0.203125, 0.21875, 0.234375]","[154749.38571070958, 876106.9067014329, 1710291.3768752408, 1721880.1384706192, 1236443.39753917, 1200279.6938272128, 1385236.6101049667, 1437054.047380553, 1048940.2936134324, 664501.8455121914, 393060.29713715945, 165807.0810629776, 58528.066626256375, 51528.956391618056, 141871.95180482618, 339557.7347092178]",3.0,0.3,flattop,64,32,145.15000000369986,15,21,449.5238095168449,37.999999998210114,1007.9999999909172,"[2, 5, 11, 17, 22, 25, 29, 38, 44, 52, 55, 60, 65, 74, 78, 84, 89, 95, 98, 101, 105]","[37.999999998210114, 367.99999999175543, 460.9999999943604, 192.99999999520145, 950.9999999936393, 153.99999999415854, 880.9999999825247, 242.99999999537852, 490.99999999309773, 185.99999999706495, 320.99999999304896, 942.9999999941231, 809.999999983803, 204.9999999962776, 477.9999999920177, 275.9999999963602, 346.99999999423176, 79.0000000011214, 1007.9999999909172, 113.99999999569309, 892.9999999807574]","[1, 1, 1, 15, 1, 24, 27, 35, 35, 49, 35, 35, 63, 73, 73, 73, 35, 92, 35, 99, 99]","[3, 8, 18, 18, 35, 27, 35, 39, 49, 53, 56, 73, 73, 75, 81, 85, 92, 97, 106, 102, 106]",0.05,30,52684908.99977231,1015.9999999970046,-1015.9999999970046,DWT,uc1.l0082987033,1.7889542505145073e-05,0.0,6.96462620908278e-09,3.5136938095092773e-05,0.0,9.08278252609307e-09,0.00040220655500888824,2.995420800289139e-09,1.0,84,0.0,2.2053427528589964e-08,1.0,84,,0.0,0.0,1.0,84,0.0,0.0,0.0002276897430419922,2.969573974609375,1.0870280675590038e-08,0.0,0.0,0.0,6.96462620908278e-09,1.4625766198150814e-07,7.0714376999517065e-09,0.0,2.995420800289139e-09,0.0,3.6998528685217025e-09,0.0,0.0,0.0,3.6998528685217025e-09,1.7898855730891228e-09,7.806810753407945e-13,1.7889542505145073e-05,1.7486012637846216e-14,1.1082801343320625e-13,1.597392838448286e-06,0.0,0.0,8.097966741615892e-13,0.003502356770127002,0.23010825131459825,0.023231352666071573,0.48136527129410006,0.15711952401589016,0.9583241870237386,0.4791620935118693,0.9583241870237386,3,0.3841651341764072,0.2172058679005505,771,0,0,0.9583241870237386,0.9583241870237386,3,0,0,0.17906535121215741,0.24356133633844215,767,442.25332107288915,0.42861328026758505,386.0,5.976683780724451,0.46495263496583383,771,sym,445.72514619883043,505.0,280.45746329325993,171,0.986117580085908,1.0,0.009717693939864401,6,579.75
sym20,1,constant,1.4975663512452996e-17,228.34116237822602,9361823.982773965,0.5616438356164384,212.3294474448708,108,raw,3.0799415363781515e-09,9.392112177134256e-09,"[2, 5, 11, 17, 22, 25, 29, 38, 44, 52, 55, 60, 65, 74, 78, 84, 89, 95, 98, 101, 105]","[37.99999999821017, 367.99999999180557, 460.99999999435977, 192.99999999520173, 950.9999999933096, 153.99999999415866, 880.9999999825247, 242.99999999537852, 490.99999999309773, 185.99999999706495, 320.99999999304896, 942.9999999941231, 809.999999983803, 204.99999999627755, 477.9999999920178, 275.9999999963603, 346.9999999942321, 79.00000000112163, 1007.9999999908109, 113.99999999568047, 892.9999999807923]",21,5.6325050921352355,138937.76608428956,0.9113634986635722,4.365923718371232e-06,1.0,0.4907407407407407,67630.9999999905,0.12910941990395627,0.15147910127185793,188156.1212629172,82872438.25054777,8,12069.57955739485,0.027777777777777776,"[0.0, 0.009259259259259259, 0.018518518518518517, 0.027777777777777776, 0.037037037037037035, 0.046296296296296294, 0.05555555555555555, 0.06481481481481481, 0.07407407407407407, 0.08333333333333333, 0.09259259259259259, 0.10185185185185185, 0.1111111111111111, 0.12037037037037036, 0.12962962962962962, 0.1388888888888889, 0.14814814814814814, 0.15740740740740738, 0.16666666666666666, 0.17592592592592593, 0.18518518518518517, 0.19444444444444442, 0.2037037037037037, 0.21296296296296297, 0.2222222222222222, 0.23148148148148145, 0.24074074074074073]","[67630.9999999905, 1786.6346316308916, 1155.9831840847398, 12069.57955739485, 1906.5778541984103, 950.59143275023, 9083.877197318037, 2481.2296367536946, 778.6316125963725, 8965.162396276555, 2042.6423114460229, 1606.7171021327038, 6927.93983619492, 1790.941198891519, 2115.064375955466, 4469.146453320421, 811.3124818527943, 852.4454942089445, 2613.5185095452466, 1125.8336361329025, 622.528293605099, 1595.9028958130218, 1672.083632199679, 807.7671822368847, 3024.6344393448626, 842.7313814552789, 842.8235732074654]",3.0,0.3,145.15000000380587,15,0.5,1721880.1384706225,0.1444554161548317,0.12412575453789096,16430975.45230337,84089526825.8556,"[0.046875, 0.03125]",2,1721880.1384706225,0.046875,"[0.0, 0.015625, 0.03125, 0.046875, 0.0625, 0.078125, 0.09375, 0.109375, 0.125, 0.140625, 0.15625, 0.171875, 0.1875, 0.203125, 0.21875, 0.234375]","[154749.38571075848, 876106.9067015129, 1710291.3768752853, 1721880.1384706225, 1236443.397539171, 1200279.693827212, 1385236.6101049676, 1437054.047380553, 1048940.2936134324, 664501.8455121915, 393060.2971371596, 165807.08106297773, 58528.06662625636, 51528.95639161808, 141871.95180482615, 339557.7347092178]",3.0,0.3,flattop,64,32,145.15000000380587,15,21,449.52380951682755,37.99999999821017,1007.9999999908109,"[2, 5, 11, 17, 22, 25, 29, 38, 44, 52, 55, 60, 65, 74, 78, 84, 89, 95, 98, 101, 105]","[37.99999999821017, 367.99999999180557, 460.99999999435977, 192.99999999520173, 950.9999999933096, 153.99999999415866, 880.9999999825247, 242.99999999537852, 490.99999999309773, 185.99999999706495, 320.99999999304896, 942.9999999941231, 809.999999983803, 204.99999999627755, 477.9999999920178, 275.9999999963603, 346.9999999942321, 79.00000000112163, 1007.9999999908109, 113.99999999568047, 892.9999999807923]","[1, 1, 1, 15, 1, 24, 27, 35, 35, 49, 35, 35, 63, 73, 73, 73, 35, 92, 35, 99, 99]","[3, 8, 18, 18, 35, 27, 35, 39, 49, 53, 56, 73, 73, 75, 81, 85, 92, 97, 106, 102, 106]",0.05,30,52684908.99977286,1015.9999999970057,-1015.9999999970057,DWT,uc1.l0082987033,1.788628287613392e-05,0.0,6.981963451835327e-09,3.279745578765869e-05,0.0,9.18907971936278e-09,0.0004020296037197113,2.994283931911923e-09,1.0,84,0.0,2.327942638657987e-08,1.0,84,,0.0,0.0,1.0,84,0.0,0.0,0.00022713840007781982,2.968048095703125,9.502400644123554e-09,0.0,0.0,0.0,6.981963451835327e-09,1.466214598622173e-07,7.088745167580088e-09,0.0,2.994283931911923e-09,0.0,3.8058658446971094e-09,0.0,0.0,0.0,3.8058658446971094e-09,1.789828729670262e-09,7.811806757018758e-13,1.788628287613392e-05,1.8013368574543165e-14,1.1088352458443751e-13,1.5983241610229015e-06,0.0,0.0,8.112122085179863e-13,0.003370229898325361,0.24117247566967565,0.022623758852507912,0.48136527129410006,0.13756823527478665,0.9560036376179875,0.47800181880899373,0.9560036376179875,4,0.38149365782764166,0.21569542281512283,772,0,0,0.9560036376179875,0.9560036376179875,4,0,0,0.17721999419787912,0.24105131629616933,769,442.54067609655954,0.4282420205470807,387.25,7.958682865521576,0.46395951156553,772,sym,445.72514619883043,505.0,280.45746329325993,171,0.986117580085908,1.0,0.009717693939864401,6,580.5
sym3,1,periodization,3.700657837093196e-18,234.41223379108206,9407958.775746701,0.5648148148148148,392.01496744101473,108,raw,1.451738194678274e-09,-1.326377975133865e-10,"[2, 5, 11, 17, 22, 25, 29, 38, 44, 52, 55, 60, 65, 74, 78, 84, 89, 95, 98, 101, 105]","[38.00000000030849, 368.00000000276447, 461.0000000033844, 192.99999999964098, 951.0000000068544, 153.9999999987857, 881.000000003707, 243.00000000063898, 491.0000000043219, 186.0000000011454, 321.00000000280863, 943.0000000052723, 810.0000000032846, 204.99999999959195, 478.0000000026064, 276.00000000071145, 347.0000000019894, 79.00000000309774, 1008.000000003395, 113.9999999979093, 893.0000000062741]",21,5.600036124293938,95467.34242158488,0.826019480794283,4.365923718208385e-06,1.0,0.4907407407407407,67631.00000000003,0.1291094199049624,0.15147910127186207,188156.12126511836,82872438.25060225,8,12069.579557434117,0.027777777777777776,"[0.0, 0.009259259259259259, 0.018518518518518517, 0.027777777777777776, 0.037037037037037035, 0.046296296296296294, 0.05555555555555555, 0.06481481481481481, 0.07407407407407407, 0.08333333333333333, 0.09259259259259259, 0.10185185185185185, 0.1111111111111111, 0.12037037037037036, 0.12962962962962962, 0.1388888888888889, 0.14814814814814814, 0.15740740740740738, 0.16666666666666666, 0.17592592592592593, 0.18518518518518517, 0.19444444444444442, 0.2037037037037037, 0.21296296296296297, 0.2222222222222222, 0.23148148148148145, 0.24074074074074073]","[67631.00000000003, 1786.6346316372742, 1155.9831840876357, 12069.579557434117, 1906.5778542111855, 950.5914327668402, 9083.877197427435, 2481.2296367892254, 778.631612608552, 8965.162396460915, 2042.6423114970073, 1606.7171021703919, 6927.93983637175, 1790.9411989371058, 2115.0643760121707, 4469.14645344229, 811.3124818735475, 852.4454942322394, 2613.5185096146383, 1125.83363616114, 622.528293619544, 1595.9028958512843, 1672.083632238099, 807.7671822539205, 3024.63443940917, 842.7313814729694, 842.8235732251053]",3.0,0.3,145.149999998789,15,0.5,1721880.1384982853,0.14445541615563104,0.12412575453771935,16430975.452879263,84089526830.81148,"[0.046875, 0.03125]",2,1721880.1384982853,0.046875,"[0.0, 0.015625, 0.03125, 0.046875, 0.0625, 0.078125, 0.09375, 0.109375, 0.125, 0.140625, 0.15625, 0.171875, 0.1875, 0.203125, 0.21875, 0.234375]","[154749.38571179553, 876106.9067116336, 1710291.3769002585, 1721880.1384982853, 1236443.3975713644, 1200279.693873875, 1385236.6101679318, 1437054.0474496207, 1048940.2936668827, 664501.8455474351, 393060.2971581848, 165807.08107178065, 58528.06662918988, 51528.95639377472, 141871.9518105928, 339557.7347232378]",3.0,0.3,flattop,64,32,145.149999998789,15,21,449.52380952611867,38.00000000030849,1008.000000003395,"[2, 5, 11, 17, 22, 25, 29, 38, 44, 52, 55, 60, 65, 74, 78, 84, 89, 95, 98, 101, 105]","[38.00000000030849, 368.00000000276447, 461.0000000033844, 192.99999999964098, 951.0000000068544, 153.9999999987857, 881.000000003707, 243.00000000063898, 491.0000000043219, 186.0000000011454, 321.00000000280863, 943.0000000052723, 810.0000000032846, 204.99999999959195, 478.0000000026064, 276.00000000071145, 347.0000000019894, 79.00000000309774, 1008.000000003395, 113.9999999979093, 893.0000000062741]","[1, 1, 1, 15, 1, 24, 27, 35, 35, 49, 35, 35, 63, 73, 73, 73, 35, 92, 35, 99, 99]","[3, 8, 18, 18, 35, 27, 35, 39, 49, 53, 56, 73, 73, 75, 81, 85, 92, 97, 106, 102, 106]",0.05,30,52684909.000099406,1016.0000000009657,-1016.0000000009657,DWT,uc1.l0082987033,9.776558727025986e-06,0.0,2.309150204382604e-09,2.168118953704834e-05,0.0,3.3950300348806195e-09,0.000173863023519516,9.656559996074066e-10,1.0,84,0.0,1.5987097867764533e-08,1.0,84,,0.0,0.0,1.0,84,0.0,0.0,9.940564632415771e-05,1.987823486328125,2.9103830456733704e-11,0.0,0.0,0.0,2.309150204382604e-09,4.849243850912899e-08,2.696994204684632e-09,0.0,9.656559996074066e-10,0.0,1.210992195410654e-09,0.0,0.0,0.0,1.210992195410654e-09,3.084892341576051e-10,2.2495894036467234e-13,9.776558727025986e-06,2.2148949341271873e-14,6.072919944699606e-14,6.028276402503252e-07,0.0,0.0,1.1879386363489175e-14,0.06569992866071428,0.1995685756435917,0.027098998301026078,0.5167597765363124,0.019898032619434416,0.4183887861017906,0.2091943930508953,0.4183887861017906,17,0.36741686783103616,0.20773644601984068,773,0,0,0.4183887861017906,0.4183887861017906,17,0,0,0.1658050623522158,0.22552493983237223,773,436.4768035073571,0.43607648125664455,395.0,33.268354430379745,0.46287028197199154,773,sym,445.72514619883043,505.0,280.45746329325993,171,0.986117580085908,1.0,0.009717693939864401,6,581.25
sym20,1,periodization,1.545405381692821e-17,228.2045989089081,9351251.410416609,0.5648148148148148,461.3612555150484,108,raw,3.1362294325329348e-09,-9.34426115332263e-11,"[2, 5, 11, 17, 22, 25, 29, 38, 44, 52, 55, 60, 65, 74, 78, 84, 89, 95, 98, 101, 105]","[37.999999998095916, 367.99999999208444, 460.99999999436704, 192.9999999951998, 950.9999999913928, 153.99999999415854, 880.9999999825251, 242.9999999953787, 490.9999999930977, 185.9999999970653, 320.99999999304885, 942.9999999941231, 809.9999999838027, 204.99999999627738, 477.99999999201896, 275.99999999636054, 346.999999994232, 79.00000000112254, 1007.9999999897502, 113.99999999556962, 892.9999999811636]",21,5.633995567823271,95467.34242009043,0.7713498205811836,4.3659237183720735e-06,1.0,0.4907407407407407,67630.99999999997,0.1291094199039498,0.15147910127186176,188156.12126290868,82872438.25056444,8,12069.579557386382,0.027777777777777776,"[0.0, 0.009259259259259259, 0.018518518518518517, 0.027777777777777776, 0.037037037037037035, 0.046296296296296294, 0.05555555555555555, 0.06481481481481481, 0.07407407407407407, 0.08333333333333333, 0.09259259259259259, 0.10185185185185185, 0.1111111111111111, 0.12037037037037036, 0.12962962962962962, 0.1388888888888889, 0.14814814814814814, 0.15740740740740738, 0.16666666666666666, 0.17592592592592593, 0.18518518518518517, 0.19444444444444442, 0.2037037037037037, 0.21296296296296297, 0.2222222222222222, 0.23148148148148145, 0.24074074074074073]","[67630.99999999997, 1786.634631636434, 1155.9831840855131, 12069.579557386382, 1906.5778541985258, 950.5914327576569, 9083.877197311329, 2481.2296367499853, 778.6316125940667, 8965.162396272275, 2042.6423114498623, 1606.717102130696, 6927.939836192141, 1790.941198889183, 2115.0643759545687, 4469.146453319919, 811.3124818514574, 852.4454942093851, 2613.518509546242, 1125.8336361325878, 622.5282936043259, 1595.9028958137928, 1672.0836322003245, 807.7671822363055, 3024.634439345043, 842.7313814554548, 842.8235732077853]",3.0,0.3,145.15000000479037,15,0.5,1721880.138470646,0.14445541615482324,0.1241257545378913,16430975.452304455,84089526825.86488,"[0.046875, 0.03125]",2,1721880.138470646,0.046875,"[0.0, 0.015625, 0.03125, 0.046875, 0.0625, 0.078125, 0.09375, 0.109375, 0.125, 0.140625, 0.15625, 0.171875, 0.1875, 0.203125, 0.21875, 0.234375]","[154749.38571105627, 876106.9067020023, 1710291.3768755582, 1721880.138470646, 1236443.3975391726, 1200279.6938272074, 1385236.6101049723, 1437054.0473805498, 1048940.2936134345, 664501.8455121913, 393060.2971371597, 165807.0810629778, 58528.06662625637, 51528.95639161802, 141871.95180482595, 339557.7347092175]",3.0,0.3,flattop,64,32,145.15000000479037,15,21,449.52380951670636,37.999999998095916,1007.9999999897502,"[2, 5, 11, 17, 22, 25, 29, 38, 44, 52, 55, 60, 65, 74, 78, 84, 89, 95, 98, 101, 105]","[37.999999998095916, 367.99999999208444, 460.99999999436704, 192.9999999951998, 950.9999999913928, 153.99999999415854, 880.9999999825251, 242.9999999953787, 490.9999999930977, 185.9999999970653, 320.99999999304885, 942.9999999941231, 809.9999999838027, 204.99999999627738, 477.99999999201896, 275.99999999636054, 346.999999994232, 79.00000000112254, 1007.9999999897502, 113.99999999556962, 892.9999999811636]","[1, 1, 1, 15, 1, 24, 27, 35, 35, 49, 35, 35, 63, 73, 73, 73, 35, 92, 35, 99, 99]","[3, 8, 18, 18, 35, 27, 35, 39, 49, 53, 56, 73, 73, 75, 81, 85, 92, 97, 106, 102, 106]",0.05,30,52684908.99977654,1015.9999999970101,-1015.9999999970101,DWT,uc1.l0082987033,1.7862766981124878e-05,0.0,7.1031536208465695e-09,1.6123056411743164e-05,0.0,1.0249777915305458e-08,0.0004009455442428589,2.98985014524078e-09,1.0,84,0.0,3.174864104948938e-08,1.0,84,,0.0,0.0,1.0,84,0.0,0.0,0.00022345781326293945,2.958770751953125,2.9103830456733704e-11,0.0,0.0,0.0,7.1031536208465695e-09,1.4916622603777796e-07,7.210019248304888e-09,0.0,2.98985014524078e-09,0.0,4.790365437656874e-09,0.0,0.0,0.0,4.790365437656874e-09,1.904084001580486e-09,7.876477248203173e-13,1.7862766981124878e-05,2.1843638009499955e-14,1.1123046927963287e-13,1.6068515833467245e-06,0.0,0.0,8.196776590807531e-13,0.0019681775544001523,0.2430822869645531,0.0215981816289596,0.5167597765363124,0.019898032615389083,0.9405124023958106,0.4702562011979053,0.9405124023958106,6,0.3481842644900771,0.19686238710864917,774,0,0,0.9405124023958106,0.9405124023958106,6,0,0,0.1606612910599229,0.21852847847740123,774,443.40500673763256,0.42712531429246436,390.0,11.90769230769231,0.46162467265010815,774,sym,445.72514619883043,505.0,280.45746329325993,171,0.986117580085908,1.0,0.009717693939864401,6,582.0
